39046
37163
58821
55645
34619
48684
44443
50675
59357
6763
9930
52131
56771
31319
15900
13561
64984
64506
40677
19075
41703
13647
62479
35184
20652
2944
23271
43846
22570
10828
4562
21449
18547
13221
57720
28967
25229
30953
47579
18896
14543
49364
9000
27979
40058
6976
39386
51296
19611
11845
61201
12995
6491
9087
59017
60844
53990
26561
63265
39376
25428
53363
2018
9597
55312
8369
2851
36351
9382
62769
63175
20822
30390
36483
26725
22851
64944
20737
16114
33366
39826
11846
21338
1345
65086
14436
16614
26335
36720
5250
41343
14793
2531
61881
52820
57719
21816
22235
17366
9039
55431
51764
11704
49551
27077
51342
59333
37847
43269
22510
40777
60444
58226
4375
41611
64992
8790
8982
10763
6702
56462
59195
17641
12788
53399
60166
19693
49777
2034
50976
64610
41382
49739
30572
59636
65521
14958
17745
63031
13850
3381
11774
658
64498
42978
26304
48362
62963
34227
62923
59598
417
11118
57564
5710
54730
55930
1242
40885
64804
14431
32532
63038
31898
12399
50225
46491
50882
54020
30992
30729
14043
13883
8314
16117
38400
22372
39582
33701
26821
6993
49300
40507
13597
23851
12397
44434
60574
24244
50693
48732
25548
63811
47873
23066
10181
57906
6994
7302
62076
39396
17299
30063
10686
7337
54038
36905
40395
24409
48374
61046
52446
51807
5398
25846
55628
59114
8925
49822
31213
21223
7934
51083
52459
40091
42765
27044
45653
57216
32072
44377
6868
28997
42044
56646
36326
13910
14515
12486
57855
49699
47013
20595
9589
2494
13912
61170
26142
37962
31434
8576
1868
12362
30881
58469
27084
63172
22239
31130
50296
20790
25298
22294
27457
9780
59050
6851
18766
46708
53330
31948
1428
31371
39070
60795
11432
51228
58904
33472
13597
35098
54100
327
10759
28654
1788
1183
19528
45297
52258
54796
53515
14891
24730
42548
21527
23791
53181
53920
14755
50279
30287
40786
61621
63142
65264
43450
9917
1679
26585
6436
29305
13434
36602
20252
16668
63576
44951
37687
6411
16700
52004
13144
54942
57648
31075
15774
54939
10763
9772
17458
10501
10816
32947
371
32419
38909
28797
13726
64626
6377
62278
46179
6781
5390
5435
45542
16753
1842
17499
58570
17863
35344
53083
44016
29899
7656
49406
50937
11289
22828
5010
11818
31051
23103
45042
4091
21464
23453
8172
9132
53172
8506
35462
14247
4261
59800
40025
38405
38238
50276
44973
62004
42740
57247
8824
64768
56345
51657
4613
36764
39211
35938
24182
4313
49947
44274
63190
47668
40163
51204
35588
21171
54409
25839
31591
58958
65186
24676
21413
48881
58140
21131
8940
18243
64060
9999
13104
49380
48222
60062
22762
26750
46395
46221
55811
62280
33752
2738
56335
7824
12508
6839
32795
33474
8215
19760
5800
43191
32433
27459
22126
36975
58823
33945
38569
10399
53629
50177
24300
46611
8037
10004
10862
53864
3555
18673
50303
36000
3040
41385
52769
40374
18702
44010
12681
4645
62438
11757
34120
52676
208
33560
2590
26524
39158
57683
62421
38558
11352
64259
1599
28071
50903
48027
58548
52155
30792
43107
44701
20896
48334
60274
33525
1565
51624
31047
13143
65517
55037
38717
60357
9664
60255
44133
58654
10905
42003
60593
55810
24978
18652
23048
55294
29126
19301
12995
49406
1732
18770
58670
10326
37479
9296
48872
39506
52974
10927
25177
27599
9865
23784
40934
52551
11179
49541
35545
37797
20959
45596
53726
54087
52090
48332
939
2936
12876
40066
41958
54633
61667
24060
9478
39521
1767
49108
48345
6193
44487
34844
64245
46590
45021
19913
14511
37893
14083
37226
62144
27400
11843
39852
60180
49884
13059
48413
57753
1903
23963
27111
21046
49697
817
22113
25252
62196
44938
29071
15494
47293
63364
61925
24339
36995
27089
17372
29043
10002
53475
56839
29037
26366
57781
8318
57481
6915
8873
58199
15292
2869
53481
21365
13904
56542
42404
42826
38661
19927
51101
43856
14457
50887
47886
47008
4997
729
41875
23300
11034
40441
62674
23033
61875
39171
25338
3796
62976
37788
1560
64315
5567
25716
14670
15360
31047
55535
54622
8602
9444
44263
57531
25930
20087
33827
13852
11545
5379
56088
18310
309
32926
62642
55194
42588
28884
61312
19377
44207
35591
63549
31686
25018
64913
13516
57147
47547
19457
24612
58828
62567
30601
55731
24480
8191
7194
17610
37437
35627
40807
64037
47180
50887
4147
35225
18176
18603
41595
48328
45124
25067
47506
58695
65438
55896
40871
35631
59368
48947
34960
25588
61742
4927
48778
20720
11916
64995
45809
45555
28669
59120
64274
52348
7479
27461
11965
7331
37799
33194
41243
58115
46420
44536
21326
53941
11581
57653
62091
15865
51711
64236
36479
51145
64245
37359
57052
19085
32912
37227
33969
44224
26560
4329
5221
20574
61293
18420
10478
54500
64440
44209
59825
18160
57389
5103
26188
684
54970
38769
44257
8140
30390
17887
58428
12568
57025
53021
34443
21538
33551
24240
6190
51591
25817
48154
23732
15172
23679
49075
31066
8089
58757
36360
8649
31292
43999
23173
52050
36328
4109
7226
918
51461
49414
37785
2175
42495
9672
9873
64765
5525
51484
51285
26494
38730
18397
52679
22800
60573
46702
52033
23117
6395
31615
60652
46485
52398
61150
58
65147
27564
122
1032
13128
29752
20529
48874
26175
34953
14759
29866
816
54043
40451
45385
33545
5525
2813
15933
31456
62495
49681
57899
48361
34089
6753
36294
44877
19477
16849
40157
53536
9553
58406
5838
34816
60002
50519
1011
55220
62586
43776
17863
47406
28809
47512
1259
48448
59491
8036
595
39018
43204
12995
32971
63432
57607
37748
47465
56320
24689
2940
14556
4145
31784
51
34319
14394
31864
2609
31652
10597
53502
624
4909
778
4309
56517
52078
25724
14558
42731
52144
19198
3063
59687
7131
47764
16025
65409
17874
21949
28425
13424
7578
46107
49357
51809
10099
16150
6901
4106
9209
35777
5444
60564
28148
43289
13669
52347
62416
50701
36514
43436
61955
18872
685
609
50977
42442
50514
25461
64765
56228
36481
37322
62483
20335
5165
52886
4780
60308
48985
35855
8322
45143
26102
59368
6671
63093
15509
41247
2532
502
17757
41232
56206
30066
36505
56637
39012
1466
54146
28052
11693
36660
2336
5187
52309
46244
21469
53724
26911
42180
10363
57649
26266
33323
56328
11675
14991
