61826
40981
48841
45503
41240
8267
32564
54580
47892
54513
44515
2003
50519
3122
27117
23944
62982
11881
48331
63188
38102
24603
6515
55195
63214
14786
34289
25746
44983
186
22213
16039
43151
38515
42015
20904
45014
24378
38331
15106
42142
40179
56053
3803
28067
19975
16354
21876
54444
27306
53558
37861
20333
19357
8691
5597
58587
4874
12074
3816
4447
42352
28871
49361
42508
8317
2527
64332
44109
3779
34112
35717
31012
33422
18021
6323
65069
24393
45717
11798
25742
57439
53884
44073
49570
60829
57691
12663
13664
42353
13433
53501
18332
25742
51228
39085
9664
1232
53112
41601
44301
28726
62929
36442
27706
10019
7041
3469
3119
26378
27865
28125
40192
28280
52818
41358
25640
49329
11968
35698
60946
59027
51495
59162
19669
43479
7984
5742
12118
52737
21984
12904
34097
6206
3357
40517
61347
35186
52188
6831
30591
1954
58732
22962
45298
17706
14491
63118
7231
23233
20973
30413
40080
35093
25847
8433
41630
52484
50584
9326
10848
19931
11164
43434
16252
8626
7497
13946
35079
44780
5404
24118
34896
36858
48398
62608
1684
7845
54709
2189
63907
61018
20461
32303
31274
57199
20455
15685
61883
4089
52552
35335
40704
50296
35433
62311
14827
57637
9420
3118
17655
60030
41243
32480
20161
56947
24651
59365
29461
36183
44572
2783
21134
34420
13340
48968
42772
18163
45779
56718
57608
39975
58518
65087
23855
53884
27198
45959
8428
2494
12315
21057
49885
4043
41469
11124
43892
51356
14108
13397
46774
5774
47034
39025
20688
2268
15104
12833
33124
58593
6414
17363
35521
9459
57370
59125
31785
5052
54995
12676
14081
30674
62399
33355
55306
4574
11133
17888
48594
37115
63631
17775
24776
24809
35661
35563
55681
38833
32413
2497
8601
16667
63383
39323
31619
4254
48794
5666
29233
61918
12603
41530
60590
36211
28010
29746
19267
40039
40037
3576
38773
41744
52799
31885
8126
58011
49530
25582
27570
50858
35949
3906
63248
30820
9426
49869
52248
43783
53365
12687
31216
28622
8716
20578
64378
7992
5296
50069
22676
45457
52101
50689
5519
30679
30203
59996
37492
31019
64204
7396
37007
29355
18927
40490
46693
25827
35235
4550
11578
48134
64527
44455
47656
5352
31348
50927
16556
30305
37649
56938
64891
29260
36866
12097
16304
20143
3326
17963
55909
56733
6610
16598
20556
33863
13780
4107
6830
19922
61844
6995
35489
10806
20144
8201
29053
10264
54847
27256
4636
55789
9628
4227
17213
29933
55231
12185
52400
56199
44339
26310
2968
43941
41793
43310
21616
49933
11915
18280
53848
48553
57468
58888
39834
619
4642
7525
54529
3297
53409
62424
6742
63675
27325
11374
23461
48329
24583
50802
31076
32413
52896
65195
61747
55835
10500
37045
57989
12587
63196
36165
22907
19085
7143
24817
15160
47181
55588
6785
34794
6200
25291
28682
11313
34200
17838
38700
23873
48903
15305
9347
1762
44544
39395
7841
17391
54995
16154
16056
4493
65088
19417
28860
54848
38975
37890
7070
65490
45747
2100
43417
36131
38876
47355
51521
60700
49963
12444
43778
36612
52793
56488
49817
64683
51316
30932
63310
7878
27372
46703
14609
39117
61890
11432
38595
3668
24296
64946
59409
11233
20563
36726
25531
34062
37058
53618
20333
45811
48517
28069
9977
31291
390
20811
52193
34727
51130
37272
44256
54517
35454
3126
1630
30465
34318
27183
18947
19385
32825
1850
24985
12234
25455
30168
61647
19190
41645
36274
12610
40575
45276
5275
6485
970
34173
18001
63155
31348
60369
61592
51167
23109
60728
25234
52235
20002
14625
65244
1845
38910
38154
24527
33898
13760
25838
31192
53058
17784
18941
17118
43519
49883
19344
47454
30812
32691
10516
6558
1735
36673
61008
8039
45725
35222
37823
53323
8924
37088
15367
1819
51513
16887
9013
42033
7367
16211
35392
23150
23022
53285
34971
16527
48490
31596
19575
24229
23112
4107
48857
52672
33076
44730
31638
49229
63640
565
8540
35310
57717
50424
45219
6954
50246
58518
21514
16079
18503
59160
65315
42368
41673
29622
64243
26416
40365
2892
5419
58734
5047
1685
60810
57963
56075
26730
24874
34422
61090
61037
21958
24547
26947
56556
42043
48496
51223
33711
16640
45470
17500
48407
31779
6928
29356
53364
65021
47185
42846
14613
17193
52029
51973
61578
20956
44687
15265
45392
15067
31730
14480
40081
38983
34215
50017
43251
57046
36083
7385
7474
18505
1255
4827
51091
51153
48912
13314
10476
9034
16005
25278
16192
14137
57466
64448
51682
44202
47289
555
55316
23190
27350
14325
43370
52697
36436
13470
6925
19396
24227
48796
49829
40003
26908
7306
287
14721
25765
18951
38403
11150
45308
21761
63087
1302
56771
14339
13969
37014
29318
23315
16240
34124
56256
20479
29335
19761
52997
55363
33514
5463
2922
59572
4212
31249
3245
27813
24614
43568
38756
11113
45509
33127
64160
58972
4965
27234
27615
46428
5510
7037
52476
693
25081
41038
44613
50944
6047
44362
13873
35353
36948
6246
44187
26194
8479
29139
18592
59810
18373
62438
7000
34225
28806
27785
16126
55636
34110
45222
63706
56937
39362
18495
634
44834
32194
37135
21487
57983
55385
2879
17956
53405
31706
34975
44176
10826
41611
858
7892
3343
62934
4495
52762
19820
29934
2723
41119
49595
30693
59038
64292
35415
63968
50375
34709
14945
20726
33607
56852
17671
14115
19341
40324
25100
48665
52762
34643
52751
63943
11029
27636
10754
19256
43400
26853
2501
23574
40697
17361
53581
20974
15601
30500
21371
14784
3994
39795
28342
7221
59165
5458
37527
11504
47285
10049
63193
9583
39880
30695
32002
23387
33918
61905
31238
44683
61622
27002
57376
5366
52914
36063
35369
1525
34855
55689
53157
49792
61579
35566
65439
20511
3020
19665
30179
28055
49952
24119
45591
34271
47586
35277
21425
48848
2942
16317
63090
36021
13262
27656
56207
54068
6952
53699
52834
42081
5085
31831
34907
37697
16503
42089
56117
54758
57769
5949
13272
30238
32335
65088
38577
54961
38356
52570
9211
44115
45429
4139
2599
2098
45684
48652
29040
36266
14768
25992
13860
57152
9478
50307
28691
15418
55218
39524
62721
25588
6702
11057
25855
16493
46620
47607
21587
58841
7981
4464
289
44404
32156
8832
55263
23885
50294
15611
3441
36856
35499
21915
11608
26002
8164
20888
26611
