40619
43313
60298
30814
56839
34132
63947
13341
13838
64572
10393
18173
18714
30445
8777
25787
26619
58130
51979
39068
51964
40791
17329
39470
490
41047
15089
1464
42891
17419
20743
53116
4896
6128
8487
29842
2083
31987
45311
27033
47711
10416
35780
913
63940
4605
10024
32109
5477
24894
25986
52467
61876
63535
7431
58114
58589
61267
22791
32739
18368
8888
11402
56046
9413
57943
22323
61692
6829
30895
3183
38495
65128
59103
50541
55676
1344
58872
31829
2166
52751
10455
18843
27922
20605
30944
60956
14094
13267
60134
26701
53730
55562
44972
27459
13579
51578
50204
17114
1818
48741
12911
37627
17384
30190
30846
35486
41475
64488
6294
48550
42775
5559
58836
14670
28269
567
68
14386
18313
44973
51653
45941
41837
54768
18216
507
32754
13697
49304
36261
16647
17394
47953
60074
26327
22137
33338
37616
34155
36544
34767
38192
50868
11906
51517
55880
35094
38040
63082
24256
57444
53138
29994
39891
55125
38250
11153
45513
31944
52885
63723
61253
62608
19785
50931
29988
5995
47975
43936
8229
10149
63217
55741
32495
44827
6671
4750
42491
41281
7315
22199
39616
49522
45515
4331
32604
30923
14304
55978
43436
25816
11476
11077
53303
704
2865
40617
58514
61095
61130
63853
12467
34832
32524
54650
60745
45318
56696
19689
6072
34453
28648
26263
10791
21569
25890
58361
17666
12748
6410
32637
39681
57731
17387
9230
17417
34053
10066
43026
24874
17757
31049
62209
58797
18355
4964
29520
2033
46757
40340
1124
62766
53218
18945
34532
60418
7917
15974
22676
48720
59277
48978
57093
15748
47808
21750
53537
32709
36191
29122
25275
43843
61559
33205
55526
4793
55333
23771
64746
54388
14711
9381
51360
62499
19548
13866
13121
3210
10032
43307
51616
25302
52979
43988
59144
2307
4986
63600
49808
33626
38775
60401
63539
15850
10224
40355
48360
37021
45393
563
20083
44238
42444
29734
9662
17395
55746
22670
22619
41426
56533
26395
37350
48024
36742
49187
7737
43025
61274
38522
16196
27211
59325
4082
44879
63961
20143
64777
31285
5678
53369
31688
48527
9555
24791
40241
17951
3885
7506
3961
51100
58756
59259
21400
17727
41745
16726
6746
32643
2485
61431
48447
52197
51261
33208
49236
11339
43617
16634
51479
11292
57541
51972
26834
58997
62128
24702
48739
48838
40762
25668
56704
59944
9982
45909
13235
53221
8358
52494
10108
47251
34178
14122
43241
30248
23494
48013
31691
7482
1962
5394
31633
17918
59246
52593
21845
19217
48206
48078
18587
54600
55800
35625
44139
48167
65045
57783
29608
1537
33945
2693
12073
49579
2055
715
42908
11066
4218
10588
53868
59672
47733
19328
14108
36409
38792
40840
15175
55265
19849
36889
48505
46228
55589
57824
17925
22657
23112
26342
43456
19512
49615
61843
60032
11929
65181
17941
24959
39948
10142
58245
55100
54957
1612
49919
15552
39769
3533
62561
7984
48884
28177
55058
7136
58621
7476
46039
29912
35895
50032
17040
49985
29749
57159
58852
46069
51137
5760
50583
29379
31094
32850
15984
27139
18974
58798
21515
56906
8696
5618
52424
52755
44259
32918
36424
20533
5906
63117
37969
56391
50218
3222
41983
5320
19434
50828
47069
44409
15776
41419
14477
60917
13626
63184
64519
36095
50553
24365
21382
36587
43735
43482
7958
18639
31881
17221
44212
24675
21076
41934
57786
55918
19974
31371
45190
43186
30853
36606
18641
48150
26681
8046
53617
47258
6893
15434
56604
46598
47333
46442
29562
40170
27514
47939
57375
3106
20431
50664
52497
39584
6762
48456
9270
15321
3474
15937
49461
50400
18325
49291
23322
44670
45664
32143
14308
43827
53058
39901
18927
43656
4512
8350
60583
42699
18932
64850
2138
15314
65186
46237
29182
122
64168
40564
867
20058
46379
63934
53128
38298
57242
15696
5820
24630
59178
55114
14015
16177
43703
3998
9274
18721
9539
54237
58468
57119
50868
25804
49102
16565
26512
61517
42188
34742
21786
61186
49238
7505
49738
33972
20762
320
54924
23912
26398
45798
14240
53783
9666
54804
12513
64189
64026
9529
46641
62118
28361
17812
7970
62986
62752
53973
62834
51573
51593
35286
4870
49487
22104
22588
22797
17573
16275
13268
25480
32741
37766
55632
42144
53103
50718
26696
11989
28087
52401
44148
21063
52473
61277
26121
33959
45574
6288
32650
14650
21388
60157
29412
15703
65422
42604
37234
64023
26460
51403
52259
33267
36010
1722
12579
34713
30313
41008
25117
44418
43520
10503
61797
31263
37070
10837
63775
19101
58984
21458
33836
32049
38987
50613
54034
4903
6049
46068
24335
5831
57871
52689
11739
10953
44813
40797
16548
39520
42372
61810
38920
17924
61907
38773
32661
38818
43798
17571
30980
23776
35182
7670
2387
63230
16951
43456
12688
41879
44968
6668
57516
34800
13532
37871
20379
55354
2463
30281
11741
65283
24153
13485
39848
55023
54980
45880
22070
16911
60457
62375
46021
11719
4919
33579
18029
56315
38285
36779
35845
30508
46999
44220
63850
33918
25771
63313
40377
2233
33093
41229
54102
27326
12515
59379
58300
19980
56611
49947
55774
26280
49392
10374
27979
27676
36635
54199
20014
8661
1193
10786
48620
20649
1343
42528
10752
5476
356
54116
64586
51050
57645
20047
60964
44576
24799
42813
46433
1173
18969
34481
35802
50189
31117
40962
11615
19179
42202
51943
44708
57824
45400
58856
5117
60771
324
54987
28334
56412
53077
58709
6986
5063
16409
11013
37321
12603
12756
60826
5497
7585
45752
50162
57357
30153
38400
45736
56411
12020
21739
62604
30164
50036
39750
43770
11418
32300
61167
6653
12280
11475
41208
43673
14006
65456
10278
12548
52213
53976
44840
47394
20775
32192
51545
56825
45705
52973
42556
50516
13872
19664
27939
49362
29364
9043
41650
2431
62216
4257
14931
37885
16318
35342
6015
45898
58844
8141
42843
36103
40188
8009
30666
1963
63057
2151
52249
43863
56225
20597
24573
33172
50313
40340
34989
55107
17099
46128
45213
62252
63220
8733
59055
20191
10719
1780
28923
39512
34149
57699
5345
24020
5614
5859
1357
53237
33290
16789
49018
4106
21063
10688
39687
16840
42727
61321
29805
65166
10730
65254
11648
5977
49148
64070
31496
42646
47524
43308
46757
43689
27295
39390
17062
49264
48324
47293
2673
55138
46044
52874
14015
49546
50254
59862
34020
23456
