59819
2581
52640
61819
1024
39920
50035
62749
28736
58163
1334
22455
53578
27525
31441
41375
59991
11875
46707
12067
31977
26933
11511
58296
26329
52370
20681
10513
59120
20902
17494
28899
64805
5261
35967
61941
47632
42937
4080
33072
2667
61248
426
42048
20091
5460
24945
4740
145
18311
55587
44768
62002
55288
23403
60745
26574
45506
33563
38869
47029
10559
39561
59022
37808
8115
39086
60512
8325
4400
5369
20839
51311
62626
23539
16008
13252
42835
32296
33505
59452
48929
661
26047
13205
31982
36850
38055
13121
22304
33649
39621
40021
33367
55609
46949
14891
33168
59400
54787
63099
51592
13050
4116
53016
13880
23530
49668
42222
27243
4408
30660
13941
19089
3221
54554
44956
43648
26288
52211
18187
58743
27967
35550
37317
4117
20155
5654
28553
31843
63000
21032
18642
41571
28285
28926
54324
1799
53704
38838
35378
30630
30405
8315
24965
46948
2740
12520
12150
34007
2270
42983
56011
4627
62262
42878
2719
20172
19942
44784
56468
27935
7291
5922
41350
53460
5386
40048
43431
31780
52957
37956
56653
43669
39809
26371
50914
40571
63408
11637
4060
45009
17545
1628
22098
51808
58472
8155
17229
14932
59293
19400
16983
51683
3924
51931
16386
15324
29628
35533
44525
65151
17282
57009
29670
27553
32126
2651
54280
13884
16790
64872
56154
49640
41938
5350
50422
11952
53263
42673
8131
58119
4028
40909
15025
39208
48209
35288
9727
55269
1677
3471
14659
17267
55489
29999
18026
30560
8985
53163
11127
9495
1928
36074
43434
11269
28252
1427
60695
39022
33039
20389
3127
46740
50025
24601
23120
11951
33121
31738
38586
6223
61409
45876
42737
21998
64000
57780
39538
45827
11166
48121
37643
46660
43254
29483
15925
65073
29479
38777
59989
28476
56498
15134
47677
59173
52419
46765
18589
43588
38100
15282
25849
10187
56176
63980
64441
10082
42739
9951
4645
29727
54355
36017
24806
13670
15847
16375
44378
37750
54876
39596
53871
47279
27482
57679
51048
26971
20087
19904
45192
12908
42179
31786
52541
42685
11099
12550
50478
23716
38092
19632
28621
56086
39668
4447
52892
17004
48691
31835
50616
35464
12702
49310
46576
32939
78
25077
47691
62548
17404
31519
2234
12542
44123
44638
49301
8301
53363
9110
23060
53205
877
15437
61223
13676
13832
53128
27834
1469
42655
33694
65481
3186
1302
20674
42162
45248
58517
19578
24632
14265
37650
26156
3637
59525
4635
51624
41571
62372
45485
22451
10455
61750
15477
53564
59940
38928
55095
61804
18790
63346
28175
45725
1410
42202
20742
7551
32414
21498
45386
14400
19173
7766
52560
50986
48863
53349
14447
53819
61642
14068
16539
64209
61641
16896
31492
47364
28757
21586
24808
50118
11956
47409
23329
37048
46857
34823
33795
21386
41783
24769
21878
37131
46277
59131
61999
19387
50995
20897
1461
64215
51572
24111
4286
35606
5399
25497
59211
12919
15175
50581
23566
45154
54224
1053
43774
11957
17374
6251
6013
1479
47781
46560
61980
58030
19366
5775
39709
20689
36429
34915
27326
64755
31764
19990
6703
12136
9996
7623
99
26724
63200
4489
6686
46781
20880
47108
19850
1435
477
5978
11430
57589
44726
2175
52431
54177
46264
10101
12334
53279
52833
35002
10493
28830
7494
26533
49733
12185
58386
50824
8106
46677
29668
19278
16014
5485
10492
40669
32649
5991
21261
37237
9779
39974
61594
24208
41090
25228
12677
24405
2578
29368
42437
49590
18877
56164
15690
28112
56170
32519
27054
42718
33787
60735
23988
57245
65506
36781
41871
55187
3900
23581
33171
38940
43972
1812
6547
33631
46852
584
34147
23168
62083
44696
33469
41566
8381
41357
1889
59280
61441
9770
43688
23714
5052
31807
38475
33325
30595
64223
21708
8030
10682
21766
22417
40268
49469
11132
53900
52839
39749
46476
2559
44893
38279
61246
5404
981
23089
34163
6656
14024
43498
6519
30121
23235
39704
24478
21854
27691
7559
42427
35387
27588
11210
24311
13322
50466
59310
58896
59892
56219
41357
44959
25049
62313
7254
30445
14609
2145
6885
10844
47584
4365
43859
64801
20237
42939
60080
10773
8020
28607
45458
35061
9575
1398
18400
46001
32146
46872
13237
11495
30575
6862
58736
58390
10495
17872
45458
36552
19904
4096
28641
15138
56816
22731
54717
12219
47151
62276
10723
32426
59418
3904
39938
5373
17613
51614
52974
15964
2298
39972
21580
37820
43678
21309
15617
56454
28938
42099
11446
57486
28640
32506
30229
5662
8873
20576
16844
46449
57130
14390
12077
37338
3118
50721
4353
8408
42657
32006
63383
61368
19564
33017
33282
10351
40795
36942
30892
58822
21932
16563
54356
54614
43077
39941
36136
51252
35728
44836
13023
13597
26560
61067
58263
32367
12025
14814
35012
30307
17402
56885
44861
24065
60511
16006
49533
22772
1701
44001
65010
44367
41440
13565
49593
8606
11472
57313
24676
59592
54811
22134
49775
35766
47918
18982
35556
41746
15145
11463
18911
59680
16568
23290
30092
43210
26053
56815
62393
2984
57863
1810
20697
23704
58419
12409
8641
40390
44183
45281
2668
60854
30811
40152
39061
46983
57012
6137
48064
46834
44496
53835
34304
61612
65338
24547
40863
57784
19134
17373
21795
29677
7633
43454
36344
10057
12463
56098
42571
20122
51160
53661
64303
36773
54237
10377
61894
48974
17746
26528
40803
52996
51442
5062
33880
12880
49517
43815
62056
26452
42984
59416
58686
31769
32781
40921
28210
27731
29455
60137
40244
26459
58118
65015
38475
7440
4978
48800
19373
7034
58292
15090
3769
32673
27507
19823
28461
5237
5622
25204
5604
58589
32309
38047
15540
59688
46866
21073
36667
34721
29192
63783
14609
56422
1193
38615
51278
36644
27332
34061
54371
45200
59933
18403
53171
57629
9065
1832
60491
28972
58628
30472
8202
22166
3333
58221
9062
47502
52689
57842
26362
62013
30819
20183
1475
59130
20366
30915
39479
42590
26145
55672
54493
41416
23994
2804
45060
30619
27735
34765
26965
36429
30362
46143
54161
34593
34979
7139
27507
44871
62146
13577
35088
19474
41323
11299
34500
62005
40356
47260
17200
44150
56874
42979
35783
46858
10900
64186
40977
8747
3115
22187
26058
11143
26981
40349
26101
45136
29134
55989
6469
61997
50725
56711
58194
12046
52559
38948
22698
9585
18495
27091
7360
18536
32280
52252
40991
24996
