56853
20201
45080
24935
5831
54612
16403
47638
8867
6383
47086
27989
21387
41297
32921
43719
55805
18540
7272
31861
40578
55675
1208
24593
12488
19735
15173
7785
1704
13614
37064
37681
5157
31703
1014
41563
12408
5637
32575
37617
7720
39293
64827
8599
30746
52133
45946
31461
62247
26522
47802
64993
28380
1008
45897
49913
53972
37372
8012
2246
45263
39552
26668
23660
29856
7789
14035
28045
57682
42141
62314
52057
50864
49468
29498
65303
24028
29476
21852
30784
55901
25509
30004
43991
30298
10264
61772
16483
53201
46547
50411
28011
1205
36166
21829
55827
38836
16882
28822
39800
18776
64681
22294
18539
37135
53146
56699
35860
62961
41808
11097
37682
24557
34264
18
48307
46275
63815
54279
40492
15765
31182
12774
11207
3600
19602
12372
37820
23862
31273
36811
49308
45154
34813
57538
29600
51526
26586
53487
58174
12075
23296
28158
63818
37390
54512
15092
44746
4802
53530
26356
48985
34433
32789
4499
7056
25712
61314
45323
38118
45661
34371
36938
51284
38146
64809
21270
3621
6654
48273
40940
57078
7030
64444
63885
57648
11587
33130
24094
41407
53395
36373
47191
62284
58267
35559
51574
39758
40952
45870
56607
9141
27651
26003
35102
35922
60215
17260
44911
39413
46726
61943
35452
34187
5144
25233
36702
53692
58234
22791
12473
23106
2158
21371
57116
16552
18414
3606
15047
40660
24156
40404
10798
41748
13718
51892
22495
8679
51095
39233
31999
8988
46092
26181
58972
30496
43645
53470
24944
63806
44324
14494
48683
31760
31766
62686
45742
63470
19838
28324
38192
27867
51265
62263
1414
60426
17333
54504
27509
42552
35114
7070
2901
54764
26807
22538
17471
9846
46619
46561
46178
59166
32569
13826
62743
7396
33480
27339
55462
18372
39993
48836
5252
2147
52935
18672
52458
44074
4357
38730
38774
6438
63207
14879
39969
10287
29929
39664
25059
50925
35744
9111
32292
13045
41488
36013
3663
34145
63335
34977
64016
20984
24421
45032
3700
56633
31130
51410
56906
37349
28652
9338
47182
58840
34843
10584
5986
44358
45234
50614
6750
18732
39643
25284
31613
64337
61881
2871
30624
44899
19442
2173
31465
22979
24427
15391
61311
1863
11542
10431
50140
23029
6900
14167
60174
59640
26947
48274
42278
24918
3368
39235
65390
21738
9297
43813
32511
27268
60010
24175
16314
16996
39548
58540
10037
57702
46891
19007
31772
35941
16683
24268
4471
5882
30307
29906
45204
22739
50132
55758
53512
38427
22743
10347
2083
18836
17242
33344
61403
50990
59177
34811
14735
15663
32430
21830
20520
10517
32225
8241
27716
51540
17001
53675
24196
55130
20766
11983
1924
6937
48873
49717
56225
38634
61539
23268
14348
20748
45432
17271
45324
27070
36372
46319
23412
30889
55037
35655
62839
46195
60803
54540
6603
17991
23586
56175
2584
64503
15570
5966
32631
7360
14928
1335
36833
49337
35464
13937
56160
49346
26355
12185
35950
20514
4181
59580
41434
24421
16264
666
59775
45355
28045
57464
60110
8785
59169
55307
50549
15645
30175
37968
3785
20932
7238
474
28363
33545
43268
30828
17086
64799
47342
2611
11877
51830
36151
51907
61461
13695
64181
31939
4816
13207
50946
13641
27078
31338
18270
62340
3659
23094
41012
35357
56305
3963
52292
55410
25989
63665
44335
40846
25582
46802
19277
13158
44647
38063
53904
39664
20910
23198
9620
58073
3552
2434
19290
65512
20040
7654
42385
39238
767
30515
62601
46918
29582
22748
49616
30914
60810
11054
25329
38345
57585
6322
32036
65444
9261
23943
33906
51590
12794
19359
29061
52928
28127
37723
17070
20165
31903
59884
14979
24750
46815
53787
47863
4201
3375
25256
42968
8341
13260
50316
55571
45467
43910
52917
51010
35072
46811
12762
2381
41370
24762
38742
2086
10986
27428
19970
3051
31865
55060
1815
40102
33690
23415
43126
22953
56016
26707
35220
10532
32551
39597
19964
8062
21910
1690
47146
29167
28972
33304
50024
42009
22302
12901
44689
22792
6106
12376
33414
20808
28371
31046
10908
61970
40512
53903
22544
63520
58330
65005
52280
2120
7746
5518
6731
42753
33691
53146
62302
50280
55450
52673
12716
57876
37701
31301
4789
29654
12488
15396
32210
29399
8243
39698
13444
48967
50923
6387
24888
26273
2267
40843
26320
65085
1322
53475
54492
17736
41293
46688
15522
13954
62422
59775
48119
27919
8763
55733
38574
65526
24608
40398
34243
8987
16791
19968
51925
43706
34145
47505
42792
46725
17533
60920
9007
39937
4880
38320
20398
44631
34444
53103
52853
25015
6616
43080
39955
27225
11597
34066
28084
63802
10725
54628
2342
11981
32200
60883
23226
24481
20768
50765
42396
24449
48961
2016
9032
18096
37136
60177
5273
33745
63913
29790
42528
58713
39197
47807
34575
54353
58573
28008
18717
50316
49884
2120
36187
61330
8442
53827
19507
38556
38632
51869
28389
49961
3965
8739
22623
52588
48321
46112
49626
42229
8731
36251
57877
37221
26354
11773
14611
57031
54701
54941
34301
32045
65120
1548
6517
48399
61742
27315
42802
30112
15758
8329
18908
30331
5226
26014
32587
13445
2018
12735
27548
21892
33420
51084
53803
7912
39187
980
44702
48698
32050
21894
51405
63641
46337
65283
39176
35840
57038
12643
24133
50265
12778
56338
50501
52149
10611
1354
29338
57856
5310
27534
48802
25297
35497
15018
64124
5405
11693
22006
36910
24564
47686
11525
60712
7008
29337
24409
2297
46524
30864
46229
41981
2620
50039
36927
54988
4294
51814
11835
18603
59229
36548
62849
25543
17533
25793
10833
39335
46659
693
60115
18081
9027
33795
19126
9091
31054
37005
4955
24650
36354
22555
61478
65334
47168
59799
41904
34948
36611
7883
60066
36221
20012
55460
32253
6378
41294
29097
51520
50890
28115
46627
34019
44489
21556
32207
26295
44113
2761
10795
48066
30705
6716
29810
45092
44564
810
57004
53087
63937
9728
41983
38392
33975
37941
46542
16243
24287
49781
26110
56958
13743
4105
9923
28721
40943
1674
59656
32341
46326
17270
1785
49082
22253
21896
51537
43994
5617
62271
13609
26357
23048
22040
29412
39280
49392
26067
54944
54245
33944
29479
53939
41890
17237
7463
14801
41285
9481
63937
57698
10260
1916
12440
9778
10283
40090
12793
17745
53861
48939
24382
44944
52240
2971
8279
41181
9829
16917
35072
16118
18814
55302
