38904
48529
30208
47969
51591
60525
21736
245
11337
7628
51859
25927
44285
17671
12699
2827
28738
60584
50969
3413
56665
41079
54384
51278
52873
57472
51745
8594
17345
31550
21881
3085
46124
22265
19643
48396
19681
17959
16216
31055
42139
60149
13671
47230
5207
2841
21814
52926
23546
15026
2568
16119
17005
11446
7979
14311
20485
40525
48429
8362
12957
59747
55680
46144
49481
16223
40806
37903
29456
20608
26137
55275
28860
50082
40212
45784
44775
4623
63092
47082
36706
59521
22730
59270
21495
39612
23055
1643
36146
63967
22664
275
6073
48704
37801
28043
17022
15358
60845
38431
15403
37713
43692
52921
55398
13820
28664
33187
18656
2693
56393
3941
25244
8182
11823
60050
12988
43428
47810
13745
51072
58872
54495
61903
39492
19868
12428
51608
15629
24074
60652
31872
31934
38299
54082
28862
21220
43854
30363
62223
18473
64159
22109
53829
41374
43041
59694
17386
33788
39213
54148
28540
3791
13799
45052
58166
20642
38719
43710
27636
42099
54007
9815
28630
48280
6810
33497
22674
3648
56214
58339
47392
61502
50198
59956
16207
53647
59335
60166
29966
15147
15774
38628
36626
12339
16176
50694
38021
5595
26423
38
21300
51280
43580
52071
61985
55432
49630
40792
23419
36226
10686
32084
33300
14264
6778
26835
63081
39614
29680
59728
54730
23485
23993
15535
24973
45042
65305
42967
18176
1174
62511
59420
26591
43760
57689
25478
49980
40193
64616
47931
53312
64085
4271
45696
59678
50506
26371
63364
11936
17968
36836
18665
47253
30158
25372
43946
33896
17857
26055
35086
19868
17339
39023
21497
5702
13540
40845
36125
24033
7278
16736
32361
28863
39173
47723
6807
62645
47926
61907
11906
8309
54999
8201
49293
17146
45480
52613
51815
14532
20847
18254
29490
16589
37335
32381
57267
53911
40470
46588
37370
14280
32954
64097
20785
32074
13762
63509
16489
16242
10842
45039
4293
13378
20545
5467
36992
29610
19455
44851
42974
34720
28498
27733
11878
29572
23584
65305
46102
2786
42395
14610
3572
55130
58802
47167
30050
58912
1532
11095
28407
8538
54240
996
51357
62205
8555
28644
48525
47504
32610
10313
27884
9728
1610
45833
24358
12299
36330
7600
54185
1681
13830
32949
41429
47814
62870
31632
22018
58757
58912
34385
695
45822
41018
23039
61479
32629
65088
39441
61622
25776
60106
36412
19270
10181
25470
20495
1674
57726
54947
13285
32108
29660
49404
58144
22773
22116
56531
58739
34987
18523
6460
59939
35142
42474
55466
26507
5955
61435
3917
48087
40862
25806
16308
37572
19165
19618
33025
48335
61250
5833
62999
10221
17933
28891
2402
15859
57671
48130
63157
58112
13149
15049
60594
55816
12235
34521
1119
60990
36404
1894
54786
37146
41711
53489
47250
6054
11659
23462
32989
22746
60841
55713
3361
32241
38329
35295
26040
8892
48192
27589
43546
55808
29556
37057
51721
20125
30698
33106
44863
14046
16951
10288
39760
10128
39840
4521
4578
18499
64341
8887
33478
33137
53776
32734
24353
16722
228
36582
27502
11593
10821
14822
15384
3596
8106
30938
8701
53323
61399
21571
44334
51282
22867
29738
29403
47371
15055
53006
41001
17760
1932
56079
22770
18493
15532
26679
51887
60239
4247
38040
5545
18986
58525
10062
16565
18673
677
34222
14704
11441
31400
5478
19500
45366
57223
44553
26042
44780
43325
41956
49314
47700
36081
59088
62908
32349
32056
10238
43417
50204
23937
46069
7827
54285
28820
15409
11894
34711
29038
8891
27354
26390
4601
44658
30684
36880
37221
3527
52842
20320
35989
61714
43375
53013
62400
35073
55930
36492
44335
27515
54330
15483
58090
23511
48005
45852
56952
28921
30530
34589
25247
34152
36892
46992
53844
45191
48122
47656
38839
62509
53251
33676
63429
10022
12395
41199
30802
24100
50839
1464
40353
3243
25410
21838
12342
16114
37392
6379
16305
59779
51700
23041
38775
21960
2870
48746
26040
16122
22501
26174
23295
52880
3528
35866
29761
23771
12740
13660
25648
64482
39889
58054
19287
38395
62214
32508
37232
43200
45336
19139
20849
5546
35542
41925
61670
11641
35714
47891
51009
1722
48908
53932
49702
52375
57580
17623
28505
42196
35119
30226
52738
53460
49687
2477
63369
20547
44873
33756
59070
43235
65247
49844
61379
40947
55215
12967
43434
14231
36273
35363
45641
40703
27096
47531
4961
13096
5355
60611
32819
42065
64227
62392
38941
44109
42160
57933
13175
50381
27626
38782
40123
28134
20542
53468
41531
18328
5795
50220
33920
37925
44636
53366
53614
18274
36224
64412
8173
5521
22341
17474
11156
3544
21327
26107
579
52177
46892
40911
8312
51090
35424
54214
4197
33613
46602
15090
7319
24519
34037
42498
60181
58719
45179
62940
53424
55751
26501
52899
55752
64826
43718
42777
44105
32933
63031
13675
21586
37432
28232
12533
9429
59822
36171
25054
28652
31355
53399
50281
36942
7337
40597
22468
53748
8194
53262
1860
60024
55328
53946
8726
37757
38194
62944
2704
30188
46385
26798
45000
64838
10921
50729
28620
43509
13245
44062
25
18343
16145
62632
356
13122
25703
35601
58747
12627
51026
38725
1331
21035
32230
21447
6588
19799
40952
5629
26753
61031
6955
15110
61862
24571
16460
13833
53690
22695
29663
53772
2398
32628
34988
55447
37386
45366
39503
29209
62852
29209
31797
51269
37515
52997
29436
6505
35056
42789
8983
22695
10108
16085
29961
18151
31608
3400
19088
39560
52160
7545
32792
38514
50735
14333
61203
37800
13719
17064
57292
48221
32630
28565
29001
23657
5654
38856
43449
30208
57127
40136
4297
2922
10813
22501
25565
41002
31589
51796
11468
21190
60394
937
4787
44056
15432
58360
59883
38372
59588
27654
46184
33278
20356
35782
22109
15489
23123
28978
58035
63963
53902
704
42664
58638
46731
24149
8294
31441
63409
16482
58474
18822
29463
47835
39006
20312
23211
57835
54069
42813
29216
56800
39561
30438
22878
20677
34727
26976
43049
33565
44529
53931
38064
17035
63710
14608
234
3457
8029
54618
12709
6690
31871
7871
32389
4072
26745
13996
60681
34314
36373
48202
47145
29507
45427
29188
9931
9448
22800
6569
43436
62633
42685
63925
3265
28407
11310
26639
4677
23712
48158
48312
62836
19979
42553
59832
22863
36899
12453
62961
61920
32765
29562
51440
54626
27159
32351
14573
22422
32826
38687
