8021
40805
4063
63794
64516
9878
16445
7290
22790
62256
17042
13493
16009
22830
48615
53450
50618
46371
43169
48113
59446
50787
8369
14402
13619
25421
48636
13824
35036
18053
11508
47247
61075
5764
5981
38038
18325
16155
20034
127
29778
15811
20003
103
64926
17130
37051
4111
10984
16143
9901
56475
20146
24238
16747
5245
30833
61061
56645
20066
12097
11419
19714
64422
33114
33246
3218
40851
4480
31860
16948
5018
18608
54508
49184
47798
9174
55585
35417
22400
51467
63921
37486
8020
47164
51143
14764
29203
47160
38358
1120
59369
53910
7896
933
24608
5071
12739
15365
52085
24451
64232
29724
43711
34056
3362
21532
49512
13351
42083
12660
55812
37886
59885
4643
55832
9241
65359
138
38947
39939
46774
1113
36151
12573
54384
49007
11765
50981
31826
764
2379
21795
62442
29722
12578
59274
6331
45170
50072
11789
26161
43263
14666
6923
11255
31755
51867
1793
6828
62270
17074
62632
18262
3773
13576
20304
20966
25812
52784
39624
45647
4866
50917
61125
18849
16646
24377
36686
8507
19832
44370
63826
32943
17095
11714
61025
32279
47938
48442
11524
65081
29504
62551
31845
55549
9022
3746
16456
669
48750
39681
16433
20893
62782
431
41914
39004
63692
24413
19279
27296
25616
45279
30325
31918
56383
7080
54551
41810
52975
61361
2639
13975
54453
3457
39795
3654
54627
26835
45586
44238
6815
14040
36236
44241
21866
58979
19363
36957
17946
31547
31662
28589
36215
36294
31775
26397
63931
29987
26053
47389
20006
46943
31069
27744
37150
41246
61176
7186
18189
18706
57743
40032
44292
5639
61853
46626
13477
30143
61572
21068
33082
64552
47955
50613
54674
39788
22970
12825
56780
24980
37383
20243
2298
40804
20914
40356
2472
26319
35715
22357
28702
59917
39859
9027
62273
5413
25802
62111
53048
13900
54998
26164
40867
4839
32004
40457
56052
24514
59735
31760
22947
63507
30928
40392
6581
58787
20842
57996
59439
32316
46480
49883
26308
40287
4675
13469
14264
61114
62343
64193
40203
34004
20937
38448
17197
64058
60651
17360
1737
39009
11826
1229
35871
5731
24185
15620
10765
19022
32126
44597
57191
54758
38639
12940
64664
21691
58548
64106
305
47481
14200
63710
27071
26984
58752
11785
39074
10641
56138
37549
14574
1948
47379
19817
25562
51762
45884
20981
34458
58014
12209
5790
16062
45295
47653
59408
31253
9566
48684
39696
43692
27434
63539
46538
7294
45755
18166
44868
23609
5132
55432
63280
57354
34035
24026
4051
43314
16538
51421
15072
29022
59367
58390
27473
61153
15867
43278
43094
62230
11680
59797
17993
13651
57153
8923
20678
13126
29658
30855
20772
4320
8900
29538
35028
43793
38203
9864
20444
53392
35566
13104
40498
27863
36138
12632
10472
63177
34801
52707
23068
41336
64133
8924
57843
15386
8334
28171
50200
59107
47645
27048
43542
61055
29398
11536
55437
28611
9658
13738
39669
54040
7475
40200
369
9757
62342
6380
60599
12818
13657
63540
13466
8207
950
52239
51181
44718
58339
9251
49156
33495
14279
12800
22593
31257
5887
11309
5305
33518
43929
46038
47378
20785
35041
33726
4311
55719
64026
30318
12686
11480
34248
41777
34561
36815
39562
47743
16186
55008
50921
38252
21998
6515
18097
5031
36152
25414
41652
39637
16627
50110
47024
23900
7102
30783
13966
24766
45832
32863
17203
27203
36323
56547
2580
21455
46406
9845
12092
49599
10453
61157
52306
63140
38442
20796
50038
36950
64752
7086
10906
57949
7925
57996
59835
7481
47618
41803
27632
1676
44022
63732
28593
49809
28120
12790
44922
6828
14903
11077
15687
9479
40786
22083
57777
22493
55388
3616
30743
11652
27989
54054
41373
13536
41968
52601
7339
38459
11112
35670
55710
11001
5514
20180
62952
63078
42153
10563
267
44315
60564
25886
52026
65209
39435
49909
2916
42860
6106
32767
59045
34325
35311
2511
5818
39977
51179
23944
6564
13554
4499
5652
45810
10954
40897
13708
7289
34030
58947
17961
38278
42937
37748
18652
41645
21057
31669
18203
4461
27597
36731
46951
50427
4309
40761
57473
49583
36602
31422
35248
48070
59291
52178
32128
29950
16413
12256
35191
48598
49018
20960
53635
13302
58715
58056
42953
26374
38299
61098
32605
9715
48940
35445
12702
21619
55366
24536
30453
7245
21301
28119
16959
31550
53547
29351
45808
28551
58228
15741
63050
46902
17583
3763
14485
56763
61192
8245
27540
38300
63211
7135
21476
41008
52546
33135
20699
15958
11605
537
26660
36193
24674
22144
46880
38228
12961
56018
56194
40283
17366
59638
8886
61874
29132
52768
10777
57062
25047
60547
2520
30557
32751
20230
54622
36765
50133
47409
50151
16892
4909
54273
23154
13457
39252
28437
16138
58885
7393
35088
62107
61048
47703
25352
50844
56785
22909
36270
37423
30887
63322
33633
5856
18484
10535
28094
60634
48468
27517
47918
23046
2188
34944
9405
62015
19
49036
7437
50817
64011
14178
14994
13900
4580
65023
24666
6312
38340
9316
64854
12058
29557
46067
3963
45460
41015
45656
1878
34537
11326
45179
40244
17000
21178
3065
5096
1300
43847
17388
1014
36078
63737
41276
38121
10880
14933
45724
22835
39813
33567
57716
27378
11225
58032
1640
39040
42761
24705
30624
54167
36177
12126
13526
41365
3294
64224
5101
35782
16165
12000
44446
65126
14833
6857
15807
61361
22140
9059
2595
9380
61175
61597
26643
23759
59900
61120
51462
8429
64657
25853
20504
27847
22942
39090
10716
15667
18818
51390
23796
62254
10629
45539
19242
57914
51220
41819
63297
26774
21046
54290
2906
5481
30959
48118
14340
43547
26422
51585
53919
55147
56219
21053
43593
9735
64543
45478
5980
46817
35320
44278
28078
17138
37534
48547
30222
27933
7715
34688
34453
7342
60129
25398
31490
5061
9882
12130
15680
33912
2579
32632
37871
4609
19981
49929
60058
4156
51224
18199
49138
56068
12076
49195
3307
34748
18116
38408
47115
26790
18909
43289
29583
43155
55101
1116
2601
17262
28248
3400
24164
1586
20638
19513
37902
43756
15777
34839
27265
51634
58871
56595
19792
47037
13580
52069
1075
9566
60675
32870
57924
1013
25228
25093
44535
35289
57886
18902
11343
26431
50276
30818
63186
29395
46190
10148
55016
51042
51071
59403
41045
40798
17857
50476
59197
30347
18397
39897
39837
8260
64971
8296
