20686
15471
50418
9403
38304
1430
50318
521
28713
7970
28869
40295
9829
40163
24073
16888
8578
6793
63311
54586
51714
44095
18062
37893
60301
31678
45598
31197
6966
46044
8733
32268
53223
40031
41971
9071
58999
19446
13600
46464
65020
62288
33365
34482
46227
18760
4894
15170
36580
61029
13847
16172
39838
31351
9421
19485
5235
29575
28284
47689
5420
7097
9402
52772
17316
18100
60026
30952
21689
13688
13141
19223
28916
52443
13196
15363
9704
59733
46778
13004
55452
25706
31405
22274
47787
48755
17440
32550
64206
23829
44177
11039
19678
24705
11159
57874
54299
47852
62748
44195
51681
11861
7444
41248
44049
47775
25636
51226
10301
195
33353
52620
9683
13121
40552
10466
32312
5281
20380
2262
63189
36941
14847
58314
64144
13851
565
36614
1201
26700
7693
18051
34919
49378
26009
62430
53866
13940
36534
2708
27447
36033
22186
24973
43831
2848
47126
59990
2763
44850
21588
62444
52918
45114
4717
10309
6204
40801
13071
55944
64385
31346
1406
48841
62068
7423
19529
16920
16018
19552
41419
54202
24969
10383
36305
65409
11662
57865
2923
14412
46707
6153
40383
9409
31913
20810
52279
17710
5755
41328
23027
1803
45095
33347
38384
1297
14914
18261
58918
25134
4473
4510
27837
44235
11122
58669
46091
50412
62145
50225
47402
3956
51356
56174
16393
26418
549
14401
13913
38828
25588
31628
56694
26872
53049
20325
57075
20568
40762
43280
41302
62067
41409
60436
59940
25914
48477
38499
12358
43699
57458
16387
12755
60584
4553
61904
62573
37502
40911
31679
18638
59733
12077
53887
36190
15183
59541
10907
17596
8524
4528
11749
53859
51010
41599
37216
62865
44223
43933
56904
61674
44842
51164
45026
41221
6538
46498
26681
56104
36849
30142
15600
15200
29980
61645
46824
15943
51166
50678
51895
52884
19738
6999
26655
37282
61310
19201
9405
58138
38390
16921
28614
42757
52392
44072
11784
45636
315
65277
8596
15964
38972
28367
32345
49994
48799
52641
42521
30845
17832
36714
28640
52963
49538
32248
10183
34798
63918
50642
2434
10271
27932
13703
2871
10729
4186
64786
11694
64007
29220
63334
40947
11475
18080
4975
43849
65098
58278
53054
35730
7747
3654
56324
33065
22232
20968
26046
61109
23379
44392
48559
63393
34972
16875
48051
59999
11092
12447
107
52819
52819
14289
38432
23138
36841
52203
33945
17336
12588
23354
61717
52647
47645
64824
49215
34008
36963
35861
61882
31481
16765
63121
42315
3415
53242
20293
27256
35705
15915
39780
45603
24502
33305
55866
60750
5223
6574
58441
10351
35248
34918
16568
24144
65447
54535
26389
60285
2942
13355
52871
30461
17252
46399
54659
56487
12027
50791
16082
39893
38544
17201
29475
64708
38503
24264
40347
63908
2261
34824
41395
4369
60452
8990
54736
4443
32286
61965
44077
43324
50053
53748
327
16989
36252
54196
23862
30191
722
15682
37748
41317
52063
28832
19015
56764
17003
49797
62865
43343
51040
43982
50106
13674
50526
60017
64146
17374
12707
52781
51889
33061
48555
27686
49785
21334
9845
13983
49726
20143
29167
49262
24129
42224
47245
27581
14653
49041
38550
8020
28236
21603
7285
272
14087
48684
29414
33008
55952
35480
56365
39493
53714
43331
2014
21163
10660
26712
40835
32084
6108
43947
40782
47203
54038
23013
2121
28071
38538
6145
63447
34490
62160
33883
62706
24139
6136
47406
17819
32621
50041
5080
16868
12856
49467
53653
62159
64901
28225
30936
42814
64220
16544
23698
14733
51071
37280
37978
51543
20591
24714
8104
59988
54238
51217
39712
58862
461
65229
32179
49503
35363
38726
36390
825
60108
2474
27249
27281
62576
60560
40040
16006
58754
34020
10506
16882
16951
9842
7615
7003
35226
46918
29577
5332
27497
52913
34867
28140
8826
10284
31682
35425
1624
30879
50541
46187
37127
39485
37273
54653
48195
65515
8590
62427
59749
5850
4225
12214
12771
64785
52092
55756
12271
2257
6747
64429
15553
687
45924
28088
3075
4820
11892
5429
52925
32315
2536
34440
15869
212
12529
507
1742
18828
17141
30537
56672
10678
55176
65262
32571
43933
33348
14187
37749
18023
31233
56735
21039
35353
64846
46447
61291
8501
60023
31440
2958
62308
23147
3080
15618
1903
5716
9928
793
33745
47285
13853
7284
50867
10764
39600
5484
49476
55243
59478
58100
29306
38748
50175
62075
13389
15511
48342
14368
10577
62702
11319
57470
18351
34675
59186
23103
15598
29732
40785
44201
47065
29081
1467
38509
47630
36844
1349
61130
24503
45931
3676
3894
37522
53174
12398
14798
27765
58603
60916
32707
26780
22551
62449
43682
1454
44555
33437
38363
55354
9908
17969
16119
10024
11513
6898
60285
22238
25982
17809
35730
29773
30856
52013
48460
36317
49715
39446
39593
48384
55132
31717
39143
42665
20936
9508
39280
9773
14911
2237
42983
5043
30504
3132
15201
1049
43797
49386
57791
57561
37903
31025
64312
7508
28785
59676
54408
65347
47661
59819
43733
20671
32084
31627
24105
56738
36458
25820
36204
55542
5647
15306
55959
59578
7741
58602
34920
58342
55919
22622
28213
51584
53927
913
6333
11794
14570
36121
55293
2191
48728
20439
55592
63585
24068
53468
47971
9362
37159
14176
40348
60294
39239
13221
10562
9065
25558
5302
9582
38581
26524
39552
6359
58292
11355
47283
55211
14608
55474
49638
44
55596
12772
5347
57148
33213
54237
61031
23748
12905
18714
2730
15315
21383
35251
52080
53529
34115
38901
47576
32062
1088
43162
54154
2294
32027
31934
18579
47900
8427
30067
18019
57197
9181
3929
59811
47753
47420
22085
59166
41128
64019
64124
5505
34998
62779
9061
8130
1119
33166
10020
7089
37657
61393
15906
56824
17881
10928
63673
14405
33376
20762
10185
23052
41421
52128
33859
42337
53567
11399
44546
38342
30220
17303
26839
20987
64293
43690
38939
21685
42762
20305
40527
55575
21493
57872
41080
33785
38774
25770
50992
25914
17104
42353
60127
54483
26469
28372
25433
673
43052
3632
65154
27094
18140
40841
17083
16709
4684
5453
27762
61164
19217
1118
12395
12738
47458
16891
15021
61138
47827
11779
31329
25341
16242
31748
55029
27688
17002
33528
1917
61913
60046
59460
1961
29747
20559
41694
25554
8703
55184
63039
49688
46070
50053
10511
1145
63021
55753
4629
25236
62063
62971
11843
