3758
58273
28826
50800
12786
13043
16699
45647
46991
48195
16512
57716
63169
27457
29380
9501
3681
60480
38309
50425
21337
19799
45390
21154
48729
53157
40677
52459
57561
63536
36744
1602
44500
59267
6468
13328
5957
63154
29783
45824
37569
29038
20189
10497
14459
47662
5666
41389
27592
16805
41219
9306
46430
2996
32628
49236
64132
21930
57094
40779
20134
54474
41134
54911
39757
33297
51803
50447
42174
16434
35222
3746
13716
45779
61731
56838
22537
27768
15563
37169
2717
60707
64017
54092
24068
44668
11668
54133
49868
24808
8526
25458
18403
51708
22884
38073
61662
14398
53781
34442
45743
42257
61314
38518
30241
58445
44436
59908
2034
42515
2739
17536
50398
17807
14749
58255
44782
36259
57278
22582
46963
19537
44884
3280
30676
42144
51011
28785
50584
63383
13763
35048
34014
26021
28754
10213
58105
34602
13146
44197
13613
13747
16166
3158
32003
60073
57822
907
57276
21257
14750
19361
48493
29903
25777
53910
30589
19978
46702
27410
22419
19696
9842
60519
12443
18517
58957
46923
6176
40575
33728
8624
814
54411
30650
19904
6009
13846
48002
16391
54434
61164
15301
39783
9606
33462
26646
20816
1527
30352
1144
325
63912
20679
38030
11684
42204
49508
25424
42960
40379
36666
32227
57374
40062
36615
3112
7077
30171
17168
58314
2475
6289
41649
11167
16828
8643
21133
16822
8736
32697
8424
10132
42412
5977
19633
19397
26880
10652
10328
20460
62313
15027
42754
60207
34825
40040
58001
39437
45909
48150
6893
12070
39442
29258
33717
8139
40695
50317
64206
56365
23467
38114
48300
15836
60165
58363
43078
12567
65365
55779
21442
40826
65113
50469
36539
10539
1076
4873
13512
45853
12872
55428
37182
7432
12560
27420
31309
28147
39952
51478
61038
50420
2959
35247
1895
58717
51082
50118
46938
30915
15775
55793
4334
44796
5017
62851
22789
1569
12920
6069
13760
6494
39812
2696
45118
5990
26539
52279
28580
15679
47250
18299
32522
13526
35943
6687
22235
64347
16197
40769
22973
15626
38414
6838
31681
38635
58800
35000
9574
27686
39442
19959
56127
44091
38299
34333
20129
1957
55636
40956
2349
17218
2759
52430
4504
50177
21865
28179
39154
6971
2110
59147
61407
19215
18159
13396
44063
28813
41087
29434
23382
36081
24608
25425
26852
8177
14009
43470
8310
58766
32988
43907
12641
13409
24533
37046
23727
48755
19342
45972
5095
37524
8187
12315
24499
39794
52314
59522
27590
14354
32641
14536
45339
32037
35505
43912
45431
53107
6078
48287
38128
37700
21715
10767
36779
49345
15101
13276
29333
14873
10547
54234
60345
6426
43718
32047
38046
22250
41558
1904
8630
24082
34675
58348
43108
25677
27230
58900
61536
2082
4655
19709
46810
2296
14665
15431
37727
33557
62554
676
37535
10368
901
23867
36503
13723
53268
48425
4614
58559
30451
59923
16670
4593
11796
6038
41489
24498
22939
35347
49536
41696
56160
53531
64332
48968
55383
59004
28533
28568
63444
54331
48333
45872
18809
51340
45892
9576
31773
34966
26533
12754
60908
42437
13845
48002
60612
3357
22203
29246
32283
53634
6487
46206
12083
13816
41405
48188
37589
29346
33888
25569
26385
36767
48281
28721
34215
46576
9560
10930
27137
56682
15976
33842
50913
47790
40321
18916
55023
37073
43935
55167
2203
12105
29112
6941
39315
32394
9757
55726
40521
10038
24893
25546
15587
40786
27676
59380
29387
58720
33696
38900
15139
60125
28821
2164
41062
50120
28515
3159
14668
12458
37291
39065
56257
54897
39660
64265
8845
20598
31204
33556
52794
52295
20547
57037
24783
20912
1258
694
48476
62133
64068
49284
27454
58729
28265
27905
24700
12183
57826
62559
22459
34307
19751
33252
19717
29375
10828
54158
29333
46140
2194
63939
39097
7681
13043
28695
10734
52218
37947
14116
55001
19056
29704
22132
11391
23722
1526
9976
64966
2055
21182
54311
27625
29436
43113
15072
19364
248
48867
59838
38492
47202
46224
37461
25269
33704
39196
57642
52791
14240
32108
53937
34447
50509
20613
58942
32163
12285
1872
32305
62202
55512
46807
54806
63696
61261
10550
27634
54974
35336
41156
46247
55679
8656
9567
51416
47398
25479
63577
15185
62247
43619
30209
44082
38290
49946
44517
31286
43126
43375
51382
23657
53450
43870
49945
8868
47222
16161
45232
54968
58037
19961
44687
53348
14738
2798
35058
55421
21614
31202
7726
50769
6510
60290
26354
10078
1823
34332
36036
1138
48648
12272
12047
2213
24538
34251
45519
35472
37441
44831
33905
9608
26502
53188
35977
7520
13030
3094
57842
43565
59235
20904
34370
8814
391
16668
43931
59199
19505
31974
40639
31462
23896
27741
46706
31313
63696
47499
60687
48456
30968
53827
43589
55252
1529
25400
14036
38066
48403
50326
51579
44804
44635
4604
2880
19943
39517
810
15193
47122
9247
45011
57096
7430
57631
35828
56305
20571
39358
35065
50619
58968
62860
49061
60384
18647
56441
11727
51942
49444
41232
28537
46475
40130
19764
55053
5086
54770
31212
12242
17210
52493
29471
1762
56398
41498
17880
9312
57139
1889
33409
1805
54521
9805
24547
27511
18669
63077
44476
63058
56805
7517
60203
37982
64114
24577
14408
25685
45332
26729
32567
35845
3911
26217
2289
44869
34018
55869
48768
35759
46667
28757
23610
1325
25142
5907
40979
64025
39859
44249
55797
17034
29022
14029
56327
18260
47359
7315
27528
30726
16452
56639
32686
48521
45368
55319
15139
35213
57141
11288
20195
49666
13458
12361
62521
35610
25024
36972
8439
30757
43075
50739
31680
32727
40800
57324
51065
61415
28469
58078
25132
7687
59414
40201
63552
21900
39840
21404
58291
20074
15515
42356
31564
43827
56425
26078
26542
33065
12928
24432
6179
14416
583
44224
37407
39504
39772
26919
62583
42542
55662
23563
64659
26200
19211
36233
3976
29994
30628
17319
56822
7630
54866
35894
19522
8973
47718
5763
9296
59668
31078
27589
2436
35546
2880
59738
45775
28548
41441
36736
44699
10815
1646
32760
63787
32629
44227
19818
4024
54490
41796
41327
25781
59606
24056
48268
7399
17622
13972
47536
1223
28335
59510
5639
18161
16631
1883
10228
11966
29998
2429
47605
63968
12786
35364
56013
42339
14290
53882
41763
42463
5505
33449
37873
44936
43123
5869
62575
54163
16614
1794
15990
37169
35758
39576
55283
53260
