56513
32550
57430
22241
44178
59931
37132
29686
57582
12425
24856
10242
4951
35497
2796
60933
3574
59450
30388
45122
65462
13993
25106
49547
64344
9591
10710
26352
49060
42667
26432
1880
54273
48717
46585
43908
4691
54710
1033
8912
33321
56162
55090
56503
42188
58925
11425
7819
22293
29848
496
10241
26137
34042
5447
16446
55533
20796
44456
4174
42092
60286
43670
61030
65295
57301
39305
6544
54189
3815
64358
36185
23647
21815
43218
47654
57552
33647
54746
56525
21988
50205
39164
18655
10480
23209
46512
55499
40112
23964
5159
31617
7191
42361
27953
726
16204
62081
20089
40121
5432
2445
37109
55386
9714
32907
20910
19977
54471
17523
14003
45593
12745
19740
58427
56806
10188
47695
56401
50186
4163
49885
6630
32543
28367
37215
59696
50714
4766
39045
59839
29439
20907
43791
40352
55610
46378
32439
18643
25080
38850
1401
5735
30325
59603
25662
46464
2735
14483
57663
2042
37577
65300
54753
34571
7957
31808
35885
65045
11176
3747
11488
26703
26014
58498
48636
13668
52384
5841
14792
63023
11967
56719
47660
9612
8065
42726
8791
23021
16051
38822
53118
33652
50039
32857
58450
50499
41730
21621
39578
65223
15291
46718
27052
11212
18831
57095
9480
5126
3439
58853
26790
22247
32571
34895
17681
33328
45451
20300
19336
14572
40868
32288
14377
34985
41837
30616
10812
3179
17615
46928
35530
44762
57533
43548
59970
2422
46450
47253
367
45606
49539
54527
47177
46609
28062
37764
5766
22346
4359
39921
22389
49055
45322
24460
2201
41836
3967
26694
11502
27036
57977
57907
32786
38696
56709
41868
3570
56749
11861
42155
6959
44699
63179
55325
20576
17499
27475
11183
33302
28666
38153
17365
15571
42610
33335
206
45031
58489
4821
47905
36843
54138
50002
39351
46940
40470
7469
27213
21342
43793
590
38524
21292
4818
46855
63715
54396
19168
35239
1952
3914
62149
53076
44109
38055
25673
19993
13762
12974
52545
15625
64405
27638
18320
40452
10436
53171
30730
51218
61814
47877
40253
2714
22053
9945
23553
12699
63956
5400
51968
50930
40190
726
5703
7777
35297
37778
29092
16712
23821
33297
31648
227
40066
64020
5848
46647
61865
53363
22994
49646
31193
58481
55907
51973
57178
46182
2310
33419
28792
28637
3857
6549
34364
61007
8141
62370
38718
30451
20791
44540
8590
7272
38361
550
21532
21866
13650
2522
8793
33688
5714
2507
19407
62379
44904
55508
60669
60155
34652
49007
49992
36359
11127
26233
23551
44922
63928
59041
22619
50494
11397
1669
762
1360
60909
22339
65300
55741
16004
41240
20763
26683
63632
39269
4955
43910
37727
21181
34400
29324
49693
21713
28789
47884
63689
37495
45479
1996
47901
47349
35754
25960
52333
20830
37288
7049
26816
52808
12914
45870
7182
25756
34291
43613
9582
45998
18525
44216
15272
19323
20665
29026
8947
3918
47627
32573
11151
10241
9245
58766
51557
38438
10796
18593
22392
27594
27603
21269
623
63684
56112
34777
33913
6138
12507
43895
44022
17556
10957
19359
47239
30759
3981
16112
45695
54498
22946
14948
50964
21654
11431
40757
42106
2986
54836
11879
55194
25219
46281
1058
2611
41838
45322
16469
44674
42768
14078
6977
58778
43615
29101
1677
55236
33895
38580
27541
54107
32396
61852
3398
7470
28256
16773
34234
29098
41410
10197
32790
57894
14773
3420
49963
8053
37356
39642
37854
34083
30096
26588
64018
19055
23710
16530
8073
59131
5388
48021
26988
15279
54922
21120
5137
26695
63173
40672
24440
29336
33710
19816
30559
42840
45059
41276
1570
44610
39360
15151
37512
46471
14995
23752
53971
18696
16664
28412
19623
41926
18535
65335
15902
30511
54817
60004
44608
1138
43746
34892
61054
64975
52383
8393
38873
52461
64328
46267
25245
7717
14264
36381
50918
158
38711
34662
15762
10623
57617
24722
13887
56306
7144
6625
9074
16082
10876
29675
47282
24489
35585
41332
55662
21171
18337
27087
18378
61513
52057
8193
56280
16839
35057
37668
49510
60705
18789
43644
34961
15061
56884
53787
44233
45260
40818
6684
43485
14231
45693
53995
51735
18474
43549
21285
59536
16070
63842
9599
2223
58145
25213
35479
54583
40545
48905
14043
54083
33872
23609
27641
26402
24125
34987
41688
44237
13814
10764
16581
49905
61307
61485
18540
56869
31596
6368
33861
37520
58340
12605
53919
22027
6269
908
6079
15159
24603
42422
63564
5006
37936
43206
55717
39025
42891
22622
56844
45984
6135
5406
31814
4794
12163
21973
25769
49561
5255
43069
22524
14033
36774
12710
40218
63752
12622
42039
61903
38101
3693
36679
1982
55251
27666
39357
53463
411
56946
13790
16227
30096
65387
5976
61963
3074
29599
25021
63894
5063
52004
42346
12991
2262
23442
31417
11210
55023
32597
19348
4530
50630
36040
2279
50161
26417
13927
7200
6298
51462
4958
24365
38604
7736
22189
49864
63121
16254
7132
28221
51684
37774
54238
52773
62310
919
52832
5905
13057
58631
25024
12539
5382
42197
34671
29806
22797
50249
42815
47078
17230
56717
43170
16128
57693
27879
28689
43985
13157
22644
65488
20870
18360
54518
56523
1385
41550
13668
21235
57843
32116
24157
12666
41360
38562
42675
14263
50605
29756
51956
12156
56554
28569
44974
43105
29553
35627
26807
56013
7395
17998
35668
2312
28982
35970
41050
18651
16160
15535
53942
23169
44265
59239
30746
42481
24400
31009
48814
12608
65235
4926
12011
1897
15264
35227
33745
8403
47568
57273
43384
31963
51145
33364
33424
49651
57535
52990
45367
6565
15821
35631
63729
41686
42253
55541
59729
27039
29906
60856
45049
58375
2159
9919
60085
14309
36871
855
11632
15655
41213
40418
46858
42674
12344
16600
26127
60080
33743
4177
54876
9138
33883
25632
5643
7159
51965
26096
13227
53850
39995
1270
6586
3121
31581
4088
64785
6891
32375
8374
50925
17255
37509
29082
17195
61588
21756
57073
47066
41645
55387
905
51628
23771
8437
28944
25144
49994
25496
17973
45351
3305
37598
13520
37749
56894
63123
37253
22774
45521
52103
21632
28101
12594
45562
31827
40759
20326
36221
46859
14827
43684
14053
37132
35072
989
14307
37021
47730
27622
17839
4039
11290
37571
8444
8598
61438
25298
8311
34656
456
36515
14566
37317
15666
62412
64302
57348
50533
63114
24936
63621
16860
18096
44923
