59079
63450
64442
50278
54632
9603
31573
5248
62367
45712
44250
43717
33448
34697
31634
34066
50616
22580
38643
54942
7893
12832
5091
3628
4571
60167
28641
27117
25490
49520
7199
33113
18264
54664
40886
63309
50904
42745
23413
30583
17675
17709
30949
48715
15796
3899
37914
47686
12989
26205
292
24946
54777
40191
3826
4925
54847
25038
62483
27481
7730
34697
392
42062
3279
17743
43875
24692
40828
10177
18788
52375
37243
15539
57836
25691
20964
40921
56889
15149
12931
55609
55795
26596
43447
42334
58714
2131
62004
31016
15332
64492
56933
48863
64208
13085
23928
39334
896
35382
850
13361
24663
5983
24503
15945
50011
9633
19790
36003
13145
21376
28257
23582
63585
32146
10612
14119
32853
54148
64977
39837
51596
15781
29970
35212
46398
29647
65406
9523
8436
50167
7292
9512
64170
28728
4984
24034
26827
4352
19594
14951
62242
64961
44644
12232
13569
38980
60570
43679
44474
40052
59888
36250
8475
54485
4198
7982
45018
51102
16842
16217
39229
60972
40244
7589
15021
60764
56567
47268
26540
20043
24631
18964
52243
18099
1773
40763
13458
10909
15763
36425
57009
58574
26113
33795
27688
5156
7204
11036
16394
33148
60326
48588
64092
59577
46941
2538
2844
58340
57963
44665
45058
64409
5961
21605
21978
24780
8369
52002
42110
59980
45444
21990
16246
62377
601
54084
7194
35865
46245
1015
5296
27830
3596
22156
16350
15506
59977
15788
4508
50276
56109
65454
60949
28339
10662
12210
51512
63480
13903
42708
2438
36459
63600
44226
43088
17881
26745
27516
48879
1259
8784
46046
51694
42228
32826
40697
58342
4193
5825
18173
56524
24195
58489
41533
24063
61159
3029
8300
52490
31536
7335
60847
43366
42009
39365
28287
51223
59616
19536
62229
292
29427
33741
45995
28801
41718
39836
32110
38240
46314
7065
39715
31798
23151
53493
21703
24501
2565
366
47582
14509
11569
45104
9149
52375
3811
63619
41993
24176
41198
64078
39467
15505
56822
307
31200
17134
21648
50787
64680
720
6681
59267
23080
3011
61932
41673
62512
18150
28630
7782
48596
13929
6598
41037
6388
18581
56686
25429
51608
54961
9677
6377
4560
138
44010
21694
29873
54642
5274
8551
54533
34019
62863
27334
18853
32902
50252
52979
10087
25381
22379
20428
45711
38685
34069
40579
5209
49072
19630
58464
34238
57431
25216
46071
65027
9727
396
54126
39445
11284
48344
24076
34623
42804
28905
16142
40949
27682
50589
20837
25083
54701
36641
34959
39076
40762
13378
25584
18674
59131
33463
13109
25220
55218
52878
22455
60540
19453
41970
38929
12521
35811
16364
59998
42171
34144
27152
53168
63422
16862
25034
32105
55026
33698
62975
21196
64608
17228
59979
39429
2752
53632
11525
4607
30401
9329
4335
39607
9795
51510
38772
9457
57492
25174
45326
28088
26325
1347
32142
8614
6302
21838
50560
12625
36023
62101
43513
17153
38477
122
31995
3424
39636
48792
30094
584
2868
45323
50037
1385
11198
33013
47762
43174
60008
40648
18713
29179
15408
49297
17819
34664
36089
35448
17641
36551
21496
32227
25699
30020
56951
53809
41252
19766
10309
57855
23396
12231
5362
62670
54800
20572
9356
45874
45307
35606
31934
51554
37428
26819
65148
9287
48614
28250
42818
37135
19270
44181
62965
64216
55820
9980
65290
33121
44436
27360
22847
57458
32580
49599
11585
4562
56572
12190
25038
16447
12678
20467
3519
64345
40678
9949
20197
40053
63012
25632
7562
9483
29185
64706
5655
25365
11782
45556
34990
29164
60841
26456
22196
9263
16842
55545
24247
27308
39378
59857
675
4952
12099
4727
46066
28344
49867
19151
19746
47889
59726
19855
41857
43977
46298
19955
61434
12567
55980
23862
8478
4999
15598
17926
984
32156
9608
55192
35105
10983
55377
19102
62277
29190
40753
56908
15081
65481
5870
9649
29544
24893
23963
13790
38518
50601
51842
34300
58290
64308
2976
54553
11474
43247
43370
8805
15935
277
34569
43451
55092
31975
43430
49610
780
49690
31197
49079
363
40804
7684
41963
14219
42357
17291
47066
37244
26
55374
26578
56060
7603
30830
56216
20910
8303
34502
17888
22916
53330
12794
52633
22963
23083
9969
12553
55023
470
33636
18365
21673
22795
20270
18585
44132
45079
21342
7423
38010
15627
23227
56953
17224
11513
6234
2991
7909
46860
11191
36262
8066
46688
62235
48526
53757
39558
25193
29726
23673
59960
38923
22117
52722
6030
58675
35919
39164
54623
51481
15007
17897
34781
63068
37996
42068
1573
14270
56960
36848
22215
61547
52141
57600
55687
41342
8108
22552
48800
61843
25429
45608
8196
30504
35959
50407
19084
34904
65233
7749
43135
7652
39847
29576
34124
29552
4007
24821
6715
16163
20151
5512
55191
5764
6747
14790
39507
43157
58629
63534
61817
7110
12002
4885
27875
9571
5563
51656
21892
43543
39329
55221
29230
52808
46601
47396
6703
46304
19029
15017
33375
51329
44662
47053
37167
31647
32719
26423
44318
7063
36374
37813
11232
60459
3763
9505
38990
64116
34745
15978
22721
48791
10324
65497
32126
12910
47588
62979
34980
12187
29239
19876
59791
5738
8099
50891
40688
24956
5642
29441
65386
53221
41016
28852
50987
618
46587
30961
19527
23444
44217
23071
27895
6749
59779
46302
50038
1328
41754
1720
52394
3463
11606
48798
22626
56544
45569
61160
51618
8025
20492
61470
16582
52002
13911
21161
46814
64741
55719
54652
59523
12680
21651
7086
21760
61924
63133
38271
48750
52176
37593
2268
18550
14476
10506
52165
15535
32211
56014
39092
5517
36410
49060
31599
14891
50832
49550
44655
44941
57815
42292
40161
22684
55770
40346
10499
65354
51702
54991
42999
45663
50120
57761
61746
26773
48749
24827
2291
3284
49442
59512
18888
60022
25960
25816
39261
27478
59575
38438
1352
22899
60237
37913
40063
40858
31486
52240
7812
40626
8130
16629
49503
62840
56503
8717
58536
5528
35642
55524
12823
33027
48110
31683
59793
61249
61085
7282
64582
55676
4051
56059
17440
27880
34931
60788
17358
40549
19979
34113
106
54395
31416
34035
20152
1918
3139
57127
20666
36814
45202
14729
22226
31213
21139
17977
44189
17822
43313
28530
37828
27187
59624
49698
12913
6951
15843
15612
21620
12414
57581
38299
36510
37123
32083
5628
41530
35070
60697
3513
18627
8649
1844
