22775
33471
55613
10151
34698
17960
47386
43162
27707
7386
42728
6597
64381
35353
10531
18228
9763
42749
10507
30273
59927
21036
13422
25443
33640
35048
58891
7761
50265
36704
6466
14401
6640
40314
35734
14510
33605
54357
22467
53431
47447
55806
15372
8937
23752
5290
18097
44800
30113
42394
5041
1595
65061
48158
38487
52685
21494
13018
35921
53691
34992
11299
63597
35999
64914
3383
28704
28803
40627
40922
44540
29466
47397
37589
10272
8346
50134
36508
15367
51553
17429
58483
52169
51743
34177
56710
59143
22922
11096
7052
7191
42475
64361
63656
14712
41111
15679
35065
58494
16620
42100
1291
56082
64612
28369
8646
51957
32143
45233
61020
20178
32538
22890
42480
9570
30534
55306
44180
35798
44504
18968
16868
56225
7328
42995
64515
29427
21154
51184
31742
36298
41719
24663
3140
17808
45430
11186
62398
14845
60065
57748
62706
65276
10489
32072
55685
28254
18851
14332
35531
28770
24390
30724
29750
45165
26999
28936
4226
60767
14232
9666
10279
53700
1925
14951
21455
3848
61848
499
36295
30038
55505
59663
34956
23940
23041
16611
4720
48062
59864
24068
53378
2668
53933
7411
21004
47558
14680
31399
4037
3067
65490
52301
31633
35533
5400
36533
40963
26256
54517
28766
15379
65434
13582
48916
26537
30028
61588
45265
8436
62449
18314
48216
45940
35478
28901
40349
28318
30
6543
20660
20230
12914
61487
17316
6133
11070
681
52240
34138
49655
60550
12668
40281
10415
36402
46828
53713
63219
12651
46804
21491
37605
52135
36790
6302
42984
65492
30024
44515
40574
26767
54529
8193
59785
6920
24598
32392
20995
13964
12353
24934
45417
64286
50066
56806
36317
15451
56564
41054
44178
43043
40572
37098
35160
32220
19301
50218
38717
40353
23932
45331
23773
58062
54648
61447
34068
58072
25266
35670
35519
32690
26852
59439
53160
6307
33390
36925
25136
56471
49805
20393
30064
51219
33559
62184
49379
54080
3242
9311
21106
9277
44383
27613
51025
34334
24823
32992
57962
52017
22709
60664
29021
30214
23690
32551
1528
15274
27113
30828
13749
60876
10522
47564
54973
49544
4850
49847
48766
62669
49454
42961
34410
12507
40126
59754
36904
13366
20719
61533
33922
35106
60085
42045
36795
21455
17739
49473
21153
1811
31381
3800
1262
62123
37890
6209
4159
63012
6510
3146
8844
43031
14015
28682
19832
13888
38038
37193
57629
55533
39904
56159
33887
26306
62713
42960
18515
63823
56661
47893
5912
42189
34205
34861
3170
492
26891
2364
33654
26575
25312
48811
18889
29622
20253
7271
55287
48228
17767
32156
55953
26970
51929
26360
15081
61078
26040
29558
47908
30947
16246
45454
53748
25839
63856
3883
45685
11142
4841
10147
41093
40839
54374
33905
18976
64639
28788
10475
48004
14633
32325
19580
49631
15995
52028
55372
21675
25713
58616
16403
52525
13613
41197
17049
17282
11447
40193
32632
22626
51720
31535
34338
35273
48404
35241
14847
21446
49301
32260
64456
7065
24985
48375
26825
47254
60867
39753
56939
60434
48529
43983
18602
55270
3122
16273
56684
25570
44513
24611
29450
54696
60464
54002
36827
36390
30402
5997
12344
34346
42306
14083
29533
25049
19207
15295
13450
20604
23687
24936
57289
47025
31986
5964
30415
42827
40952
41091
3223
15012
52910
63068
47181
32906
52361
53322
63407
20058
8983
40988
63102
25378
22225
55963
26796
10163
33474
11636
10749
38667
33131
14064
62688
38356
33259
59141
16019
13246
32153
60425
33539
21230
23327
18245
14347
27733
28414
44343
61734
45636
34447
26814
51558
35385
14737
44624
42600
52329
60025
52454
65313
62333
4497
3418
45195
24503
2632
29134
36169
46864
33254
29333
22731
7393
19065
36973
14725
28485
47866
12114
33905
4286
65456
11271
39576
17567
10678
28918
43344
8247
8747
16876
59589
14827
56169
54484
42942
7456
32827
53374
57398
41361
5374
12333
833
58354
12830
12445
31433
61938
46935
60362
7993
37449
21096
5110
38437
62464
62302
24338
21992
53332
63703
8480
27141
27415
27944
33143
5291
25941
55207
51170
50529
2105
58566
52343
31901
19514
8031
15418
50629
16972
41750
46557
65470
18074
8272
26687
39979
37173
23024
19037
18444
10510
41812
16431
60745
55055
45078
29770
28302
59074
63063
10098
34868
57157
28463
42520
61058
31524
38956
15735
17131
53138
31218
7403
50154
29472
37043
7735
62575
16113
53545
3942
33358
64409
27650
8261
13377
7091
11282
39372
37514
46675
37803
12553
24846
34926
30984
6115
14385
52832
9606
58145
32559
43805
29650
42322
1256
50730
15592
58407
3063
30845
7871
20787
17217
12149
52137
17652
24121
15869
39485
20843
24899
26695
1371
65105
42633
1050
57306
1778
54949
23937
65454
20126
43082
49557
42652
34581
3093
54036
64994
44100
56490
51601
18964
23028
2050
43449
1092
57075
29982
63422
38571
63340
18650
43349
35931
57966
56766
1740
18090
28236
57805
21194
44278
61066
14389
54999
65248
6341
54817
23462
5067
47080
57834
13221
56213
56397
7477
45894
16257
48094
51037
52788
24732
23080
21500
6791
12527
19737
39952
21909
56062
21680
34830
37726
60958
62900
27851
26275
52410
57077
31008
27481
44694
35809
59986
50914
32709
56593
59779
63038
57053
24824
7181
46851
43461
17170
20595
37015
6169
30060
51256
43912
18137
26246
26825
13533
53377
4451
52592
27317
21467
13146
65505
49886
17638
61206
15334
24110
3618
5351
62562
48842
54377
21195
47180
25568
52008
38625
34399
11803
60086
24508
3361
44410
52353
27189
9184
5983
2503
12606
46145
48858
45751
44316
4195
12561
9165
17185
3011
876
40630
33028
53274
56244
35410
30602
40330
34098
11894
1476
52382
13416
43254
11568
63399
51655
43895
40469
57034
24844
16822
38519
54154
63328
2490
5977
19848
51626
15089
28731
59816
60920
42847
30815
30259
36964
57378
47501
61268
7238
25185
33696
38022
59229
46939
59155
59187
6831
31915
32504
64100
46149
680
8082
37321
27331
11946
5819
4807
48410
19482
45078
39369
28900
8154
55784
21312
16893
28765
14578
48805
13235
48554
3320
24139
6142
57196
54366
28056
30089
15340
11531
52771
5259
47520
9140
44481
64584
58930
46933
41548
33652
44400
25856
58984
35151
36507
19186
7832
65094
10915
1923
3468
51910
38685
42154
42339
55541
42068
19306
62228
62008
56325
14447
18589
51733
35882
