19153
45052
36404
8692
58160
11339
58385
45749
9520
40185
56479
36388
38719
60879
50522
3083
35563
31908
22912
15117
44438
29164
41813
18564
49557
59964
57259
17634
27109
37137
50208
27354
31394
1568
59371
61014
14689
23202
34267
19074
3481
3291
10372
64996
32693
23226
750
43836
34632
40442
2593
36603
47968
51323
28669
61498
31699
8887
58061
28572
15401
11218
7370
55619
15527
41526
36349
26795
30097
61910
24201
39754
51077
12679
443
46274
9439
30616
33781
31557
6661
15713
42883
19917
50328
61112
9641
36151
52132
54340
24195
49246
1042
59558
39667
48237
63674
64525
13205
65430
20464
2
32292
5824
94
57559
21293
55700
16704
40257
58346
65059
35965
58318
10658
33400
64593
51664
7166
44169
8132
4310
42843
36728
10943
30321
58898
20512
44491
2795
44667
56482
17817
22805
57076
41564
47988
26497
23302
59014
53190
11858
55881
56992
36388
8273
34403
62528
12719
32487
27205
28343
64036
8242
49919
26121
15138
25684
27019
61300
32710
56627
34225
59013
28007
55329
1612
6333
29822
40983
6292
1306
29452
61146
19704
48675
40099
50002
20197
53262
3292
6079
12672
31038
46008
63519
49649
6722
36867
32127
48458
17622
16157
33270
45470
14695
17132
49087
14201
26641
11697
49343
41698
14268
24549
54995
12754
38336
19537
55349
19559
34993
31618
9670
16394
33404
55303
409
50833
43175
49366
46783
49747
19397
64061
25510
15444
36398
44230
48006
54095
16004
8610
42721
25450
26431
14512
26191
51653
24546
63765
57174
14338
55000
20988
57303
45128
48727
33179
11637
12499
233
24881
42068
21017
16859
43172
49640
28076
18126
2613
22198
44697
504
28677
54819
4049
6159
7922
20597
3962
5339
61706
19134
20402
51016
1369
39259
26183
31686
23654
31946
52246
48804
52127
58735
27029
18373
13257
6159
7852
44977
36634
10329
28837
31556
45850
64834
3950
64080
18855
57718
55321
3347
2049
22637
34375
62034
4233
53238
15209
34532
55424
26778
65073
59886
17205
21415
38919
57856
5124
23667
11171
59315
45533
59285
49115
27447
8844
43189
10470
45792
50079
17872
8211
63224
41205
14503
768
15787
34274
64802
25436
30231
32199
54507
34475
47959
59508
10308
44830
44104
64208
57042
31726
1008
12941
30462
99
32554
49247
53221
57206
26844
24325
740
3434
8710
14163
6457
57452
17362
13498
10257
15600
256
33445
30362
54929
12752
60876
32286
35738
48157
46281
9161
30135
6023
24973
46499
23364
33378
1605
41903
16489
27873
45729
1488
36598
41569
24105
48244
43435
51547
2697
59623
34706
28755
36756
17557
53624
47051
41713
25082
54922
10613
28328
25922
7744
53560
5055
58833
35433
59456
54870
24447
54068
51852
44227
21598
6955
44458
42883
523
29000
48012
34570
33978
5911
42864
21640
7317
61451
29272
35222
45867
34964
2010
32203
60249
16764
40615
12658
24308
1728
48539
27228
30323
21177
7740
33639
34593
48773
33584
49508
52908
65364
14070
29902
20901
21212
15543
56828
41528
55918
30895
58171
10749
55406
56778
51656
4885
6043
27424
3755
31283
35738
22775
2908
57429
56342
26466
58516
39747
44463
42759
2102
3541
34462
54025
14428
44316
17942
10006
50863
64758
36922
4893
13104
45481
48587
20056
44357
3210
4712
60972
62433
52489
50616
59457
29630
24013
41508
3366
40118
54361
45493
37761
33350
51526
805
12925
38671
40395
48550
53872
5177
13579
44310
21242
18187
16090
33040
24063
45472
46627
21338
29553
51679
32895
35372
54326
14256
27156
15095
32661
50514
36129
24686
16476
501
30472
42765
64417
3496
46051
37847
25688
40998
24809
60113
40606
43329
26231
53297
38728
53802
22782
849
29102
6474
44069
11541
18695
2733
64862
10539
15896
62564
2567
61279
57001
36182
55260
28945
1348
43931
2738
54956
15990
8237
19750
65330
5098
59165
14301
41443
43398
25816
14783
45397
42225
36299
63814
44571
44302
53223
4352
19225
41339
9699
42282
46821
28376
17556
59229
56512
47929
36782
56465
28508
10332
55808
55714
65200
61821
19465
38195
9435
44276
30200
14070
48262
21278
54046
23186
4050
39294
25686
34136
41759
27487
41190
19335
18633
19063
8928
37378
6081
34245
23560
38850
51682
44400
61359
38524
13895
60691
40648
50849
61969
3817
46408
36026
11328
57275
48668
31929
37017
51737
45866
23491
6235
5745
30566
13846
25754
19078
61020
60790
51613
4932
515
38052
49090
19356
32120
6577
11575
49585
51741
58303
9960
37967
938
2229
43312
25162
64059
61874
29769
44954
35070
15354
35295
45596
21481
1264
39109
26430
348
25349
54445
34431
8430
30509
26139
54402
14999
22259
49816
64189
6915
5376
37058
31358
27580
30489
8019
57214
36530
57382
42411
22416
48295
54406
5910
63691
50715
18683
61543
32749
20742
37250
37535
23359
58213
18631
12412
59358
45601
55404
21282
2918
46766
13774
39877
57093
62495
7320
37131
38158
15858
48852
16472
4577
18711
55037
62908
63756
45169
34734
40739
62967
8493
22847
50173
26818
23388
26054
25339
23728
28250
18848
10792
45673
47270
9027
35982
11174
20198
16249
37016
51326
264
8417
53176
7910
10102
3729
18716
28344
21211
38815
34203
58450
54598
19512
49733
60140
58389
59114
44673
61272
22991
16697
37608
28366
34207
34655
44144
22264
60289
36874
35454
40672
14761
19177
38440
15127
42427
39095
61772
35090
19732
28829
33012
7229
31682
4114
44098
47832
12387
9414
36840
529
2871
5983
51732
3267
63298
41088
65159
59311
3748
64076
51452
14846
17658
32264
40102
27450
55934
44085
50227
12979
63589
48894
12578
23547
1801
64705
7781
43296
65280
11463
47129
6216
12158
46353
41897
7351
35750
62719
53894
8284
53470
22093
17181
32778
8232
32936
28823
61984
59501
35604
45575
28897
25254
40310
2965
43025
61876
60120
58405
9800
64214
5648
32163
33463
2242
58946
38950
32513
31540
1259
18541
37006
43994
43869
18601
14568
63767
17137
4676
64851
3394
47194
9188
35323
62538
31126
40806
38852
7390
60032
12776
32747
26695
58460
58067
38354
52597
57060
55027
62597
49713
23052
16939
54191
52611
45196
51098
60713
37412
52940
13657
30285
4813
47247
1270
36709
37303
52221
50855
3100
46777
41599
34313
17348
1830
52727
12905
48373
55422
19738
853
24394
34678
7866
58857
18021
32052
33515
11345
22813
40808
18704
32478
62641
