29091
38805
22303
22735
65141
2739
51404
30283
52401
65416
52739
30689
26873
48
63000
20204
30968
7243
54358
23841
40645
41052
1668
43903
33903
37975
40176
58813
31885
55299
21132
2805
24428
12030
12866
496
32149
6176
43279
57371
57703
6151
26303
989
7068
61130
52055
28916
35206
26082
30156
59199
37512
58560
1577
8624
38225
55003
41097
4263
48967
29657
52852
50247
25037
47789
36093
53403
11793
44419
39439
26232
46302
5390
55149
17500
37597
56348
17728
62737
20726
62020
57824
55563
9160
13874
41425
3400
31966
43661
35706
53398
43985
38829
61681
65442
126
53597
45388
60267
62949
33251
7156
10484
62475
6440
60613
6923
30590
11545
50697
24377
36581
42647
52732
32444
38201
16210
62702
64054
14309
47228
9872
1783
38303
12700
9200
2587
28720
7407
64076
41477
4257
26914
1720
62792
45450
25098
7915
4268
39392
36670
25411
27228
36949
37855
45470
63643
10345
779
2922
54669
29398
44296
54614
24387
53917
38423
65016
33435
26571
59182
4245
42970
43007
52104
48396
61555
43233
38563
20163
29456
15432
2227
33684
34956
48368
28598
30756
47301
11326
995
34183
13719
48761
42205
43461
18617
55995
65531
47770
13979
19566
53541
9706
47395
14790
8206
38914
25626
37523
20254
13393
39034
34035
56011
17573
51787
11413
57995
32530
30082
8157
4022
25999
48659
60823
25750
40804
57898
27127
33310
31291
37514
31501
36343
21960
45789
2477
12869
51135
13650
40888
40041
63401
56879
44613
64381
16236
32584
11676
34698
38349
34789
60043
34711
9845
12353
2847
30411
40069
22753
51632
37604
3399
19600
1264
30496
43700
27863
47867
16413
12070
33623
56532
21123
54773
3988
24906
9361
3623
64383
31866
58327
38698
28997
27702
58924
4015
3810
3851
44595
60592
51478
25966
42075
65271
4812
41900
41923
38408
8054
61574
3580
20605
29034
9390
58577
10252
52311
35463
30014
18873
46987
44485
58364
5233
9396
64431
63513
59033
46038
40668
33431
47058
35542
13755
15691
13120
12758
43469
49630
34239
56065
42400
54013
4777
15676
39036
1264
24179
13184
36471
51415
49846
16703
43344
43215
23427
22261
52333
8653
47116
54735
26745
42911
39535
19687
45655
20845
33051
37555
40300
17545
63911
59834
10032
24902
48491
47332
51365
27322
64675
23272
31567
55685
43857
33203
38814
47728
6172
51179
31242
52855
8331
30536
61421
14939
26733
10899
24200
3952
38243
6811
53589
7557
21145
22739
14678
46687
42266
19995
29853
24974
52491
51778
19087
55078
20324
31965
33358
848
53422
56816
45652
51280
47186
33673
51966
14608
40222
9421
23273
50206
19730
6065
55395
31842
55993
13681
35352
47358
63091
20261
39478
43042
33455
55586
50879
9843
65190
33919
27890
32072
13431
35207
51935
30940
55613
36018
27903
65349
63799
29397
24331
16228
30176
17859
10816
15085
34597
20314
12956
48878
9448
59067
62418
8940
32183
54772
15676
43808
902
29142
25805
33066
7058
41383
19793
35934
45457
64402
43846
43116
1359
38184
24932
41749
49764
24805
64238
25609
59493
35679
5702
26589
5852
64190
15759
61736
18295
947
20638
20585
2536
49518
23777
39005
19064
8105
35822
30754
33559
37234
31283
47900
45257
43548
31250
14174
17029
35048
11328
1956
14865
13518
43830
28924
65033
39119
14187
56553
57197
53051
36582
44919
9392
32382
41581
23456
25880
54787
43780
48161
27063
23797
45101
53746
40483
28134
12567
34636
13369
34749
8307
59645
49064
3987
13365
26
19339
30180
33780
55790
59259
58425
26210
62971
43149
14573
28551
40595
35924
61460
56994
49797
49910
44409
6549
61069
60517
39030
45221
22557
37054
45906
59459
25758
4061
53391
40050
56615
25042
54431
4043
58730
51407
64984
42232
52074
50288
36209
46183
42726
15948
41747
56136
5278
17979
37222
45107
55505
29487
44088
36648
15330
29595
36430
60466
24262
13216
63155
59277
21923
34935
6209
30117
44554
49910
32286
40276
60343
63629
58045
9995
16209
16866
52729
41934
11817
30442
9221
20118
32778
30103
14886
28762
18634
24111
63321
40586
15036
29637
51319
11425
56001
1244
21791
60613
30794
56844
47472
17974
38532
4315
14719
46835
14057
14643
12510
1242
21929
37825
19978
21544
53855
38164
43110
30464
51649
58568
19499
29260
61895
51574
6079
59639
7514
15767
6533
53577
2233
29581
53660
14065
15961
29444
20893
1797
1009
16946
63914
43786
16370
60992
21967
58942
56107
10955
22448
56515
52567
3894
44116
48249
49656
25624
50303
10204
48737
31187
30251
40999
38858
22568
39898
17759
19682
26264
40098
1979
52813
40467
40780
11015
41545
34776
6973
46368
29733
28463
47084
48148
526
61467
5672
60434
65402
24487
59499
49192
37791
52813
62110
31579
64875
65425
15451
60938
55192
14488
29511
44084
34375
45900
37081
34991
28643
20389
16380
24086
24195
24677
45862
27818
57709
37590
58223
6869
16578
25276
35867
29232
1248
7925
55146
34165
1010
24978
60072
43617
8785
18249
16845
27575
34185
9492
2410
60667
32379
30515
20146
22159
62731
29193
28325
24565
1339
38458
25591
48754
41374
31751
3158
44163
54944
40718
20813
24469
5137
57553
41966
30452
2230
41075
5905
45505
59025
58051
48185
58929
11205
34643
16972
64382
16290
8116
37952
35669
45892
54870
57661
60015
56589
4297
61914
4213
48000
48611
62177
42374
60608
36208
52002
65476
39954
35785
36267
17926
5029
16451
15878
16416
35790
47155
9633
59040
36136
65097
53093
12679
3043
38915
48852
49751
14152
37248
32396
41384
41943
22003
43965
13754
27035
51587
56212
13676
29879
25825
49278
53297
419
63385
11819
27924
38117
36021
8210
1697
58662
60250
34712
29701
2023
4916
19999
20001
52490
6214
18518
27914
12067
4445
12606
28685
52532
44570
10238
34344
54099
16792
47552
30396
54718
9260
46175
21535
10607
34284
25357
28396
49309
37210
65114
14884
10857
41291
56089
19517
27639
62171
12363
29122
32728
54033
5374
33221
9553
17206
27846
27317
57546
40717
16485
63199
63245
27918
22177
44596
42775
16303
38858
32853
32145
33292
58448
53016
44377
6892
23576
53821
7787
20067
18813
4548
30611
47328
24289
45383
20237
61754
54877
1449
40491
24584
5224
63634
48307
58625
40589
7602
57750
38136
6035
32994
40856
51179
51171
38403
56758
50198
62120
64951
24959
2702
52691
62423
55151
36999
34091
