835
6693
31373
64665
2045
43995
37402
31067
44753
30725
8030
55706
58074
45692
39155
64604
54819
62838
24271
55363
45425
56699
18183
5211
31241
49518
8122
35061
1476
52654
620
16754
48901
44133
35231
18583
56439
39211
37570
46045
28286
6164
19453
47279
31768
63549
64748
36594
47892
56722
15131
6167
42091
5079
64501
35965
24233
37072
46839
37266
32159
63317
13337
61939
34303
44717
26188
33424
3614
28222
1075
3812
34665
12542
20381
48781
47397
34072
64663
7742
16251
39338
2229
28717
31147
56474
65029
54665
53290
13373
11626
31853
57774
40638
5668
64801
5505
2515
36138
27730
48827
48865
7527
34954
16405
30856
37224
56111
43267
36410
5863
59124
0
21962
3930
49384
35440
21695
50931
11500
62016
27817
47700
11009
25241
50637
53608
65256
5353
38858
4289
25332
6652
33968
44735
52570
9037
49192
15005
18771
25330
34264
5964
48856
17536
52018
63064
58868
59714
44466
8064
12578
14579
54486
25525
6809
65399
38857
53425
26490
50772
17861
52027
44677
29871
14502
51729
64884
6101
47005
34354
35150
61543
51828
59560
13709
29250
24832
6478
42838
57040
49675
2260
13000
49441
63794
16403
24146
40936
32570
9408
10141
10850
52113
11361
54969
24793
29987
60696
45562
32174
64861
57342
50172
59937
39852
48615
45292
30610
44393
40818
11698
11807
58363
22762
38023
39068
32214
39319
15801
23445
20795
56982
64034
27505
36738
45271
64698
26671
45006
49897
33336
48565
47794
50040
28532
22963
5989
14748
57340
45834
6763
16369
56564
7562
20345
15738
35126
16403
26073
4515
57983
18524
11406
55019
27949
13334
21362
35576
45115
54950
62056
63408
57601
3689
39704
22237
2681
12367
2283
8175
3507
22247
50152
55601
6113
64202
10139
24389
33654
43846
19048
3510
40215
59529
32742
38438
28727
1730
56106
60900
46584
57909
56778
8768
35021
23718
34778
5581
1387
1458
48897
55316
36397
42662
30950
63579
41704
13197
8077
45720
50687
64278
46998
7194
10841
55413
11285
21405
63136
56005
54599
41948
23034
65516
23102
28361
36689
32000
25276
57477
48140
21604
22568
9698
29271
55313
12590
24051
64957
13022
55089
56521
64754
57616
28923
6845
32604
7972
3346
38632
39241
6626
21770
24282
27226
45985
11019
22402
12199
62529
29099
32207
39216
65413
57416
19983
48182
1931
60918
35532
14444
15452
19903
32947
10216
54146
40358
7848
52621
61237
61715
62459
28242
18533
3019
28442
59925
37316
55110
49121
58636
16055
34743
52912
23395
64948
10910
59380
4720
49700
37857
62454
26114
5142
3429
29037
7512
53218
9143
61931
12600
28269
3253
4987
65094
8514
38931
54520
44192
18542
11513
21462
56372
16758
18210
14892
43605
36415
54923
25411
32202
60007
62460
45709
16036
65173
32134
25191
17193
43711
30554
29523
14813
26394
13583
65421
1964
51573
8167
14952
42362
28933
34845
33657
51086
20894
54132
35165
23833
35269
45152
3720
9989
46703
18932
38616
42766
50673
62587
52286
17310
55334
11910
25791
12062
65149
42515
11436
3201
27971
49056
33806
42209
3063
31644
21920
23950
41775
30731
11505
248
7335
62584
12592
41632
46522
24361
51164
47349
22314
51043
23875
15089
63528
31015
13406
58462
44601
45472
29549
54855
33672
54666
2673
20289
5400
36378
19027
29517
62332
55125
20150
47665
11147
36128
17075
35190
7751
18277
4663
58951
47951
49685
56835
15165
60014
8213
43099
65404
41671
10013
52208
47763
65029
11174
62557
33093
4494
34967
9405
14149
60992
60391
54246
27141
5517
65090
57734
41107
6279
61093
54401
7220
46787
15508
32484
6565
57854
61148
14549
49883
8500
54761
54535
36262
60735
6989
35293
9849
53688
53570
55467
36845
28245
9980
51997
26315
64079
61392
15469
42412
47174
57792
9448
42619
64356
5107
64009
42402
48730
5985
57371
24679
18924
54511
1110
19043
13600
34937
14204
4599
49450
1674
33934
12495
21742
50839
29976
42392
13314
10407
52947
6835
37083
15258
59717
21362
61551
17416
59284
60666
50290
44872
17278
27436
53185
59554
22425
36926
52540
21314
53210
19005
57517
50375
4386
45312
9654
38276
566
9514
19745
49737
5156
54257
22250
5745
7119
49152
41533
5685
45084
1804
58427
48204
13261
64046
32446
23241
4731
12964
24747
56612
39423
25411
59608
8018
14767
13403
28821
39608
51289
54250
52527
37989
54541
39087
25924
19967
59240
47810
49044
41251
45657
29763
44500
8789
51957
24784
26052
42748
11682
54063
49614
14205
15585
17670
49305
7944
10049
58947
25669
6345
33263
37864
36668
57066
45852
40109
55053
48989
37443
41442
20747
14321
13973
19733
7457
31093
63283
64932
48192
57586
14877
37577
49589
15642
24601
25164
25581
63069
53848
55055
37356
61746
11427
36196
23402
23205
40140
17597
15126
59747
54247
50752
2216
14572
37086
62845
29162
20197
49313
25466
41444
46362
58839
13111
52135
62926
39751
47811
60
21298
51518
63352
12394
8147
52920
50564
27605
50729
55935
28927
37906
32260
7276
47316
42144
64765
52353
48036
28405
5168
63195
61638
49959
25164
3891
13948
62025
3348
37068
30373
15874
61106
49718
64900
38145
25874
38912
37483
34730
16130
42237
3460
43218
37654
42994
24796
51267
12478
2383
25698
10718
2678
37596
63447
53290
12626
60850
60032
31372
34033
18266
8172
45262
27855
38868
19878
37392
42573
9744
38814
22677
33922
58713
52324
10797
33025
48071
4105
8143
15482
4538
37853
22780
33543
32101
23908
38428
10898
6738
17432
58306
39299
62871
55503
63219
46878
18952
41040
61661
47656
54734
7424
46973
25839
5985
55071
64487
55262
60143
40133
63974
23510
46015
16264
62694
17144
39621
59956
55791
4497
51245
50606
215
61857
40809
65498
58707
12795
10478
50701
13276
2825
10020
57656
52079
58739
63044
36734
43604
56626
18056
47956
59523
43909
26929
63765
49220
19994
71
31736
9243
36154
34930
61947
18443
13346
37774
42253
64435
55672
25658
16112
50966
52840
22676
51652
17103
4805
34556
25547
27258
28030
18488
29254
18183
38068
45517
9373
41959
59576
4602
51023
10210
22803
46811
53776
47013
44026
63763
22315
53652
51727
8337
57587
41854
9385
44295
6343
10700
36302
24174
9992
40141
12240
60090
2468
17693
18843
39797
10575
14059
49347
19420
50233
44346
47644
50926
16136
64653
52742
23600
20956
33814
47538
35353
14457
