28898
35997
39933
6811
3284
35503
44881
50478
36446
1061
15312
10412
269
27202
17103
336
27854
19463
48341
15087
16475
60162
35767
53514
31310
12485
21624
37123
3956
19420
62884
7526
31992
5396
2741
18506
1873
62451
4629
9607
21117
53907
24058
24858
23667
46680
26990
64290
36712
17827
22463
12154
55003
3433
55116
29621
3790
20583
64685
15572
57580
25259
11070
43118
50406
59014
38246
12214
58728
32663
29981
39770
41207
3128
12871
45346
61523
17388
47220
25027
26860
56063
60268
26598
17808
2435
16548
61140
39475
1617
52136
25677
62994
32195
60456
17266
12140
29311
60771
1144
35049
42100
48902
26482
6963
8551
24383
39439
22274
38537
1718
57785
10616
55976
26819
38351
26196
23292
26050
8028
11866
56871
64722
55463
25877
27253
13467
42044
20834
30405
24714
25455
20716
63344
49675
9231
24467
50987
49700
1327
42767
42726
17408
2043
20237
50004
37663
32212
24696
54553
54621
52879
6645
60638
16868
56713
25744
32488
49600
49613
46829
39708
1270
54279
61306
23208
18666
5151
23181
28443
22544
5250
31619
52779
8464
2950
20029
26802
62454
34569
41682
12199
49024
45567
8138
16762
30666
64969
24794
10892
11761
26491
37472
45275
52081
43797
3191
65325
58965
52884
28600
43167
49496
7221
23850
64364
61517
37025
59620
27060
34862
52114
56583
3828
42075
25510
18873
35168
31337
20164
20225
9789
20567
31066
3607
52940
12145
43996
25222
17777
37509
43603
33796
59244
45198
30103
6960
61811
5932
5245
4079
52806
38710
19150
51358
55959
20737
6521
54322
65410
13955
51600
63730
42922
25194
35374
10845
57442
57930
47884
1825
16227
38687
21034
15210
2147
31824
44443
32661
28118
829
60111
19375
23837
41504
26740
16305
1564
9214
53244
32338
26249
4283
53987
443
11126
56761
24937
48374
20408
42597
39758
28447
19647
44977
46970
53511
42283
64303
7309
33847
19409
26220
2937
27511
17007
54589
15057
9131
7281
14860
35655
38663
59384
32874
48300
46261
29558
11085
26860
9018
44302
50182
56858
6263
21936
24116
65075
45896
62726
19789
44321
8467
4106
26868
27468
37435
37590
4010
14050
34403
8972
289
44967
11210
48497
27678
30138
39877
53623
35833
30836
34434
57020
29628
26738
36437
59140
27770
10619
59879
1419
47180
50331
42217
39314
39828
13966
28922
42139
54942
40305
11208
9885
62029
36320
16301
32730
32973
4154
13433
27161
26701
6460
56979
42501
33904
62667
31200
35837
6834
5999
20608
29726
54416
51023
63892
34371
32240
52680
43402
56969
20531
5142
62318
28454
13162
27096
25001
19159
7121
3377
53552
34080
1461
55148
14692
54988
54858
8790
13104
8699
16734
24444
813
21933
15183
42288
24293
28915
10012
21450
32580
9175
56829
30561
28671
62570
26876
25929
36855
26556
1103
27912
50593
53311
44285
4918
62100
60866
6847
59896
64470
3508
60699
20976
26548
30171
62434
54593
55995
29954
1192
2613
59924
4884
30819
21991
42207
50746
47285
44181
37608
18519
65477
32246
19937
18370
31434
34657
30586
40688
18429
58064
27971
10438
62063
43128
1490
5226
39091
61173
49502
1916
17696
21912
30072
63014
30858
5849
40416
35367
26625
22387
36989
54892
16966
10238
30330
21175
41980
34644
36752
34426
19906
49747
64653
9576
3884
10445
10530
4389
41611
3868
7225
48615
22206
61985
33424
2274
32150
23924
19038
44220
46108
5213
24791
13047
5033
64520
8489
29020
14724
57268
53473
48293
37317
44179
47669
14790
11697
4352
26722
14674
40109
4905
2643
1940
53042
16457
37711
27439
39508
40656
40788
13811
603
31849
65104
26887
45917
48772
25924
24474
45102
24208
41246
382
60156
28896
1078
9472
30459
35635
47428
20109
2158
35455
17491
56097
10398
51548
17702
54409
45378
57207
23896
15649
9423
19731
53792
53327
4140
63099
38495
60168
4033
27236
10947
8643
7196
64836
44210
46078
53755
46358
10
20654
60611
59381
29610
37020
39528
10692
38575
40042
61674
25820
13894
52599
3712
61686
62998
46351
23593
5293
35848
13828
31741
53567
19782
61391
39856
55222
22094
39317
23030
31189
5820
14106
51943
49499
52736
52194
38736
52468
60767
9431
20720
36544
42327
58582
6361
26666
25206
7466
8759
59415
60726
5095
43111
38947
17870
34565
19713
30141
25305
8907
55457
37871
27048
27129
18405
36965
61356
31631
28055
44390
14646
62583
26370
64221
21821
7372
20935
17246
55625
60846
13726
10027
45498
12325
22998
660
60321
47228
48662
53044
30728
24410
63617
8699
37357
30179
15364
24753
272
43704
18369
17626
50828
10890
692
59395
58029
43639
30689
44340
233
10021
40667
16151
25163
18875
54703
61357
2827
17516
57885
48182
19049
32797
49430
59786
5331
8784
2537
64547
42918
7936
21647
51210
10540
9158
61457
24138
7599
279
34861
10515
54680
41094
15037
15300
13079
22177
11341
53380
5415
31558
32825
56991
49815
41314
48682
24053
29262
16377
58070
1168
4892
34268
2487
53484
35257
48790
36334
26579
61929
40592
12268
23462
57539
3245
28549
28966
8263
34180
2057
2053
44689
22256
52739
25827
55001
56874
59692
8316
31267
43714
6295
55656
56903
1996
16213
24063
16514
50431
8407
61629
40873
62644
14265
5546
35794
54547
29761
29396
24310
15654
45333
19193
12604
18416
41386
56612
6454
50555
20421
15235
5324
23013
36286
30756
35200
35940
7045
63015
28120
39689
48252
45063
8805
64669
9461
6969
5557
15997
15884
50077
4801
53234
15936
44017
1336
13717
19535
5304
37949
34234
26737
49394
43859
18723
52164
21281
14568
63061
44917
33941
58725
45515
23201
59288
27163
32856
37489
41985
9299
2238
3220
14430
14140
6429
21477
6513
48643
28693
62297
56770
13302
56799
31912
39194
60581
27969
11847
6334
4455
64672
14570
40435
52952
13651
3231
12602
22397
27633
46547
65185
27417
47374
42084
5382
61573
16412
900
11658
24521
3041
61268
36864
3201
28193
19896
25780
54469
261
50779
47242
24545
38408
4318
58874
53563
34811
34437
3903
13392
18983
63278
50601
54133
56311
56345
50804
13433
32910
33917
37785
31188
46786
52533
36711
6425
64456
55709
4298
18280
49485
64625
56074
49638
17338
1483
26892
9851
64059
56269
56002
26328
16392
43136
7978
1827
51932
16208
58992
45404
28357
10248
43478
60030
44322
3694
17441
43134
28753
42544
11358
