1864
16846
21501
40942
1162
935
3422
2720
42755
19108
41769
7974
13611
32696
46465
46684
14068
61026
59990
64047
15708
36070
56667
21982
8014
51920
44170
28778
10336
9773
60547
47971
5285
17467
3414
638
22683
27491
39372
26191
46808
60647
9798
6921
50099
34097
41251
13182
59626
32238
15303
26969
17518
42704
44591
52918
62454
24899
16794
45764
4689
42885
55149
58231
53989
58449
33055
22805
60747
9875
40642
23812
29587
23491
13668
29104
36977
23559
38745
26849
4480
38057
64112
65257
41754
13442
38725
55506
61769
65374
60483
41688
14966
39801
24266
1733
59626
46830
1745
37011
17872
55445
32199
62368
42586
39840
45775
4847
24316
29127
9148
1145
10248
64668
31279
8495
24335
15230
42172
10281
29707
43635
44782
45434
3542
41546
45347
22835
4564
46705
41015
54806
27226
8523
10350
1797
48625
49781
17531
3857
55714
3485
2358
48446
27409
26406
25164
1122
59299
25303
39083
48394
44246
26738
6083
15471
22850
963
9876
47719
58718
37721
45779
47273
44098
24856
29989
41548
16668
32349
60274
11069
50913
43531
20303
24710
51887
16727
19680
56370
14059
6175
55682
37516
49689
64444
10783
58818
24164
9342
59795
50987
40308
19553
4700
35836
53451
4731
8603
19866
35582
28347
24014
59297
63461
12518
15501
46543
46300
51321
33002
9936
2123
60671
33284
16852
60646
1425
47645
1271
24600
20678
18853
61446
22377
50523
7689
61465
62814
49250
61326
36870
55298
1266
58040
15862
21630
36043
19121
35842
1817
2975
46253
23187
35228
44260
5501
23944
29971
28066
39414
49649
63327
5451
39765
34183
34348
39414
47706
62164
49165
2810
37020
48088
13004
12882
48939
23073
3958
54276
28707
64599
45380
35665
4947
1641
45499
5252
21787
53636
36816
17521
46902
38051
34697
20238
50558
4493
42987
7474
42117
10929
8013
45600
63776
41293
35301
10654
12595
23050
34235
60523
18105
63143
51364
1311
46851
40475
56647
13641
5514
5779
1738
44481
55178
10087
10387
48076
46182
40616
32040
21419
60808
26330
1339
45951
33893
2879
34302
18384
21114
12823
51475
41727
19820
27477
7588
42621
63777
23401
18520
44581
29788
43680
59719
9416
51675
38287
39793
22554
58538
1804
28746
38120
28562
42052
56096
48797
49130
41386
22135
58397
31220
39071
45034
58463
17972
40875
15585
55579
43409
29572
7626
37204
43684
25017
65405
59034
51624
62359
50350
25531
45281
27036
63804
43731
31837
36638
55079
1923
38006
35388
13513
15558
5033
5461
20396
30292
18478
4493
30848
25358
35033
30330
25189
565
32480
17871
9102
6122
43674
38104
29927
22596
26224
41665
61079
17122
49196
41484
39400
57792
16325
15974
39568
9883
35373
44408
45998
57314
15696
33585
25903
61609
44836
26691
63025
50380
42660
38855
27934
29001
2454
5796
59314
35507
49446
30519
13455
63395
56227
20795
41325
4365
30435
37702
50136
4243
21673
43954
51988
22661
2512
24619
33913
7161
44397
56573
35668
56496
24368
6048
58657
63784
29547
51322
63060
57357
11345
59680
24528
31930
1403
22446
19231
1171
65194
59033
27115
11736
37234
40550
7435
42706
60162
21718
62248
35339
29558
23613
27607
47914
65399
4470
43835
19590
26907
14337
42691
13879
14597
29354
50907
51562
23612
33329
45930
27466
1728
32800
52009
46150
36944
60254
62682
39376
3074
11137
49225
54592
58581
34362
16647
33174
58398
39393
61778
46904
21331
25098
18276
46711
30404
63420
61438
29629
23553
9859
2228
60883
54849
43848
43391
23854
5043
49572
54757
65387
44337
50600
53481
23467
44413
37318
6108
59442
22514
9852
55936
11895
2180
52933
54695
6822
19355
37305
30089
42940
38407
1845
25879
22140
48026
36146
7604
21770
63385
45918
43869
21715
50991
51279
16380
22713
49388
35419
13701
21605
63686
18409
38331
14981
24830
23307
983
6366
23704
54965
18069
28338
13388
17644
8705
48536
37235
62234
25919
28363
24657
64829
22888
33188
51415
15851
1924
25162
19354
9322
36029
17650
65004
47851
4311
16835
13616
45896
34489
48097
50813
10387
62821
62114
43732
46972
24813
843
29605
54000
56482
3457
6974
51261
14576
5297
44732
31355
58949
47483
33298
8293
33903
40776
33375
49238
16057
1230
8660
3217
30402
46387
33251
26476
64005
48216
43771
61458
56683
58188
6961
11226
56890
20625
60954
42157
3242
512
11315
50608
29877
64273
16220
20203
50045
34240
1865
5776
20249
17643
49081
53726
24972
32268
27160
8609
50866
33519
41680
52584
62980
3504
21846
38435
12996
17713
45125
12970
1271
42699
14693
11810
24334
17857
19938
40590
45235
40818
53593
27384
22534
30895
35229
46031
30839
27366
54403
27300
25027
63656
22238
53260
14570
58324
16534
49011
19185
52439
29577
3593
61909
59473
12164
31188
14012
8758
19400
61909
46751
40363
5486
48955
34787
45411
724
49400
4290
59964
31637
33757
53423
44862
54654
16204
32369
50742
20986
28370
22588
58375
11090
10782
47598
35139
45572
40784
48226
14873
12166
24430
28623
28015
6214
8504
28406
49559
29565
53668
52018
5303
17906
3594
46914
12560
13972
6983
20924
21703
46600
28314
57081
23126
492
21167
18129
55041
39053
47693
23534
20323
59203
14275
7505
19441
46262
61187
2847
14229
63665
62114
15099
53347
3625
16272
47317
14938
10790
52676
11406
35400
27410
48927
58405
22913
53542
19332
60876
61313
62523
56881
13347
16290
61337
57797
2010
51313
35497
24126
20727
31363
38413
62994
45722
37382
31889
37461
57880
29208
49494
36694
27614
64599
48819
45172
57503
56037
30962
1210
18130
13230
37483
34495
64553
62537
60842
14874
230
53662
4726
24254
39894
31886
1371
52460
42051
13735
9905
22798
44754
2333
48830
65280
32421
4728
65435
64776
14150
37876
8470
17692
57403
63533
12412
42216
12452
20101
33329
24963
28092
40456
21232
6787
16432
30693
49610
50499
14988
35500
35193
5576
40880
13984
1371
43961
46938
36292
61603
58791
60879
16215
41098
64732
5080
38727
1780
16130
47110
26145
16136
44672
1679
27697
53281
55624
29020
59672
43234
34955
44419
59579
37403
50434
1232
64695
37532
38044
49320
54521
36498
51837
38489
43853
3659
11891
2383
15234
28155
58900
32970
2088
20172
50198
36627
10869
56003
3959
59722
54199
63490
41149
20622
8603
62951
24633
47845
3329
35835
36244
57077
4958
52383
20622
