13116
62313
35645
40902
17746
21244
2904
34336
53898
61456
201
15264
59246
9994
8769
32866
39940
62473
17988
35675
63390
60413
49080
3853
38920
47935
46573
44588
43654
51071
17268
9023
5744
30222
23411
58629
35519
44720
37972
2154
62910
28411
53758
37583
28863
729
56399
30945
23839
43389
60425
59338
54867
1596
40974
9515
28188
26805
62699
28828
13307
14169
38760
39139
11587
54751
28353
59247
24093
57841
5646
48932
15657
32530
19255
25722
7665
32091
64592
25076
59533
15310
41819
592
9913
59252
58979
62969
40852
18561
60462
21827
36154
9090
35635
11903
22482
35139
63442
57884
46035
18284
34042
30455
43981
19201
56444
64537
58711
10143
37920
49480
19736
59643
29286
48657
29459
40834
58625
31868
13634
53680
47012
23031
22812
57425
41046
6709
23644
10137
22626
2515
3137
60228
11441
18669
8230
2148
30907
49066
36141
4039
44190
9517
4317
10156
58575
23078
30685
34152
20617
39153
16787
56753
25539
10070
51628
42023
27448
19768
24622
39250
53752
58041
42904
46825
34810
44245
33324
18361
10233
52618
29501
40969
34998
51435
41132
33072
47541
12342
6809
62224
22183
62385
46487
47261
23670
50850
42515
10014
7867
40700
10003
417
1632
42162
1
35723
35802
23142
63911
6761
29072
44315
15214
35541
54987
44267
8535
54439
58219
13348
33796
55226
57218
25924
60237
3259
38704
10813
42405
28173
12542
54913
40149
17720
10374
23963
48178
11143
43365
51321
9796
13380
38745
56814
56913
40259
14685
42053
8007
7858
25642
32430
16176
30779
33249
12286
6766
58997
51837
11330
25973
4706
64932
14458
13285
46814
7148
32674
24912
19584
57652
45320
27006
39825
64657
37133
59797
53543
13195
24861
7442
4649
53046
1714
10035
53923
49934
6329
37276
9229
38255
37641
42605
5307
13418
12861
24037
31694
9783
41949
46658
2327
24789
19618
11131
32896
19876
5754
33734
24476
14308
49849
39769
53554
42286
15071
464
2947
4169
64474
47685
33218
24048
5475
29839
33097
25322
55228
57788
29750
13310
65213
54014
47539
13366
15288
39636
50718
17872
64329
64613
62272
7435
38014
31067
30394
42534
26418
32621
47680
50170
13337
7478
43400
38044
3139
63999
58980
51825
58166
60834
4139
38220
59614
21136
47273
39971
53672
36974
6603
39884
10186
7267
37632
42427
58413
2004
8868
4698
15113
20198
51756
42258
9864
54830
45714
60896
17888
16516
53450
33942
45016
18253
30327
6843
10061
15820
37845
56588
65470
44224
64915
24523
36622
36829
48691
48757
55215
19344
27632
5790
13373
59292
31129
59649
4030
56028
38917
28952
43106
1029
53675
51251
39905
22460
23518
52018
25916
58350
63010
52116
55603
25243
1933
6928
1733
30186
27524
23377
14446
32162
49965
21875
40982
58910
41729
11636
14049
36799
21301
38357
2592
59921
33523
65403
34346
4007
8761
53457
52579
22749
39380
18931
20967
55195
58336
16974
4335
53236
13794
44174
54140
58333
50451
50064
11943
11914
53469
2798
43456
47002
19758
14852
3493
45772
51977
9169
41534
44521
31071
42669
17155
48499
1866
29776
35381
4091
22800
26594
44205
28741
53395
34257
31931
1368
51679
57696
6807
11546
41721
53842
43826
50853
59020
11508
16429
4311
50655
34875
30166
65463
6354
10571
46653
24376
12464
23763
44374
31400
19733
46372
33731
52460
18683
1070
23881
15481
42394
61764
53877
62308
45743
46683
42136
39680
11859
39049
13450
57326
57670
14036
32677
21043
37857
11449
56530
11458
10874
14799
62030
14294
18280
42733
56327
57839
58677
18195
36458
18352
31408
48618
30549
13568
612
1722
62951
15694
24170
59685
12900
48070
10064
58276
2661
54913
61892
38859
8760
45993
44653
59350
43779
49204
64984
28295
37465
2687
58883
18071
30936
47647
213
19820
53637
38801
10460
43708
61847
49818
38273
41707
58277
17609
4579
28601
59514
4835
54527
22208
22909
55765
7430
10297
47275
7075
25420
41687
54267
22813
47749
33303
56328
3563
47278
41482
45766
52058
5989
50737
32774
4083
20587
23017
15995
58304
15907
58690
19679
63622
41636
62925
15376
50067
40428
502
35592
56990
7617
48944
52857
31124
10045
44709
58336
17350
6168
26141
17922
5609
785
3320
36292
41056
24196
23954
27649
35206
63933
39693
57271
2722
25835
12385
49199
10696
2127
48636
27017
22599
9197
14115
15131
65116
1994
53406
44390
13616
64266
45062
40536
28114
9534
57808
23914
38685
11215
20144
8241
45422
38096
59461
35482
51787
25726
6660
21632
13740
41070
40137
25481
12389
56570
2818
28539
62625
13263
10589
55148
24214
21504
45133
7032
27639
49571
3244
43043
20830
43188
42744
57203
48232
55607
17787
47496
42434
20813
618
63348
62257
52917
10984
27568
1652
48510
36327
56415
51319
60626
20081
2939
16258
62098
61866
30490
27594
27221
361
44225
53897
17625
30074
23100
8432
56800
56138
44886
35042
58136
663
36782
858
16955
39785
47194
23956
63724
60888
38855
49620
52469
34959
46616
62500
2064
44498
47144
41383
45242
8733
22498
16666
46058
43337
53015
9351
17925
40315
36496
34815
31162
49155
8261
35587
1503
48801
61110
27327
13560
28649
63302
38030
4463
7836
55603
5313
35761
61595
60077
37961
39938
57125
27653
26525
31637
43704
23951
34307
32274
21825
57750
65523
41871
51380
5045
53675
12398
42334
45199
29597
37862
20636
51541
52808
62834
43845
35369
43038
48814
21161
58761
30493
2545
36897
33482
30427
29989
5546
6764
34776
48668
48114
41569
32574
60532
14086
39548
10898
27419
3790
36487
37756
64501
54857
51842
64793
29908
16408
58057
24603
11070
41089
60468
54446
32483
12631
21073
1556
42147
11116
13631
28838
32563
56976
37796
36265
14469
5115
14948
35732
50575
42116
24952
36207
58674
41207
21052
17904
34632
20501
38828
48404
25127
57024
13546
38539
36649
3207
6789
42281
18258
10641
32091
58704
42335
47497
38442
32911
33111
53759
31497
63145
3186
44692
57060
20228
35691
32444
31640
46536
28499
415
54297
26914
28362
19262
38777
40918
56154
5636
14691
32303
37395
39213
36080
4893
58495
48583
26605
57196
6159
30093
52570
18323
26189
46107
48385
27655
38734
34098
48414
24071
5057
11005
52213
23667
56105
53836
44007
48723
36492
52873
56175
32313
32847
46141
51861
39638
39480
34681
54809
17714
40903
39668
10744
31412
35848
34462
60428
