30866
55542
7817
19523
52253
58976
59662
37933
26140
6086
56418
12125
55369
27352
24428
10529
43473
2900
37629
28040
29186
26860
3155
60806
29809
31140
37288
63530
10244
56458
32741
59259
34969
15097
14510
20075
51609
48148
53676
51048
44738
53505
28972
23298
14488
16288
35295
9547
24445
25875
20319
725
11585
52305
59788
27398
47277
30847
33120
4557
1794
14830
14548
21551
53256
53828
3296
1367
48002
39123
17592
26590
19071
60612
72
16212
44452
18810
45023
37387
34324
51435
35140
12495
10929
56368
61866
1862
31349
63901
24114
12444
19593
26239
39997
39621
26100
54951
20411
15240
62657
39698
16236
11524
29457
38166
7985
48949
29561
22924
5304
64544
7288
5589
45946
46844
60572
10455
57943
36602
61831
10997
48892
21499
58961
52942
36807
18065
39057
43526
31279
16753
8617
11392
34376
55439
54518
15958
26250
17453
8025
62763
36500
27910
57860
35201
3853
55933
37395
19832
19726
10017
20779
27778
60377
40865
34187
25833
22918
54086
22131
26987
2094
23647
5865
21895
38118
57135
31545
61684
32972
49774
10535
6305
5315
47177
62574
20059
33374
44982
5345
34509
37686
61059
55643
5732
44177
61018
5151
64859
38527
32918
1235
55457
27189
37133
14848
45835
16485
621
22942
42072
4869
55008
43423
11615
36916
37398
13546
60011
7704
47104
50491
29585
33437
37578
57092
44258
48470
7269
56958
37870
22684
48146
36744
2350
41905
45000
34262
42582
40746
49624
17682
1582
47298
30825
12283
51241
12901
15788
15220
44103
8539
552
39239
17339
10100
53313
54723
46092
32362
604
33663
45559
49219
51381
31865
35142
22038
3409
56408
16133
51946
45206
29027
63435
45656
12049
32110
35814
17108
58901
60325
64126
47105
6474
55514
25744
19107
35708
35172
10311
60856
54748
16982
58667
64859
17494
65188
7440
7110
16978
53720
35062
58383
48884
2816
30731
7044
42848
32825
2642
52413
17296
6386
51838
38720
41681
21104
65365
29954
9167
37904
63963
39325
5266
17454
59875
31938
64966
50979
28739
64896
56297
47038
7691
14623
9391
46849
39498
877
30374
2856
45173
43199
44727
55548
15526
54112
28300
59932
3146
52283
52750
55912
61573
42903
10344
940
12148
2317
56044
17462
28266
16079
49469
16112
22058
16831
59060
65469
31111
4289
65416
48930
36765
43809
13696
9695
48653
43178
54320
1616
58208
28762
42291
23800
10880
4706
29982
32476
13051
820
40911
23270
4615
42011
7796
50251
31082
56154
50688
59656
57587
8007
2607
39315
15090
309
55535
56910
34525
55416
3036
51510
15408
48003
7546
7482
62928
12736
5945
64586
53918
44393
4916
32761
1716
27557
50006
35042
65118
58267
13951
1779
57995
55870
41461
24355
51893
48611
5974
33775
58629
42092
19203
63838
51761
44563
64918
40823
59720
3934
39912
58732
56844
56555
46647
41886
49229
5970
1383
38466
59514
41683
62181
20602
41875
5666
53797
25951
37927
17424
47617
8709
64507
20860
54960
12396
36285
55254
50936
11969
21401
820
52207
23497
62189
15647
58935
40128
29349
56472
57038
46748
42939
8515
53430
38921
44545
9421
64449
41770
24871
47281
64223
55211
36150
28769
22290
63662
57705
58920
53217
47950
19926
28675
52508
3539
11120
60138
62638
4107
62154
30392
6930
38866
62537
7095
37831
60304
17891
31268
25799
60124
40877
51780
48130
14168
41738
14022
35672
1455
26754
38394
44027
22360
46853
25609
10813
50898
20036
27366
38972
58306
24594
8120
50294
39166
549
5800
54147
15226
39747
47085
19896
52562
2380
45922
39980
11382
64072
45194
55671
50612
53387
54636
34523
65362
31204
6060
6622
8674
16922
12640
55559
43819
59409
22392
27782
17563
39203
42339
11756
54439
39730
35324
55465
52383
49881
58823
12789
27643
26996
34038
61241
31103
22829
62239
56609
59260
22302
1421
38935
27804
61763
50411
16017
5400
6768
64378
4038
51892
43993
23544
63469
59671
61653
18282
40989
6346
46917
51286
27886
61402
24627
9479
26505
48589
36546
17608
33067
24174
17320
24767
48245
15797
39551
41710
5695
995
20458
42474
37848
39921
26128
52156
14112
45254
20786
32131
35443
57442
17689
61545
22792
43076
57578
14053
59091
56387
23042
43521
10537
28889
53835
42739
65233
5944
43022
22879
5829
25410
274
23364
40349
3395
15181
1164
63631
37131
12335
53325
9005
22368
28347
29903
18098
1416
61882
15178
9968
47679
49377
51931
35298
29393
18975
7427
61722
29684
14407
26222
15282
63575
35502
511
40662
31469
22163
56501
21763
10040
57384
37730
58422
29806
18352
42172
56432
57022
54343
52190
21251
60209
6872
21911
48430
37881
57617
41406
8057
38934
6677
29735
53968
63798
33147
23868
64054
33315
54513
12664
9471
42318
54387
6077
25971
42227
52217
49603
54339
60453
56852
59380
45859
32850
63129
54356
19402
21324
26488
14633
12563
52
25341
6358
45418
61046
31881
3709
14966
50069
13938
31435
35984
41860
49726
60247
20550
24417
8078
12599
27704
19955
1266
19857
38609
24617
19477
61313
14424
4040
60760
47789
44594
13382
41822
6522
7127
34174
1148
52907
13407
31384
13989
31626
4827
10289
11056
38
45412
48749
38782
29137
13120
52933
43087
61167
21098
44875
30700
13455
43584
36698
15996
3998
42308
7895
37310
15804
64324
65182
38997
21573
24009
6699
8572
23106
31349
22545
60847
33769
9686
46562
31887
13140
20188
7051
49212
6648
5707
25182
64319
5945
60978
56254
49544
62643
48486
33667
45877
34758
28794
57137
31131
45548
39044
42764
61919
17427
6451
34116
20961
6328
52292
8619
39346
26459
32781
44832
55815
39192
22506
10695
14382
34311
26343
48786
8033
30113
45403
30963
64433
43524
42227
41943
44099
60114
2470
32152
32181
49644
16298
46638
14491
44167
1003
42422
57936
42063
19125
65272
14351
37340
17788
52044
32292
43949
37055
7722
63480
26080
26279
21558
55788
203
47252
28727
28826
2836
43610
34116
42800
54280
44262
51773
33130
65521
46243
57821
62841
1025
32840
44225
50665
31603
46661
29379
29622
42537
26701
42433
55658
40893
46005
55534
61566
2297
62944
62159
11282
58938
38537
62204
35533
18726
33441
33185
56978
12220
53979
55574
10102
7259
5118
53578
48291
61510
31730
19420
7249
12441
5128
46748
11698
9684
10759
51765
52358
640
53726
45018
57669
31601
62698
2080
20852
1395
37160
