42394
7112
52446
9971
6205
24046
38089
48307
16477
34566
32206
53693
32494
37369
44478
19520
19860
10759
53375
65356
33900
15066
55583
13220
50657
16208
62604
59658
47745
28398
63645
30245
54071
47923
61920
7556
54127
1173
22375
62971
27348
31183
17021
16412
56578
54714
53956
7318
51642
62597
65032
45918
16423
36857
48675
13096
49574
55441
21431
57354
30008
22771
354
9034
36009
34764
46530
19088
34009
12895
5395
43712
21016
19212
23994
6824
59978
30529
28511
26803
64612
47274
52273
8523
61858
34790
6764
28950
52578
53959
26875
52035
6254
33120
42517
19243
21505
29403
38477
47261
47175
13870
16244
42691
20472
56439
7917
5197
14404
64560
27105
32127
14391
16836
48167
38587
42451
35373
33231
41064
25738
7354
574
25475
47227
5784
577
65360
411
51271
38109
8396
62026
20819
53301
26124
22653
29650
7991
38833
27929
32391
55129
55873
33861
57178
3321
42167
30698
1734
2519
48625
27882
63048
23603
45228
38289
43591
11352
49641
15529
24125
55365
35995
36392
39291
54055
33576
56120
9384
31086
36340
42885
58401
2660
63401
26589
40678
7763
48360
7256
32347
57113
45477
24370
4815
65282
64424
5678
65281
40118
54593
20310
18017
34120
39494
14979
53649
17220
49356
48015
59520
29664
64996
39558
30840
41670
10226
14802
57364
56495
21185
41139
10324
31298
46930
23364
35135
52307
54144
25158
14008
22395
65467
59327
25377
21374
64982
31189
34031
28196
6250
18024
37981
49356
25576
36092
56932
39292
3208
29150
40383
40524
38688
21297
46304
44393
24361
65163
8749
1535
56975
34420
48159
50607
28082
36407
48726
43472
44316
57844
4737
55739
20252
40515
39474
52080
20027
56716
5319
44531
36441
31128
8249
445
29457
57262
59437
60293
30323
18807
49733
3366
30021
48020
5062
46063
44503
36606
6091
45460
47676
51959
53708
15603
49744
7236
1608
29029
1597
26564
45929
3052
12163
9948
15708
61680
32992
43286
30749
60693
48994
9437
7750
20913
23165
19432
59471
22469
62153
3401
59634
3903
27587
28907
64389
53347
26352
32053
7266
42907
2856
36360
34549
54616
5006
21373
16865
3474
15593
54800
62616
50599
38119
48666
44991
57917
22789
30185
63320
27118
3025
45772
7433
24478
724
20229
30623
17829
18317
50979
38014
23938
36267
37465
51931
16648
4065
25684
44314
54809
37265
50817
29704
54177
8788
32995
27650
25145
47438
38869
16108
44644
23784
10769
62986
16820
54044
19145
16815
42347
25514
6461
10036
6391
42926
41202
31138
24561
64001
58741
61776
39990
40861
25416
54763
11199
54026
46229
14490
44290
39127
22969
30321
539
453
28091
18938
40346
21657
53206
58211
27119
23956
9042
54818
21457
25084
10614
47725
48225
34406
43615
15114
12626
11070
44957
26407
61911
51153
25626
42596
59177
735
10926
55787
2993
8654
34702
20508
31255
31887
13342
17286
15772
37271
34605
47455
16166
3371
31027
52025
50164
52843
26409
4071
25583
9236
51915
33765
19794
63859
5588
46119
51486
5744
12740
11466
54007
44934
2467
37151
26031
62150
22618
61648
21653
40315
47890
46133
19349
54789
55529
46632
56255
58341
9298
263
50905
56219
59041
54551
17192
14757
29687
63395
56052
39884
62140
22065
42632
37650
30979
36925
43960
40070
59809
37738
44170
14387
52038
12608
58216
52750
5366
6470
32988
8254
32121
7677
12415
3267
28063
57500
55346
48723
32158
54812
30129
46339
56335
40008
50480
47495
1261
44710
43365
30431
43035
19137
8285
6864
61078
40412
61439
56013
18382
7101
48354
38799
32577
21324
36515
38471
48543
11694
42595
44523
37753
10232
53965
61790
47973
25581
45104
57566
38466
61219
43458
19624
14950
48757
35112
28025
17089
46804
62554
37538
59411
48890
13476
21024
24436
20226
36844
7224
64833
37225
9339
56959
30026
20415
25305
16988
27396
10157
46756
37744
47618
29708
41626
26173
3839
43283
47323
28531
38747
10844
59253
52958
41946
13586
39451
3363
55666
34503
33428
19736
48427
19807
9833
7340
21833
61170
21298
18048
25884
51979
10544
16351
61975
65471
42099
52253
60535
9106
38896
37265
41451
19539
33491
61772
26466
60826
54005
54738
16283
47799
3318
8319
52970
56763
35747
34849
14712
47870
16636
11592
9236
52582
13196
31789
51719
55693
26239
24086
44762
20474
40567
2776
51119
40266
65387
1812
15623
12345
35989
1877
11872
41432
1447
45882
60225
61826
5180
61626
2704
64373
20028
6118
50549
29355
44012
19906
31878
18971
11533
43727
28445
2671
15908
58278
45000
9317
31988
13573
36970
36799
34373
52276
16644
1074
4226
26098
25367
61358
11910
60299
52259
7990
3004
34902
60393
58853
58465
17407
709
53178
12432
62866
42571
20393
59338
47796
64505
37870
7968
13776
22975
55904
9357
21481
7527
1736
55071
6741
40045
46021
58164
18676
27924
11926
13022
14788
3215
2807
42229
14101
30241
33054
41571
57426
36312
22878
44058
64135
18919
4323
65076
53757
43156
12027
61838
31253
51355
17665
45763
11184
34524
17629
52688
26335
5397
48287
42997
14412
16526
22980
20446
35169
54140
53631
49596
50031
56667
10567
36267
8675
35755
30571
15821
42215
63631
62666
54683
30094
9764
31908
1495
23476
26956
11105
15857
20378
56360
65432
2457
5573
59921
11981
16288
24545
44103
15931
26589
24036
57617
62586
7660
16197
58795
26979
11604
51319
59610
28061
57952
52189
2706
4303
33214
55398
49584
51180
7259
53708
16665
29061
47334
58447
28901
36328
11415
32180
21683
6321
23157
40775
23662
38925
20564
22470
41959
22346
49278
28870
14582
12862
42925
54744
56391
55432
33272
20607
39169
12236
63940
53117
17826
55686
57061
45501
22529
13747
29765
8816
24030
33780
15286
37809
6517
52929
2954
16615
59574
8362
58913
61944
13883
2005
57409
56259
42907
39570
31994
50019
41998
63281
47887
49944
442
13907
19933
23830
23610
65104
49673
39346
11155
51698
21624
25533
48022
65466
17667
11152
30354
26860
12996
18181
52102
28222
45444
11357
17591
56533
62928
17177
47088
64038
16643
25272
57293
36599
38897
43553
56415
5538
5382
57080
57419
35123
64671
20966
38039
45377
34739
7670
59215
54685
9991
18072
51034
21607
23894
43209
48390
57069
38369
10050
8084
43728
62249
36119
49740
30340
2767
28425
47131
56633
40721
12202
13325
9261
27130
55334
19524
17774
7967
28213
