32850
34433
16539
41766
47422
29411
8734
42749
22099
21470
3660
38542
33341
45121
40693
18158
46339
34487
7814
50541
7508
55032
46127
39814
43060
63642
37863
9101
1185
55809
29848
6427
19268
26511
23218
46903
44300
10296
43113
41691
49730
35251
35354
52581
3581
45930
22574
48705
18377
55589
35570
14127
49970
555
43670
31516
51265
47798
4286
6430
45422
4253
43490
50909
24971
59057
18263
29876
12233
40993
60492
1729
904
39679
24700
60875
16956
52292
56100
45164
36585
18430
48858
48793
37232
11270
38276
7371
18546
56803
15727
10405
7645
62705
9031
26642
50270
64279
53348
58450
54388
13503
37876
34214
31530
29743
32251
34458
39014
20082
17864
52903
19722
27225
54478
13482
56524
48682
37132
26875
60102
57573
11432
5703
36347
53188
27866
1687
4065
1109
33090
4904
27918
14586
39180
40425
17115
27126
54938
39547
10760
39561
14064
43346
40381
52301
61456
55019
47563
26018
39243
52969
21410
9194
35627
56756
57028
43773
61520
54800
48350
14667
30861
44047
26590
29710
7036
20269
14861
57902
1576
13559
53567
43369
12393
24522
47432
23929
33693
10979
29214
28458
44513
51510
20266
32416
22950
20925
31831
3698
4801
52010
38373
38665
30892
12610
37191
43577
14582
20222
38460
24767
57599
41100
64567
18314
27408
16631
34543
58386
3300
31140
60860
42049
56320
17709
40268
29798
4781
16018
26371
17039
14795
12753
12042
3398
40612
10005
1005
2600
6466
2460
65434
35888
13978
4055
5166
15693
58313
15450
15229
6341
52274
31033
35409
39026
1965
13916
22250
55369
17759
29410
40670
27775
18403
8651
10802
15652
26306
8377
4678
57565
41501
47980
7473
10447
40837
9473
43985
14863
16314
46369
9275
12219
56275
8935
11625
22609
57658
24091
31659
58975
52389
38201
40633
52342
57883
11819
47528
26581
20037
24104
26791
50382
57702
30355
36492
24276
50558
17043
18238
20257
40619
49420
56844
17686
64255
50129
64694
25388
33132
53731
19676
1583
2859
16529
8692
65021
34962
50036
31716
2447
37606
1990
16197
2987
44257
19848
12429
39580
49278
31758
11037
34336
62294
56939
15602
40284
18736
14036
58435
54112
46828
17490
6107
32148
64823
19727
47317
49232
49428
49397
38705
16415
15769
752
20257
48129
12407
36467
64768
5890
24980
39105
12512
30061
58768
46869
4695
14741
30150
26768
34729
58194
45903
43132
23128
2046
12440
22328
11271
47979
6337
13286
62988
26038
42303
15789
24366
50057
628
25064
58973
46512
20159
32994
43164
8714
25742
46753
42523
64028
55956
31436
7065
38227
11796
26759
35312
19901
37148
23382
48949
25695
62949
54608
13172
2898
5796
44533
29336
56865
48381
63421
9762
16483
34703
32246
27906
21263
20525
48974
49654
3467
7367
45050
48313
61393
1588
6206
53614
51265
34588
4525
14892
51726
12428
40469
64863
45971
57282
21333
28955
26813
33918
3994
48836
23312
7260
33308
47018
6618
39149
44421
8214
24786
40863
29539
30968
55895
34813
43033
11225
28307
54350
29806
5188
42705
27450
19887
8951
49651
10200
9289
1192
29661
22105
53804
61157
14127
37963
63112
53033
43048
5963
23915
52848
32156
8930
41263
25139
8332
18653
31621
6651
72
59184
59604
44214
60048
39776
9084
43129
20570
16366
63058
52668
26250
41167
15589
5447
1920
12455
57648
7370
48425
9157
14139
10811
53066
39467
60708
26137
27708
63798
2218
45729
19000
41418
65360
54440
45815
39069
2717
15418
49712
2285
45867
39157
11041
34319
15891
50105
53588
58167
16992
1022
33821
18027
36916
25959
13029
8766
61200
43230
46424
27495
43376
56093
57191
8170
50825
56561
16190
13816
28328
64182
21059
12773
51355
877
38626
32120
3920
59293
51233
54021
57361
11398
26148
1930
23422
59893
13887
411
9976
3757
5865
24475
62046
14675
57377
7446
8892
7865
7750
21488
18735
34301
36570
8024
7237
28623
16071
24323
3353
35203
47054
22866
2841
25173
5026
42754
4016
45387
5858
60892
14295
36737
61415
32969
38841
34854
25714
62380
55934
40854
50845
44079
64719
11209
17823
11331
14779
22575
25260
53986
38289
62883
19205
52915
15080
20006
52833
14958
53011
39553
60323
64818
13556
51375
7598
18699
40352
60576
12387
29253
29957
44281
2164
18947
11914
61349
16317
47737
246
55784
45688
7507
53798
56206
19952
21981
8931
47363
6512
61458
42259
3811
13589
13904
56286
11465
30315
41856
47030
26194
28656
64922
1184
3591
52366
4401
62059
60520
28285
35951
44652
47789
55357
8989
56141
1105
48834
25813
59104
12447
23631
57322
2855
1833
8672
1721
48777
50058
32330
38656
57333
58194
12402
28325
49904
45770
11378
35899
58493
51526
6060
34108
43674
7830
11240
10521
40056
47839
31228
49277
24025
53925
33041
47105
56766
54413
32805
33967
61508
64237
31287
44104
57412
53686
52645
855
26659
59571
23444
15734
57649
30574
30658
57659
16093
33987
21697
65313
60566
52671
26665
35547
30512
31863
16188
56059
40833
3758
35860
29175
3120
24120
28829
63373
48368
50573
4434
55235
42701
24385
35632
10030
17564
10395
59370
44413
39321
7787
59399
9134
56576
4630
40204
64595
53262
27674
27496
52945
59934
34663
30547
36371
13613
6955
43859
9609
53179
48020
21988
16483
48079
49174
31878
13510
43342
46088
33810
4810
47865
61769
34612
40025
6809
30843
25960
59177
41500
52976
12123
30100
45699
42658
53676
15954
62691
24875
19060
56892
42562
47048
27714
1973
40798
25497
30715
44892
26644
21545
24636
5366
51826
29894
30757
31635
15688
50394
40119
2099
42702
39651
26448
49293
4169
5010
23078
60946
55489
18940
48862
58098
22696
32940
11283
37828
44874
10054
21528
54849
46924
39395
16918
31042
29682
19180
64109
29173
59502
40098
44561
12267
43709
64419
7927
4983
48718
38465
49271
32523
20192
27887
51625
28121
29215
20112
5286
25977
12301
47957
55560
37318
63669
34974
26854
59556
1279
22397
19512
27135
13139
10754
61248
62021
49336
12797
30996
13067
15025
8207
19064
43055
6887
31803
35797
61929
19862
1156
14859
55271
46013
59042
40430
9132
49696
46438
9611
23468
56765
13128
12392
17245
46697
50387
36537
61831
54199
58373
23420
327
63956
36446
56748
50330
61825
62858
16412
50146
61188
61915
34059
14157
35621
48907
43257
27058
37338
22210
2047
10216
38121
48433
50381
59501
59921
