48020
62302
9313
62731
9984
62356
6894
62803
62384
19059
56643
34231
21313
7906
53784
28672
34056
51634
28484
26447
4097
53276
58543
26229
59168
4664
35148
4998
64110
14721
42168
8377
32718
42547
33285
28479
37204
62515
1081
11255
36221
21036
22109
40448
31273
25084
49630
48308
4285
12684
5683
5731
47728
24553
44939
9453
15780
8374
13969
59871
32472
4191
33233
19452
65210
40200
8590
19332
7583
62102
21117
45604
59986
7996
49895
53082
19531
55938
19022
10861
44675
24969
7484
23365
59304
65266
29490
2110
19436
58324
61538
44644
28341
52587
57672
10984
17847
2675
48363
32773
32813
43257
57217
58686
1162
31919
27100
20919
45503
56534
40563
31983
43883
1857
40508
20258
2483
19652
48174
7339
44882
13331
35796
50019
12752
7059
28231
49240
57667
47975
18692
26828
44439
5254
7112
37164
54946
19358
26850
42505
47794
64893
61277
54738
16871
5075
36671
1769
52970
60609
30722
14708
9274
37191
58063
32360
33093
22259
47596
64074
24744
35249
58935
20852
7873
31947
7036
4874
20682
4400
64069
6357
52965
46541
47230
3695
15912
12479
17187
27065
36352
51111
6672
34752
36875
4307
5370
9003
6093
6849
38219
1344
63315
6835
9752
5814
16336
34223
5248
30226
5497
22680
54504
48518
28825
60783
34544
48781
17557
60271
45264
36433
2904
34060
39906
44451
14027
48642
23262
25199
52791
50344
7981
11136
4255
8396
58122
18716
42258
23133
19048
31813
39065
4993
7519
26033
8780
2480
54863
7536
27278
56829
43023
52829
8548
36038
23371
47122
7521
12095
12765
24465
13608
25394
34748
36044
58348
18588
20389
20991
43539
6049
13090
21076
3590
64222
26311
26485
28241
58025
21651
56710
57501
48241
26941
36352
26454
22620
37072
18916
41277
16590
26373
22338
63680
31319
20319
30884
48031
29468
9560
54416
2484
2627
15915
27522
48509
20959
14006
57164
55195
24462
19156
8257
11571
38057
17975
44882
26986
461
64099
53741
27364
22316
41699
25294
13194
4758
4454
48065
9929
18123
17709
12347
52801
28333
20626
53416
34599
1805
8172
40717
28661
38685
56067
36833
48343
59016
40407
46984
27404
18886
301
50283
37371
32997
46366
42018
1538
28548
45841
39244
26748
63201
60488
46292
19346
35764
48761
56477
56379
14526
4568
65525
50794
7612
47789
18992
56633
57071
25608
53921
33797
42724
39595
29825
46551
11762
24824
1259
36378
776
37373
36759
60771
38521
201
40455
45271
51047
44620
16103
44471
62419
46477
34238
45047
53562
2769
27099
28414
2895
27367
33918
56658
363
64101
48904
42287
34224
37250
17748
56674
36733
6925
34523
39772
14325
6129
49988
30876
52316
44658
50520
22447
4005
51905
2768
6948
16566
1604
17982
65039
33225
30481
25279
31907
7216
51552
39141
24513
25301
41306
41879
49761
56752
46612
23603
4862
42285
51437
6784
28113
61225
6438
13846
37830
46542
49732
38273
53468
5321
16720
22126
54977
48565
25248
8043
44829
11501
32894
24410
40428
52955
16925
2298
61553
27594
27771
29856
9314
15796
52421
32042
52896
62392
43597
7052
59530
12945
14696
26451
7506
41698
16737
5178
31606
19595
35637
60445
47192
10007
46176
19432
18452
58798
6648
10595
42030
59480
33815
14640
49037
25882
1973
60516
37708
36902
25179
37747
22568
1240
40936
29073
59687
43814
30813
65100
46463
10238
24683
47836
29962
45231
47963
16487
52577
29585
8738
7385
4063
2209
14813
4872
63844
1542
5404
1025
47396
601
41158
7166
37145
27353
39874
9397
51366
21441
57131
57719
1504
44908
33005
7315
39210
21422
54701
17241
25314
59638
21373
19406
62021
4458
63628
37331
1063
16051
38232
19637
32330
34043
49215
56160
6200
25898
19944
62204
30543
54086
47428
32756
34238
33057
2452
38026
60212
27977
57033
51697
8048
63566
14876
43493
17274
53427
16651
12745
60939
50570
19552
51908
8334
59678
45266
3898
50310
50639
46021
33036
13427
43443
26904
36900
10462
53932
28083
34376
18091
52614
63108
37064
57389
46678
5742
49696
4206
61745
63118
37939
9350
30136
34136
3875
30983
54688
23174
46091
42152
19397
31327
50003
29849
27003
58471
52105
38746
56142
14332
35760
64343
50359
21296
58050
9875
63213
544
63732
7063
60572
55903
29309
24267
62415
19272
24965
7295
10217
40170
58182
33831
2184
61152
14972
33919
10509
56408
33548
11081
20430
20425
23746
37448
64050
36656
10929
31225
62239
61200
26967
32063
60461
27955
34607
3306
41793
18750
43977
6080
9905
13549
31587
45971
63176
49939
35346
58881
41794
2531
34043
64299
8027
30239
21324
40815
55936
29359
39847
2792
30107
45191
47185
19586
3938
22375
19113
39539
59536
53482
44547
49349
58043
55289
12194
46141
8328
33006
28429
40940
49740
60829
60587
27175
40355
63058
57980
27583
30458
46702
37033
5721
65259
1581
10955
10192
16789
14607
58175
11631
7779
2476
29084
37245
14183
41278
23398
33003
20092
14537
62609
30254
13261
31390
1322
1502
64824
55646
25145
43024
57995
17700
2652
35923
37318
28100
42144
44926
16743
6732
25237
63291
63765
51630
64257
11778
23896
36029
46224
3556
65418
59625
644
4028
45664
22182
36889
26230
2672
36263
56991
41335
1144
24767
52600
41752
60396
30822
36090
19166
55049
55387
18128
672
16813
10435
3546
7611
5716
62497
9652
52757
31387
58229
8550
65504
31646
35079
3788
39668
5119
24822
53901
58778
14856
12320
60261
5526
34876
19909
34650
63713
22869
26424
43968
34439
35382
37601
20175
5076
55608
43814
49842
38642
42573
40190
11787
58852
27955
18260
64833
33302
30155
53896
32599
56814
18160
55058
25931
5163
46238
19099
51028
3456
12350
42484
45199
49674
33202
29995
3473
27216
31201
5342
43371
51049
33248
56439
42208
34026
32437
23511
13186
64286
48703
59293
7844
38876
19676
59378
7513
29034
29685
42472
22860
43044
43990
23221
53345
49987
39027
45818
50689
50594
58692
17991
56390
4163
33212
39177
51128
316
58516
52950
2775
50096
20257
55440
61678
23416
50670
1523
27101
30111
65093
38685
38248
55335
64021
31151
31325
10468
45866
39058
44237
25943
92
51610
32362
8018
18334
3326
1301
33680
43133
12054
45148
23090
23735
29118
47225
51511
18497
59306
48307
3594
4695
54828
52178
30107
56121
4349
41272
63212
19287
5630
23751
47109
4421
41563
25927
