50146
58557
57543
53528
41390
55137
27525
30816
17410
3251
387
57204
26344
36726
53993
964
60935
44337
45959
41342
56781
33637
24557
42989
39098
18543
9022
56132
48282
62756
45953
54860
5039
26862
21960
35514
28233
26456
14087
63467
58776
51086
47591
56523
20965
61474
9321
45956
58796
12344
39858
29540
65213
62805
32283
133
27138
26408
43143
9280
15298
52132
8069
44314
59973
64226
10974
10752
58236
7361
5470
42341
42572
7578
41673
54388
17630
45587
25922
30858
6571
8186
19989
10131
17825
47793
29802
14006
10146
32369
50292
35264
57917
48487
3211
56169
42040
57223
14509
39507
36918
17633
3036
36252
36783
4548
20008
54417
32069
16913
44834
8137
48608
3202
41596
31937
21326
30136
24110
14814
19183
9896
25983
61339
13202
58665
35417
22521
63281
921
53964
32203
35452
16457
33295
65151
31154
38131
55363
8269
6005
10696
59071
30939
33192
46922
252
16992
28407
36060
37635
31622
22057
40525
5429
40531
42407
17778
54810
40666
55513
28017
44669
7933
30027
29425
56850
28800
54999
1206
16360
23791
25706
5105
33958
49871
3091
35279
31330
21597
60097
36685
3715
11370
39768
33837
28676
43208
5023
11118
958
59222
31036
12249
59618
20616
11085
27126
32381
38621
49144
41866
60034
27785
6060
26187
64573
40635
22708
52870
47273
62544
62410
13842
24053
32835
36304
23250
20816
9943
19715
34812
3001
52963
11921
10121
11340
39213
24759
55565
29031
48566
34934
34027
17992
17266
49259
26797
17847
53436
43875
13885
50317
27179
63593
44680
9275
56777
63455
38548
10909
6819
36704
40980
7002
45949
34911
22874
41186
14017
51735
62555
62853
45954
13369
8441
43388
59499
38405
36520
13211
24852
14748
36894
39344
52110
800
19534
36383
24027
11809
5607
56793
48002
30176
53502
41287
54191
54195
35099
63156
25841
25402
55789
37885
43616
45197
16064
13810
16018
590
52946
30097
21057
3793
58236
55943
49968
55911
61877
6138
44
7030
47628
60110
38650
6310
44254
64182
14990
42013
58733
38088
45032
32604
11226
1193
8624
49934
5017
57399
53786
24874
24498
7663
1018
18691
56336
48820
10236
27489
37286
49931
45382
18120
31054
46782
8484
1555
45561
40385
55163
23575
32815
47753
20623
34183
7797
20388
3875
35893
42798
4889
5810
25715
40877
14068
44806
14033
26310
7302
65506
63637
23609
30193
36771
55022
2009
24405
25904
34628
22924
32911
19415
25190
63882
10401
489
52131
6163
57475
19930
28328
40340
33393
42349
2993
54350
30883
16640
32931
9653
4316
3127
1033
32586
22771
33090
57867
26648
44061
46050
8265
3135
10401
24711
51082
32464
18296
45408
55579
23504
20605
23050
63669
27338
6986
18059
25052
62851
49327
15937
29748
55533
16616
5831
59937
32023
22110
35040
33091
57479
11252
50425
40473
30912
5709
59604
41288
60069
6983
52261
31803
61546
58760
42536
23048
1996
55936
54233
13356
45313
58146
38643
52709
53846
62096
26580
61161
33854
25837
45074
59706
47470
17535
28517
44143
44050
51657
46097
54563
58733
49665
7213
55399
29579
3677
57022
2783
19293
59033
55426
37672
32563
23414
13751
24825
43086
8534
52092
62415
3871
39562
12243
1938
62362
402
36020
41922
38568
2687
54968
28034
35396
38203
946
24118
43305
32664
14211
38276
48329
38992
41856
43053
62366
42390
25108
14638
37834
3950
50543
4304
25018
48409
13094
6986
42819
40036
33007
7758
47488
27723
51481
3140
43005
42215
62828
39865
59783
60414
43658
31784
63783
37213
28397
4534
50742
53677
29077
6848
24608
20478
41029
3555
4039
58610
23476
32593
51871
37924
54160
3406
63844
34661
17815
27881
36426
275
43201
59274
40824
4774
35062
28950
31290
11608
8652
53033
52960
44556
45407
43633
33815
33674
3566
55984
23862
53834
51220
1989
10880
44100
28809
34817
59718
31467
12688
27776
35
35947
52022
2491
30361
44093
49200
23373
25655
52621
20265
24926
57194
15758
27220
7784
27543
4491
58008
6837
935
12585
40888
36372
48444
43148
56628
55612
51507
11490
39707
30309
1746
56979
50775
7905
100
9766
34132
58044
23619
43929
37590
36495
7800
46736
38335
4109
57161
33080
61094
6415
13067
29872
40677
9696
27117
34265
40866
20728
25555
21654
32454
43509
31835
29268
62973
25973
11088
37517
41289
27538
11682
65435
9143
7138
62809
24534
53876
17441
58433
44867
20552
9497
42067
26605
55517
27795
64734
48430
32179
45681
49572
11805
13378
5677
56640
60025
3913
45848
62511
26410
40902
5237
17876
4185
52647
32435
55619
12520
43724
28016
4842
26849
33159
55068
26615
22616
58009
41009
36339
62478
43458
47701
5739
16475
35228
42385
52095
25812
59082
19352
62783
30903
36082
30343
63213
42458
16860
57852
65243
18051
54702
40018
31427
1865
48171
54868
17255
65245
60468
63658
64361
26471
56126
47606
31588
2471
40830
1492
49660
6453
35713
4969
53263
38105
1742
20851
45516
12256
47417
14804
24285
54836
52040
19148
29070
7084
24340
44587
63718
582
42648
42975
39655
18459
20024
5223
33417
8195
28757
8461
98
44535
37099
17473
21651
64543
36586
54515
50439
3976
7405
21216
25396
10619
46680
45158
61649
35874
40101
30079
23823
62707
25379
46408
12746
10760
48645
13601
54426
34216
47623
57075
36687
1249
13686
5973
54484
26640
45079
53873
4956
59411
61140
37681
21744
22842
6070
40906
28791
30702
20868
36149
36063
3311
61920
58215
509
16975
37061
15813
26690
39296
54611
31350
24256
10612
45754
46212
63469
18905
56137
41480
46668
34322
1402
37101
21296
24398
58150
2188
48663
29410
37817
45235
52098
16322
32634
40761
21228
15286
60780
25313
19275
20415
35124
13701
48772
29586
58630
56412
39215
24493
21366
35227
43973
15170
1220
9078
65196
3506
3824
5069
6951
46610
21709
25164
3548
64242
39430
6129
28834
4276
8735
42260
5953
8778
61834
27874
51959
62523
53073
52765
35215
50387
56406
38307
18943
14431
29860
24108
17828
37559
6692
38596
32045
63721
56409
60026
56364
17038
59176
776
30759
15523
9969
61090
58387
6140
14176
28643
3671
21055
6107
51186
11216
9998
12535
58194
12080
54400
53823
59822
8073
11728
41498
22295
64566
10618
47471
36452
58830
65355
31148
33530
56559
42095
41819
44295
51685
16501
24840
58846
41108
47777
16617
54835
32648
45895
37402
