62348
43327
18868
24025
11687
53629
40957
26667
23052
579
60826
32410
36047
30606
60626
57973
54171
20476
12725
21319
108
56193
30921
33809
55350
3491
32802
60153
61144
25511
42344
41081
11732
63756
26962
53374
13468
62599
60902
46241
42065
53378
60598
39215
14660
52601
44171
14525
24492
9118
37136
31275
64497
28748
22721
1992
10539
62960
20874
29116
45625
62802
47752
12568
56068
29617
33805
14724
39127
38214
46439
62951
54622
49641
13873
4919
63032
13895
12042
42845
32581
5261
39158
59357
63459
20498
31369
4795
4186
18721
3636
22921
9670
52349
30668
37283
39208
46676
55367
12518
47896
62928
4528
47521
37930
10053
42006
33946
36728
494
60598
44122
20132
44128
47963
63138
58514
5810
57350
22286
56266
16951
8589
20336
20505
5173
33270
27301
35013
57108
63030
743
56437
57144
48229
61353
53538
31462
64317
11490
35484
9106
15643
25246
52899
15454
40413
31094
33915
12730
65112
54964
37983
51716
29395
44757
44174
14941
24696
38929
10742
60670
53951
57847
47014
55506
17079
61785
33729
57773
17212
3551
47895
27027
21409
840
16855
2014
50093
27351
35692
61320
58511
62896
26790
41494
22515
57607
8999
4763
35914
28209
25061
24032
62334
19410
20019
29940
8055
64616
24137
41373
56865
43856
41089
64406
39382
27902
63461
5986
43083
25766
42062
45165
55279
51471
39118
62454
8332
4584
65036
10987
23147
17564
18652
28433
35014
65237
63009
45924
7576
34322
54165
56475
10144
7482
43564
33085
62438
25523
60697
403
12304
15243
39604
65335
14941
45203
32888
64453
63623
58698
38213
37569
1309
22906
49684
104
32832
52205
7521
26561
39790
16104
5397
39748
53906
44579
39361
52468
63456
15206
62902
9063
56339
4639
31663
14378
3775
16641
14492
35845
25511
36659
65347
61990
1760
43467
44184
57766
19027
22557
2127
49785
42929
46539
27540
39766
6008
31967
17890
35519
55005
944
23116
65261
47094
10268
64549
38965
24691
37004
21578
38518
11401
61132
22031
17793
48560
42559
9665
4306
39260
63699
35699
26822
32727
26607
18088
33819
27121
55198
40093
52419
38659
15794
41943
29085
13662
17778
37953
58427
57805
7880
9264
11856
49060
39530
816
42222
6952
16414
59407
65
19622
16903
30521
43170
18442
2809
51874
48807
37386
61995
64267
31736
56623
62632
29239
54393
37392
25851
47671
58269
59725
22944
3428
1506
21914
34405
39915
17567
12314
19488
35245
26107
20239
22096
28630
52976
41474
22168
27438
12870
53266
58215
21604
11603
27946
38483
19039
9030
15389
12582
30591
2347
38090
61225
14502
5526
50984
49576
64141
10003
24021
51019
51436
2836
59369
17247
17428
53611
64926
32788
35046
24391
19611
52842
28559
22509
15565
51848
27340
20235
18382
36523
15940
50980
22860
65032
2037
29511
58143
33799
12797
44627
33643
42453
40152
25017
32661
20092
57050
871
42765
28573
34857
51393
53504
40989
40109
46481
56684
31656
55457
43519
4443
59476
17349
8070
31243
52266
8950
54893
39760
2667
17039
5469
52950
4088
59220
22482
33068
24495
16998
35749
6928
15122
11807
61973
65403
34721
20255
43864
30315
4275
36989
7345
47451
28603
65099
61634
29985
45197
2585
37906
24749
47243
43853
20219
24421
38808
55942
9990
36215
1836
32359
33449
52932
53096
25496
46913
27410
1451
60509
35107
12944
35296
50758
56855
59095
7550
9180
52111
24088
31200
39595
14978
11385
16349
10963
43631
18662
22024
25550
31350
44474
48551
47503
4854
20479
44029
19220
33386
43035
41392
51830
4987
60452
26732
46159
20855
12469
6646
51890
30896
45299
44931
9931
20479
44593
16704
29369
17036
42401
7421
17749
56713
11725
2966
34804
49201
39538
58027
25310
33364
13851
61830
44422
54126
23138
44592
34597
43844
63813
6591
11694
51503
39150
1349
46167
32275
57016
11208
4700
34801
65195
29336
1469
39210
37126
58970
60130
50264
53884
53874
42436
61196
6058
17898
22251
35058
46363
61902
37728
21921
3580
39362
16041
50532
14354
15020
52910
6313
46586
39987
24989
49715
62759
37797
52687
30958
56703
22942
16116
53058
23789
51141
29858
15013
13810
40527
56203
53530
29013
17132
59830
16819
60697
59581
56127
23189
2915
7557
45956
42802
30724
34805
54169
47096
62593
33168
12067
21996
53955
35911
28051
37217
25797
59826
22198
24567
64067
24761
28851
49693
50272
63982
54197
2842
11480
35154
38578
54797
25180
31690
23936
19228
61791
33738
18607
30699
62054
61733
25744
29310
13790
1972
7229
27315
14092
34094
59187
12617
32233
40663
15267
22281
23793
1466
6530
26268
33225
21601
5882
22460
44989
23166
48017
30664
12768
3460
15255
37706
22161
12612
29049
59311
62553
15103
57207
11675
24505
58244
11747
5832
33065
32323
18840
22374
59022
26756
55663
50780
3305
2668
17527
30903
31252
18704
29103
31038
52958
1090
52790
37591
61819
54955
37657
1774
46801
4844
59609
38975
27196
17297
30523
178
34473
35555
33886
46320
59654
42305
47191
19508
36603
52040
3250
41432
10065
46256
59971
31801
59443
62957
6703
9239
21546
2960
51957
1568
59516
29135
45278
32464
21934
43772
19082
58404
20418
22389
27579
49516
30166
60183
36054
40218
14307
63691
51308
58494
48870
21600
48042
30487
50551
32380
53725
42661
46574
52945
38652
1318
61646
58513
17206
26298
16235
17881
22811
25048
15791
24414
23446
45939
40461
58515
41406
48561
54038
50831
36446
48554
46500
54721
25692
49201
5216
41027
33354
53808
4042
53066
15965
21807
50199
16401
7295
28328
53895
59775
42463
57672
15297
42634
61574
35303
30557
44294
59029
800
28159
20462
58506
26626
56314
16348
24113
56514
55408
15832
35008
19532
24529
1965
56019
54772
3163
5778
48928
65260
62541
53876
38764
47423
55592
18308
1579
61615
31115
30405
2655
58281
10078
63579
34460
12975
12953
28170
60241
63491
59775
10132
24470
23688
65483
4640
9202
1634
14339
3302
23693
51304
23266
17830
45672
38030
42120
63487
6778
4845
913
6921
29317
25655
8735
36074
35676
47388
15439
53556
3216
30938
45936
56053
47366
5064
42547
1716
63865
25557
42703
38267
4915
26933
27085
61450
21251
5462
12760
13345
53726
58608
57678
60449
51452
60252
18830
54196
40408
43450
9660
1181
39476
1202
37034
11291
21766
33034
10125
18822
26005
43843
45379
38810
26969
55185
852
38403
