42203
61948
24824
43447
50682
10988
58192
6397
2310
32040
39480
52696
46503
4740
59915
23580
41502
4679
47023
60926
31085
61148
21623
58502
60078
64736
35593
41533
59008
35462
36675
64955
19929
30384
53418
56936
8968
13775
34418
17045
27322
43887
5826
9729
8150
229
19008
63212
34927
10829
33050
37571
36944
49998
6896
24842
36839
62823
25728
41082
31444
30893
64271
45739
55879
43839
44375
53463
30793
1590
55460
56406
202
61356
14885
4755
56381
64026
345
18780
18138
43987
37836
42967
39869
14030
7180
17252
62283
19773
22433
45721
29335
34760
793
46916
31731
28896
50195
50461
3200
65340
14209
23893
36871
23556
15119
23154
738
59374
52447
52496
32785
25166
6731
24195
56078
48510
40241
58441
6042
31403
64858
25188
35961
47472
23441
45494
54079
6312
50055
40483
31698
15950
36032
10417
25175
18084
2384
9378
10463
36025
23006
21315
43063
17080
45984
34836
13191
42084
62152
2578
61603
45447
4815
42121
18865
51584
19198
40277
43154
46349
31680
58783
59045
631
32837
47698
38446
22504
51734
42185
34779
4192
54687
27779
48598
36492
59710
42077
32415
20607
15045
31869
1547
35588
17226
1755
15444
62683
23960
60273
54094
26977
4960
26921
7871
21914
3737
20325
32335
27917
42396
21489
1192
24701
28262
21911
22153
2926
11585
43504
18288
55288
19091
16786
53584
32261
44062
64739
921
18194
55290
33726
26519
59048
45095
33478
32328
63975
7639
36065
40225
12377
27608
34559
62915
43005
50390
10744
23609
25030
54796
10841
8816
21050
10381
53143
61450
62297
50095
5418
61203
25276
22933
49706
23110
19704
50385
14075
42488
16999
30242
42497
43460
43842
56017
63028
1721
26338
60695
29837
9710
37995
3172
3569
37207
42483
38272
7268
54786
6931
16478
24081
30468
15077
42913
56520
53312
46889
48276
5354
19263
14284
8158
52055
61136
37635
44868
42404
33165
934
28439
28888
35033
20687
1949
16780
39477
22598
31053
14166
29239
21393
12564
36676
9085
2977
24118
16886
46160
48531
8910
21876
52817
41315
14509
3461
44506
65124
61311
36097
18193
15479
31565
43708
60464
43295
30552
21872
50953
32297
41066
49044
61854
60990
49128
7510
51783
63339
64608
751
8258
31383
19389
22232
1853
37117
7721
29373
48675
49348
45663
28874
12374
61976
22062
8012
16314
5925
13610
3146
5045
58674
52186
16323
34099
46796
45343
60746
27244
62578
17547
30293
34664
2666
53595
51126
57771
15719
17365
18304
56363
32485
64314
35404
62655
52537
15702
27813
65264
23659
45675
43777
33826
51685
31863
10960
59745
11573
2556
51551
16259
28585
15684
53791
53023
49086
9047
12891
61908
41142
58231
24832
51184
52372
16288
1120
17007
58013
7461
511
39874
47568
16682
54922
52222
17666
49922
893
44518
19971
29181
16052
63322
12144
5763
12732
3159
44194
15447
1366
435
56382
31346
17953
14290
29742
44851
51851
60074
35142
3570
27786
2318
57828
21480
61975
41828
4981
31557
34281
22627
7305
28946
12713
43702
49880
9039
4184
12024
64491
36814
13037
13145
47260
50660
18408
57910
42377
36383
49177
43103
13650
6446
9328
61536
19245
11273
20349
57881
48306
37200
25958
57148
15677
40149
58198
40953
62935
41281
58603
47213
45822
32664
10045
33703
3547
2538
25847
25628
42430
12164
6214
2976
38303
22033
27099
31504
1892
51405
13570
63209
25469
17534
43202
41269
24413
19784
33245
17507
44797
9039
42473
54521
12773
59317
5529
1693
23117
54766
49503
2821
7847
44299
44582
52234
30837
23255
6448
4669
30718
8482
52764
9209
46818
50602
40428
3026
55165
48889
16715
36359
51654
19735
22019
12532
23698
63304
19097
40764
10085
6873
26903
36531
33536
7801
47752
16538
11525
42017
34227
23898
44300
21486
30894
30649
1619
48390
36894
37326
65181
63198
58991
788
47503
42575
43610
4334
37290
18502
8732
8412
60317
52406
29389
9121
28604
4976
48173
47671
26051
64507
34598
25740
9389
7190
51438
55428
21719
63079
8835
10935
24753
5890
59680
20053
35205
18513
46825
53333
18359
50096
50079
14411
29601
48287
36213
64496
21588
25064
37274
17464
53911
8527
26247
10050
14637
59589
21505
15463
31989
17864
41697
45329
5693
53113
13946
49832
38770
21318
48300
21129
56806
19366
7787
26989
56487
36085
25269
20629
1993
3811
58399
64524
11382
62327
383
34606
50815
58837
46439
7777
49546
18580
38339
18743
17068
57261
36516
58035
23104
8665
16761
44820
44665
11013
23630
61927
55425
55297
24483
2113
56119
7505
4920
62408
57842
40366
7604
7854
39023
29561
19561
24411
52471
64187
7504
46302
26542
41378
17129
59667
26660
57798
25412
52971
31458
13870
54170
15984
38007
33979
18514
23376
41485
27911
64436
14503
21776
16121
54359
57133
43800
63037
31719
50820
25245
57133
64469
45183
27064
10643
20382
43964
53539
20724
17769
16841
13981
30184
47089
356
9408
30318
12163
51920
45280
15545
17120
22206
63111
17540
52401
38043
13150
33317
5949
21150
15396
31438
4300
49928
47586
34276
16849
2089
43741
20284
21760
29356
6552
47361
40605
14990
61510
62900
64499
57862
37248
56469
3543
64893
8684
50529
59530
11381
49055
34575
45705
9493
22953
12920
32720
45412
39887
2144
60811
12823
42098
30752
54179
22451
3294
45206
7492
6184
14072
42478
64883
54215
60100
41113
30374
36965
37926
10018
53780
33619
65368
32237
3536
946
12034
21260
32832
497
27713
4229
43482
53392
42445
22364
17323
61271
54122
30338
28358
9148
48467
3700
25156
7474
20848
27160
4072
57010
47469
36705
28036
2903
11163
21947
40711
14748
38197
63376
42610
6012
50997
14370
55390
39383
44228
54327
64632
19094
53701
34823
13859
48347
43024
49638
44251
50112
19587
27740
48412
29913
57261
1664
43873
43543
45898
12355
19192
24516
16278
40880
19120
21242
25181
58471
56907
19988
43410
41085
33132
48149
14120
55756
30131
30544
55617
19483
1766
128
27783
28531
65040
11167
35277
34112
49991
41364
59881
63990
44664
45287
48627
29739
16465
6201
1323
33128
11762
56127
32084
40517
1865
34094
46615
15240
61498
45529
35569
35176
34821
12556
38821
42521
60603
19191
15924
48515
12791
50182
26417
64906
3358
17304
24368
54099
26922
54276
8482
46143
6801
23850
10884
52651
8716
17436
40339
43601
26501
49186
41167
30241
34400
