55859
65205
51464
65022
5309
18684
34494
23957
14926
60320
11192
59102
54051
53165
35022
9183
5515
19674
38825
22881
62248
7217
13702
48081
45351
13742
10363
15390
55139
20034
11445
20873
12706
17901
28054
33853
621
39713
42379
52025
8558
27630
5902
10747
8052
16670
3687
44889
14675
46456
46147
20321
15499
23368
48295
60759
44034
6111
6088
50847
19699
20616
33112
37799
41344
27891
34756
26107
36781
42686
28185
64963
36762
8891
9789
4405
36875
41015
54047
15787
1152
34789
16182
60724
45324
18777
20543
63609
55799
47622
63342
2435
9444
25618
3450
822
43328
18569
53496
12483
27882
31691
42518
42132
47503
4430
31726
59271
54302
50337
9334
19195
59662
64754
59358
47791
18938
36733
8214
44942
30122
11886
9230
52571
14653
9930
17537
9170
58454
49064
39561
46113
26532
51037
46182
36925
37893
31704
30118
61828
16263
16355
13444
37414
9573
29540
37149
5706
54707
10853
8237
26842
49159
51576
38857
28823
22246
579
37783
18805
13929
3892
5705
26576
23319
7510
8490
48457
62738
33268
10435
1270
56901
10036
58613
7952
45082
52534
1703
33859
53887
26926
23395
10965
24245
57766
45491
57921
7504
51868
42958
18131
25170
49268
11114
12094
62171
18369
44224
22869
2124
1583
11564
37053
45568
56909
21539
26126
63589
23991
56452
47897
21212
16060
52930
48849
61912
17246
10734
11781
42734
56481
31796
15051
48725
64067
60158
40247
46202
11370
31546
8757
24558
4891
19204
61431
23135
45410
45356
32484
14976
49649
64517
19895
65322
29118
1569
43144
41144
25842
40349
31032
62213
10682
26814
39386
11710
35147
51764
37967
36771
27026
15154
55082
42651
36609
56855
49796
63039
3154
41007
15602
24495
7261
19652
14898
23983
64478
41720
63418
53721
21105
37888
48736
38485
22295
31065
46940
25787
15012
2243
44962
21864
922
15727
41749
27354
40078
898
35839
2363
52415
8157
57277
61342
44732
15165
62921
30582
29170
49095
9980
27637
45000
49188
978
19853
26422
48763
45534
52604
21507
29523
16314
17922
2572
28834
25134
48769
7748
64042
32166
54700
55695
22351
19175
61501
53744
12879
34439
22738
5516
59929
19580
41720
3360
38544
529
25627
33839
22471
45602
9731
57254
25410
60463
40052
50968
59260
17912
37137
6491
56656
37660
37308
60472
43252
54921
61881
55520
599
15079
6766
41180
13746
39418
64414
48346
21217
25705
41971
56732
33448
35707
32199
23708
4095
60696
11800
24427
63059
39384
25690
54865
49649
11461
65076
16320
43862
13964
2172
26945
38592
63800
62308
14017
53649
58820
51121
39392
12515
62375
26126
5962
64639
12683
13792
45766
30024
51142
34569
9384
55857
37946
18514
25914
59412
17989
55821
48626
23845
6682
19035
49856
34108
59604
9868
21235
49744
36600
55941
30719
35134
63374
42002
1330
41161
6911
14819
18566
8401
37717
40961
3092
4462
11886
61448
27660
62532
12780
1646
56285
12761
228
42263
23424
13622
57583
62587
57416
55327
57004
46296
21875
44726
32197
43639
8945
52476
42370
11402
21993
23086
51708
53808
23610
39081
53843
27469
46029
31594
55834
47840
28570
41161
34323
4425
41749
63714
3486
38727
2583
23415
13356
53220
11844
323
54210
19561
45309
50310
26861
25053
54322
42614
43893
57220
46109
61941
39263
39229
44483
56632
10276
19796
30223
61476
48361
42374
29615
30014
50000
65126
30387
11099
30651
36556
18211
55820
51786
47055
38013
21158
42300
19712
41892
59593
36912
25902
20100
6821
11696
24947
35000
5531
14816
18465
56971
59226
17531
19419
25186
39625
14326
55812
12254
57027
43763
39360
48909
12129
29
59447
41553
24176
42591
53138
29656
60957
9743
59112
34375
23539
65028
32532
17250
57356
63923
35377
28965
30116
58386
43872
56914
32667
5843
38153
9839
59790
16931
38999
5834
41111
13914
53142
33102
62980
53288
38024
27738
5167
38357
37899
63650
63927
63827
11480
34751
3550
20118
63122
24272
4168
4460
1640
58006
57181
60217
62506
8264
54953
59271
249
60135
46360
51019
20294
18415
6278
20455
23399
20352
55409
7819
51503
45243
11874
13199
32588
7984
5282
47492
12681
42004
2556
49935
9416
13581
40412
22858
39774
5701
25758
7122
47545
21614
33342
22481
25152
24179
25942
57832
32740
5152
42368
419
46341
57531
243
48067
58477
49792
28143
64317
1607
44439
18347
47389
37890
59027
29309
64380
14752
34959
57665
64835
35679
58759
35263
38405
26442
52304
28181
8568
48397
15208
64258
26979
32085
34204
40150
54919
56653
17530
65388
14138
40094
38648
63530
41106
9172
41655
12762
51384
25933
26240
25358
57411
60871
45579
34425
21181
51224
21415
59271
9319
30749
57758
16252
62240
22492
46900
10369
54626
16463
56665
6013
41102
53001
9585
37447
35193
45537
37179
42951
3285
6605
10060
39691
43499
8349
17500
55831
64720
46697
31541
54417
17146
33719
22666
16410
27028
12131
40032
46934
64954
57861
46844
14816
64597
22647
10791
37858
35811
56532
95
12448
41249
34430
18229
38990
3952
2652
22375
28829
30838
21245
62158
21904
23177
53950
22358
24887
5944
6018
13377
57032
34763
40276
8264
18797
9068
15652
8170
25245
30616
50447
45222
34446
37951
31265
45728
15239
2159
8658
58961
46474
17438
11349
1194
23700
64739
14291
62743
3999
45610
34529
32224
13224
31518
37474
36484
22747
44642
19132
18593
26233
42153
23185
29350
49947
1644
41409
30121
59167
25358
31826
15929
37441
25274
60153
48424
18197
17221
13150
7820
20406
19744
46301
22762
36719
889
42966
35985
25655
22131
32856
31867
15993
29625
10622
8588
16692
14922
64563
1568
43649
39536
21646
65473
26528
6873
35478
45599
59901
17071
14999
50428
6454
23013
61783
19946
9145
17450
14036
28680
32266
6715
20338
36441
27919
44490
891
50333
19358
35597
64944
12034
20196
62918
18999
9401
28605
32188
49018
18160
43494
48555
54617
2581
460
34814
31548
23684
42835
1960
1870
13793
39808
33636
31602
16495
61031
54846
34944
14295
10989
52177
25684
2692
17267
14060
36010
15432
57214
15547
20268
46883
63035
27284
11017
6804
63735
63012
61518
63727
37227
10567
44655
29786
14552
37632
62695
24512
63260
41893
28158
48324
28070
32716
18537
47443
14953
41151
27677
13619
59191
25693
58587
9328
56764
7384
50666
55451
56584
5137
48178
59314
16830
25786
