59719
20454
53421
55479
64858
46017
58102
51604
47868
29244
21108
57062
21422
42006
61393
29681
47565
46484
42875
31011
44554
58501
47049
27259
37461
21542
55918
64407
25454
51668
14490
63954
38805
32256
5806
56934
61206
55442
52119
51821
53525
7171
33796
12450
40497
63204
8976
5054
6352
12832
49800
62270
41582
49232
53101
19767
21881
55496
1760
51367
23960
13284
40988
9731
45380
41025
13225
3057
62731
45027
55540
48264
58641
22175
45959
3908
46449
11945
31744
22018
34001
1781
14985
11815
44226
18643
51867
7829
48114
43373
10191
5548
38657
49638
16989
61155
19657
48490
3580
35367
33159
56813
12950
44505
45152
35088
23103
45034
33028
23046
62457
42993
53124
27666
58491
20797
29915
3105
40603
47093
38966
50192
33629
16827
36686
7482
35276
39903
50521
31017
55232
59059
42490
51812
56824
8416
12754
61754
35449
39754
18783
57149
64866
49146
26290
64207
23799
40041
12945
52332
9286
30210
28053
43204
54915
53742
8902
28725
50935
5551
48021
62328
26809
56960
48178
5416
61413
22800
28003
1237
19909
65003
33474
61537
15955
580
32290
58767
12432
65203
29341
22428
39740
64004
36968
10042
17200
10006
32196
9547
32508
34271
4449
36767
14391
42370
35611
3187
18025
60083
58197
53695
4160
24521
3741
21698
32101
27505
21357
231
40564
19815
23960
41293
47953
25901
28659
42273
27687
62105
3833
45790
19237
18954
30925
48020
63315
6332
42033
38716
5369
18524
47790
44490
65349
52758
48284
19871
3533
20298
41613
59558
25253
46832
20966
57855
2815
54764
38216
60713
40292
13649
47356
2286
36508
25941
64589
3997
26771
39605
43891
61761
13284
17206
48672
1824
3971
61998
1367
57639
1477
54930
50707
40904
65039
2992
65277
36343
9274
32127
62904
21895
17320
37258
39853
2193
27260
7125
24784
12548
47137
366
15153
18592
29088
54790
53403
41124
52960
12946
61481
44342
51238
58009
54753
46550
22910
37209
51544
16625
58489
12262
19106
22231
64700
15557
52417
23741
62915
36482
3940
61960
32472
58724
20888
58095
33755
26020
46667
53025
8328
48281
58742
9322
61440
12076
21474
522
20146
48649
59539
57905
57302
15698
20628
43007
39444
46455
42868
36238
42536
58512
57601
31566
30688
52870
20331
30806
13659
53537
52422
8091
62315
61645
53064
57253
5077
44855
1271
2808
52494
37004
16860
44956
45570
8750
24560
11755
1197
35925
15577
60355
3362
25101
47015
47926
11819
42014
1046
53362
42925
34440
37411
11812
42434
48921
50077
20021
63723
65444
47615
18383
28874
28984
38220
7727
39748
23676
15860
17760
4307
1762
5767
50803
31550
48017
14753
27789
31500
44386
51489
23243
26657
16037
8026
14286
15098
35324
55501
12947
36229
6960
53623
55291
13570
61165
33249
34668
52384
24667
33071
10377
50073
3659
47001
15967
55212
12306
27237
53648
56482
2842
7764
16810
39656
46336
26061
30196
47311
63833
10497
34908
34856
52126
23156
2984
47322
32201
30137
21819
64070
44242
979
6515
17707
2051
55057
46964
24951
50244
13440
45048
19446
62218
62389
47807
24420
65007
59284
49442
48397
36232
11353
19469
48341
40936
9818
62699
30491
50921
63321
45964
53058
42204
29412
47799
50091
23525
31778
21382
3502
32645
62390
11683
26324
55531
39341
38041
29967
42825
16530
13747
18484
43976
39134
58983
12067
40719
48772
63058
11254
58709
41651
21607
61378
57475
35914
62089
13869
20814
34088
51702
1915
42109
3049
52858
23980
14474
23976
48522
8980
60663
51623
63613
46652
55853
42716
57828
55832
6515
16367
52162
1251
16029
30541
61242
17731
62315
5934
33619
47440
52360
57184
13251
8183
47811
42329
865
46776
55407
17728
55188
37784
13234
17820
27481
28361
49151
6480
41027
21646
65185
48019
5594
15800
36150
32414
20843
25758
30733
8444
36292
26358
47147
54508
45488
40570
44623
18226
896
59626
9384
700
29887
36894
65300
34966
20759
31957
15983
34734
50999
7499
36798
53405
12878
26003
63375
46580
32022
61601
43082
61171
43754
64938
36576
19726
36918
43729
2970
12477
35071
17723
14680
55837
41115
4329
55013
25305
38844
27205
43468
48578
25520
48853
41124
61936
42413
24892
49139
29798
48265
30868
64744
21083
18677
38768
29374
39137
49054
11152
65036
19465
45377
51075
35717
24271
5170
24045
10339
62173
39154
60150
35323
47509
45256
40856
14218
55427
59411
58543
32048
16566
7230
38711
43618
31386
18347
38568
47614
57085
38858
25068
18184
37879
14499
15469
60188
5557
24346
36075
62640
46076
38958
28453
50561
59870
11677
38378
38757
40049
52237
52667
28906
60347
13261
48796
14066
41869
46145
31474
54109
65158
42498
47065
57445
19077
23470
41160
14624
55079
64748
58299
7510
29078
32698
54960
46688
18305
10812
16564
8434
64450
46812
9284
46296
61415
59027
54783
30891
35054
2999
58468
18594
24404
18602
55350
65193
42853
55003
12128
43168
37754
41690
29593
16019
55612
5984
12472
53745
14258
6906
25889
38266
33469
65509
43370
53186
12748
57089
47002
24052
31813
27355
38290
24703
53934
16388
18365
59430
12312
3836
8430
11217
62233
65328
43176
38915
30772
16483
45800
6709
45153
40443
3702
21391
27589
31818
43764
41328
8352
65294
58525
2665
40964
61696
13182
58424
31028
41326
49482
15740
60433
32020
28027
9904
22292
2483
6684
314
10987
65429
11905
50022
23609
1553
29155
45076
29351
15834
53457
49889
44521
20749
37836
62114
46626
57237
26987
25268
48824
60876
46823
39227
61273
65317
12677
12416
28210
55470
28827
2974
32114
30710
51310
61113
23724
32673
991
37013
44597
57817
15773
54753
20123
17035
64378
57115
12237
24524
4147
29037
50364
15896
37101
2110
52240
5461
60483
28500
56685
58977
36427
1544
12419
11558
53142
30932
49563
23474
51953
21802
57814
52262
6669
25544
14773
45337
6271
55073
49935
49237
28515
32505
40711
24757
46401
49161
43380
31076
57829
8746
34846
620
8901
28204
59505
51909
35453
20733
64705
14480
27021
18070
43110
1705
13864
32023
20663
18113
55184
55080
33687
12574
28851
58994
7693
34770
40832
60472
1459
44176
64512
10754
56668
2082
45708
25708
52136
4179
21294
34426
56109
5496
28574
12754
24613
60561
15740
6288
49113
62420
7988
1072
25291
32704
20345
38279
6321
13892
40440
17445
10380
62348
21768
34500
27681
330
63790
37437
