25204
62353
44345
20330
63945
34061
13372
14979
51459
28242
53425
47
51423
18189
19729
44632
41421
17465
23899
31312
62117
52010
47986
11157
31182
4169
6909
27557
59318
25487
44849
23499
31644
15238
4697
9361
47439
25409
44525
11247
64386
5482
28121
35708
6174
26887
7872
16926
1195
38544
41749
4422
60367
45156
53581
38039
50910
43842
28258
34536
61056
38248
27595
54697
5519
14379
24996
39915
56264
23759
11048
13732
27208
28775
29535
39574
43484
8475
63435
25371
37763
42470
36751
6459
49132
9490
35693
59255
33431
902
58674
15212
16659
42213
18037
58296
3735
1583
977
15746
32188
14796
60418
47161
19656
42737
54967
32573
54640
44367
3093
5225
18978
38313
43112
49023
31056
10783
37748
44096
48815
50466
52911
16830
41224
28614
32788
36638
33275
44295
14124
56394
15415
51885
23703
38349
1718
5522
55800
42746
17808
15113
32257
51840
60208
10807
28444
12479
12366
12766
52827
61410
35198
32190
58742
11949
6993
31438
62947
9104
26323
15250
39484
56765
13712
30179
62584
48093
51428
58759
27811
12013
1771
16675
14707
29068
57812
28910
49948
36796
59070
58477
2544
19965
55314
42011
34036
44017
61288
28777
26489
8501
25617
50477
36456
46728
30922
19518
32783
5326
37126
54322
44043
44592
31674
16514
60035
3900
4263
10040
31876
45268
30077
19909
14969
29566
20899
43636
5234
32488
36394
60389
30631
28650
49722
6505
28470
20128
46099
4809
35969
60770
59983
21394
16952
54364
60795
52106
1203
57982
26254
4723
6269
12646
39199
11934
49556
7442
1037
13126
50046
18085
41022
34846
16052
5359
25966
51837
21435
53734
25450
28701
16582
5918
62624
64232
41013
44710
43995
13287
37487
31980
42975
15940
32406
17071
38857
17961
38088
8959
9615
53302
18281
57770
49449
19419
36156
49132
31371
24964
3963
56224
9911
30435
1119
64132
3115
11
50453
51640
20247
16797
4641
20334
47558
17313
23705
10855
63708
56895
28202
17590
40380
63102
48001
52375
50826
27490
18023
60642
52153
6731
48463
10547
46743
14497
42800
47754
43625
61662
17132
19773
38997
10996
17712
60379
53559
12196
21732
35523
39309
11013
48384
20050
2176
21905
23619
46591
51151
32994
45509
9638
36321
12336
17232
16305
27503
9105
4300
65488
46916
57663
718
46966
7398
36609
55768
38330
59411
57738
62796
17762
36335
43948
19968
45876
62363
60636
8429
29377
17815
58692
61461
42261
52661
38764
4680
57642
63163
28073
64459
34605
52957
17354
29159
6141
24391
42056
53592
40053
7618
52968
45395
38084
52497
17938
11807
59602
59291
28135
38954
20312
29117
55061
4485
11679
27256
16175
3580
8268
10833
48618
34022
43949
12838
56535
27151
57707
4636
6681
37735
60741
7809
9714
40533
31848
59772
13198
37110
3816
31271
58262
63395
6800
56253
18138
65113
59583
58337
26932
41961
16178
53847
53582
55871
4598
32466
38554
45310
15612
20518
10704
6255
42462
29203
27840
4701
33568
31916
9317
11253
62606
30201
38605
56483
25939
19069
24941
49903
14308
49473
16265
61901
61757
9536
300
56272
51177
54008
23034
55389
27323
3593
34005
51726
61662
44753
30692
9556
876
13739
11908
50804
1151
62057
27634
13073
41883
5518
5049
43502
15597
8059
50053
19059
18184
13996
8363
62754
19725
52312
17585
63288
7843
33724
41119
65429
59088
50540
44593
4524
45245
25850
706
1320
53295
39040
8514
62482
65255
35168
58751
36909
56716
2222
59773
60138
33473
39358
19006
18390
33344
865
4234
51942
57598
34654
22774
39919
22923
1896
64952
9347
65445
32333
60437
1673
29525
37083
13874
1105
51846
60525
19802
41058
48733
40910
44511
31688
9827
44398
58273
23711
4255
58134
63434
16931
41887
17223
56952
16061
12767
52530
20223
42122
4310
27891
13927
39685
20103
20334
60060
27806
19769
684
29170
40153
44928
30754
48942
59562
64358
48008
40544
50702
17057
24775
31174
4872
12544
39722
43887
54743
29972
23578
22400
41227
27998
12675
15033
40683
40511
57338
63259
38939
39555
10771
22007
22560
25463
47328
18653
8948
57501
53319
56029
3465
40937
16310
62434
63358
30810
50710
15777
53815
15566
17491
25447
47260
30623
24466
63534
27160
50035
35094
28104
8724
20553
12128
4967
62450
51830
24203
52987
12282
34231
41933
62429
32411
27319
61084
18149
16245
37787
21286
5761
7510
65051
50564
20252
31229
6056
30450
34088
61041
40734
20358
41087
30139
38678
60985
8163
10242
54291
24440
37345
32831
1151
47188
17933
34871
48827
53131
3785
30475
13479
4390
31681
64639
7899
5982
17798
27630
52901
8236
7451
16854
54833
2953
5468
23708
32010
39659
1197
61542
4715
40226
43024
26382
33158
27432
5374
20124
44545
35908
24111
63057
47411
23473
57832
1420
50248
43014
64666
12141
61135
4036
38894
8045
33923
12829
59049
25483
28070
18224
41168
61464
48810
28779
9422
11369
28974
31210
7230
39436
65257
26442
28524
20880
64200
56692
62329
55308
15130
6122
44119
6152
51597
31976
42552
30313
52101
43459
45206
4666
23093
975
10708
10337
46420
42134
45199
17869
60033
11116
11074
39073
25021
2144
30558
990
11408
2419
65458
25400
50490
754
1579
27025
56304
56444
25827
40660
50838
15938
55178
39121
24866
4945
23000
22030
36984
47962
35621
17336
3587
34167
54259
52659
60864
10809
55835
54563
41260
48256
50208
14271
27806
31378
33160
61211
614
23666
25827
38360
14094
35131
44094
37988
47080
4407
46312
28722
18543
22623
10971
42646
57462
37685
16312
37225
48402
43308
23113
18249
46932
55395
19561
25754
64949
18733
62307
9334
60712
48833
49778
44025
51084
3192
28651
34648
20727
45077
33019
4017
37058
24210
9599
54405
46412
63057
23904
25614
31233
15690
53164
28236
56981
47286
22768
23614
57640
47724
25354
29543
54077
32946
63457
55015
25076
13346
42031
26632
22709
29836
52488
38120
62537
31798
20995
34671
882
9770
31315
16392
55299
29478
56080
5160
31758
58371
60072
58074
35827
47729
8140
23213
38148
266
6116
42143
3067
8558
28072
42583
30824
46487
33254
19987
35243
6216
54561
22516
6660
19557
22703
2582
22821
40044
7976
23887
13409
24210
13531
8196
60898
27829
1419
28715
18867
64516
8116
19792
43698
2271
24682
48190
23863
11575
28494
38981
30154
49478
50297
43846
48249
1319
55190
10116
56879
