2088010127
3350436773
1213646875
1943288318
3101029013
2840025682
2812503299
2251865186
1353684458
2734688847
2226442477
1165889490
2976134881
158161637
1762393932
3975209233
1632133107
1972684453
1144465517
2710302684
3156270242
1178969614
2889329669
2328640619
150957090
1995415600
4219688761
3794481314
1349036279
755705447
1852337571
3397513742
1001720408
4218738949
1646940899
580682347
3965948504
550088184
4039227637
2455898667
2706819805
2867433882
14150955
3291014821
2334923716
4116031568
166235859
2058830910
1067591032
1481704756
2362936030
1740243300
1005004916
3521082358
3377189926
931014580
1199015807
2193184178
1448482484
134041423
3139064891
3070907480
1147496629
2586809351
1036894635
1368025571
2514313674
2132771471
1147181782
781418954
3678545059
4229289570
2665035151
878290381
3842312826
43480276
1297888375
1452323882
4258780716
3126524372
2953300426
364687199
3770925956
2040695826
1149422732
2361465635
3889054886
2057605069
884427655
1472855358
2676613473
880441293
1410144968
4269230
2345155469
1968274115
2227759202
2928967324
1883201062
3406376441
2833455750
3544091762
1719154963
1263609551
2398780914
3426425822
3710854504
4264540278
3854478650
1360331907
2271482279
3339196063
1224403756
3687676443
687731413
818274502
136471460
3253279553
1822677036
554212683
1026765731
2033210529
308784792
228027582
1495279121
2030102641
2112370183
2533647106
687000096
4001477988
3611384371
1785289629
2612870408
1054108984
4006180850
3956352390
3231177885
74888625
267252303
1411015377
524392277
3521424102
1617038864
3061793693
2729334546
4000808848
525357088
638493262
4223604652
858142480
2928160076
2857237702
2352784456
2048016696
2146761242
1074388386
233365231
3280199188
2325353338
3370410367
927483737
1326646097
3422013747
304609322
3601160991
4290140083
3071697150
734317729
121050675
110622679
1695091806
1610106980
2468123721
2286136563
728885011
1617511347
4232291036
137467775
1313294615
799863750
1490187321
4199036257
784819753
619407269
490891177
1256641907
3144851129
3594994220
4173454605
1526807626
717389472
3049255861
2727746465
1010831029
3195944889
1469370091
3595127504
4133748374
1172000999
2977551877
303559038
411310424
444407485
3033267451
3377154530
3661101925
3015702314
3667940278
3487009527
2273651234
1513303451
3959007505
1096867968
3275837216
763371437
1498445195
3689806148
1627519083
742898730
383018988
1195438357
1933182305
514891230
944228590
3488812080
2891715346
1641563854
3696871262
454889508
695848768
630349824
4294248399
3235901694
1668469493
1256747891
1253501138
4247730479
1202696990
3306801422
1683586089
3901305799
3175192723
1721082906
3580215988
3217494792
1167323870
933136057
96296258
2652366059
487672405
2395817814
2373245147
14336894
140081638
808639882
66281976
2965429767
649095371
3654905730
1539457526
1625638874
3043809168
1907216243
3361356793
3317243036
1055641996
3543564231
2645820198
1523433979
1465460841
3675047491
3515430012
1892134018
4052018090
3352460041
165951317
2269945502
3973737341
788524355
4247157490
3816261267
3550489890
3722515007
1932271051
864124700
1851495965
2333130579
226882474
1134086791
3100839291
4205150950
1192513062
1055138140
2852165976
1314724518
591682450
3531975780
92616072
3452768511
626381441
2372790716
1145077276
183990697
4256862646
1510969501
1716644657
4166274900
3041687212
3006385924
442224716
579882840
2041796847
377954082
1206031407
2732482914
2096023813
50661314
107887216
3659155095
2437129382
564558232
2588034404
1865617396
13136711
4221022336
2230998392
1183904405
105913765
3659386519
2155795951
1698385703
1253983828
3616661137
947860154
3846623786
2477763550
1995062362
3373731312
875630501
3214059529
1820269025
1117834126
659207210
2338576413
428279458
3450935460
1225270344
4286942715
1882014306
3759132107
56868629
1067681340
663098331
4268333673
228118245
12419774
1571155134
913325734
2687532949
2491542461
2324001414
2796413745
2739736059
3372757049
3266461305
774901928
1059469140
3707143383
1336965356
3025121376
1782797609
2188836298
2957180056
4281695218
2479588333
1384219392
3989366045
1065369645
3788794965
2954056016
2878949457
851251944
1984208850
1758712642
2002940632
3282920981
196805978
1254518001
3288219156
1985555746
829935719
1363465440
2766201310
3505450045
30016180
1365029022
1140949913
2365873531
2068629153
1030195176
1565474747
2073503605
1593190966
3772175000
4000544744
3550223599
4284691600
2930289827
1755503901
3759340951
3134103868
1710996649
3013933071
3186236761
4063129840
3600762417
667574823
3590869059
196904551
407493385
309699759
3388703030
2392452036
1349869698
499197272
2707657160
1386415377
3759896528
1699975408
3483224509
3104091649
1491293111
2039042442
2248716708
2501750479
1295644053
1437965801
2360595207
3482303630
3972149613
539433680
3614977917
2888832111
3589484068
570375365
2575966344
1929770791
1466839544
513546090
2409828428
2047133356
2617809959
1981620519
2069257609
985746981
4129198752
4201931785
1249827993
2870328678
30597465
3796409051
2072641801
3720687021
3931609206
802072675
2255910563
2248496135
3959648777
584832963
879997552
3917005990
1116566354
1741813028
4285552733
2349846852
884305513
785854371
3425970359
419609309
4114438474
3870074493
3871314480
3299092188
769553218
1944618295
3207589052
1439605215
258819699
2872786273
3168769985
1025705162
1864929531
2527907284
4204973280
4208942150
1481045279
196749497
1752993325
1689394313
2806685869
2287129579
3666334102
222243227
983385312
662683050
2546966339
462475174
1421430367
3566585227
3899457600
3749359610
3414020419
147935415
2735178677
783844466
56905819
2767153286
1307480632
1262321381
1017340179
3587460634
3986265258
2885163261
2159396417
1647779533
2757796503
774532195
553402475
2715650006
3174984676
96121328
437986957
4042169936
1931493708
1871776516
2870465072
3571333230
1717611653
491478705
3877920550
1451039394
329930682
442935082
1057157730
3445208234
241225265
2591984375
1197085489
3741784309
4236583563
3368249196
2281906954
3679616874
2961643715
2320247273
965512395
3233575908
1284541061
1487758867
3515323476
3807332086
2530269311
4117876014
224179323
2385146187
2914888472
151027180
2524284269
1118258624
1510273616
2177864575
3794174708
729534208
429558821
1398777338
1468345133
717304109
403273181
3543787691
4036651073
79533308
3102088581
6338878
2730956496
3578251746
1613479953
240621193
2819325568
1303473204
919568896
561134670
1624856010
1295036304
445440634
4226476329
2977454146
2180295613
3149319740
1800797581
3995995745
626485405
4103142599
3476185542
806269751
3993857631
1752897575
3485990012
3878685443
1148889490
4250995996
3559231527
3381872413
1793253634
920737105
1566934436
2450140581
2556669525
2129444999
1867398488
2835118549
3585351008
2612060017
2188536968
3823644586
463116545
1149413018
240698688
637633443
1849326736
2426893115
1376493233
1188516036
1833796801
741092266
4294794005
2677961664
3911394683
2135219108
802477313
1300359611
3987180513
2546968883
988343946
3098310605
2773812601
1632607602
2604668552
1810646710
157815258
2867033349
353609426
898401811
1412184177
3055535018
4146893661
1672513133
3702459736
1211011363
3697153115
139674528
2166992027
2553113928
4086054146
3131322301
4025900123
2606469008
988822529
1824777811
18241375
547016071
1571082378
1619415236
271434465
1286217686
119925869
1402272840
2245752603
1353220456
731545407
467572181
207379484
540028092
433116115
1845911862
572401239
2860438987
3564783491
3876090467
1518493240
3914358124
4087702768
1939981567
1729762545
1816937903
2919258155
2334332
1261063515
2166425099
4068773201
4281488397
1422864145
4068843272
1963531969
1309792785
3325747209
1465625302
3508790470
2566561665
2277532223
1924685186
3743835655
1692531021
1314434569
1167591649
4279620066
2979764735
1690191532
1864190797
3972736123
112751392
44063398
3671411590
2057341536
2515825917
1865593852
4090356877
2427790053
181891354
2383295403
1635359741
1673030579
2824275188
2821242698
2453734033
4076776834
2918818798
2597264700
596464925
774806040
456910360
1238192566
1950690148
2326005817
3228412102
1947902070
696277036
2303473220
1502700048
3816326016
3217292807
3882286609
2442628984
2240544406
4249190890
3535620232
533525114
4241209721
2520905853
3673224870
2945882473
1486555338
541283552
2452737320
2058236520
1074034908
2392992630
1918950381
1470326619
3171434753
320244083
217272717
3690987491
2990469841
3390980032
2259930435
2360182479
3906178259
2212931177
310398567
2451833735
836637225
4124987884
3750165942
1737362245
2138086394
460111093
120815302
1149407437
1235458058
3720010174
1119260371
3574247300
776315770
939264270
3718449830
2140419447
1368558691
1509843872
182196928
980416591
3953254202
1153686634
923486421
1195380122
3403140496
77077454
669141003
510155107
3885176219
960754651
3119695116
3986181441
2285068787
3120104480
2938562805
2843590754
1782944892
3378620748
2554918690
3718159051
3879957880
203657021
2991631245
503853760
1238221099
4150530132
1620859019
2676265458
2960788980
4270067209
2255446268
3812485371
2454226392
2289615086
337726153
508161511
1728386473
4093432392
2399065122
1093868406
4060394564
3366556694
1929225113
2132102244
3729238168
431549892
4240455752
3862480820
90260533
824065179
1371134065
3284384327
1699377900
1324917862
1240648748
3426963946
925165112
1592439617
152692022
264827737
2890500994
2096086180
3140077756
1069897008
3565971876
3786505360
290604936
2584808476
1905650146
2489819328
3127159774
2615918748
2328980625
1515966848
2526747868
1709463973
453342708
2549857438
1521719282
3073252558
1454315714
3586329464
1526580936
3335109283
3070210866
928358957
1080118254
4221563886
3850310239
3121393256
4215666727
3125518772
3430757241
3586455228
1712429349
1075873141
407846810
1346165274
3179245503
1566023607
90311452
1522169576
365097430
4112750856
1954073722
2226261560
182270514
1409081878
195017571
2708357160
2279014621
3081469725
110964990
963848056
1213391989
1280186334
220831828
1203008683
494563628
812525885
2953360025
1489004286
1824764121
3882436438
1698949970
2882225746
1314567911
919080466
2481247649
542124043
2233096886
3586594597
3273143584
2950276959
3620830583
3099203315
392502440
1741399851
2265173010
267536750
4003530430
1483472048
4208716062
437974032
1546352583
2191893584
1551042534
3853829129
3676373580
2596375994
2872621172
2728120779
65905309
3642179987
2863129183
1476673806
1817973099
1632567617
3181527168
2217823005
3844923757
3666036332
1901941805
2805603582
2215684361
1105595583
3781397220
2756227799
848633040
1779204290
3725421361
3139271343
1122033595
3795436922
2925366392
1329311742
574151409
2695552488
2261418679
3689107711
226291445
32029958
4216880687
3259685014
2924452744
566463650
1098973275
62417126
1682756757
2816106722
1651634638
4219140490
4014622669
3771544011
705034282
2486964398
966500482
2268255228
2537023903
3486768233
