1109124249
1737902614
3028693321
448565805
138736406
723948267
2846759617
1460300276
2353894508
2120839250
1313306326
1337071978
3172080426
2603350235
2172986918
1986706491
1509152493
4248745177
335878607
3063026712
1283698456
2255285080
1209294451
3840569241
1631581195
3751427605
942900855
4286371054
3047042358
84001565
1066194937
1200149642
2121306765
1260547077
943582160
3070939225
1242512471
1085659481
4171131658
1686645908
1876024782
3829421452
3363648605
542614922
4024338792
3052276979
1031978506
277226975
1109593995
1615457425
2657681720
1150687025
969235147
655757856
3202149565
3124247974
976577307
2654975763
3261242933
1801691732
1931157142
8935178
604168141
2600921286
344637412
3534588208
1548479327
1374179627
2037894914
1128632183
3445982481
1462179473
3840202927
1365722472
828728076
1183704577
2531629731
1598567605
3691408677
1570189156
1271119246
926814275
2674097628
3977329994
1868128754
2839681237
2387420976
3365161640
3900521981
2754362898
600234273
4235709410
218752916
3878258529
2253887853
1909869711
4259646211
2977238683
3955096215
2496027481
211798120
2707849966
3754279032
3750818217
1600521819
2398533314
1969809594
543478081
3871390659
1540985613
1778273331
1514077601
3618917186
449298420
565060901
3699355133
928874399
2528119223
396159989
1308104917
2304524338
2633270415
2606870895
1270394164
2304794442
1044878196
3468222978
304375358
2352711100
3495720886
1642861707
3908454729
1161779696
4146655735
2455572783
1221665425
4254535489
2771449976
1307954525
4040034246
2854340791
218119696
3868138149
1760078638
53961820
4084810986
1720517664
3368189242
1114032133
20812207
2254827326
1566121754
381019714
4085032734
3610066038
1288912772
4206081893
1353001503
3388733951
1049628995
3856450876
2010318886
4045565540
2290478410
3459367296
2979788984
1839985607
1568430488
3518722686
285185957
959591747
4125857233
1199451137
3274995496
1890472202
3322757959
2045594193
3709189451
2312048933
3533285756
3956033228
821552912
1362100926
2899485093
2063539125
4257714946
3734194301
1576646257
3328791870
2756685551
4119669270
3413643053
1488854493
1620196323
436366074
666575346
297621860
1248084221
2162481779
931197609
1483651987
3306089721
3727947173
310842784
1123586649
3946498308
3922226265
582853481
1282291129
259775437
3875630529
2431290006
2976210458
3882822361
1348359995
1069725375
3908946120
2882139924
1015439490
2801903448
1132213949
3325190919
3565031686
3378871190
389638848
3954086588
521416989
912348346
4174881887
1635191698
2529939799
2620062798
1929914246
221557965
2146353321
2774832260
3373141231
2040048192
3153212190
4043689987
751202928
1344981370
665475612
933192304
2580891338
3292590737
2754102761
2499743355
1885508650
1104020033
326614808
32173992
512026607
1702258528
1857800447
2796666
2072749680
3424655443
2307852148
716501009
1634031628
2916572279
439015687
1624901016
3342935817
2873263428
849888458
2054082418
3042926635
1860015740
3673153192
3989044134
1604705896
2464727043
2586444650
1673125586
755355170
3597014236
3935031469
1621128163
375754084
2428739804
1973779589
1512702392
3971287490
3989914524
1484602771
2390685842
1133135561
1450209325
289058414
1381071711
3365927991
940026691
4207047346
242717795
3002702621
790818352
2019316419
2806512349
3442050491
3121332118
1032164206
1010863050
3464449143
3430529517
4157554302
731318494
378903509
1582370613
773658438
3148180284
4134723162
1354932513
2132748444
3349284555
2437727217
3954974449
2107254181
2210542817
1279610107
3347663785
126319271
4016914172
2882529880
652838820
1965986626
3429982737
1275568913
3196106101
3585905825
2949280748
2212225646
553759051
795818166
1851524904
590401323
1381285454
2778660548
1644469763
1569617178
454845890
2530251062
4192683716
3567587275
3658267326
1927990446
3330811794
3647424343
3350040016
105145547
2269343863
3646094871
4028496469
1498475064
3223423742
1777112697
2755688346
2393770931
854720392
1325223748
722940933
2275494292
2530700678
1755696502
435956
3022028159
2832412379
2947524155
1537774272
2306014003
3538201919
2867530383
1454553742
3098995618
1481162424
4104224518
84657312
88732774
3248764396
1903470021
1440875137
1230385804
2978530687
368353105
671034387
2417103679
209036400
2428004086
3442650913
2399979924
1020114704
4073931885
3961683871
3618466858
1403424724
2887442638
701133526
3602952579
1377703897
3984091317
4215806367
1010420053
198286682
1492925119
2715350323
765933154
339737672
3790916052
2041689603
1085514052
813235915
3558754590
1677372186
2084107447
526899033
798068363
4105014105
3939571538
752734067
925305228
2283732527
3516972222
1650727630
1281819828
2653577235
785367303
407909079
2010953414
1374751183
1756637101
1292245204
1341328451
2554383485
1255261625
2136538772
2127834378
4288591661
1717830896
1197763196
2440803754
2295667348
2446589218
989981664
1242784432
208251521
2800491841
2004882954
3437260129
2195387913
2077962864
2685167394
4169383923
891900195
605984441
798812482
3049516391
2115089006
400747982
1041415841
3760615141
380224511
3512874528
277907453
900190139
673854784
1539454812
131438507
1893460726
620837106
3120125791
3855657251
3840717494
2568676934
2870909807
713075641
3015798580
1201535263
2566390164
2533481150
2146523670
1761700073
549968201
2665613418
2314751559
603601724
1027589046
3081589364
3113111737
2836856565
3261008712
3385528180
2055713
3484516607
2468007268
1829914858
1647490351
1751319758
2673885589
2699358123
3625604395
1097387400
1329908839
1882455268
3540275141
701240560
1114224253
1912788551
3372020120
1828530824
2433973711
4171321928
1830789909
473468697
1446152038
379999896
40958562
2299177478
913137989
3794647504
1876351223
1269507675
3362186781
2804476711
931977847
3038355149
4085367842
2799379185
3254963957
3817106358
4109556334
2926282441
2035022833
3009928962
2850200909
1750582830
2503610917
3753501830
493419156
3771757031
2681037875
4982259
1499810167
1680908358
1612526447
1024642178
798209755
3898126648
1184253214
1948651633
243513849
1983282755
1349870985
596427862
3300538816
190781497
3528081609
804393039
188270480
202329911
2863275404
571630202
2240848952
1920988105
900970866
2912431536
2111290617
3928166101
2428471659
1410405086
2464141590
2164098093
3153618594
1983171135
2880277290
2465746938
1283258043
3601739642
3051204881
3927927910
3793469005
2961456980
3767775670
2742537752
871028989
1749192639
4282534129
3348705542
2833000696
2628984928
1032391179
2353545381
352119883
1651440604
2447590727
1554077306
188564408
3173312784
2107725866
2225686091
1026162967
1346082923
3542213579
1837111849
3913358889
2402953057
2085283131
2486437304
3088075113
1001472057
1308070146
3537448399
827501366
4034633055
1952313840
3373516802
2698094326
3106284694
1831157270
1476086372
2794818163
3279781646
1692507837
2069607269
648112629
1297706276
2815994430
3857245588
120450534
3445718113
4032677772
3817930464
2213512074
4166707021
802288646
1186863798
3748973493
957840433
3246187547
4273462670
1204395307
1940489810
61932753
3085381653
3097039127
798008032
977258460
489964558
3309762048
3044898412
2086264117
1297262846
3001174094
1265121947
2167874054
4243868706
3531628822
3948748608
2184423249
2166929665
3749874686
4105988514
3834699369
90452243
2632978338
3603339760
1427003547
664397398
1274122318
2261115646
3444534926
3181545994
2859129966
3823445832
3981605231
1459837022
3004670667
1517301421
2334650345
2930564382
3408820282
2046814313
386596291
3255246159
350163880
2363422688
1850216871
1622729034
3466172878
2351294920
2708599866
1494562274
2320432758
259334959
766949407
1830891937
3819561209
2894050895
3730047939
849491079
3768234039
1714692046
4142644156
3704924392
2923940034
961008733
3135199376
1949149165
2249576813
1262299560
3055904116
1468014973
1749590520
1421546723
1549225899
3159359890
2251162234
1532442524
3843727666
88848716
2239497605
4112227811
2920710555
52455431
2701399862
1973361256
3066425098
2161038118
413829258
2537659690
1672946254
3381544650
2207132761
90147856
2137813357
2065275974
1803239416
2690440630
869302927
3919083226
3257515777
1627277808
3512091523
1712627924
665819867
2304043812
2136625914
3089064357
2895271641
1501164516
3341865398
2100292825
1567954952
3586504883
3868090631
3546167160
419721021
420482528
1284843965
2668726871
1661903033
1435489916
1201696309
1787612044
827548290
167592360
2790303092
2611943895
690351884
1335144845
44118114
900546134
3395744787
1528539132
340759171
2748274336
3981225256
508873710
3537315665
2286422185
3298147025
3422181133
57995755
2032621844
3328276930
3439920205
3808637215
4093804111
1819484827
670171600
3150031016
1763056771
2219823025
1276697093
4225143473
2978813491
3526241769
2181794860
2587032085
3663665750
861052806
725838693
4240269551
1136728606
3872016465
717711632
3445347481
1343126028
4010807886
2493188107
2163977985
4024443251
3539926996
2151407348
3400391220
4271823577
2076048718
142807838
4050893773
3421873618
922564252
166424274
868545008
3384178037
4223756230
3006504149
3285684400
720080634
1420066184
243678202
2090043884
1728036817
3674109016
3279484884
2347285335
1891533021
354070105
998235287
1967570085
3131412262
3683453727
2987307982
948063493
309845553
1195876436
2638957666
2654400520
1751288214
227492607
3820951179
3671192361
2507475494
3560847430
2152143881
2732983800
3784115476
1749636838
1611694052
3485386653
2776741027
2023271971
3837924088
683103213
635467497
3282782927
3578329008
554916050
1992324474
3299524781
4034296049
3319923869
1185619004
1973001145
1307644369
131275588
1449959109
2610481467
2901289566
324334127
1871888712
2140637810
2078341511
1261543458
4253011307
120838088
1780397282
2154802320
3585203260
3489787700
3599272848
761146443
263225896
1355854393
4278246396
402489939
154139270
4222583903
1323119108
2917699372
1051409195
4073783538
2952149121
2210235857
1708015981
3619888652
1038396174
3486498306
4192143669
2237432397
2728208373
2456743302
706999198
3866039589
1893834385
1376927841
2933300172
463473554
332828538
4188510935
1240853615
1658705989
2903950454
2571061855
3250121045
2886945002
3049429310
3617585083
895302138
974949186
1086839483
1774432318
2592020206
2649594314
982791976
3271948786
2018434276
1983682628
549901254
4073948850
112208533
3545385385
3466898442
4246652024
2283582041
3429882101
2036115199
1198444122
3405819943
2110734656
2593265691
2206579777
559136688
1777122643
3101279765
2832613933
1875948824
3151553020
717404301
619205681
519491936
1324595117
2849961402
1763398331
500070619
291074038
947431748
18856902
2101315004
1163494758
3023284121
137461504
1893128906
3615129779
3484583053
3634171772
1847237558
954243344
2024493154
1818053902
1743411801
1422615861
3992257227
641064472
77617291
4083865047
1339667608
3669348434
494343688
1683845516
2324600646
4140021898
1691175458
1709074193
3482219424
2411037269
1574586500
460168914
3709310209
2355724723
1790445593
