3273603961
4058892319
3185210866
2031620815
2105481746
2976281313
1630578551
894402090
4092931598
3905743974
2555436691
799967416
2267850761
3430463941
1405619118
3357308505
2603403938
2773393382
4011100525
2198952089
3442823349
2356258461
2927304273
3372648405
30825965
2408588704
2220415961
1440855121
467595125
1465478245
2573853288
3865231886
3742647443
2298201719
3960684506
3494315011
4135801031
3340193524
1035504270
566630782
532727674
2508384556
2273898860
3566523723
3868326941
2951770015
458442451
391272846
1924404625
2489695337
4135579230
4112296315
353096563
4269258014
320354378
1950338687
3737621937
946894328
1168002557
856951424
3662277731
3566466904
1406996715
3125103309
3083250270
2785288237
1726062443
215913776
2012233938
4289386847
2926131715
4020676308
846989181
694509114
4266810000
3281538187
1902173072
1332485172
3844769788
142714936
4202739081
1302650945
1866669545
2646883076
3370439963
915417819
48883741
576795478
4168511892
3170715164
4010381785
2288844149
374897746
4188405229
2147406433
3622020412
876106668
666492877
122412526
2667836858
4111919301
2821861450
1035207268
2923422110
2104415972
4143982917
1384771613
3984487514
3679457246
1331423054
3092786508
2205115281
896313391
3295790969
4263625545
562126960
4153656979
2398873087
962736589
2694942812
585538558
1501556252
923754068
4194608591
4214239791
736089924
2279526315
1540251935
3636809446
1013330629
2396168170
826726457
659626865
4257432511
19994334
1541046174
4239241052
233377335
1727701961
2938481134
2858660916
712993376
1915228732
2237907670
2691416970
997402629
247272094
4105694696
3556702679
83421295
3627645530
3105831179
2955051760
2569543279
1955279687
3814588429
1206520098
1085601939
3753235271
1370434455
960173224
2478165824
4190971143
4192090022
920254092
4022244351
286447673
2304500440
3791819152
3880666941
2073696604
2107907011
981562597
2549315553
211800482
2507279686
526197569
1381986650
3863136597
3356896637
30040349
2708307255
3566882990
3448843358
12263811
4202471497
3095836225
2705786862
2969668837
1110678210
359689365
2386684296
3555342142
1995934013
1948138303
2310087026
3825489366
3812299538
3979046891
1205633554
2995679518
1876279683
3035617177
1511056764
2258946473
1881458728
2837114251
2589686652
3850393221
3391801474
514847064
1122809762
1301961102
1759593263
3301436478
301891278
276549490
2706808730
3695557350
3656230961
925879302
3284254988
1876344082
1046722045
213984603
2531955588
2379650281
3002511853
2864602814
1695899812
1610531499
1731117028
1076737507
2027437134
1412885095
1018352607
911581350
1222633907
862486670
3724496880
3403109830
3792550875
3670053993
107516268
2282814054
474145721
3828567826
1054034585
4199362488
2904139647
3357997267
301614219
4064459624
3643059603
809394419
967949997
3799688053
1329930288
1854066713
3791774273
3009551259
2767951782
1927649421
3102925640
2384039609
3445329072
1887627377
3110884780
3616339397
1915326637
3770925248
527216623
3727790448
2914069963
1155768089
1750704291
2340266862
557709952
1167223498
487758211
1371060459
4096932281
1658200226
2969881550
209903320
2829332094
1019657692
47150373
356710165
1088805888
605823147
966623049
3629605052
584609848
176915573
3271615842
3773997965
3067588865
1197484490
3818922927
4154503586
2894133487
4014334137
1715899578
3831968706
2473347799
2837477568
3665110807
3758881673
3898417607
1202632472
929939915
3283342929
415990694
3027035683
4158382146
3784269553
52853921
4050178582
2631808380
1091863458
4110971779
1154894953
3820128550
1888042614
3920006239
2436057903
2641896578
1072950272
102479406
879400973
3823951280
4023559510
3186016113
1709117853
1425820915
2904826458
2411942249
2640980695
1587775487
3241110043
2143161093
153924381
1465762974
474939133
176240306
3097820214
4213223224
3608373324
2054844851
997546550
713296145
1620466323
1770741512
4140734323
298265353
3797449878
958729735
178832972
2825895060
94951519
3579044719
306826850
2011856443
3757276633
2835697696
3684756792
73731139
1682926974
745788502
282992028
2420801653
2882732231
581907085
3408448177
2329184631
2070730843
3256351728
315734538
2209049889
1149104079
1738845923
820765141
3897453450
2962448936
1662602357
793437850
46544652
3290154614
1629774108
3864314047
1863458353
2359704827
1442513401
2088546210
188895027
96343154
4101798542
1007114672
3250603690
1445446023
1331623956
1107269559
169505867
769959048
2142191479
1153849971
1100417363
1776639880
2306988647
923209748
3795053385
4119556240
2022608138
2330066536
2595767425
3122888600
2744232225
1832917949
4231681852
2906027876
1528581573
1788226841
90517372
986826129
4232108716
3474888412
3347031252
3746643749
2377611032
2576903376
3145466156
2906096581
3970432508
3018068989
3844570460
3557925725
361047667
247926716
3142024428
1682376425
1948948118
1316668348
348201534
1743906256
2247474346
1061162925
2960983328
1145649605
2330680821
1592441066
3419835653
1147034863
2985202922
1818772508
3896641078
3944235315
3901965100
1720082017
963555760
3843901428
2926515581
2131646524
1094090537
3740917141
3233032472
1157069070
1267435969
762150083
241568670
27361929
3497154514
2822543843
34335215
131596351
4054688531
3115248004
3320866577
1751218184
1107336867
2604373302
2449752447
467066126
2707507674
3951499371
4092245550
1380342725
2611433135
2413044453
1631741181
3977435846
3882499699
3585822000
1737080476
2188058100
1828632838
852154153
298884645
3130934070
3879681744
3016245539
3124935489
973387426
1520675613
1223806108
625979949
264661362
1222747064
1504559264
238300560
731522852
3192187776
1589128036
3336156846
1407920521
874505213
186772592
386057382
238948892
2328508816
170709481
1126206517
3492863756
4114068205
660532009
3945242665
3201829949
2167717241
1021334764
750099150
2577143566
1381317058
2778169114
64882199
543618981
730510179
2686244346
1527906544
2971835878
908091129
1817710025
1427247314
2047067411
3520034870
369611924
2367967212
2426887643
4003268035
1992952385
822681265
4267322919
535780312
306608732
1274432993
3130993532
1951274392
2769213791
4001079038
3512613694
2772475843
3879303908
89883774
2531254205
1771102476
102751445
3861206430
2634489670
3101070438
3243611129
1502731951
2339579695
1566925759
3809206223
2221191010
2317369823
742612395
2563676721
632151537
896678172
562902395
1578440704
3014774390
4095669143
2764553148
1714679748
3627664895
2043516114
2131835840
4216022017
1580053720
559558301
1725761154
1940268370
2363171228
2385160439
995893352
605081146
3777174144
104003397
2730049101
1515726054
2699760922
1822033545
3961235732
608623461
3212686960
3095877137
779509589
3254645074
3632946974
2209834769
2656743893
1362689475
1619415212
3183031459
654318250
1540284097
1623070600
330320224
3474802364
4033893318
525627817
1197812624
2628754324
88401202
2109214880
852458599
870522118
3921724655
3845403771
3475714255
185803101
1368404848
2360525364
2981350828
444387077
3261771534
4201840171
3812691166
2768986380
2988631706
3692524951
3543054604
1072066508
73945040
3412717203
404060547
3608564303
1962002502
292962339
3883564652
1132122362
4225143647
3815471077
266731946
1555519922
2212132407
3462979963
822109512
3305414072
1947770472
2519442101
1010108500
2345422418
1162558695
240849156
3995490477
1336321751
3186590601
3892235125
2515300990
3719368920
3828681922
1365918180
3463349659
3286768972
2882855725
426861357
981920677
1042628186
1606374429
2477839629
595729239
2124107599
1583969197
3672828096
3281250124
3852297494
3888152132
3869024657
1302688906
2107487628
1206060998
3048496166
2342410697
1135703635
2300409591
1025913704
442931396
2846992683
2993579393
3240896250
1128551013
1612376341
3493240061
1088567111
936264934
335228659
2500751145
2442098026
3440206061
1154493273
2928277746
2772284319
3665883047
1867222709
1874979460
2473248099
2517977467
1034565430
901896701
2085119040
2058861437
2200122661
1914335812
1062610905
1683493842
3345929128
532221979
1114758949
1688265955
469230960
3825570219
1602958564
3752759768
1011432982
3600211077
2425046425
1157417151
2855784594
2567825531
3011338308
2520287765
3606853959
3799035926
240999463
3969682918
3008478856
1263128342
1067592168
291580483
1405679243
2290023202
762301089
1541100137
2818746673
1969448830
3997511425
2101807558
3366462079
3293621630
3159902950
3243567108
263347800
3998463895
3234184112
1211007424
1660613229
538667433
3319658951
2218927748
4097166033
3226646746
3743704583
2732260596
654756456
3650645405
725862352
2720025509
1989599013
2511247378
329790787
956434897
228001678
1318273774
3449314255
2701319353
3641048696
998912706
239194499
296232876
2268960301
2161847675
211767471
1531242308
1158320081
2889572774
1921595793
1326334884
1867010149
3708922368
1085098513
978095288
2791692344
2145503075
3139546791
700884025
1834446772
1909559417
829607911
3062639538
858873214
4260970822
1882887883
320998718
2557071969
2674657849
968499975
306530793
2294431895
69713584
3196692184
2987355415
669559656
1415362733
3026559326
381004288
3121564302
1181646150
2148152552
1068694622
4232141462
1985015419
941086487
245342946
1866082115
929045929
866754277
510767026
2761472572
1809965113
3369672453
552848116
4037652609
3894087049
2386811601
857395132
3267513556
40558503
2292659198
627827518
1409466555
3753129037
950720378
878736281
2192520782
223652778
1676064577
3020935769
1059860729
3017938650
1514057623
5913760
3557925542
1510031254
3847025103
4085379550
3427676961
1204671418
770300187
2950318969
2961433922
3532729678
4049426906
1598103397
3814517140
1369255412
2274332175
1499069260
2989254637
4035474065
1761586024
3679806267
3431080406
2261862328
2337214036
2793391109
480993988
3888627127
749922415
2109292681
1503175928
3260097821
3582232816
3307286998
396423634
508726823
2362670530
49197891
93464948
1374145961
4223090207
2047348898
326052152
1690671573
2372231108
2760250338
392446480
4217782101
3083349660
2113654547
3825862750
3632714437
343176001
3694972757
144658038
814202266
3763224292
2639473649
2639979382
2652985312
3166976718
675333811
2763294976
7849677
217694987
3438546207
2163323960
999575348
4287875873
350824061
1425048843
4178090454
601637809
2704715393
2434304279
3090115011
2604081265
3910656743
1423896005
2223618852
3899752212
542208919
3065544026
2549470736
2958213553
1178867893
1875689306
2000623785
1061149156
542908256
3247212154
2214483786
1691345628
1056283815
2086142103
3973273868
3788532843
2839885757
3657502241
2187135614
40081887
1471632662
1467302571
2714843243
1385374601
1558720562
3763299503
2748894548
276292412
1466378982
1480441588
1999661221
4036214817
4210040824
2498820972
356183620
1697422865
265299079
1474328371
692133824
1492730438
1544673880
2810588913
3476971411
111445376
3257595420
149986851
1811093889
2936638810
2491203568
3888859579
3611912337
2443731248
4008317570
1075532066
3217947087
1911838690
3608343023
3803644187
