1744869068
3551174641
45730995
3268887025
1209039667
2836187205
3256907183
745809635
665685584
2705389438
3261169019
4134635763
2745960583
3047468426
2759551890
3873023097
587351628
1018276050
3473153091
358516841
3353737562
2527915307
3966066731
3184491301
1961634727
585897397
169593735
275140826
754422717
2567179093
3510005082
429248127
2932196437
1897807081
901390472
4155494053
3278736830
308039355
790734733
2423375682
3508337258
4070200096
4178254869
3969028330
1494938980
4096937124
1253983843
3220893170
3058096961
642319098
2667637158
4261862625
4030675814
3649641765
2211302910
4017429234
863228967
1710928809
1944503200
1939917953
1225801861
2598970797
1826701550
2054855460
2237642756
3536062135
1825607170
3007577112
707599595
844982069
3468031529
3054887365
2192331950
3750463030
3211944011
2869814170
3115020532
544389831
4188258466
2258739665
587275186
1480005613
3038239580
1022805956
4243530586
566790904
2963051622
3862927342
3283373479
3524811756
580187784
127099413
3931195430
1415473077
2171524180
2015505745
325366907
3249974079
1399034388
2951934576
1085950122
1510751905
3530114897
3181940288
2468816215
3199372237
1737029271
4002453095
320280735
3186320322
2945964655
3144721446
361579316
712418024
256141500
1275792990
2649416575
3779273872
2999384155
3370579333
2082322953
699081102
897483880
2083437781
382167421
103587779
193269422
2350009712
206823246
1004807229
779948051
84222594
4186735532
3865970909
830720347
731367202
2916611316
637400971
2695624263
3381056305
1835616884
1694048844
606411086
1465323257
1468386374
1980863834
253198050
4261021750
4043920252
914368830
3082068633
3836725934
745872703
163249001
3349183307
664398571
2577764023
1269497499
2879633112
305696135
2403988707
3138042591
1662113367
4205821523
1722140783
2686236908
783387638
305199710
2302432340
3959740925
1142661984
3569216711
3083049970
3713398103
1006619244
1781078724
1665397748
1901173034
3070389912
2823889124
4068392143
3904028656
4242569305
2199389836
35206597
2180707353
347938004
1663746542
2901578094
1036194290
1908362008
1826688103
1692560281
3032110667
4054236143
516177761
2452768236
312317851
3702926797
1597472545
2532236960
3587630544
2987603000
1526727745
1832189929
348165993
2460019910
1554994289
3064155420
116875017
1793113906
413714079
3992056843
514320211
2246495644
316504738
1830389038
2189491912
1287865135
2972411293
3463380538
1871363866
1554263626
4237951837
4043899111
1461097385
2119486577
3927393138
696386640
202553553
2686071596
2511774774
4288761907
770945589
211139745
1717448815
2999609921
2498402647
4102216431
3001732068
2641212626
2234811692
672049713
3732048657
1589025510
2078177419
4023485342
2506698183
65290662
2028862214
3516193101
2954310973
2980152017
1907619720
4126853239
253016965
3166272616
96614536
2402809641
3915110686
2187940807
244252318
1357629675
2032270234
4183214398
1746403236
478402590
388603662
4287288102
1734816027
941140470
1781384377
2423801331
4135833139
706645865
1089510070
1486744757
376533350
669076020
3176499435
3875325580
1504093239
2107669961
3178191405
459110493
3090775020
922403379
964979426
1522459604
3478541844
2754885884
2287563930
3601798857
3197282917
3954464327
4071306489
3865274378
2345719407
1828874564
109753889
126520500
3327794967
2085308975
2269220062
1864195826
3593131968
2950598759
4091000797
1093073599
18525460
2264016211
2914547818
3226114072
1386987092
379456632
1665370378
3339206053
2944640400
3517487036
3704362171
1082372634
100413662
3501188779
2454471384
681974873
1819419845
3925555173
4269437543
45219857
4210417156
3588248847
3701231200
3933817502
112319106
700457648
4178490748
1625984530
3361405603
270637987
3430844909
199914806
1644861081
3710375921
1091013605
2777612240
455070681
2481112380
3846993099
813356182
790616356
409283553
1565565454
1592114280
711108357
3444477377
2459636735
175170500
334780043
3962291332
2211013702
3832673696
111954996
1279419101
3531940301
1955576254
4236247893
3374088084
2424419481
397509307
4182017145
1477969821
1405804612
2382888929
3121315742
3926873966
3473668957
3839186459
886521468
892112581
1557725587
2707084046
1441782700
303080177
250118362
2259448766
3299354348
1468079800
264984767
2318557573
788589563
3706363931
1322357127
265662474
1870162836
1327160277
1970674276
1868703573
25818202
1624663342
805733432
3153113354
2204230265
3979278854
3144439053
392818766
878393635
197739924
1486725765
2741457626
2635785969
1639184161
3075332537
456132166
3445183042
4101819653
4161594798
2911180876
1191157080
1984734950
2496513875
538120530
3318667300
2311571650
38748802
744141660
718820906
160894714
443904520
3127313770
146052231
2655123565
2410710170
1516096717
2669753459
2681936078
2341419410
2278296415
4079082174
1498120189
201210036
3056664939
2739989107
1009262971
896266883
548358416
3905889722
3142096336
2803768662
690255223
1477000517
3432876507
3507175255
2218335813
3353628957
3465072982
2279897731
830007624
2802887132
3413570888
2200510108
2900445808
369240637
4249818665
3583937608
1507522608
859515247
2536409756
3811893604
959390213
1020198137
3791726789
2676710430
2985400056
3992126017
782944702
3902705757
561122810
2716003142
3098123119
3500427421
1081920561
3311312639
1154516931
2426215192
1406370698
3738701101
2529510734
785313786
651088910
2771596372
3295622959
4220127099
4004854521
1156534763
131565853
1230540347
1609227246
3663308254
428128759
1397774382
3224681621
3609798294
3189278212
522598052
3360611649
3818950222
3766621319
939395168
653550502
2837970988
1952344474
3551187327
3252156272
1918391268
2449984016
3194676271
1781298801
3823735282
2976873248
1556768106
2502892868
4133627810
282276779
3759315025
1195056387
4288005955
3424046968
967439851
2678372983
76425669
1350356885
425186992
2234207888
1977875551
3493563594
1191678277
1062950298
3517058520
3450038656
3288914516
1272055695
3205254170
1544580209
1557621165
604738851
3952586546
3060298689
3228401749
1303534910
888654273
2393345338
2310511381
3157080061
3999604588
713981309
2412597421
812920405
3636895009
3151929543
1212439541
4208306431
4120853524
3451974024
1678017686
1639463994
2523667890
3304708780
2461834736
1307633491
2567160335
1273431627
766791401
1931164316
2901499570
975189915
526407850
1064640673
1377198868
1528376524
2311141778
834704790
2969343707
2550578465
713524033
2880338045
609805773
3524094752
1368096260
3044145037
1675717887
633300600
4105281060
773630677
2752401333
1561055388
301686799
4231868574
1151833728
3431631154
3855523436
577833133
1138595983
3496361417
986245686
3598618151
3030831856
213955654
1369265970
3789104629
3158550247
315841912
2911809482
2195702933
4129762595
1265324254
1201289196
1082510506
2170656924
853143880
2619618832
458425329
2548606769
4255178934
467849285
25371595
4087522450
2237593025
745636026
4264349705
2802696547
568937254
2799164808
2121188994
1475035065
190716859
2932743691
1938022485
3688828318
1536092035
417001485
2506469473
3799128625
2031602557
1328752894
3334406792
4250466046
3739003835
235829694
2270506415
3008466402
1404765905
137101744
1234729947
3402451628
2019550851
357798499
2910233589
907243397
532524850
1382503858
1032893620
3429655765
1167383219
558364744
3791449511
1040299259
899705356
1202078526
3045578612
1932611601
1732750031
1325910540
1799101187
2914942545
2527691477
4080549868
2484679757
3172524701
1553714445
3280037873
4134712986
2460819771
1198253115
595978861
1116852811
248871063
1774789677
1317866777
3815078060
1672616918
800419298
2233548602
2196040997
230360108
1712455585
833809829
40335742
2233045975
3901557877
2628125351
3119882984
4158439980
1825454704
4073270038
4265577683
1892399072
3589821205
1826730312
1406910395
2514251102
988046126
2882165738
2430009641
2272318317
2812460669
1601244153
958088542
966778541
1933309595
2402445282
1345488570
2853415690
2078675786
1756318594
175187219
1623226398
21083240
317475825
1508383362
1082870215
1349232840
2561132502
1485009318
466868354
4005017728
3531054824
1664833741
4123460736
2841460953
2141768499
4133142480
2400550811
3526867441
1398482060
3937606651
3928494924
137414507
781916183
4151841262
1448637696
4279117656
4224128279
2515219655
2175304393
3780320419
3806847047
689000954
552285157
3279384969
4200684182
4122358806
4214819652
4274858752
3576975558
657170441
3063534909
2796517579
669187272
3890799070
3594091513
1710714624
4139197192
519204338
3305335137
72159685
1393476088
1961136098
3747718930
2932881613
2403226537
592516403
1913827334
952565587
3269301138
2196139002
1571267942
2425675431
1311378430
1789877914
615878280
198465072
2751972906
1810814365
3514603378
5402680
4236000044
3146412048
3680659243
4271536063
66935811
4164888649
625359019
561794526
2882005046
3265045722
2930951388
804403685
3698845904
2009728905
2894409788
124630304
1053742909
3563421954
2439612535
2345992007
3571084249
755410365
3150738754
2886893831
4069647747
3229210743
2417181602
562874081
1470603859
1195545453
2387227442
1501097149
4057562827
1544832735
1454417041
1567137044
3949032774
3177092151
4289514067
182173126
2982624082
726026729
3408066394
1848084690
3556450193
3015468841
3747931093
2252754382
1859043209
3100259108
2691167568
2555198321
1276504638
3108741455
60891650
2994716259
2123282903
3687055156
1858535799
370257919
3082530945
1833844081
3064238504
2605946203
943635484
3917830155
3748911382
3463148690
1447342540
1128150456
1279875005
2965113690
1691108392
906466139
1686644991
4093920122
2685858511
997804316
1154507186
1283521048
2703782328
3736398137
2718135271
779250412
290191727
3044981682
2227407361
2605337130
1261050743
4171937964
3070974560
715239254
2784625633
153237318
227273052
1080739485
73451954
470909107
2142974130
518162321
2075314845
2793565268
3770647209
1385127432
2117316554
3795814060
1509518273
3059276116
1281664728
225726439
1156106872
4286250389
2590276743
2772590691
4017251353
413164252
548483569
2920139891
2957139534
3976881740
2366841884
167163065
891004032
2185684582
401101174
2291952100
3912977904
3298716930
1811571725
59573506
418340461
1161280945
3806824997
2971390427
3291893571
1926205998
1458961512
57925
3417813089
2408225489
2156512247
3418443079
3789915062
1329093082
2773596957
2570350822
1710010538
1432356460
4197667898
2958469168
223482524
1284929471
2271752410
1548958461
4223238624
949935204
502180298
3623676993
3400242454
160984565
602575757
3206687787
3252979204
3719828631
1920822443
226839575
967143141
1666724999
2378733254
1048565718
680054390
2005013405
2129412974
2260053023
2524461126
1221679583
3759048749
2330662611
855866442
1689986784
4041308426
2247065163
1269389785
1131741835
431607891
310904236
1521189947
383890964
3312211643
654573310
4126416649
3337031529
3841796381
3785412720
4284038779
464831953
934453209
1075807659
1591918467
494727437
2170703298
204260556
3077434128
1787749093
1518867638
