3209199740
1935522911
431523543
351610198
4116102322
2860604394
777148200
2879656995
2505300522
72369256
1117751841
1703304603
32012339
1516400950
2534481699
2247987607
4152351844
515973887
205020655
1455714517
1186584097
195518487
4019023782
2397606193
1776174270
3556280573
3582954790
820602680
1527803260
1474820172
1376661718
529254270
712742623
1299697228
3865590909
3602382327
3700990833
3880693825
1078137806
955639518
2601737066
1219993774
2083761750
3580730208
2262592938
2519088404
1514629004
1589849774
1911298940
532366612
260612787
1006633589
3165916882
2047802519
3135145391
2613543862
2217864863
943145762
3391112851
3092246929
3395204766
587554243
3757527623
2859160196
732175708
644900796
4088514023
3637841105
1352283097
2711402786
801683625
885667756
3407858872
3469346388
1493390211
340910990
1923704377
3089495023
1838525480
3027400776
2197899401
1296586255
365921518
2258976868
1000135415
415624083
2619473175
1735938195
328936067
2887646990
834606949
2025930529
1539970195
3999948700
2910404435
3906995566
4132634592
149710753
2784132978
250447590
1359437681
3834346394
1697849978
2966242595
512225986
2906936733
3826962904
233362912
280602276
4278603290
822871470
484412443
2205374412
2649916391
2673366541
1297242261
566466331
3616556397
3999829761
289741023
2304934358
1847621379
3646248368
1968887251
1037029565
3167732729
2934241330
802280399
2230956049
827561967
528649333
2601785443
2924782349
209993789
364475094
1325809669
2104954539
3759035182
2604403463
2914025780
1773530453
830809906
603995054
302816904
3005090529
3607257080
2544095913
1133922088
2698501156
2893210945
184299688
3847956980
3999008792
3252457863
3300124778
1050585253
1950847758
1283598068
1234372390
1586609829
2992040607
1267977045
2315258418
599937040
4131006159
369244131
3560972273
1677920435
4075791317
3671523710
1299451673
1913999205
1031712104
1286587513
3195230407
695467235
3547343583
3079840449
102458105
967759405
4211557455
1000026116
2722423871
2079304852
164881202
2529774277
965827163
2572696992
3179344120
2723858777
2179553201
1207089970
90110114
2068586418
3703928208
2156513595
2913424938
739355588
3889759597
2119305644
4151154691
2244514951
333352253
3931593473
3645120087
2812605383
390356179
2508104481
1192250403
1624612663
2165564030
944647223
542867802
1036809282
1125835805
1996839850
2675962300
59257504
1905509226
2112887726
349482641
1909541130
2251943714
753319
433111877
1854528008
2102849786
3147335062
1093931130
326701428
3091952179
2857050100
3681210714
2861471187
999851331
2312263961
1405937729
4048506516
2212257576
1645055356
3886613993
1198781065
2257133604
4288752491
2262765415
245318609
370873814
1554891861
2329036349
3716053414
1145030238
1189712460
1881400730
3595151822
803201425
1522834319
3096330230
2526179841
3664219114
191841553
1130869213
3793617816
1172711298
314394456
3843651501
2124414189
1893898471
3019598443
755494272
1534061860
1702758273
549429706
3201813484
1618907254
2269739608
1735509593
1241030299
537369329
2462649854
3416060230
2923777080
18285782
4011957712
1494641250
1819770112
1398089820
1591812366
3731476229
2837826790
3583091145
2218973070
517682393
1297769824
2650921535
65261952
1754866387
2118846415
3528377408
3155233166
2155462546
3027961168
3974032594
981978363
240323311
3661900185
1662857592
906934450
2190073627
975673303
589432381
1177480327
4237211763
2339446210
1582272258
4009714649
1048019680
821577918
1576500625
166206892
2128649874
2362070544
1641402188
2503063897
1993865242
1937357364
1646977298
735184464
2337821981
1717026029
2358134311
2162439064
3704693579
3013832368
1999277271
350994087
1082284983
77118122
1049521547
3069297788
2847286006
2754875121
3474051039
3329372436
4059815642
118253719
493003307
760534275
3629147532
2854736600
2746489561
1647296613
2471629751
390480107
2907427676
2771487386
2030428561
3844898021
3940374071
76212235
3304776402
2548950973
1052936455
3754754595
965744541
4189163334
483123481
155561944
3978340033
2904070843
70760043
278630408
3942315404
81117870
1480844757
4200533359
2893090442
190792093
1112074759
3185346210
2210560582
2739793301
607016436
1197515554
1626853382
1919272460
763983278
1860435969
2182724939
1116388282
3141288626
2316642755
2141975225
2233911731
1736442275
534451495
4128100501
2728300416
3050866283
2288360634
1097346820
206684161
1722425518
2494718481
3588779108
2271478996
3746096629
365319986
2393260574
4255777710
453161207
3843625295
884034063
2303847397
1032782268
789829616
3707122335
154128721
1025543762
2394223751
3435386594
2528186797
2653105681
3573670387
4251642945
2718612654
2105964498
2250293528
1440404330
1375989279
1636539731
2633648978
90274094
3211954394
2310587916
2108584762
4139680875
3507829101
3667108674
175827103
2662123116
2716391717
2386008796
4111647291
2850488221
1475020755
1731383408
2218845840
521819505
572602765
1614951061
597323157
4079672081
1699061946
280108270
3560195979
1251455001
23742741
3820670331
1409444116
1886608040
3852195563
3603422429
2994593983
2941781636
795987434
1367188050
607563190
1751758581
1579438948
889743961
987782302
2303702951
548103235
3153087330
2539355221
4023389292
2868924274
969749128
1803691792
1169095418
438612922
1943766414
4113250456
1557560621
2708049434
324038358
381045560
3806142522
1409021420
1529516942
874900068
496584663
1314958182
1062110915
3614045117
418926727
3503916289
1415559928
1363060016
2809161289
2998168650
1385143774
1168982065
3553623689
1728343802
2713304239
3648650717
2992565997
3820704032
4111729772
1969760458
2334314896
3648561400
3647612592
3528081535
3556947538
3256495921
3766677172
2879717604
3583442163
2178356462
4076191236
3573953755
230309733
2332389229
1500891322
626249578
3713954819
1238641835
2505431148
1575352187
534181118
1630637064
852864132
1439166766
582394422
52829975
433866076
3620374910
943914457
3959694560
2410266733
263525585
2251250689
832911520
1710300529
1322690121
3627429728
1453104973
1903129114
517197515
3843216320
1157277914
640738347
3320501030
2472638212
220629738
370525587
3840465909
3028676395
432053856
1619500366
1962389268
1741356754
520151962
3289470949
3406728453
2658509742
910566382
2932832650
3389582624
3353424748
1192980217
38808277
4259747057
1703107306
1453606724
470931571
2252335813
3181823395
3298514838
2487550204
815404925
1089907271
1540104505
113492858
750627658
1763294445
1805499729
2926856568
2800656876
1561759374
3075733423
3897282379
2046185389
4288014708
2285839822
1887794285
346195761
2453867538
3213393446
1746671740
1505581170
3264944852
637733924
3329687715
2265604643
3641413540
3935682226
2314326981
1880250072
1814350388
1637501717
1627862573
4085781269
804094883
2099701813
2884975570
3547973207
2965278217
1714760577
2504356642
699149863
1824103830
406431541
3250993491
1149886812
3316856422
3056991566
1333429693
4183636967
2532703453
2339198568
2396201884
2093301022
2994387252
3062886536
3628513952
3233910056
3888753636
911787321
4273396712
2120665703
3793120561
2010296307
788642903
3523838577
3948599723
3418970663
1239035808
2925606716
2688825123
492378977
4293019988
1701426464
1485057550
732183417
2215061611
2708357864
2250510988
1763479608
137265838
2042468576
3236219990
3128297963
2173266893
3657970537
799031524
2813598078
1453370610
3250384756
899281271
1170212482
833306525
2392670055
1710325633
2395129069
1979438658
274816394
753511003
2543564359
808725043
2936699368
3748530523
966978711
2954024828
1483619602
52656370
335400206
2066382615
1322884422
457226494
2151496591
3831686839
1417040001
2662979963
2758105046
2060473323
2195698359
2240285499
3188451861
2921822188
1640263053
1611248988
4087107609
3942392041
294463811
604627042
3184394861
4017004910
3320768107
2055682051
2821984630
1195383487
3698232493
1135020345
2882879122
4040874593
118576186
2438001993
1188781534
865156438
44266631
1954413091
3943821030
885507202
3025360849
3447727418
2606884047
2756748937
2718111449
4201136800
1218325221
707919745
350894892
2822591683
1452818484
1143441084
1479023062
1374538785
3655858254
1533763298
1723836652
898275026
129473746
3321034409
235608626
1978702806
1073895650
3558422774
3274763093
2104462525
2147011898
1793044615
2628212320
1461929417
2546128104
1486444841
1954209108
2118598474
4274863656
4177903395
1136717331
3922578859
550589203
1708105373
1607803270
503391861
3272111845
1598431496
766009265
3661358281
149527390
542346534
1902218445
3223231814
2856685333
3685101635
547771430
2726517175
226333370
2390463713
456323500
3562242493
320437614
2015461283
1004961403
1653062393
1614700440
12535036
2255783841
1608722398
3748188485
4080122836
3256307945
3623093662
887102073
1485598289
2571755116
3175058407
824654411
4177656100
556851834
3417851653
1706132325
762505443
3311617949
1314985418
2096330893
1098524032
1146330802
511597501
1304045501
1068686870
365340462
3423145938
2049119657
1212045077
272861667
1450627259
129785259
2054495254
978695341
2174846371
2834073729
1570185190
3117845919
1876199318
721773921
4065427509
616634875
1871477777
314216578
3507539459
2950716385
2042767719
1022434830
3964673862
4050500630
1720889789
1407483148
201412747
3784013454
3507891333
1803488095
1669403085
1809716094
1675191777
2168597240
2535240559
2868215429
1287571921
1291177126
2989910400
3335959167
1692196500
1258882343
1634243748
416332142
1062032452
1594867120
327943527
1388677941
1375691491
561387823
449126893
4155791992
1538761825
4241831479
598253583
2203037310
1680762185
2091881220
3566525834
222421516
2138690731
373766074
2087347799
847602118
510356196
4092958329
1709100809
1098389247
2230759512
564200965
4092303624
2943166257
985119243
919040492
1868884030
601587696
394180941
360840365
2393342204
2133279938
2563222991
2622410387
2458452701
2313372488
2525072775
1210997304
3241779014
2926197610
548171511
3054062598
2931558858
4271458975
3156146782
2513746535
2647431745
1674481456
1265034323
3711305878
3785892886
3984588639
4187304944
2311001244
1701805328
3876239063
2639110708
2929416800
1229650046
1316881078
222235871
4124250179
1735158187
1952508667
1709034217
259129120
1107317037
1683231479
4262641157
2658847572
2177566276
2987035534
2034570488
777948556
401610235
1838881019
3477571411
791081639
3508949511
2248212897
1057316189
720591438
707126309
1425738220
1679529732
1283857607
2163642793
1189707727
55260848
2079879111
3597200891
4125348221
3304967644
3651972836
3369355445
3766552966
2048462490
2274066255
1787333076
1703004484
1600029325
1381847024
1251512161
2918099645
753017387
2966796443
22722636
1530305102
2108634605
2268315735
51173222
1631791103
2772637379
3398173013
1267126488
224254011
2725360185
4213616502
1752124099
1988271570
2061999848
3927073227
4205502803
2944853260
2029164461
2885207905
2426338856
1051144330
784541522
289456940
222653335
2099972390
798172757
4107276146
1941024075
2324744040
2148824234
