2238261625
4145911168
763817274
753315952
917466155
3399640508
3091694495
2765937105
1872957552
2683922820
1483940640
304872437
18681424
1459579229
625825224
874719679
3007173951
951394402
621621245
1138054879
2642955779
998494159
1330395612
3465375121
1741918879
16554633
1746207645
2269237880
4104203719
1238942806
2066748869
551791287
1792340048
4086143069
3282824438
1640549206
2102974879
2678053398
1952082176
2420256637
1231693554
2040032005
4032454944
3716486353
2348274329
2405588072
4280617102
2646742027
3606569461
2910829464
2900197510
2463090453
3318729941
1347659203
923630756
4009132355
502192778
4010948447
2646794162
398792168
3022918232
978398071
3071933029
2510476127
2144452876
2149862909
1775495391
1415867525
2410933184
4293838606
2948335546
1154862438
209860720
18469863
2020508151
2062315301
451024124
4158801882
2059533196
2573295447
2790297245
1890991673
167608390
626745258
4259351757
3048406036
861734778
2716004477
1604887487
2308459467
2490825393
822807288
3708637842
3646904452
2633406329
3483415704
2239461036
1965642774
3353173609
3547755177
2306693250
2579027083
3349677882
1582412516
3094595131
2281040343
87155678
2400438855
2910844457
2702077673
820504180
3465595194
696696650
1072826749
551436634
3056502520
3788905843
3048459124
165494620
2885099746
999320471
3395564066
4223974669
3015298250
3853444816
419238252
3534271035
3576361541
593635227
1651484621
1227491871
3480630972
3293778921
3483148506
1323763761
892168105
3233697085
169018841
3706877588
919880300
265655585
528754483
3941914658
1010216698
1655156517
4120044509
1163036196
1843228440
3593767073
2152315845
2021257812
4294127011
3094434434
270381400
2448104055
3758742954
1180210702
834046059
2892205256
1936225375
2697678424
63539089
3283083929
3297471111
762397775
331383015
538333939
2409582134
3641136850
371040422
2223338689
1451669638
340826220
1629968617
1575713921
2502683314
1713653410
3321453379
4044589784
2261984820
2944890463
683486504
1814711225
3049424152
3272540905
3392209183
2668652029
1140701869
711918558
537464788
617114340
1374715169
368754625
3854422148
3674175891
2170878723
3468788725
3998026546
3270383637
3891351873
3094310221
2328681250
3801630155
710047200
3016191003
480764299
3117685040
2405442692
983780399
3600126310
1155851156
2852288229
2743934836
1187274968
290313559
2401923146
3784702758
3047618541
873042980
1010638788
2037645970
2600355605
4162445193
3743807008
706496840
1218382733
521624145
3405075610
2260315804
2960990811
1178886211
2759100342
168169670
4097060280
2983991348
1207035674
851738068
1390838396
2480683959
3831042988
593691953
1663866998
2027990751
226019421
377547971
3104867378
3123539282
622938558
1333933784
940731600
4196224079
3381532441
1057171759
2028293788
4218271222
105963850
2093466694
1538172841
2439254473
1116082743
3472413387
1708851201
3529831186
3154712119
3868863693
2454579098
218130883
3394590644
3005761830
2393570473
3127788376
1970456942
3642745807
3509480429
2907822969
290049791
149209149
2765714880
2906399673
596944615
1937136350
104030546
2282232131
52079327
936764335
1811873997
3009511282
738430678
667685354
3260807948
2747563833
118943708
1265591026
2822480739
3924673400
3155062538
3701225434
2051808721
2336185762
3443351332
2218867295
3591588090
1881052455
3482233489
574580005
3616608461
3285746032
1321616295
1812282521
2107093341
692339940
3951559766
2949080819
3147208386
3997860105
3753975467
4223696695
1645617469
218507697
2252686301
1290121249
3918691966
1296563063
2321255195
2009785709
1657239972
28872708
2441159041
1458591499
3941633783
2826981327
4098453216
605943942
3071584365
1917147349
1420483373
3655963939
2234465
1826184787
1876287724
781431670
4242879558
147769534
2334161622
868587563
1696126940
278419220
3382860422
3531268691
27271657
3884321301
3534182910
2380576697
2272637337
660155097
2813064519
1800004623
2982043277
31885573
99798510
3685829939
1424962196
4080901061
1762047519
2771906708
820416626
3785659829
4050729092
584246929
474924407
2347062249
4198968493
3450176596
2757974587
169352736
3694036572
826198108
1903589707
50759269
3696988320
2028917812
2165445688
2905176591
1165182036
2966988946
2625969470
2839094778
191040007
2383356845
541091115
1651710609
3116856515
3317564774
3139859464
2710447728
1210820747
295565931
3118492365
425515088
2915077288
74384485
4105084960
2111609110
2422569961
1328554527
879887504
539458824
301352778
1840250275
2173000684
3157380738
3754218566
1704451574
1847807752
3962495898
2577560040
1615830171
329881193
933481703
3122631691
1509534072
1169027549
4213257102
2025759145
2826281993
925683682
3898407227
833277174
941758317
1810328849
3223176866
1898044399
1625814724
3994080382
554539793
3201042294
259002122
764000063
3608686824
2897219518
4291083724
570765795
1373352728
23803277
1811604349
4194442156
2446149989
3410653955
1967298699
4082229725
2918003541
1883977502
4233100102
3777899860
3445696218
938503780
1657823057
2528731568
2131442479
3727786844
3670850380
2568748124
677254169
1491933553
73956928
3943704870
1045847387
2649732571
1949990086
3684399708
2131275274
2815998006
2784179703
263182933
1449426621
457803569
2758345355
1016430531
560676082
3150891092
902903756
288944360
3269881566
615210155
3123571903
3044420000
3241045551
29321919
928179689
3859578224
2622340978
2249297148
1943578476
1060769190
1366374409
1829869657
1738882827
3223340986
1941567915
4198753268
1736647985
624772522
2462006273
137526421
2522074081
378859940
4245169791
2583614007
672102373
1262950304
135314400
2961799486
2969394143
4177637767
623206885
1939734708
2803554871
4200529029
2911995722
831478104
2599988913
1611649320
3716171548
4278076018
4142094701
3904988096
3589358902
115364731
1311160140
898831085
4267073734
4006128101
3880139444
4150827919
4216823845
1375367903
3636212139
801426261
2299870474
1961878965
4186244201
1282099999
1305040838
1834622066
287484714
932353645
4098570471
2289856418
3907432110
2591948804
2537071404
981891801
523015505
2331459375
854435293
2843118231
4253429743
976362367
3659325069
2329283500
3425378733
419610324
3265797086
127620294
3332304711
1868094908
2713348989
1520748339
1838613704
2009808132
4000810043
388740982
1978793031
3092309319
2520653185
1585969077
3277588773
3159792272
2591126843
2707994606
1184289541
1657396377
2335735501
1318388148
3229370979
3532013742
3887435802
2129463228
1723520099
4158314320
1510242601
1193509036
1250378556
1707687393
2858089793
835104551
3854448905
2423776980
1240857877
766679205
491715260
3563930216
3324673333
1834826397
2387544646
3358290391
1427086459
3729351412
2291672023
538508398
1795980495
876968180
1425959150
3614028340
1656250596
3775056916
1015151075
1100624297
4173909608
2854180941
4008128671
1032370039
3597757851
3448877043
2402388956
4026947488
3592534630
2542664224
116828164
3849797288
2134037545
2824312045
1004305025
805758972
2811920640
2979227989
1425384837
1344953356
3632200599
2959406367
1186789961
447586875
3058555683
427704597
3973662544
1810017777
1375110940
1002011736
3574910738
1116964989
420884731
1140434071
3848546872
4196443435
2875382799
353439597
2845103352
570815887
255173501
3496907522
674421441
2834602479
2352177637
445881603
1901144976
791818941
3189523946
3509191105
1516306316
1535064714
3457865400
836884934
2291251043
3591359184
2242609955
518624673
4154055805
628544750
3971087391
1495588860
1684243138
1205779402
4124037296
2870165231
2453185791
1917077552
2208660489
820218833
2494427528
1123719543
1871215215
113558708
1385120828
1145542319
513328331
4235980605
2026562633
1380430194
2318370336
3523144496
1838293379
339396972
609555609
852804762
4113789524
910654143
1690107674
1022326056
726486495
409421802
1073658388
2914378230
1674427695
141941602
2259737961
3612886474
2223277210
4212741472
3745313692
1629516349
3803391881
2877277161
871259866
1340704097
4146297537
1654681990
2631257687
3238462986
233944262
191366254
1511205083
3541505734
63061128
1869433595
1734859219
907207893
1906800967
1236485834
3860289315
3132955963
174748388
3927578999
1295608810
3991563976
3873385674
2834910108
3083145238
2303072641
1694473001
1394435122
1493746672
3980287541
2896821527
4054116623
316014968
3045813154
2801521763
3014665654
4144773269
1067307811
3643031835
60234894
2703786917
750772096
165067884
2402856548
1757821953
147119110
4244100047
146050807
3022734240
3456148119
2076151138
1909656725
1535310950
3268067061
4130928448
3350704937
1723054087
1370565112
816632186
1372100830
3202469283
1372513138
3432959250
311215080
585571836
3491396108
429480239
3011290978
2362597917
1063831139
2898181207
3907256967
2450825313
3439337768
533051885
2047269281
3332496644
3718682433
265949717
2839168242
1500510589
3243886403
154405152
818640645
2758757831
1559068355
1473350724
1951949623
3078112078
1810183045
2286757056
2826552186
2294994470
930945015
467617307
426738203
2304286328
3208062584
532830067
3815354009
3210481242
1999590021
256472704
3343364953
1244553439
1930424945
857216296
1733609587
3201616268
2931599625
3249348828
3620845412
3587219766
3767923454
466989548
3674731667
1242539561
3768371505
4058311939
930044562
399638406
3733739165
2374406086
3348872695
517709438
3029020228
2239655360
3606234613
661728587
632834123
64548430
3947666637
3703771893
3202964143
3714123846
2831476792
3716863635
1113269134
4259797059
1093438091
813876903
1424274556
443359453
2421603734
2319531441
2632809185
1124721763
4152594333
2363928670
3285496447
2201305802
1387583838
3943463964
2433362192
3220854275
18540718
84880407
3398877009
2947401812
3566617280
2906542579
1461176346
1920618457
339130401
1501289512
486297940
3121961623
875634896
1052363382
4283358305
3024517818
1712297011
3702184260
1039738399
1836368899
4077062536
637871063
2869823830
3026239384
2081192313
366712436
794824520
371795182
2331814608
1880785271
926710867
2309380841
3570978507
2413739322
476774194
2470655951
2240237681
485340628
2965431954
3838252000
2882366307
930288376
4104024771
647564783
37614360
326340614
3937734288
1969814429
312479065
2680774677
1079907976
176432404
2502630146
996982186
341652888
1931124333
3734522074
3920744220
2827110159
222981936
205737071
682146356
914827894
1611469807
41282865
3156984499
2945424385
549917314
67305832
2470623563
709433368
274559200
1193390533
2993088699
1225480119
2173984737
694754176
1075852667
3123263304
1171230281
2335998340
1955280232
2050863801
3057681987
1099507148
3501181061
4191974099
2182530727
4155689081
844245399
3777869422
833720239
1871138289
3623572174
2465513244
2263626356
4064289596
2580798413
103312804
2552181021
2683793011
2081241719
1101289802
3229584769
2962668652
3677685522
3594149065
1198486260
2081782422
205265757
2137673527
2973742834
2684043807
1474427819
956940190
3299081042
3729149161
4215627059
2195145243
702819759
3305249409
1994095828
3413185734
