834886149
418441526
2554555488
1412649720
1081565306
1493530558
207130576
1210648124
924477057
2922389680
1067615859
2079440796
962382456
59742644
2360928245
3554761376
3328493550
1217031049
1137221147
1837098452
3731310171
3288765027
2737537362
1009477778
1494002
257477786
3785899851
2017519989
1743073507
3835429756
1600189413
1006647300
1664470603
2841418383
2469656736
1498172529
2219677137
127049295
714221765
2446617980
3822647703
426938951
2525529312
3326105181
1444001238
1326253244
2184995735
1346867625
2618280008
1239588047
464724699
907837478
425975448
3028271588
2710130000
611714068
1327621877
3307508590
2036792101
4269310632
1815340503
687030341
127832862
2939420751
2293264253
413197294
1509774994
3309273546
4126958681
3640693814
2711264270
219629428
1270845574
3060555018
1304141660
2887478842
3812136258
1854413654
1204143843
3471896893
3776225237
3189209675
695416214
3914206365
2425921850
4155500770
1398361072
2517466754
552871590
2592555906
1723995555
1162494605
2145970089
2052179556
1890384339
1373840201
4157939436
2242243865
2033510145
3671384806
1182994017
209565424
1781761274
3294826283
61571153
3434028887
1897780636
1108242923
2767425243
3580739256
922059600
903440805
2435426246
1309785684
1974397526
2287831659
900727318
2640182251
3599186258
1882147145
2986880081
296195134
2616960888
3544098414
2180848751
1166639181
820354605
4101528703
2060717718
674590191
579515219
1748301394
2180456822
519074460
738711810
2664351463
3281797836
2541446413
2778776861
1658667980
1488476951
2409603941
107913366
2191849808
4024502206
644451769
76976701
1890755481
3217049513
1559607683
468522061
568022580
2659467557
2027413105
4155764639
1156168020
489847724
3776434910
2647932340
436224756
1648981523
1012374710
1652371678
4038355928
2586537894
2109006164
2652578718
3143469830
1965248158
2167736681
4002414361
4284745755
3437922751
3676248970
4013781806
351794344
2758032661
1960477037
2348176101
2191157661
285940272
839706189
2583467238
883734661
3384723211
163544931
219711233
3286849544
1018518668
305942360
2209522089
2098494249
966456159
1690826314
615347574
1148434274
4202497234
2679448661
823675945
363860491
2864873969
1497781622
3835665610
1416237443
842423351
2682425284
1263290626
3833100066
831266172
1746968672
2191773000
1623654272
1253310897
237188790
1429693032
296747908
1612583095
2017073383
765140605
2676424926
1419236507
1980925362
85903566
3702200507
81888373
997630304
2192387703
3541029853
1122543734
2236553235
2537128801
956980193
3229835523
2684347122
1386388114
2736798323
264952153
1840872427
3368885574
1388100780
1070153733
1035031556
1062579411
4183520873
2007495731
2896156463
1445778574
1249469437
644899770
3389255411
1839522258
1203029566
26402991
313117415
2398808412
2043764971
4207845609
524498744
676015688
2373410767
3723524101
4266095054
1936858184
3768432291
486603116
2473372264
3593080753
2290954637
2356470915
1347706233
2868753012
3443575492
1355130710
786029051
4184210877
2254411637
2830864342
4267956444
2951127950
4070670053
3575577735
1941474664
3638287113
651337506
2463861161
263580688
1804612856
2155848796
1079218709
3731498217
2039266003
3176321657
1248928605
328342132
1568831428
3065997879
3481924449
1039225709
1731395255
655805090
1087514585
4276136845
3869502192
4053866921
1678824047
4166954065
2395848347
35516506
2003221414
3429225623
594548563
412642221
3667741014
3738125583
2352261140
3791549906
694394317
1654078213
355404342
1540136194
2856340878
505172405
1293538585
569612671
3591634652
1494451689
3185348996
2163458232
1008173675
2832800615
2289695251
1287421424
4159770520
1461242012
2668295822
3390766424
3684104392
578753253
372247411
1780852678
1920629905
3365976371
3148390012
2181294382
674411634
2566851942
2572127363
3049781212
2527126543
203268396
2553971888
1639646138
1011925651
2922327643
3155760398
4139040769
3246823309
2926864877
1399411980
3830236530
1450776543
2276474770
309758538
1138919418
1225661070
766098610
1950947108
2497429179
3645863037
2733791362
1745486279
3143242971
4215606869
95763677
4167408222
879079665
4065630789
874464916
1194740566
3847313259
1041443456
2851048038
3131063915
3940224320
260661399
242669548
1320823943
1504799580
2571933027
1367783524
2803678113
1772540701
3183731804
2830591432
388591711
194144965
2879458456
56135962
3904219136
20784693
369319938
1400192959
1109801630
4077470732
81256433
1652684119
3767789820
772749226
1279317082
246718960
4168649531
3229959955
3232720685
2511053549
4034748613
2772315979
874438262
309457398
1173173511
1904552252
3386026739
3267117791
874242140
3047125911
3394713095
2482039506
1720563950
2715890898
4054054575
3615492365
2801617440
1909152731
3389619820
2040000670
3429626333
1799250535
1413640032
2021549114
1219723463
2522335645
1506353031
3159758395
569129703
1611912093
2614343395
907685644
1344561058
41468875
3045703871
2464522766
197455343
2703619229
3688877710
276650902
1480545032
4079544389
3951403324
3018717476
911969829
2665595890
2043414103
4212995497
1585676240
563071862
3625036372
532070326
677844523
1593590564
2388809996
3211722907
3130560934
255684966
217781576
4118877647
3208561306
1337241006
507121255
2932684314
1844502587
1174814659
3705421524
589954967
3924644121
1274725377
523184456
2594198635
2695873300
2306839761
4166303774
1920478650
3947255324
2602247087
3285209203
2779176919
2211354097
388818896
123910988
1454359653
320093695
2378114839
508456737
613215315
3522634282
416551028
1223331006
1626341263
1224918976
1542232538
3178243468
650616165
1436986561
4181525273
3773522073
2911656524
3067072237
555336825
1537712859
3478354475
2541120230
3430161154
3046508467
3696208704
672683386
3489042840
199972298
1214489943
3248367940
885408050
3547890554
2580554186
1265089732
3302091633
1467022252
1751397709
3718015952
1944092398
3845246780
111878825
2929231675
213996311
3665718752
3021610700
3259881841
2759483822
4240011673
3490459310
3331402074
4031207009
2918210603
2381407099
142023554
2011649952
3870382928
2072997650
1595730653
379056189
467945415
522140091
891221275
1445052497
1139880880
1451367135
1676302205
3361907860
4156285671
3184382051
2843303542
4025218447
2015653360
990507229
2625250013
3877610724
937296220
463711733
231385907
3674590239
2320302401
3059998576
173959124
3053774555
759114032
286086876
965027081
1275238857
3501689021
4144290499
1559460091
4252393013
3126428724
238706229
316366639
21065487
799777270
275479321
3332361229
3075646276
3018031529
4056622510
1752469171
4289962545
3763508285
3095481573
747957024
3593349222
97977295
684947099
2515871077
3948647298
2941612653
2082259206
3362699801
1657718091
640285592
998101837
1350893597
1414796976
3572580187
519663714
2279381264
1215038050
428647730
298376050
366381881
2791611626
3269772888
1529016868
2319902361
2500002178
4272041376
3536736746
2222176272
65756751
3768645128
371982529
3082118487
3165997212
4018506813
445334756
3129280990
2732492394
1107842682
2219881384
1179006514
634989702
2721482599
2397430863
742074814
1503840862
1068050396
1842179912
684374084
3149046874
4199722300
639855993
725162252
2707147015
2671205865
3056897605
876771510
1862122717
1803378097
1470634234
81637739
2153889198
503714728
1263982735
3402923730
949873428
3828331530
692719628
1549107125
817064463
2710989791
2786968951
90363638
3124051957
2979701136
1595480905
4177739873
7748291
3137801427
2018786017
1254301131
853598361
3522013226
3265551584
4052650454
2097818595
377769037
1517480677
2145349537
3042541598
2087757716
2442794003
3594450542
101721986
3990212479
170391234
4105377012
25307136
3735439108
1147145520
3283913876
155460769
1381787067
1937666395
3763748970
1130526691
3079011170
922496202
1204572954
2281219941
2305213131
4062545774
4075797693
3299390598
955851054
523437442
130424751
4090985447
1767127582
3152747325
1795550353
2577631086
2009361302
1247815212
3137420904
1846340067
3197866862
1059928971
3351452982
805463932
17853727
4119345077
942017615
3618112470
2020984152
1384108854
2725476729
3015445562
686426516
906439119
1866406022
854034754
3915994272
3584526416
3476420517
2005380724
647465928
1538592215
3495126813
612793227
3157973193
1073348144
473801448
2863391578
526457814
2558934124
2310638067
2492849315
1683667022
3571840319
2659218458
3131431501
2763470921
1568224114
2234513957
1570899453
4138374422
2789144159
3426205960
1503935249
1795717333
226233844
265422442
2338583981
4201114466
1567944947
464784282
2663767024
3399573434
2688041455
2456268637
1395257159
1716590772
3047240428
816629632
1548728248
885154412
4256034079
3893106783
1013886001
1536721734
2919696394
2902748982
3351155221
3192436228
2159394372
1448795010
4181298956
2217652380
1466479107
293920856
1671169393
4248345402
4197489885
3584147798
1969696242
3507940535
4100718645
2089771405
1454918193
1107109230
2388893257
1606800190
2836885034
2686124890
3475272973
40118688
528609873
1933823069
74424970
1239564768
1016077859
57086476
3385487730
3089960705
3147794811
450339769
202126299
1123376335
1168762421
1470646647
1117713928
1225834519
1235797813
91754093
3214920872
3120795493
404233866
632391332
1328284011
1508754999
3740680687
3095990440
1883681219
3737539196
2241240566
3863433710
2359059538
2504528377
556061054
1820973723
1047485610
1953726619
2060213778
160852556
2854318043
887615513
1483860986
132516848
3697029746
761093233
1490892043
1046621156
1772971082
4275179809
338229161
1924796336
3800878204
3790112797
439429904
1927862345
751380415
3329631293
384369643
1175832959
2918562638
2451649504
8324307
1928305747
3471615616
415457853
2463879769
128890761
2294890390
3490931480
3725212625
679848312
3025148097
3885460623
4045945677
1773405024
1339662551
3817036559
1802478738
252047965
282403770
2430044471
2356240047
2874882598
414550531
2965125854
3985314913
3472800799
3690101336
1530651930
1492211826
31314557
1650215144
2258961728
2399076401
3058468012
3626340233
2784139798
2718853629
439679079
3711359832
2747215526
1580889583
1246906388
702779180
17743075
62757110
1086071964
2773843731
2841807379
3812652256
2813202212
628780842
4228742044
2892947884
4147343524
1625648301
1606011840
225720313
3517752076
580346986
1459118489
1316146859
3136704950
2488572943
3736050872
4270204970
2164500944
166430674
20371744
3161569129
1748720259
503407858
3999503028
2701980007
1055148257
1087493384
2141970804
1091020957
4281870354
2896948616
3130581248
3030088932
3043073255
1935569052
1513148886
4018747067
272935113
3781412009
1166533906
2137028585
163970775
1496594878
2686880073
4036700091
1418820744
1162357
4181237270
1638383296
87824413
118699483
2357272619
1344720739
2877707931
1353035026
3104439183
630700918
2860972028
3676939168
3495866963
3820362774
2405004551
133578902
851029299
174791866
1847912536
2031686664
3364067726
1420226662
3846946527
2009774490
1556132939
1935735333
