2386035582
2447057507
101973571
1323101561
1773218007
284962648
1656513967
516270995
1983673087
896034798
2918729785
4001521397
1166945613
2144129467
3047458400
1223885988
270060077
106097822
2959818212
1120162454
2536377098
1544661717
1552541126
849885333
3446901617
440317959
3596881882
3829005655
3673191126
1967290794
3595444372
2485561898
475803945
1791201705
4173365214
157521819
2175843623
3665148583
3646273944
1703015933
1515543477
1208200632
675701397
4033465289
1202496469
1074193116
1096909041
1619264989
2190027431
3138167723
813149933
747836681
479768584
3182102197
3860514716
1046301213
1363529459
2908987080
3825159180
2472181543
2640517476
612831201
2330090434
313523942
3533340183
2833303771
215211167
130023094
845657548
1264334987
2195503591
337881401
1711554003
1490510104
3486270635
2650399179
2733847815
1496881789
534935140
3064490688
1472848498
3079036353
4069284262
4264868531
1962606393
3069510428
208376433
633635192
3563707837
2015950755
1174308106
1008213514
2884822579
1194992164
2067540536
355040654
433335566
4193819446
2475406526
3180224904
848997116
290295223
3874237408
1906116811
1762385600
2274080284
3942926938
4005809643
2246616012
62441461
753638829
1396950631
1419936624
1998898239
3284813056
766322754
939237640
1857696265
1585480896
1289063728
158123427
1436388717
670646
1319563364
2519064850
2817939593
2853968580
2664512885
3464150689
3016112861
1557515627
2974189923
3670595916
2127714146
3316192946
1243076880
141060126
3191620659
744272922
3764153907
1055845473
2526819833
462372757
3759213985
3654078072
4048399736
2783512556
3682544971
1466107396
3844017426
2315150238
4287005020
3665572413
3990156334
1571844712
724583181
3665609007
133969878
2699907959
3709350528
3785587126
1208243990
2329337626
1024384250
3689715079
1901960678
4109109721
459137677
138382690
1781955792
4027373352
4018380272
2245140024
908642229
823485150
2440113162
2224259423
247808487
3450026868
2495098522
1735314332
3305729863
1346475691
3164844453
552108408
370106303
4020847998
3657693939
2694701118
1665899996
139653943
18158978
1420103666
328630278
2619957118
309466587
1193097150
447507726
2530247540
422319177
2900127049
3341936528
372579710
3682471521
4189572952
3120372730
51878808
3943919898
1611986436
577534996
2778363442
699953905
2856735676
1409780009
3000965476
4134776491
1106675723
2255649560
3585705103
515248225
162970476
2257536803
1267945911
3310311352
952006653
987111809
2821647390
3264908002
3298269828
465382308
165755793
1857660955
3630005132
1534911427
1635874222
3539287312
3900229060
952928747
3096609571
2929766895
2898963558
4162868724
1099744230
988072356
3756144015
3554674727
3086223564
3240127404
975145985
3129405927
74250765
4081899597
2722981956
2306158707
2627129715
2266473950
3313048193
1474405346
2240815309
2469767674
389535993
2174107342
1225803889
898149471
1035975545
698913366
1301406794
1693004140
3594005186
2680133640
2306835733
2865776299
1938706458
738117672
3284777365
3437943433
3737487871
1412189167
1084493227
323452375
2721540334
4195298190
3706665222
1048120231
3228786445
2260614799
3545665149
2495083194
1706255940
4134175748
2166680099
1936574826
4217018049
672626829
1266576639
2329931544
1750189284
2122719101
3186615347
1063812630
1101474529
391856144
3188587860
576002128
486922176
1716206770
2389830782
2710317001
809828233
3831959373
636973752
1966858977
3575347519
1048348215
980646586
1252543383
4199791430
172869965
581489760
892846327
4087722418
2959991253
800171122
2665999462
1969158564
4275177619
416567647
570870026
970306205
1168569289
3619460916
805177110
569410180
2148595126
1157360719
945567443
3416459391
1194270747
3652097799
654793291
3076383992
4033156089
4207357854
397591973
2413631800
124565699
113277753
1669281225
2545344256
4184894003
487884448
2604779509
1056228343
3917135562
2081457467
468819295
3377470268
3803664118
3698986584
2916756245
1537938172
4092035534
1671793777
2464342485
2789994675
556440853
639211901
358937319
3493013796
3837126491
3495144375
4274818034
1686998389
297412461
730611573
748281067
2237469806
292411385
24661699
2842785712
1511915026
1605419272
4038247707
3533600602
4232746471
2587612578
2706657099
3142588975
2603746662
2334545134
4062549031
1495268942
410427560
3518118013
3384523918
3449572238
347815996
81462434
815886357
2250293167
330776916
2043302625
2720734359
1546760203
412108074
2419961605
3778169047
3690658277
3596938528
2567686081
4017069970
2199430632
588965658
999978289
675985112
356438116
3779623945
2752614743
3032617540
977774445
2294734981
2307627046
525881371
2393885681
2273645245
2460205234
2554459850
3324424460
883232901
2454595240
1068636246
1317030724
1955314978
3612977528
2144808200
4163007866
110307106
3871143939
4186551405
364753831
420616278
2838018217
4283623899
2511373954
339500312
1847654637
2209452036
1364486592
2209289574
3569858752
52557054
1772522696
3425831945
1549841900
3920432136
4088912242
2355344751
327000629
1922280847
1528719523
4221018823
510733219
1392860993
2156730907
3184386555
1274841736
2995705336
4002531825
4109450157
1379084728
3352483840
3149613441
53765003
8850272
2854409168
254860596
1820887692
1954696189
1399277763
22465968
2755244992
4246698037
875176657
3398581497
3596246895
2935495894
1398282717
295645531
1084847076
332880782
591421553
2250261156
2722481344
242817363
2036302791
2030283753
1119212742
1973047930
1404131951
2704400833
3488544991
1433849570
1840695594
3489791053
1829459478
1377928587
2227991832
1121479354
171593908
1223989535
1521082185
489249156
2924480936
3392798440
1187392804
1175117375
2373709402
4294406086
3553123716
637130816
1032020485
376003382
2489061914
3757443644
552420404
2716933205
3261177712
2213516448
2591995785
1704588282
2628748818
627875694
799408461
3196671807
1834437328
1249641667
4115427561
2954594588
1084807436
2606798657
491111677
1006256635
2820834789
4291195582
1410521088
4178847936
3057710930
339498786
194920148
4254130982
3277487559
317695191
393242072
1461839626
1552195374
1496856457
4080487078
882138592
3686130652
234983159
1969275854
119217610
436276053
602213576
894623194
584254556
915147582
4083219821
3264546424
1778779174
2290817629
23668873
1403812752
1706936946
678696775
1310806904
3551985287
2598668241
4158279414
312230531
274739773
1101676161
3613354746
303129661
377375941
3609031811
1851920690
4059692418
869476460
2710303317
1878091476
3795407063
2336676064
2194461222
3260177865
3030460066
2023616420
1241697279
185762702
1366305021
428840108
3550774259
529027425
916262040
557142243
3610011189
3529677306
3258426596
3881502193
455667225
2135590482
3656408398
419164005
4134543488
1712922687
448190858
414901236
4181123238
3122815185
385054541
1085789001
3318449278
2523196679
994627701
3910580612
2534226328
458202090
1016362331
38539688
191083615
3100858547
954635479
100115338
2721579909
1994308756
1190147078
1605132988
1205622238
1435777160
171408426
2758810722
2050592960
1242822324
2042446282
2360677
3564755183
3820053841
2360066955
786275626
292408538
2896027853
3559871859
430927218
4083572043
2519584770
857669775
3405035380
3204529390
4094043937
1190374803
3385790618
3111898002
1053121432
624505375
3864455317
2612716063
3616162352
668152989
2588197576
3635838960
3699871525
2401820382
683961756
941222637
683191051
239678122
655486097
1688665767
2364510182
1082819273
4280884885
166289520
3559370052
3348835164
541472942
906270207
330751869
932918787
2667326476
4213340860
4058100147
1075717540
1922797327
4229269572
1639859995
974590517
1916699997
1321044277
1150299725
258543789
2285884747
436441931
3278182552
1968225666
2439990631
4265941848
2504450873
3801396421
2682305055
3585632352
3442325131
2145280112
958782986
1897709533
3640465445
1407393794
2380872838
3961476871
417336085
172893381
4016533049
1169188813
1335617533
1301687185
4134552531
451278544
3195506273
3258473484
1497621176
1787880819
3004739936
653289002
1448750598
3435227423
2506954148
2415946684
834861823
1907357199
2131588940
1551353649
3760263786
256772238
1781803490
1779700401
953458157
2380361598
3062317828
3252781219
389772007
2150450124
1407558405
3213418381
532418146
2924767812
4083598598
3089493744
410715898
3269546756
2742770997
1358615949
1083495253
568113367
4184351004
4012613302
1704981802
3713034764
1536983388
2092041886
3518129118
1357729157
3157178170
4146222793
1902236247
1733730516
1497062473
1691141378
4149941135
2892647070
744642366
1525124467
1130865365
3094161553
1310895201
455129692
2553056503
3688084924
195367867
1014776212
1912449509
380559359
95771866
3693114692
1527597474
1114639322
636720360
3568403318
2487184929
1167914787
175282698
1590979110
2574602607
1981442502
259386263
1264656315
1658412865
3462576982
3371839365
1634739462
3018780941
2465729977
2855126692
3323649367
3632323161
497680664
733863480
2223733079
3941577742
3921623942
3045845059
3223378168
2239133495
3242493446
560322340
3972369609
3744633314
3429725611
691492363
379955818
1830434638
3866769399
3683387072
307565860
720838829
3859773180
793710917
113891969
1768766022
65152268
1327270911
1546357642
1467342545
3550652281
3885246970
3325817123
1533997655
216353744
2076334997
2883499157
2858539290
1193018011
3668901053
2268002601
2598145581
127349528
3862911374
4102849716
1539602294
2739016164
748672495
232032472
4247231618
2317496112
2697888181
2486482463
4143335088
2274136792
4054692178
3335120960
4209696254
2524633305
349643078
616285458
1556538997
1292414267
722809015
3373724750
346302395
3430930001
2260552463
1550301605
2398169189
1823544319
3779537956
2012170587
2475675919
6281956
1612711271
1015065630
1317346888
3444129122
2997614630
139711624
465310770
63682611
1971018087
2877514043
2126036432
2623325850
342080545
3821052423
3423394968
538972735
1229832417
156681783
1793930464
3549491905
3738634247
1646890516
3076938246
1970695747
97076344
1461062521
553420362
2748290528
1529864977
4159283939
578517958
1398181087
782580418
3942890838
306186040
640451025
819246172
2303902809
3486949691
3803702138
3482924106
1062795085
2548731038
1082512450
1052950214
2724250955
358454026
2217963263
1034486917
737122872
956328121
175352651
1946845065
1414037191
4080244135
3490536839
282855858
2371663368
545698215
63345127
1812117712
2910319835
1067467162
3391718919
3099895142
3517446091
2906596636
2650423487
1514828964
2036349215
1499737334
3970410931
2615591121
910267662
12850736
1140559002
3060204293
795723996
669538351
3867938649
4036603386
3855812109
1227804435
3031931273
2559969191
2978291473
300833739
2138799829
1184841048
83117494
175908213
1239019119
1824176269
619631615
1481972501
3342175175
206786056
2270182626
3669527346
686532371
1683424403
866957646
1549305623
3655743990
3759046745
2890207804
2156728508
1017090094
2434682842
129282722
841797947
872725167
3779431606
1834377521
