403322950
2470049808
1035404629
3479339355
906590819
468769171
2844832449
1798821402
1808412441
1697574519
3642414167
871293954
3981707035
2485696313
3902370553
1430173459
1857241989
490186180
2344386815
2622892310
2305199219
1477092183
4032355041
4046403180
3585997879
1235301221
2992117319
3304616486
2348245369
1459111067
1869761210
1456353070
2147122157
1768253324
267889288
2183555639
3910459473
1522802097
1055321218
837413602
3833763055
2884878226
1269831069
3766735902
179857417
2140174463
2980515255
3143534905
2704120752
533919863
1963820579
2437555314
3782669919
3352237335
2526424794
681872760
1657224755
97841667
3445887602
969545063
4268498180
427606841
289131209
2901397942
2942312944
1839421764
2197809614
1341416557
2599370166
4151761173
1243020096
1850389940
3932010575
2522642885
3103313329
1909346391
3339061525
2993350562
757637140
505217939
1374712780
3679332256
647214096
754573150
3469170878
3960531109
796215823
1846886408
2155155293
1204628732
962917244
2904924931
1895902639
865200271
769338998
126876293
2994972616
524260769
3302306009
3449389754
3834341469
2347324245
1647652795
1861896598
2098230626
886411923
1974211536
4212596226
555420561
2601105657
1416424206
1131884405
1549929765
3848502302
3628643810
1101578709
901462699
701245627
898290153
2033418633
3420734500
738224632
409186716
2526294739
56836494
2399840980
3407791243
811026851
971307698
861592939
3275678320
1695130885
2390063386
1746464518
3420829216
942954239
2844627679
3821916798
3816880883
3737365230
1589651578
3138999466
2832054349
466688686
6642293
3837048079
2109912965
124830131
1823365651
3503014363
1764234979
1157963381
2420015178
478413916
2308705603
926235485
795215849
3363358152
1547404544
2869511071
792749767
685789749
2102739134
1290103951
2944258238
3528853954
2548647933
81583168
1485692992
3209921364
563112572
3849438919
3831099675
345373285
2559630404
2172307351
1163303687
2636086499
1485062104
2136008277
360978233
3286977769
806359833
696516269
3365578347
3202073202
2525325104
81886781
351334439
781969102
3512781358
542095994
3601181083
3946428561
2402768368
4134871868
3667377149
1124052491
1532984017
2251550570
3931606716
2053893281
1990839037
888206686
1766061542
3078088673
1871404852
2632502700
2694211191
3129852819
35467683
2286397823
1140325212
1248842482
2079155432
2508012837
2915581506
3213096028
3251933841
646935704
1747962747
450154499
4184496198
2274355887
2862034864
3696728394
3358923722
420537973
659283240
781103795
4138350962
1422519525
4087558148
704101312
1754415245
259440248
3926203977
3570553544
3523174630
1654053878
4065279010
926660347
2698074606
3278131415
2789834768
40037429
1102130697
590611218
1811584539
101367011
3791472047
2077756666
3651197288
1007973807
3917155968
248706514
2560069150
3657558461
85410944
3181330997
1182541817
2801357636
2497345186
1073186874
3997698903
2835150983
1315666050
1780065754
2954129951
1384850078
885220694
2187607808
362516155
1856176479
3594413992
1854980242
3998591694
4222854622
762782308
1165966281
2776350695
1087089072
273551667
191558770
3508992878
940125945
1523558981
2101051533
488464432
2908883956
1825801445
1935951888
3833026368
2066808012
332453815
3690103815
2313145104
3246523835
2118908070
509848407
2312843586
808522875
2819288991
3746435144
3667575536
1197113985
3127988458
3617816573
1390330922
1081351335
1242116422
726422432
1718700880
1646100089
1638533715
2731330542
4251924451
2812071664
2419234375
1930994957
4042605957
3379678746
743114059
4179509923
3213746162
4237366830
2807803733
2505519843
432477600
1005715467
3818298017
3558664603
2366498870
595708587
1744975163
2567748807
3028432480
2807409144
3246904811
1578336194
3292570796
2200486932
2375708686
1416715294
420795100
2752513374
3566636789
1412074837
288589491
4094249453
3285973369
1413122485
2286173062
1477829520
3464140554
2698896873
2211327500
1128848880
4201870523
2824111342
3691152559
1684286000
1491783201
1673715783
568542942
3629673267
4231893910
810687609
2391260574
501019837
2499213170
3560472000
2801778096
900550526
376491168
2051774827
931650274
92458856
1456302057
1991944702
3767433672
2071399561
3166017796
19116407
2940124516
1941735500
516798680
1501423911
1628224125
4200353542
4074229719
32734600
982141859
1965380338
4123010033
378388105
2735102976
3409837516
1503062654
3080369160
3239237263
1832721701
4044951994
2951813558
2837212959
873986526
2508736160
3772898478
1243853234
3465359014
1162725090
637367815
1042156794
3080196718
1742854538
1789243368
2102318947
2157827724
2402005088
1167574033
507115609
2130106938
53703656
427573287
3879419841
3312188988
1383011670
3433626009
2859186928
3482554269
1799139104
1880773618
2730254019
1784747905
4076040968
1667296544
3409984206
3202869810
3988199436
193166764
3975458046
2231215555
447697773
2856122110
221611979
1154766709
2639540964
3076972217
4062601179
3733466164
1080232916
3534979242
3398519898
671850827
3700793730
868590472
3887492279
4015857561
2378101743
375148655
298743423
1273473063
269679115
599505169
1239752247
4023433873
3287734131
3340006727
2599937947
1112978679
3767551249
716123760
880943085
3855652361
1140283931
3983950280
1111758701
2080517831
1965480087
2053906587
171560613
1675782847
2647977808
90767155
286853661
13261380
4272064512
1100313991
3900295707
2727049387
2547515277
2359263893
1692695906
760010471
3174915796
988685078
1677286646
1711219431
258542095
511125646
1500246647
3741283665
2816852614
3685257071
3114758013
489174363
66051858
968572571
1755974219
1496193724
2106186020
3933230505
139453539
509701440
47089851
1636466622
3942096301
2196166040
1502120520
420688562
435312855
1830696089
4116435130
3665867328
305261676
1541183383
3464125855
1184285698
2372242738
2171683033
4183200414
759794084
1605028700
81612453
3639676537
2666470467
3595537865
1677541220
386887908
359261264
4109132781
3109146962
422104787
2256919901
2464398358
81778998
4128666702
3279961140
2813155413
619317069
2763410874
2035210898
4230503265
288975387
1856522744
1981100041
2028167632
2663123002
3595664591
1445418372
751052540
2395414101
3500977508
371379347
2540468924
3026677558
3096299532
320481924
179556218
2297781739
4283818806
328154241
1967086402
3514171968
4016920959
2503090317
555537220
3604086662
3433869632
1030378605
1020409110
2033844319
3202616486
169938712
134184724
1600885381
2241595046
2030133794
2236299307
1758278335
3109054234
1124119699
2104453029
1066396680
3860234193
496066019
2689087350
4183557357
3880848434
4104544096
3096009917
2655075536
131313918
3021130348
2966130904
3582418840
1705648293
1384797062
2709635066
3349834447
952851742
2948244411
1915835812
3858612192
1046901861
701051206
701994213
3096313509
3049725977
347154026
2625147671
234443336
867528724
1120868830
3793769039
411487904
1415889856
3349486020
221781094
3831898670
20350768
771436036
1347809389
2813736272
3573072156
1474359972
1087190390
3202037027
4122976017
1390441484
343922682
3376968942
1208814691
535567578
2924265645
2603116390
1027046430
2514174806
1521380765
316862153
2980760715
532373745
3327175587
761188228
3483671642
4262954187
3941686013
3851116744
1389421099
3992015874
13955482
1653026581
1177817423
4167016824
3841877913
3761258841
2749496851
1977219860
2829595078
1232057278
3411088993
774552994
3736504747
3651025366
619255848
1901982642
690187018
396056260
3905981084
4120589154
2005220080
1235349005
2793388117
1641862972
2238483669
3242899386
951465214
1185694485
4235654571
1705848005
1843108768
2276069364
3953757941
1830581382
2367782865
1846117368
3660554374
3430143462
423725529
3320973068
2890560168
2326465089
1331835609
376743563
3359971063
1672885111
1250693911
2984250374
2402530802
4151967014
2592671473
2389226024
3640707731
4153105641
3404050185
2926259495
3503617965
3214863947
1004066127
2691075886
285542845
2424109621
3342196764
2393755246
312419251
2383324023
1974024010
3456575342
1718174225
1615293738
1983733194
3154556013
3391035381
3336221302
3613616808
3374728167
968020103
2318265238
954454097
962658383
972046486
3635494450
2182397465
1318959313
632340123
293374404
3704090066
2501583411
1423086765
1597760445
130548751
2810975294
3687773831
2222488624
3259227952
3501338657
3932062443
4007503657
1067040439
3093094660
192479838
26568825
2740485660
3255260394
3806393927
2087118911
2321195658
2577746283
2567243222
3180610430
3020518666
569482331
2761003903
1707429196
4216608148
4119697760
930796335
4076812211
3330107323
3896318009
822121185
3671212401
329191836
1325837260
2705475352
80899271
2701038483
4165904570
2437426289
3194796957
1181315065
3333735522
3795584286
3388478753
3444603150
1105336213
3159479658
3542892612
1343510345
2070431900
1906791210
192005982
1002001177
4031539178
748595704
522223059
4184305353
2179800789
3106541505
969961652
930063897
1503843178
2049713235
1800809851
1880290842
729788128
2007656920
454097005
207965140
2899865400
3629750889
659197922
4084535418
972378095
3621157817
271506089
1645128085
820253333
4262293186
1669980630
3735499263
3840656975
455102567
3747667539
2276933086
4217927798
4156928191
1858707771
34956513
2722965874
3893480223
432798097
3594660262
2401506041
3278169910
2296781336
62733907
2443291654
491729038
3550427147
2312888445
38658817
1339335549
3985559086
4033129408
3549901260
2851304730
635239876
937121039
1000742960
2066293297
1133457675
1174457220
2545388391
1392320533
2339848510
2901219851
3874097635
4006023658
3926995349
218628060
1961849546
821901964
949932514
1513681463
2388164502
219918826
867688227
118295090
3973965626
2828510741
1459847365
3668621729
2866270303
2642690607
2257808224
1252470296
3889988232
827180566
2801841773
2262678696
2830831112
3136697781
1231634773
476206077
1677481355
2797646464
823681103
1108130301
3479142820
2486495519
4039021691
2772212023
1233636533
2461452570
3972595802
683066550
2954246458
336380875
261522748
2397142865
282127128
529763813
2356961521
124730308
1969121953
933486980
4006216563
2598507150
4220281196
3962849110
2903475192
362215418
1787520531
2400780543
1440845321
1008045636
787996973
3782158193
2824607949
353621931
2807571356
4173785632
777824507
1880312205
3981606682
1325388912
3166556424
1515447745
285986012
3544222438
1965842428
1623114529
2129619190
2696446554
1711075250
1971893516
2983967381
33297560
1679202699
2823363496
3163900298
2406606080
2279921855
4012497671
4042400174
2134082752
1291173199
611388502
1470926076
671734608
2278389501
2419847126
4052219208
1478858858
3542046574
1175462392
2466827609
1347820257
3726648295
950563083
1151585660
1952188305
561299590
4164120695
3572063290
600257212
244008319
2037248746
1945368103
2908168656
387014698
506785463
3668528795
1711388763
2430449542
2941593952
2108777114
561041807
3903041347
443538351
3604380111
3720051199
2313223563
3583315942
3491334523
3188070979
46875349
3064423516
1067713460
