1757568889
1388690090
1272048664
2234603283
2429451322
3349088623
4142960107
291863866
744065023
1242403424
472144526
2387564160
1745737807
485482168
2954679898
1447914462
2294286916
3712159755
668394067
2931813121
4204373002
892564400
2998546929
2725028383
77980960
456761341
468642917
3184256685
1297657252
596664407
3355096880
3886962876
3957092356
677262358
2376989881
2750158380
4078898885
70246553
3799252117
2635687494
2341133789
3229231616
3284902122
1265978988
1800264377
191601800
1311201017
3526226555
2674557053
4053207778
1475642684
550962415
1707402525
2969949304
1218237388
863977975
1488018859
1639128822
497247285
1391703055
1865021024
1986132617
3330411349
1400114917
2351079123
4240465581
2988677709
3919138320
2949936407
1192062221
1838977681
540408618
4118297634
2156908826
3037501907
2579685931
711465515
2661006707
649563500
1239640549
1354883356
1163216669
2139264352
2460628708
3779038974
2196807466
2342991097
3636954847
443282922
914062860
188312811
456905862
2981817240
3980666188
2990268945
2970121069
3793067779
3129885675
3578605267
4138234760
4252329539
1098165929
261510865
3983187728
114111914
3139044407
3866724940
737871053
4289141711
2913448230
704077111
3574319303
910436105
2737940511
521498311
2157517452
94886228
1970334614
4258364627
533026693
2540809223
919069269
1278525535
1734221956
1635535612
3336936615
3048570942
117145539
1188475808
977196582
1578196523
4218016843
2728177461
823906525
1290322077
3935939311
1441320419
2323484532
2046852917
2559242322
1381609325
3806762610
2717652611
3111207097
1286595609
1001898359
752689411
3364580392
3638676138
907073401
1191627144
2606082120
888060915
3128388681
3849710974
2343018042
611110213
1305949542
1227891862
1252657561
688489403
421809979
4254527568
668911594
697241870
1564900096
465691514
2856594676
3016403967
1494809860
1453046094
1700186057
307815037
615916344
1948258633
1753030862
2368274864
2261291394
3515533722
4013269791
1350548253
1133236696
4080100391
538805396
688717211
3667269206
1139793450
3806387899
1150188389
471321287
2702441461
3647338005
3966625543
1024836217
4130251562
2528565527
994651272
3413604647
1431063516
1074416439
480994203
1992500329
1993787194
3305635393
1473029715
553899
4003963966
3675322377
2725342542
2679497097
393812437
2638415176
913055633
2601464689
3004281558
1838031174
3003909959
2094015669
2415613576
2733902166
3065637128
3557874519
509097324
1166519471
648294161
3709273061
1710400317
4057056422
836676936
1541076755
1880293853
184670330
731202922
1143822088
3721968174
2033707229
129887050
3191362951
3211251343
596488613
1827284325
4026596804
858871208
3328734039
1671205384
3486688769
2498956096
1332648190
360938744
3886191308
3148177734
3662311459
3892191338
2813716526
1130982722
1135823108
908882303
3075186843
519995025
1175292819
3784673087
1632924586
3832827090
1699199403
2499342022
920884284
1336029874
2199624357
3566996489
2142895348
1325054886
1292684380
687277712
820961055
1976923563
3090676178
1896722086
477888594
2469953839
4018734953
4160178500
454646764
2979936131
2084735513
1947117649
3353611594
4097016414
2439285707
3797445094
2232533654
4183329067
1757324086
2350405746
582199626
200897090
2912542965
2618464029
2455642924
3046812126
1367947062
3522828463
554403641
3561965760
1334984164
1719240849
2172779009
1864253753
4166729126
1846027962
791333402
1023661212
1199995143
765862069
961674041
2530469326
307007067
1813035947
2370959734
2051338274
3570856846
4097668657
1782103766
2800180454
1519254134
1169198028
2657049151
75559789
3620720288
1803446193
4259621212
3610180476
2979451330
898081479
547075801
148087236
3895367458
4244807146
3487000510
3341187687
1440221298
2052234401
316566332
2250232281
3300991386
618768125
2102085494
3396134630
1188492999
2481086010
3860436996
2596738806
1692214000
762578834
4103416967
1871848356
3976884076
1919550230
539333865
3375224754
4038661678
774120742
4032527278
4247191735
892559819
274685972
252245091
3003916296
2389951021
2841256336
2795513911
4010503219
360101203
92453312
3204524118
2579883372
3681884779
816569829
1775272171
2817508779
3072872738
952850674
1770693563
3918813546
1916236648
1247755964
775375569
3360728644
2582764937
1994330527
1425806347
487393108
2244482617
2507413031
283636942
3959632823
1238697942
2826552162
1717353818
16080365
2967939662
1834202115
1441438231
4168890071
1388178371
374293958
2166563450
33152875
997725492
3745497246
3504409368
2015066770
207823803
729009482
1350204509
2068374704
3627279733
2858670918
1400550432
3972906029
329637117
1737872515
4284534972
940840362
1187746063
1859139695
1096581205
2106955509
3582639837
1342670379
1733423326
844849659
2370160007
23829651
2173199670
2787928080
1755606426
3857086718
3667596677
1504669859
1253277669
502802126
3557566620
773258425
3050773635
1060778452
3432503524
367607049
2749749911
2609072238
3541983000
3131164043
1829643760
2785761594
2737809553
3559483177
81714475
2744392841
3835246706
380474362
1879427126
2351787761
757363083
1358046413
324679448
2565751900
4027125361
736175222
3515420398
3013614758
2053867147
4121792951
3450830944
891323023
322189086
1956694431
1786572090
1774515859
395107663
3428218942
1581275409
1711722298
3271390346
2098191958
2424118081
390312218
3815562570
1721375484
3130574562
751291005
3856472903
3132147317
3637264586
2656447966
3382135564
3937080066
1390343511
1080293649
1511961386
62972322
2721905740
1024566927
2869854381
2386050107
3025746807
2535278879
1214241811
2686784863
488708845
2606915801
2662293462
576215799
364207153
215674208
1237111808
350618487
510821365
3992596865
2223666282
3863544344
2024980479
1738829362
4184379927
1626153317
783828915
1755661583
3739933372
2576269827
1707694107
3012456727
2475253089
840724191
2336750866
3998703281
1079755313
1656323113
1844304988
3093544718
1460149852
2746250651
1382428683
690601747
1057877321
4025568847
3479643221
1685133920
3394476324
1704008020
969164850
533865121
3899726298
3960036900
884942199
865380959
1154316828
4188267448
625716848
3133379988
3046749992
160790595
2335288044
3178348948
838348689
3828766659
1256766516
2885465008
1627201901
3414118898
2820695863
2289897443
2225260515
742671361
2650121404
2689634409
3420331657
4049045419
2025003691
4119011908
2426864892
3721484165
1383359251
3367444649
1837806314
2858732916
2118514634
3259732983
124984478
2382385115
708808911
1670641808
873307593
2363652590
2617269743
3936654563
2601267836
4033942054
4195530590
924669834
3544651978
2684314021
1648601472
1569150655
494692953
3950789610
1971117064
961364392
3047095213
3998918274
1174827156
909496508
3901922623
1874723092
1157578086
4189655049
1804031279
3742487094
45936389
3252859279
481849720
662218488
1496371554
3902404503
2538554915
1157814954
4181886698
1553568043
1952189937
1763121786
3592087099
1082781510
2903614803
541770030
1707073120
376364915
1367528915
2282348407
3800600433
3992134774
1137314801
1262125992
2601395968
3081778626
1515320091
558993805
3538228683
356482774
3316099629
4269721
1523232262
2202122579
3367016494
1523659375
3307833220
3592635067
1276003002
3117630855
1914262150
3557258935
1704679522
1161636489
923235554
4165028488
1409602123
3939822548
3886780147
1441262803
2995848175
2338312714
2554262003
2682223935
4110401432
315825817
3328199733
2769794198
8006508
3688303211
2398024935
1798067414
1001023089
1965318494
4016483267
2681191898
3052929544
2603282293
2991185952
3885320565
3142532033
2784522311
999858012
3383398007
2288503294
3029257267
1791980278
2706884120
625981558
3865894909
1514008673
3445934292
2203261033
674071646
162896210
1244734719
892467380
830745461
296510226
4150628178
3061591647
275526162
2417699277
275177813
2453110635
2892567270
3415087658
1325906730
812586424
379311511
929473516
2449679033
440668384
3037516094
2863486779
3088357971
2529827727
371118960
872111088
614075284
4151904879
3720376779
3577133350
3167332913
689667979
2467249626
2745248236
258159755
3063854820
600686788
3764077957
844401661
1137332834
396332941
1617320993
747056296
3744553412
2518479742
2594716874
1494576527
371405064
507252038
1595335926
3383350843
3663497740
3929920221
2633730259
985114496
1752308424
1279291867
3565916016
1642057735
3607535903
181377912
2194024300
2896095985
4077575599
2105725633
2178801259
2894345592
557377365
344094078
3685102777
3157012380
2815157433
1663764025
2165524183
3606037204
1648707983
3565439454
838362781
1971645575
147547934
2528993437
3656433222
13183660
405407755
3850718205
677531143
3922596864
263109074
1060313371
2272421396
1087306389
3636273943
2323661886
1498029770
1539174905
1153397469
386161287
2534472154
1033003791
3445041659
3260276538
579005780
718548034
2722572561
3580996026
3403095888
3349812360
3473210954
795810418
1991100254
1063920944
498164584
1955571997
3981977942
2024818857
2174606358
177943339
976882763
3592079530
3617137343
3631978272
102273111
2839315894
2831692252
3185845011
348390392
2856058776
3221713505
3127677091
1940709297
1960099350
1550912324
712319868
2913334071
1684790065
2004958695
2451284894
3258124948
1575180898
279471426
326335301
2939868346
3547511611
4078398909
234899653
1490449835
3067448415
1812062590
3452779415
3325067814
3969265979
523775679
2152844936
4286778193
4038956023
434995248
3845809979
3493381388
165048432
942365519
1062274728
1182426232
2020356893
1125224771
1724723315
4023087046
1893782550
2281214263
2207519279
824485872
1281964724
511896911
703245110
1504683800
956841457
3061412534
493393826
3409056508
4073526127
95265121
269136367
3903827541
202249642
386405434
2337393373
551374854
3414342533
1960140530
1987245203
967924582
3097231214
1947375405
795142479
2002990757
3811343668
3793007966
3582988409
3873059519
1280770880
4120755337
4251597883
736259155
3933101071
1859606827
4285982884
2978809904
1657241103
2911839027
1060181142
1185397469
1582503481
2116097972
3480933230
2122707997
341500118
2325585500
2756982951
319174040
3700607338
2007726205
2048942676
3653244673
3642655269
667911956
3338633355
676380518
2304887290
3524686264
1825533656
2843632896
1025252020
396168278
209316616
770911651
4199465646
383944507
1066682009
4049198471
3191976692
3943152784
506529702
19139292
378420286
4004067723
3666671717
738006877
500708528
2697458005
2426743060
3880158047
1588880757
4063995452
2827860129
2559405322
1184675870
2095994197
2206187985
1715444973
3087755284
1585850950
3014809557
227828456
3362596327
2517837260
1678206471
1375289801
1356349156
280511118
1810257010
3469718990
749705654
75413328
435682322
106697625
3344602508
2797517188
771589409
3352031948
2781633868
2675314652
2416534649
1136541287
2479650015
3846985816
434036314
3302123494
361395080
511511447
3473175724
3510299639
2652685323
2245683441
2563848379
1623841614
2124469737
3011960397
2602989262
2101586690
971764567
955166006
3705769294
2315862484
