3678924580
413999449
1649382902
3873608817
3909539812
1821792542
1218715256
159621650
2233474168
852394199
2445377886
2467070079
1237840146
3781036337
3690154579
3818553672
1542965939
1710611326
2785172519
4126925940
3000330624
3631935012
1423499953
3098954344
3151296840
2764986225
630715487
3000652990
1926917953
1233107999
201965880
1450981489
1922467033
4116946913
3839544464
542220649
2665099377
1727981148
317054403
4115000852
1453219530
3499629649
5899470
404842257
1304938747
2715866773
2777189419
236253444
2620601465
2868704565
3522189909
2615005367
52419664
3645318091
930364115
3960359325
3969942466
1614017197
534030984
1149906213
323920988
2290819651
883327201
1630817983
199490146
2825238432
1278838808
1183437880
2470583771
1623886381
1140149065
3732112988
4241336277
2816359056
100882278
2772427147
2952219023
1689471510
1546681972
3703524970
1378635163
981062797
791662265
499492026
2422947196
2495245376
3984174998
1601073518
1675520960
2369639472
3455642798
1877065714
4186832256
1258976197
32029083
709420268
1299022662
484584810
116095886
1856423125
325069700
3911191853
4121675272
1236705769
81371726
1820921692
2118733159
3538773256
4045076892
913550966
2930950753
3524008768
3285601226
4223754461
671709114
804333586
2260609181
3329470179
854785702
4237960597
1424728769
1255496888
3685487202
4291965200
3111115654
1969165808
460141149
2217243762
4230289578
2951739109
4168148122
1468235030
4012254578
1631890176
4192883706
1476734855
3861157196
4025872372
2200871446
94811948
123139113
2669366415
1355263107
740190576
2210185094
661170250
3979523486
560375776
867054426
2029043391
3402387587
2861516646
229092338
1434389094
1622376660
925805399
2659803864
4289470311
481986817
3673460999
207017148
1428056420
3234484450
3075981331
574029817
3555756853
2326423210
2965605435
497538412
3253958941
3243290597
1834713404
391219834
2953787859
2529590979
2712393616
2734783766
933450696
3440862483
3674923463
964270072
3007794176
2573272587
3914813404
1780787780
4059907688
1422592223
1587606326
3918205022
3610943686
1710518819
3025482682
119551763
1684976258
401953761
968220498
2788928790
1550933730
173488223
2231769418
2811577970
984866850
46085883
3930959252
90029143
4058620606
1418458661
2287702081
3907064671
1182044005
2678085806
15343288
3057014180
507296950
469119033
4276151548
3885745531
1406142659
2696053652
2311457272
230226093
3546634560
1349042711
4065082912
3539600690
647743399
934525402
2561761647
3737178839
668843871
1099931156
365585718
2692388661
1080659979
576942353
2352857196
1998546648
1454087413
671902759
3056339587
2924582880
608140618
3137536086
420657521
778574754
2733771014
451568188
1290738195
2786931902
602244870
2380731783
2660993031
4191093020
518332269
1753402711
742469479
1283456364
2774104628
2982699804
3286292369
2228562896
3023704526
3845775536
3399706578
97705724
3330032886
54372387
4030802454
1101326125
975377173
3415192236
3928270400
1644086810
2149915708
42083123
1735079095
1016416403
2632029446
4128616871
3557749955
1898688754
3306988540
2970854981
3235443137
3458664516
1726035687
4230664438
976512726
1120575632
3283589934
1829727828
1714939965
2513381565
2498664949
2331327772
204467329
2275828249
2952588943
668340984
1956125699
321018503
2554556390
2528669363
257019344
2336892475
4128757624
2463479679
2310636562
468385429
567327446
2028189218
3944573693
3497312877
1105732134
1779209783
1176902529
2952866298
2294004761
1466844309
3941601510
2986109827
2963985550
4122056961
1441482684
1225594110
3413559551
242262284
1731506949
2451114811
3629091515
3126303497
3825609456
33728496
219999430
2291717412
1448179457
427406629
226156805
1420849310
1331558296
3920614597
2933970168
3707901047
657182105
2764090598
1380193961
1216440712
1563616756
535233815
2844332099
3852369968
2253928825
1042203889
3128137522
3651220525
402637646
861065673
2896293498
3298884085
1520172371
38802714
315275964
1738173555
1552368280
2974136765
3252898276
1406861105
90696099
3529170001
2947280964
1154322420
1095403384
1788635177
2277237226
3022522769
92726078
63305762
2614493198
1929561213
2582385244
2490834899
383627393
4134901149
1735276430
1670042752
784093423
426885310
1705517683
2153755482
1272112285
612537970
2839585343
3299654725
2324858874
2117546411
3998152790
319578956
2647823730
1040332447
1857809451
424328521
3440512690
1671706483
1412832483
4233674681
3202901534
559389120
3172518401
1375689240
1732825443
1552882125
1053215880
2325424419
925648539
251528363
4114619365
4092971750
2217705485
1505131460
2804342981
419286443
2198256853
2654912986
766931784
1407116612
2279381619
4230922731
332405702
3255578977
3566958218
1439733299
3394527345
1895812693
3975964720
1922658909
1867240521
9809888
3996678661
2113126322
1145775230
1698041048
2194592207
442905773
3964386634
361164152
146027303
2507239556
902308670
3565544111
2057355224
2878428800
336145999
3229344397
3408421756
640534778
4082183122
1513288999
629413090
2976490757
454188167
43369042
3851110524
2730240230
4068547885
2324072878
950282012
27090038
578929697
2734807524
2890428617
3624889234
1563876486
619293486
4147646529
2609088520
2408884222
389564816
2247859987
2489693682
4010940025
1545180418
239581311
1946543262
1640174886
2812835141
2075819693
4158211897
3297187586
1838936689
3245238381
4084435183
1978158469
1448120448
1914584485
2924336947
84302279
3786981438
3267435481
3982266942
248791737
4129022831
2438231809
2849419400
823101116
3539891673
3950862434
2002454486
2617620571
4133847044
2247542234
388377721
795158070
81436628
2309194649
2716092193
4045275470
1956024713
637503160
1398900008
3265973316
1287985170
215472259
1083106302
1678700897
2806301343
2484250765
223535655
3699325294
785668599
2693503854
127495706
1341665835
1262300846
2858218465
529056463
2622386249
681314284
1646561729
780943641
4071363614
3711946869
2594730152
2825305127
1506723509
3229799160
4264655702
4034516247
2021445355
1071255299
3825022047
991729249
704554958
4221465094
780256738
2486748065
2886624612
1463743057
1749904680
2029805961
3409492633
3015526439
3235105925
292703595
1089555156
2628527059
2554497562
2683585789
2518972670
1408774584
118936112
2536981006
3313815492
1484026458
2572924261
592908697
920780720
3517939334
1738793265
1765404332
3036293402
842251609
2464235019
1838260585
1941654029
3352098737
607705743
2633899413
1237589078
1430544669
747085722
3063243441
3862930155
891944109
833002994
2455522046
1188897721
889974332
1726007663
2221112715
1921165558
1081050109
2802930736
344026027
3718623961
4294621848
3000619125
267204837
1866708875
1268437787
1745435816
2047837314
241282095
2830173784
3687626521
904855123
716917997
731414011
1487600954
1880170037
818955724
3009702111
985696240
2352580
2333754880
541380134
213547662
2098733881
131888132
1546704814
2928582361
2138919916
4127012101
947828935
2446647104
1240069987
2245670025
564800922
1600488823
3613633135
2366844482
3788881514
2816794043
3465221776
3245048205
210010142
1793300007
1562531938
1954459987
1978188733
3508768606
3174627708
3290564637
1097431649
2177550394
3826354505
3376301058
198074036
3404992301
4190214218
88988728
2818724055
346142549
1074832169
1690744827
2112477862
1147940270
1369682369
642295028
1436424406
3177336807
2363616174
58151288
4161114392
1606419385
1991635878
252889919
2709735345
2945431929
4142842235
849077110
3460857918
3969275434
2239532033
3364018341
849286173
3903376543
3132203963
254697038
2016698458
2626650307
673619768
815813831
2882132686
3951654692
1693643603
2157970903
2149142087
2220387578
1124229665
1140632371
828551245
3694316611
2946716805
269030290
911113470
12852044
1508713428
2491682942
2128214245
216960376
2724017504
169593549
506638153
1818044622
3812390727
1256271803
3313459285
248609526
1427670533
4286580786
3648762400
31675633
543918174
2685963134
621862771
2140550297
1446675787
3037420162
2732561294
2950574171
3953730765
481900766
2405669829
1715839719
1713296227
2131636977
1821704946
1829036406
2707018049
4084132693
1508850981
2427878213
1998699667
2475122426
2546781160
555786274
455186074
1456424239
282685945
728983983
3153735816
1350423863
545828868
2506427005
3087585201
1804231504
421009299
1936484542
1928062049
638992894
2377042861
3999756858
1015965038
2796825337
3179014628
4235576246
1497758468
1769130547
3688557505
1345049880
2127646113
2163119424
1920168920
973866631
4258611665
1428297419
674410861
4175002692
2446784639
2341876550
640381297
3457455407
3197755695
3790755110
3704728137
862979613
3781343076
1454053688
486972100
839021462
2999259933
3361905723
1476003356
1583078641
204488429
1819305001
2804839453
4206552182
483579660
1611354186
3487005752
4214644134
42145563
1769244634
2143507312
1564682199
3482161047
968671846
759401596
2952120691
235809125
2622984360
3268234353
2813573039
1135374657
4280594577
1830368852
2618571796
3519157810
618449096
3867305513
3305518967
1204786160
52496861
2676397543
2368525917
657320725
1362337672
1644468957
4090860739
398646641
3005497390
1408790383
2638776171
2760823476
2533344534
786739526
1195616003
3586372751
2629837336
2389150220
739475929
1931472484
2168563060
3128288615
3764503827
983007558
317459587
876927795
995641137
3548816433
3061102026
259912946
1423903458
2331843835
3719737636
225334515
1623346661
1554187952
3920527064
1311749816
2164838617
2527337366
190071372
2962526999
1975571824
4259319339
165147301
1040851855
1750070569
426360867
305705409
822188209
2711566826
4226086158
2092422154
3474468668
3350059542
1009009915
1555870979
2474083217
1645631994
1413614128
174672451
737682589
208122142
4055770960
3788380511
2944765544
3737497983
242132866
2401488937
688370996
1998345068
3689519180
684047741
3202808062
2518554519
3677654723
1022745492
3186659475
583834839
1668222034
394099493
3508951659
2422984120
1377517098
2716758958
540617504
2263791456
393272293
812564725
218350257
1003066514
584948204
640964026
4204329303
2553423517
2969417241
2195495535
3880814373
1413627350
1891059585
519990557
4149368420
1184906668
275504573
1513051358
3195748690
2749866030
342037751
2215329285
828935880
289707102
2170961990
3217177733
1430498474
1103804975
3390182893
1954520332
682460332
147426820
797694728
2289999280
2855056563
2360168614
1734345809
185898428
19749853
3549162107
3372491280
625529517
4219611231
3287356443
1841641763
4292644868
1457532698
460993859
53500207
1417688222
3303315299
1086714854
3850787870
1592373478
2295359791
1718299898
2262813904
677521654
2878288560
515994082
2339796042
1162400068
3545575343
3406331656
2176517369
2003491133
1445665190
2830669481
4058229431
401900639
1714119703
4183201437
2775933811
3101206936
3599566350
1748732334
195763833
2903055046
4205314034
2286123189
2688261627
302621621
1495459126
3896112926
4251187733
1455798111
3407775997
1306379441
791977194
94199929
