3633088728
2054961613
2507228763
3282143079
2205962593
2229433023
1313406638
3346163578
4104797582
2772364892
1911518218
1657776827
1539853954
296306043
1710634328
2291873232
2076914233
3205889847
2238350247
1588753239
499587154
2138818565
1301401311
1961405801
587412947
860784967
4150054402
1953921312
2390179876
515161906
1157697888
2978411394
3721748406
2455882495
807485723
2839337844
3002735024
3403357061
3284561134
2560374656
3830564104
1237236485
2873660583
1225484910
3664687225
4182950635
3311218245
187201379
213465604
1345107811
202593490
1666215975
2281723441
3473112208
4119379885
1057233489
646203693
1451252523
3198799359
2019490690
429980558
3165214038
3425566465
1435199835
166643964
1278623715
1342852738
545367557
2964228762
4236143087
651154843
604273392
3757275355
1866692560
2378726157
819133665
2363863498
3516718497
4113504861
2962135186
1107675307
3447837230
73686197
2955629350
1412607897
2402634652
45960195
4156105186
1776707704
48606875
2693318693
3782625179
1686368702
2029616890
769464511
2429952183
2302412940
1530096981
2635489710
3067517758
3249303661
1325902113
3396581368
1134564388
4100287489
308096145
2930662643
231340055
160756912
1598589320
912418621
1431964375
906071073
4283525388
4020994459
407420388
19472782
2547959316
1659710391
1665870670
2412356197
2381041613
3127256660
1998014946
3319334967
2570801723
1396663688
1794609528
1578833300
2921092784
2205056076
2801159242
1294689233
3226267101
623987131
239437635
4049769885
1232325886
2844324139
1282905107
259163387
2250815630
4040607701
871156348
2847396098
2005919565
3462600788
4075781455
737038375
3199880477
4164111606
3061749145
776604492
3347890803
669459141
2821078450
643175074
4052566471
3575740619
518908410
1192774890
1487950492
3867485959
2530145445
1378121603
234072164
872072141
1634217362
3685942235
2728398844
899329225
301029764
1858601170
1379787791
943199699
3172648721
2344477369
2733320594
1338186203
2823419964
2400270887
3920432769
3639821834
3560000680
429584653
474760859
446687775
3996973676
2067242872
188768185
1070539069
2241269999
3013758706
3189355357
2754662685
1645641699
3577334861
1475127770
2475539024
2133954099
2834768378
741234413
3160412197
4212046003
75401047
792815150
3610439159
3721283450
3030730007
1865893598
2100515753
3660684018
3797919036
1937484999
2274621277
878036257
1582718748
1329572271
3007798244
129648482
912447145
1677443274
2447480705
1028325706
1960868987
4220989177
4167303412
3170191955
2899427538
3592732765
2919341014
1757092952
3207753625
3100084694
1277171834
1723766697
2579407154
1237750699
2716277054
2728979441
1428546002
452273746
4137018245
2179868312
3705152676
1087336315
330181856
1723019011
2348525961
3489056906
338923503
3938663617
143457295
115732822
3859677269
98742220
3935586364
38236024
1542660566
3337772006
3327433371
2818307557
599409863
1215488130
1139506519
4033662203
4233177654
2834414524
116442999
1261875613
2599385794
1264124153
3446498961
3471900440
727877965
2380577809
1118243715
1144721813
1608062438
3831583212
1607554761
434440309
596568701
3737844648
1900861814
3775437443
2585022540
1311584638
2743163976
282846545
872228042
4119617867
485130261
2045747700
125557610
862818987
3389432986
21503630
301779518
4158613771
3005174652
2278400859
3948376564
3335583820
433824330
2107136722
1410409293
1380962580
1452959346
1084286896
3533681448
2817540899
2550665494
1753628163
290865462
1240705125
3481463889
165639030
1418609694
3925104602
2812220956
3241210250
719118604
2188974921
1388551786
1895415288
2284221083
3990303587
980156739
125041496
1187373583
2869796384
3793229589
1376201761
1680519316
210625370
764329744
1821422655
3305627842
3189112560
1515053829
3439051593
2240181964
3218191597
1913437401
3680535019
449267073
4022780282
2902991052
2373595817
561262523
2148127906
3181862782
3531677515
2262578450
1310303286
4208568434
3531096363
3339132549
3510838135
2564159516
410707516
3639554971
3388278747
2046620095
3067792492
3985586963
438673594
2664323731
3209234155
3302044873
789782616
1574521488
3938249111
465060501
1531575259
648754220
2803388646
2906647960
474643229
1215571611
343045339
1331565710
4024761958
1549721556
484182749
342229917
172742189
539740278
360454270
3973216339
1024340711
702558013
3636809363
3961372000
3526505478
2207925561
1679765637
808170907
501509002
2589141668
1839448994
1559536879
777539353
1363784052
2365212579
3002127450
168971039
2349048143
406060575
774768516
2942244388
1261643907
2015092714
46365001
3423738409
892881963
2168857639
231804428
1454017928
622887209
1189394433
2726412150
4169245784
782243771
3041003841
3087596206
1352941464
2192506078
2198744391
1730493015
1841766742
2891333055
1879311945
1711537369
815385901
2933458745
3016851029
3147412756
1273792382
798018906
3503374234
4025475734
1351725565
2597635509
2089864232
429317794
3944970561
3207460357
547825352
415786194
3963589525
3363994909
3938752027
4248932482
1543035789
2030144075
1479596828
1589374715
3811886300
3756229242
3276686081
3909832489
1821808955
3557714540
2004678584
3740257001
1048241608
2732512402
497274628
2181229842
1915157105
3859197467
3448103213
41630826
3157591635
3565552813
3551611150
2346749444
787019885
1476578103
3567685241
1643815964
2641171308
2809921156
704752882
1308332036
2275785107
521466818
3570221998
3351090273
4056005722
114803427
1671990044
1571013879
1599745433
3434530054
3789891862
1356805659
3986851085
2709840891
2932052991
1450615773
1318955884
1583874194
3218171991
29835026
1959323066
1296541478
3902726259
21197123
1034733732
3959526508
2996641808
699316362
2413626463
899653571
508313841
2577883865
2323314942
1397650867
4214464773
1412011167
1440108561
3988523498
4080067252
645849679
3196984828
383662466
3830947024
3674696839
3836067572
4178655092
2785935054
2559337467
2183922969
3561699651
2368898628
76829056
1060014563
4066367530
893068697
2452217646
2179288204
3590764802
1174794576
2454942095
781603617
3437035472
808133082
3809349016
1104871756
1076371250
1192300236
2990489529
2186889742
2990716406
1440130095
2586875005
1696271269
732817899
2904524521
2878407007
277643193
2647631314
3209789603
2249187152
3928738932
1268951639
84399765
432016736
4044002986
1848535069
3113831344
590062901
619369428
3603547905
2533499285
2437805889
3550830368
3051400497
1769622320
2209261870
2327751201
221068619
2329145508
3893037870
55894186
2634426594
3832374196
1919683131
579172067
532165196
1690775541
1398891297
840491457
77269272
423767813
2112916300
206139859
2658817013
4155170370
2361440948
656606081
685029437
3686048159
4204932618
3677198083
2647411033
5526393
3664338826
1162173040
4268107529
3096519048
2596466573
3976130784
1368802616
3930287879
125049437
1223921150
921474708
1099159319
3948059008
1264132408
2117133510
1031879165
4107853986
3891163039
2449332473
2162608549
228925790
2848102406
3079313300
679575008
815064311
76999045
1982810041
2992659003
478996199
3342204411
545590850
1988370447
592898086
1470397464
2616007748
1605352029
3052474303
1334494508
3621292313
552952043
514686546
2195172125
2258775626
982476297
3592610974
4138729199
2585985972
2335075517
2991894069
3925934633
3565421819
1732532460
2893245615
2809605739
3637163239
3525896545
2594313141
3500512691
1438819279
2166324350
4186320288
2966009905
2491709653
2502452938
3475308671
1113569578
187270888
2336748310
2617202931
2314234593
3674148905
1120417505
3672090621
2804901912
2199320005
2500894426
1662316476
469634509
3250224601
2073468858
2386505733
2330987420
202927929
658848500
161009449
1288428114
3931696212
2551532247
1216736918
1476056504
3628191714
2705739731
2176665725
1077449226
2321314960
786058754
3536890408
1810461278
1493628624
53081310
2138811082
2938872054
2975472721
476852993
2280056155
3961388310
1241932521
503648884
2884615334
438391589
4169879721
3011801710
3133063730
2826079474
3888243939
4100108201
3910864236
3689625476
127064581
1255007911
2351975414
1760773664
2251976254
3925629532
440368365
2797077628
4087480912
936518457
133244079
4000781883
2659095955
3702853539
2939911924
1636329790
610257886
2213544692
3261261484
4029310197
2251605136
427051742
2764709914
2747594624
2172444038
3381967011
817065503
489265071
1101503798
420772036
2505686433
868346646
1388141820
4251011127
4286457525
1657651779
2770788681
1450646558
2195547215
2817389420
1503927359
2030124762
407822908
3333139753
402860421
2059069296
560242127
538189091
1906963288
3234782491
1418563361
3927387531
4220734916
3123669287
3536090228
1731423579
4077088840
77826652
2606230482
1308018805
1204162529
4115808776
2780127092
3553428244
3300366367
2203642866
112250148
1806217309
1863162900
3004449418
3259930251
3668206862
919195719
985901826
14417534
4109586645
1882192236
3619069633
1051799244
3349906224
1408940162
3668816219
1684887775
294880753
3831354585
3866391943
2563331395
3497568421
2954174824
2836877976
3329102659
3590517905
186553653
4288399345
399533726
3614159899
2620029434
3096580072
614937172
1635494416
2391075643
2573082199
1860045829
2655566074
2384669023
1027685096
3264500898
2280791770
427230332
2058140384
2247683320
2303458151
3304567201
3432183559
835581128
3611793155
982016663
2107714381
3565054191
3566425152
3951317743
868704244
2335554650
1044438913
291130399
2755721035
1053184127
3135801367
2704744112
2424740820
3618535216
602908946
3664292894
1465585746
3152131736
1570453709
3973332111
1317975943
4002492777
2003643224
1268006678
564216864
4201606256
1126613886
1414998290
998528692
3122370577
2801465043
3540268725
1966228989
988159921
3324140838
1046475161
136838900
1074111349
1543486122
2320304687
3891665759
417534480
4150591526
410636854
2251855818
2567621745
2654755011
233521821
3147744842
2567659729
804877810
1852321961
1223062899
4119291389
1049904931
3663471364
1224578283
2646583131
1058095231
2269999924
2813198865
1938264056
265488720
2631993528
1324064505
2338844862
3252603954
490941262
3819664086
900237923
1622093018
1884479455
470004414
2263128334
1283112040
3135927272
95704799
3427412783
3983807218
704447932
3846604798
3740620426
1577034356
2465048953
2456888651
3055038196
3711371036
654273415
2616080150
394143949
2038288165
1937554649
3062431664
3446449143
3511247481
4102729921
2073198701
2105379857
2299144770
216795822
4131935512
1066134444
139797279
4127710619
797219094
1828512094
1193773151
540394933
1836549966
2879431335
1596644128
4223472448
580612459
2879992176
4173980672
3167446928
978332958
1946135341
1059866485
2771822957
3384481678
1299209337
3403448576
4915719
1550655029
2740975809
3757463606
712880285
3570962669
3817847788
3034844129
321289858
90341227
2421630567
1891159848
3835945011
1735189661
3970110237
2170770674
2149464279
807105031
923668168
2730633739
2826516929
2945892638
2610684735
393962080
499184954
2432790522
1895706257
633029337
3127061747
2474141325
1536738835
3388148787
