3856656042
646125481
1501449708
3720188463
3889301227
1597629790
2634971072
2642941760
4276049026
1676694302
1971794884
899362413
4119880996
2267795121
2621712912
2038999833
3723959551
742950636
232430744
351409818
2105413986
247296298
4136121146
3171578320
1465190093
2752410158
1644918841
4223848035
2170248845
3088004726
2751084317
1987063836
3343407861
442227989
3084933471
2389039224
1390772048
655854323
1602854088
1996491807
3647174980
1776067471
2202827496
1537712679
1233363159
101530673
1049355804
1117743125
498254525
3311472741
2942956767
2080618884
1905782105
2421484839
1525880757
977256433
1535452203
3436245407
464623223
4269102706
715753573
869458796
1966035866
768749457
3938046777
3374128860
2478960673
2742539477
2965055733
3846721814
3570400635
4226989496
335784240
4140253302
1548409856
3269284259
577537998
2392287833
782209625
1302626361
2795469111
1527089214
1810506964
1731951179
1954634488
2687660322
1923578511
423258758
2861172887
1325871607
2027185891
1287550026
1905802748
1876632856
567365079
448815194
656222238
2418340564
3955321278
2190707446
2900130897
3202460067
4010210446
4177235888
1624061566
2295417027
3333969651
403942109
1458987309
413143978
3890648607
1388156337
906960379
1517240904
3942365072
3688332842
3287213245
4280919191
1822643325
13492996
2748637928
1012740473
2777072632
3505442057
593777190
3305163449
1188073320
747369469
4104195982
2657666018
3637993611
2479421614
1825078323
1044376231
1223661472
2920732005
3031509254
3503601305
2219890884
819807773
1730862982
3441284654
3634823175
4000152633
686813465
1573856417
3293333895
1120614374
2764263960
3895431992
1632163287
4230349172
4254601266
885773204
850228084
3201972340
2525491411
1418925858
2374520728
3218681948
4030867434
564076068
4022852646
2285867935
614268821
3523598801
1964433621
20642171
3891579211
1677794108
2010187450
4276891766
3406957308
1131560354
2030040962
3156441060
122484540
2884026120
3110844068
2941979398
1697210964
2410491913
3395184999
1968977200
1430286683
2441288441
349675766
4261269448
3282601850
1516880201
2104735238
355443987
2794457774
1847242181
422076634
1148368577
2618583696
1431645423
3218368383
4259655165
796552263
3358755244
172102724
13376369
2053573012
2508801708
1425918494
3249622114
4230224664
2901058371
3921488779
632293758
1787874193
4198580495
3497076619
1659331784
3388804852
4012701310
3524273050
2417925271
1210095907
2198317038
4126857176
3530063278
3367086406
2868248944
1982292552
304718385
3182954091
1629912333
4067745149
2795874988
2536188867
1957371173
1625196393
3523517950
2453171163
2164205594
2265029284
3266265245
1845772400
3070129427
4159101650
507674931
3033835554
450463337
4028586294
3225530723
2558745548
3789236085
4266395275
535996865
2622202624
4093039511
3805609471
2264684106
491109793
1929447711
4282959824
1790018446
2900433410
16337000
1440091761
2370947122
2372608822
931897315
4189316763
277800498
1152640496
1181884993
3090612182
986038138
1973524410
3893641332
2147452146
4108786693
1114572607
705606346
2224973131
2332238486
2218470162
2061936017
1110088542
1765178924
754614621
1180706429
4076622966
1063038832
1639504197
2010903080
3334952721
50238762
1473374718
2520628504
4256300159
2009296524
380018679
556206673
230130429
1460529209
2912959125
1814146497
1759902177
3413101229
311572913
1409369179
1735622291
242805985
2333602109
3288119044
2335195362
3744402648
3823416214
3881032601
2181671875
3337881621
2191042557
4066169840
3185142109
3036786151
3603177625
3523712353
64906574
2825498178
3292718987
261224894
3060043098
1511187789
2925059214
4112481018
1038650878
3970223324
453798852
1521063399
2034759867
921682464
200965980
3893416624
1776591730
3085225562
1431022801
2044001447
1891801914
1667074462
507276954
3632394419
2081764175
226679210
4189415109
1891479803
4159016396
2839150846
2962715495
1975407789
826960054
1089545924
1446139664
3180555121
690199520
2597476474
1559123189
3966227079
2031185742
2051622470
3044103858
1284987907
2260082330
3904939892
629354677
1041453501
3852283125
321095287
960123678
3515869491
1264930462
2042043410
734859390
2217509344
3092120394
1631990601
3976660852
1824631238
1413040065
309658303
3942778959
423921770
1729570792
535919465
3673650845
1169659947
1084516275
4052963892
3489956695
2285455252
937452863
1394606950
4151983195
3988567326
1839021229
53104277
1462597081
3778687515
1508681871
1994934533
1076352701
3597273246
1111058944
717904007
4242378814
596129588
1065283633
1676347441
454470646
1030887472
12184532
3756071504
3757283043
712149454
142205691
3580078789
2978893443
740926220
2733337653
3685650091
3621187948
2467128219
694471370
2370769151
1672539720
2917693598
3687597289
2678819109
3520723981
755908893
3668282541
936832118
427791263
2749043832
69938511
1205969298
67280883
1964701040
1817691745
586597711
2372484089
2791187959
2335542087
1124859266
1047598551
2844534915
3561539932
2191233543
2128428183
3817470857
1557966046
4042476622
3132652211
2778152422
3225218257
3777409530
4070528878
4263479132
2599147639
1451570078
428042819
307109097
2153200396
3256696725
1566312514
3101808011
935377199
546075769
2301108487
3434092842
4173951333
2971687930
1073619826
221069599
2478089012
4086934077
928636540
307102383
2797557743
190011994
683275427
473242390
4153291028
1658161424
2621304533
2466240262
3942742195
3782343120
1914258087
172678715
2152479174
1140179030
1112564771
3676126787
434497846
2326655059
904883730
3772723604
4253992287
59115223
1986267735
2513019004
1317341198
1237512570
231345686
285948557
2353444769
3823845563
3564856898
3357333142
3030393013
836839519
939963808
1447714916
34294897
508254010
1595030781
3014737905
2214387540
972013296
365173938
286738848
2404310734
1549769962
2971281313
376360278
3831496119
3296252875
530856034
683101259
3692173730
726330411
2761398113
3950179399
1592875254
387274252
2603247983
1663425963
2096278144
3254681461
1598348910
2048156398
4131864218
3630136500
337920306
3451144713
552967598
3839343886
1359763541
443252767
3428821219
78013829
848246750
1181077861
9703266
456049416
3775745326
1644744841
2489204941
3326140128
1758459209
1329526205
3970225497
3020516307
4277986540
185629985
984634149
1036295367
1053052919
1995765848
3155815384
1554948463
558620157
3097063205
1383176054
3992484697
1994568955
2001214794
412962907
1006119587
4064140997
1073207702
3106018259
1034859000
2019728727
227313993
341003882
1977185653
1919446444
1587947179
2852554454
3634912327
2137477302
290577575
2531685233
334614115
1906219554
3944744748
3941854791
1776805484
1548593199
1528262801
3065590211
4201047335
3334194310
1208629964
4241083781
1161420033
910604383
3241817273
1565940701
1090429744
2016990731
668482120
2856719804
2327525773
3614300936
3699968370
1118059833
2549840598
302810692
2717530093
3130356886
2519807490
672808293
3071103072
1110982315
3808272698
3483732162
2873288968
3912241003
2898749775
721821211
4221096938
4062940957
620147981
4205658989
3422130948
1184152651
3221828242
3634841622
4120809793
470510023
1564111941
1938982302
982289994
122451180
350642900
2038486639
3172655403
1705418642
2669788870
2810801982
3938886159
425917635
2760418169
3688059710
1213074258
376514299
2455073326
4064268306
1495435047
2791491135
683270125
2155243520
581288221
140473218
178662433
2036645564
833263657
2620964267
3801613965
3618206361
2188027711
3381944444
3845849385
2872153515
2376896216
1498513790
612054861
4294210572
550714460
2856422074
3141621539
1150016855
3465040184
2853475272
1896186187
1679628413
2234568931
1136519270
42877708
4222196781
3583805692
104642059
4252684618
2832639501
3592141149
3122398354
2800886213
1667527164
782404725
1651634552
667035638
151023296
1139269999
3407511192
1231630645
1170864580
2908961797
1146098834
2564980290
32547465
1692516339
3196025562
2001461835
670826699
2064090558
2908727033
1609045259
2867353728
2987500756
2426293378
1531894600
2743873025
3204148938
769795087
4190851864
2519856569
960546087
1348939020
3624249626
2738182855
788787756
1695787600
1615386873
3808267298
537656084
3878197553
2397148267
926295215
3017694550
4169640863
1125588763
3523663399
2199144046
1593120706
2263604635
1344008830
2420581718
1276805091
3418880876
738389959
3806908652
3673590583
3180320345
3757017568
1144136419
1134434753
3090133105
2102299699
4125978645
4111527522
2778778366
3832771226
2769182155
2209415463
3574990254
1474381694
3209143880
2992431347
1723361833
4149630505
3571660148
2977470187
400754395
3465877049
1205485696
902437476
2584981009
1887229347
1907553416
3916783735
3745491448
2521914899
3110681314
3736116374
720803817
2734160480
3450616764
1816903839
252462835
615574982
2130606610
3357509604
2594086260
3923516051
3503372350
2320815341
3840630756
850060162
1156374040
44620831
1723915285
3235354410
3944248428
1328593661
1744806937
2394730779
169727133
1425904780
4202166332
4202763691
1021293800
1420734159
130045371
3188879990
4178167642
3435210371
2714788666
1639875217
4283451724
2809218647
1631973079
1497700474
3870546825
1865500314
3655960411
1344935212
3440282216
3877316995
3478277693
429454348
1319620872
2149251091
661712480
449082399
748040169
318239652
1559817484
360496516
3375495870
3783849609
3641556198
1255496830
1072957649
2130574983
2559873913
857362339
427868073
1101577201
3515942161
4190991043
2738013991
3916807427
686453022
1607212194
1915119082
732902658
47746955
1197486572
908661502
3189577834
215311231
2394322602
1840139758
4156622261
4121024746
485055361
2122210509
2679408883
3163235009
4179651389
3920474824
2459288399
1006833690
1654595940
404126206
2781179148
3716322205
654930286
624237157
1085251910
1375405721
1617262346
388616425
1039674421
2571165214
2272704967
987532276
2420433938
2670623179
476562222
4097639803
3894131896
1515535836
2583954835
126846761
704694815
2660980910
1668845613
4166857791
517750103
3089441585
8217496
2459214043
2430038901
256213813
4195408106
2889201100
2232062243
3240814815
1535120853
2563198597
4052428705
3696747175
1300167280
3349057513
2884010301
300059319
27529911
1794802772
1065788855
238590456
1821804613
48113883
489517108
1035048502
3738523546
3490256564
254468664
808965449
400007094
4233041189
3738218488
3038429181
2686728418
410974472
22252945
3791901324
1509848772
3245563259
85595189
1040997587
3132204504
2851931009
11466641
3115356632
1149845447
4052991862
15843133
1468484621
2181035797
705777373
3436639132
3929824284
4283759405
1219912007
1405785804
2327697159
992156504
460271834
708004386
3813813493
3549663176
3824848899
150799981
3226383408
1863431277
2355414087
3229388480
2160692217
251290795
670506471
1172821317
1515862116
821391723
2799201302
2978181214
1425610435
4196706068
879604097
1994446297
1945023277
2059745638
2065486174
4052848650
386446612
1350334169
3264385172
1297912668
1005187952
2857131040
4294271541
3348003243
506942890
