1517588212
3927568966
512041190
4290503608
1735981937
4185859299
3626213553
993894832
4053091051
3664929707
55532859
33302443
2744255870
3109836574
2183886552
549474966
2109808004
2085834833
4121500666
2721926193
1251251227
3576490768
309968831
1350096099
3573948448
209751949
2776316210
3464546530
766306988
4277078212
1968155516
270846496
2374640980
2243085575
805390886
4133643524
2945009444
945084013
3417977113
295370770
2626281750
1464402194
3361177712
3161942227
2959302185
2780009219
555208751
1866506490
1674768860
3897646081
1751745051
667046779
1288472459
3720108246
2098546694
2603657449
165351840
2509970964
3649803315
350855390
1681282733
257761283
3475248504
3798134881
2193667508
3022425947
3236956845
2464138932
763669255
70800301
3697542153
1877490768
2524011254
1744422625
3313235484
2707474829
1075256688
3100605282
3837893782
112328814
386234433
1302167867
434712166
268331156
2759994761
4244720751
4250605003
1086300308
710054556
1641295896
3370837147
2092470751
217866736
619011420
2572532405
924804790
2755902761
992062229
3274649501
2355516362
3153855994
868611943
3620164355
1609064366
694061324
1020136169
1958518610
3957428540
2540890857
2178657013
2577154456
2226100524
1103510283
2782318894
1644349800
2657969241
4264668711
3432586521
157047093
1549338523
3628025407
3289315134
3181661992
2821608253
2378592176
1627886449
2967703580
218039472
1324536221
3838727266
3493630767
91779099
2023527941
2929069926
2609204740
4071267256
1907962272
3519451888
3638806848
1856848666
3780358048
330913597
2511890109
1472861765
15664275
3668400565
3545994785
2058647770
2728918966
3275156930
1090294284
2389357834
1130743606
44350796
1030061703
183036155
3224516104
3645275050
3445298806
688175243
1002737040
400417810
2257139479
1372558978
3580541034
4088682898
1844050149
4167104429
2970531840
1716027810
3742871104
1611541717
3207477825
3341727345
3115750589
1440158363
3320553405
2377086501
113288716
2879140179
1092900105
4226793231
89278692
408405025
2009882044
3134983941
3213511119
2616398479
548856638
1034418015
3678955394
1327958815
1053151632
795499325
3090592695
167059092
875343064
1444091037
1743429874
1443841870
1178892187
2409491517
2801547998
2550906534
3489992560
1318260308
2197076485
3963886777
895619594
2879348854
1006308477
2834093266
1055435849
2173665693
2715134140
3503335147
1423734858
3056606325
2348552315
925236861
3286544347
824928855
1096376938
922400469
3128766535
3240257228
1672205263
1738787649
2893227847
3352668520
3984414898
2531023021
3212674888
1201008094
3283263950
4012485439
1869069450
3838606465
983810173
3094823002
1640311429
469443808
1322181274
891108780
948946258
4242151575
853762589
2108968958
2932253744
3240373438
1616009527
754570651
289612868
1370761513
221282916
3775557758
4197929353
972108325
1785218586
629579492
3582174815
2639751151
204261561
229631646
1694538284
3461700544
3355618433
3302087021
3298851925
1973203138
724709918
3973704472
1147745370
3267252662
3645677328
3063928026
825807298
2133453524
3038523829
3018866743
2180653319
3929794198
3424730854
1243409883
933863971
1481160735
573865493
2232309478
3392010475
1492326982
3689734369
1020336076
3682971371
2792961634
177780977
1431378026
1441992413
3804804969
2683394953
3222265323
2673749917
609169059
3322129439
4021846815
1413439669
2031194799
1299454201
4293263016
1234305365
421712049
743825606
639935155
3910472034
4067057940
1112351869
3165874320
1556766253
1004757232
3250672059
128968039
1025916631
1536562358
1874650321
1820504780
2992338319
2087859403
17624901
3563846859
1436011148
3422261060
1042905523
2997149409
1387480548
1324504616
2837812822
3159623431
222232349
2653125441
1239233486
4278840558
1764111310
1092291075
1547692375
1780111943
2228426300
1705112807
2182903345
1694170648
3784969517
2556644560
3266940471
983278313
1043619085
1459312015
1316382763
2152635709
4154130010
1006335473
2437506061
881648514
4239983093
274029924
830102940
3116800043
4062714345
882202553
4178922227
3609848397
287508811
680904921
3756999256
1959732689
854918112
2912472571
1504071356
188471168
679809079
1506688466
4227188123
3829719097
3391595186
2341041953
2290093771
3033104170
3506927407
556354869
2681491525
2082736292
3686795964
2023511909
3578684090
1382926108
3994848150
3322251135
3421729794
1186314035
2557866805
3402932636
2942067027
1894527283
3478984430
4256565267
3573366307
2007546371
3034562335
347485977
979446625
2813051428
2686120401
4261993802
3685796122
3376433908
2141736612
2541982988
1729033927
891550713
477780682
3456169759
2518984809
4115291858
1777803074
438679781
885910563
919776788
790338951
2632254337
1893414779
3287878600
1003767389
3281457707
1123621106
1338267032
3041909836
2467428415
3514328901
1019117665
3429751189
2373656615
3236012394
2594380553
2170625758
19045553
3201556004
670597624
3326914425
677820933
595810169
3645539800
2049414362
2197328880
212636863
46349214
791370698
3813437726
3526294387
3658461813
3977232022
4209069328
1326770801
1189847281
2578968263
3217680777
1802738720
56732186
333749102
1274164785
289979000
3880690257
151752427
2127171934
3275004810
908836153
2923976091
3138364529
3029125782
1234906942
3197150859
1903674307
840511698
3662103610
2715589411
3110341909
1957326115
3655314375
2567691679
493849843
3423824114
3993595162
636923398
3563113089
2735500082
2247818437
3716384624
686717887
2671734491
2345520932
1017903020
2793448054
669193351
195447087
3640144206
737501015
658654922
2005835165
492785333
1346094126
402804031
411320532
2925909253
812101080
3739021911
3747699585
3297998647
103425037
3745122018
244304402
70452691
3811796759
1220667023
155207880
4008193579
1350076918
1469183557
3350701937
2193402753
1285227431
114056083
3957354709
2046529977
1639048148
1592192005
1795672550
2206409511
1005071032
2787655546
230218077
759027856
3517363845
1441814499
4192619877
1793551447
2873216167
2951840641
3470138543
3981583140
3272961858
295515429
3690147329
164126581
3411714309
2933322635
4060415479
2050786098
885940141
302917890
3840284559
2883552333
112010998
1344662168
2689309316
2994106483
1017038541
2214635195
1372125076
1368685204
3187727732
3119015557
2003883678
3692888469
1383633166
4000515051
1685457946
2068170801
2908454122
782315637
352914957
4042715726
1890536531
1193274796
425197474
1344862478
1621038496
2306995303
3382589524
2474911613
4186922024
1235570974
924382494
2422802495
3487798042
2811687409
1152413004
1855743725
1489797143
1773872131
1368063557
2073789280
2606137800
3785316531
3100937570
2499725644
2219817795
1359069730
665972312
529038841
710463704
1276124834
2671151534
3718795263
3221135188
976001697
795593203
431043408
3481714778
312141296
2670092104
131841247
799222759
2193776151
587188296
1203670763
3757867207
3184309045
2389973331
2220864566
766111830
2792692349
2690140691
2731440611
3805718359
1197674064
1953155344
1464873717
4095647915
1235228293
221314684
1999536716
1408269243
3466771656
4119394650
3873971382
3707643406
802037480
4210211768
1925893817
3737297781
341431977
2417392225
878147859
545165421
2100607833
2944586910
140151366
3340170831
833263473
133847278
1546441312
2809546053
4008492339
2849022487
4051707043
1281682967
1276751546
2909209905
4220821587
2384673737
514285799
178996157
585361994
3583721095
2676693814
4136107128
3518960239
3083997160
347605294
1113202081
3292591084
969728402
1228571417
3538016964
679259108
2383322157
481179434
4081857740
1155728769
1502941187
693223600
3349738879
514480530
4079720544
2328591723
1158639264
1072888404
1158338198
3031654895
3342702395
2043085458
774599641
3242795738
1223463097
185762245
3334275294
2045249586
910418338
3595741881
3563361603
689315458
3890819839
2928766668
2456929130
4050087963
1339336658
3356651509
1021410787
2350261695
889594016
2529578852
1516338151
1940327642
1540156316
2202146786
3387310375
1977686817
4157632451
2249127604
2041460321
846860053
2474853008
3515828243
56622274
4094706175
1151232602
4209358025
2800270289
1216414757
3030113602
3572875668
2770314421
1143446196
3753932122
4124241609
4237978542
666622795
987011305
2672724375
3544305140
3668337348
3858463871
3706461874
512453716
12642448
1178228599
614120913
2702544368
771697890
3466314571
2124701314
3392928726
2753068840
3573383201
1941117155
3178583815
3104096305
3918481938
3794963096
831382882
2316341017
1101116094
3846234100
284409976
3935550095
352252531
1283768706
1523398191
2130286288
3595241982
640568707
178090985
2754566383
446884784
637900438
101932828
192125846
4122869498
193233399
2918853574
991370176
1064063540
2636866588
741640080
58126481
1676379494
2367388091
2510631760
1976337261
4079580540
3247827589
489587520
699730647
2787256059
2158099758
2078453248
1631570963
3527287112
3061557283
2146499956
144131209
1795477616
3140204637
1559725970
3650081356
1872211518
1674677948
20615456
3282214233
2463581402
894689187
3832946235
2288509049
542713499
2777732660
965768534
3413624783
3603027468
4011423998
757286925
2101529820
2470861825
3678825717
222692371
4156736814
4224852586
1326825162
110954975
3802471141
912947549
1284464092
2401138458
403095644
782592839
2041538472
2634274016
1521329592
580456257
1126875400
4037920086
2717818384
4195843391
1299036119
209392961
1049506902
497218695
4238355082
1068809256
1339306806
3299148840
1479668653
2800336871
1201374583
2897496149
470365502
815515616
3524221584
3783596712
2174407259
428554333
125487713
950188070
3487084382
848830425
1097543372
1383103256
2864931911
1347785487
1853610999
132366618
470414518
2487192702
215132500
3559957041
3800604937
1328698361
268609771
2543096177
2261322083
3530182249
3964492135
2976137215
2877046373
744321652
961230549
3688033699
281837091
1674961436
2019453082
996121050
810909983
2155916430
2582793130
1749457844
2940322902
1845845601
2986879738
872662011
1931254223
1199306340
4235082635
2428083571
1025002390
118522140
307572273
1849914041
4284575270
467463116
833743644
2125964744
4031268799
4244086857
2930190882
1404882430
3478314076
4057053686
526431928
338717083
2210879461
1331856843
4192255963
186428864
364747681
4082125673
1915354847
192490299
1087648853
1789786683
1965431066
1127223964
1472384036
524382527
5791829
3421554839
3960121049
810755163
4187989369
1432637434
895019969
3420871285
987636167
2821655378
3391354871
2696148085
4014198660
24037171
330853233
774882715
1697041233
3413627730
657410066
3290570668
1123094354
4138357666
3665662665
4038933988
28705104
2416553111
1218372458
4019142209
3245058785
3780654064
2227239361
630293196
1433064224
3019474805
2952047431
3734455094
1680850454
3503978721
1954081432
1455039649
1215570050
2151402427
3743387755
1129743032
2494526206
446518989
4081948692
1586236160
2380547827
4017687361
561336104
3044002006
3131386398
1178274904
3575542394
1738976079
2616448791
2481397079
107530593
3579434725
1295812623
1709164411
