3071015564
2069327413
2236292790
4138756210
2627338516
3463758786
3617393083
3700282924
1559330100
1407275932
1260578032
3896693429
3549381199
2407416844
2599114693
160595435
2829508783
933129303
2966945334
973354062
4155566057
2280052178
1305441565
2353693908
1142239661
191753565
2687086911
2013116835
3585802959
4191617124
2795130690
1837297761
3879491308
3687207840
370819632
158650921
3660304702
2591105556
1072593680
3212890695
963368842
1779247386
3203986504
4008261542
103818447
1500266556
865213621
2389986551
4126805172
3046685910
3671421020
1912116936
3098527168
3071113128
3450163663
1423666737
2259933314
3660755845
541061823
3196159403
3938704298
1544361999
554409770
2045975643
3154616868
2573783013
2332223995
4284025759
4222139347
1746235940
1215099690
3099508511
2896707789
3044658917
4129257294
2883242067
612864349
2130819342
3104393450
3230155402
1445513948
955870604
3358316720
650832088
1061290642
974207549
1215112220
2828368586
446728975
1384368997
1174295924
2009331712
175458207
3544532936
3996955
2961780248
1965223469
1333177909
145887848
3093188854
3682095791
3387208589
1232829045
2813068728
1338460277
1959736135
1265830081
290484775
2776130096
1518820841
1652468365
3954473998
3590978478
2448180541
587077573
498218857
3900295212
389052828
327325308
1883037240
2586137431
1391413012
2931989336
73735630
1666102156
1323622559
2827422119
2067787997
635525291
2033973431
2935082203
1218872148
2296061293
2386713343
3460576695
1289127749
2175100135
3902710221
3362704580
3021351038
1001707299
654418428
458722631
422366462
1876331940
701324270
3144246024
1322365233
2126503753
3921840813
478571489
3446106611
1511959336
735059029
3436816033
4070267557
3534293520
3886527035
454175017
2847311314
2654384417
3635616357
4271449614
60989402
2213876575
3962599817
2636829731
404258192
3428874176
3570365218
633687434
1406068421
1983684714
603187087
51596103
3898299764
509361708
3628667650
2534895171
2094061176
1632481506
2678016970
1211170592
2521992228
646084807
3403681112
2316896260
2719767386
981753080
4240316058
3073814027
1886118231
1687137814
707452170
1161508499
3512812294
1798954170
3705739115
3751564764
2048025947
368497824
516743001
3373613904
2169053172
431881560
263638526
510973281
1219717942
1122342003
1030798586
3426224513
3519002820
191752030
3779054334
2282304319
1655768525
549859410
135426084
1752736224
999183308
3518334375
743987297
2362046160
369349663
4224511397
3378515750
470800843
2138398631
4255126399
2301563339
2924696005
3696576497
3739678126
2071712970
4230152810
1443358098
794101746
2546500132
2262808196
1586267543
3159173283
2639318912
1004187221
3179787728
458912021
2392982129
1714611230
2851322041
4171730745
818810292
1387230245
877923048
3690280768
2380446310
3304284879
1236727581
211336491
109454153
4180158124
3155486323
3790077447
1082227169
2885732905
3377501232
3902044550
3583094686
66859938
1391706447
449699318
2581935206
330620484
3000564203
1793023031
1723027569
1511215008
2098492883
3398328620
1911410401
3631807928
570782191
4019268539
1358340950
879588424
3586998444
4055407378
912407377
3960937723
434321890
3263152260
2955762464
2236292306
3865924563
3782820769
2450245065
1873443873
2873377839
3900376189
3127211298
1626842700
2110617361
3193454016
530523378
3769651450
1042828719
3977577420
1136820474
1350140575
2410707778
1666831854
2189868171
3799454313
3982730583
2991137379
683898976
1129837343
65315476
319454315
144450650
2280861155
2450531887
3368428599
1280189872
2429536006
3424749503
318399868
2444107118
3940557642
1785320028
1044127397
791670003
3250416895
843528299
3208048161
2444006309
2258843127
1894546091
3140322233
360773870
3424235509
825057857
2450335121
2208802956
1290651615
3564837545
773165998
633364648
1042464125
104274084
1927618963
1674756681
1647534006
1961409090
2141863209
1663791667
3372367506
2611418337
41964130
1868869526
2974001636
1008529568
1133299913
3521474355
281054030
2596528141
3529626652
1829736756
522413185
707726048
2325841246
3751890049
1638970562
2016134984
673370546
3192489179
901056896
1987580879
1658380652
1783113678
2647031850
524989991
3940510795
3169236826
3793215457
2093277323
359947081
2835890462
2615697767
4203275306
2359018570
2002412267
1400314927
1386547871
2123714765
4232372943
1616268414
1900016319
2728361550
3167068647
287689266
1305800783
1103550419
1481826048
3213131450
2011770158
2569178595
1370110889
3055671972
4210981856
3912953749
1731958527
3019025748
1332825511
2586137896
2065589859
454985736
3363131125
4236945320
997866113
4027931761
4161791864
3439615981
2711306827
783827057
665408411
629302424
777740941
4219541309
959739135
559438001
1138331304
291348552
635627074
1704110280
2404618128
173156083
434923711
2155547483
1010755689
383961718
1368198880
2489731195
4052534837
3423632410
2174368784
1467518899
756964917
2579441906
4093452983
1093492980
2421925363
3044591717
1640495955
1603626906
4058285945
3700253577
749698799
1822486719
740201357
4097571448
4237714272
377706292
3844069729
775188929
845491350
1084087811
3173163395
2662394956
1216133965
2853076247
2577010016
2692249638
2382649900
4133953207
3604616751
4113154025
169869209
1084470094
708136873
2713113781
2069624937
3107369099
1130992665
652714039
1218819895
2028758403
1509089298
2446173946
994551494
3989895610
2797991169
590842404
2197600506
3567285881
3689840148
1244987553
803024168
1948877981
682632877
3279033424
213242223
333282035
1383992895
1705563668
3793571914
1401538650
471114295
248412881
3956110577
4121239178
294442989
3332553736
2932245854
1264560884
3242130551
882488642
3325318153
1452445720
1184475395
3043036646
237568364
4110205252
235160816
710517935
600770343
2514705939
3274002772
91013733
2404096880
1516882485
3957964098
2149350665
3907808125
3976385309
2504144378
2336716743
1438534243
456433064
1525178021
2910901518
1221423736
981365980
955166256
434233055
3098414780
3915791055
690499755
3249182874
211687033
3470415670
3800603254
848610951
2478567133
4202709557
1181847571
2613849687
596696415
2217484247
3843223428
617577895
739033402
1372466170
3650006531
997758686
629663070
3776570099
1743105447
3674686794
4235974975
3967504160
2407667189
466526050
222865445
1414325635
2263054336
723921196
3306649111
3486963432
4080883654
3509803754
2041705490
1907521783
4019640818
1375248010
2583471998
457822765
268638316
2322785320
2581862602
57211644
2319153082
3660514373
234940447
712508247
3478937127
678767874
1855500944
1809927235
1844210823
1721780876
63981040
2244922291
2573788349
1811849305
1897761699
2236807373
216367425
2983131966
2270523984
1017494235
945383008
1039088218
2730749238
3118214250
977545787
2759582365
767679621
2261973755
2418850927
2717485426
2658593743
2710451030
1889905262
4223565879
2981326816
1822056823
2251556242
841325859
1854989467
2755791779
35421546
1914552135
816143629
2759048149
141630757
3128149693
54557087
2280446901
2494874670
1765802011
220033909
229206146
3426584580
966164975
3343191528
3540444533
503024220
3753331753
701157774
1944369673
2798786817
3597232425
1263863825
93977757
3330419861
2277945528
3781487755
3248813503
3972779468
3942888194
2201568289
1016176539
1094894414
592018724
4124890083
2627902279
3119819239
589892884
833179192
808696228
3836687374
3322932289
3228868573
3837696834
1706912151
4118672286
123619161
467878649
2533703029
533253595
2888175725
511402308
3126194154
2977672327
1552514439
863071424
1181608830
1122044620
1978401688
1508743515
2644145361
2988125812
402971498
3743115432
2894973072
2399513835
1071598677
312732086
177662103
3999657685
196558655
3314007923
2811760916
1062461937
4259233895
1385029016
3325285067
1014197877
820026219
104394329
2477536394
1370617533
1169519902
3988055632
3164122268
1703164468
3469189242
2264429986
3418104716
1253786684
3914914033
1044039374
1950859910
1795228832
1305937950
3461960433
4181533608
577644575
4241211470
2837063233
4198312924
1051545950
2141718472
2819539499
2794028224
2031976481
2292896518
1983385319
3039370943
1243362851
3595516476
685749239
120772954
952481583
3377589465
759422967
1415568763
1048416929
2369246995
466653394
2646369291
351885876
1925717108
2988318995
1347085022
518211884
1198474689
881549292
1340860887
3788771546
4031103367
2870472428
1765665092
1938434836
1084414755
4277992233
2194274199
3134876730
955621367
2708457357
4277177730
1784513588
729414923
1531344002
3189089226
978939675
835730863
3783389006
688136309
1238870160
3062669883
3011828917
3426085724
3823621283
175196281
1769872553
84039903
1186946378
1089035324
2607182986
1559091036
2287532417
3512169048
3235631567
1119550087
1690611328
4096560443
244173833
4123290822
451386082
4041478894
1390353226
3250324440
1103947398
1050890826
1280092338
1310795488
1992179717
1451266281
2074910144
814598830
3312506571
971786541
1465896538
3241284758
2018836120
1158426460
3962583308
1471215705
461286079
2714916929
3229714761
1547796812
2347618598
3362635372
308139803
3328578152
728227941
2459087026
841961879
2370449699
1230502018
3811748588
2070900065
3401009956
1194283731
2082112421
2443705018
3652072048
3436611772
1030823225
2634080106
490939529
1676926555
1344126295
1631858921
3476983898
2152884731
4013018042
3879924212
2605777660
29955864
136997093
3625238120
3981181555
1962967111
3031191461
1396020014
1502798139
3990163911
3227554907
458718212
3533296251
3796357267
2786199245
1237005752
2604053453
623039410
3172565484
2347357653
3245780924
2576324194
1244628284
4269183519
3464740841
1743039848
471802088
2515813530
3470633174
3300022494
1103918668
381358393
2522544172
232614166
2895075273
4119096080
2521385301
3368275236
3245675995
3353923820
3317615009
472908229
2405223747
1459659442
2843932724
1477700960
3958368497
2128849418
3869979043
3932819501
330597972
510926941
1388643053
2984020093
17980326
3842387981
517997060
1989590697
1132923270
866097215
4171339544
1749854365
2412142185
1262642723
3359295958
3393840423
2973979927
1703166841
382577977
2351292495
3650903232
2469928246
3305544099
3853671307
733023258
2273784180
4056083079
4049269013
773363007
3255290785
341597782
443368909
680920746
4023287000
1625223048
4119358552
1591703332
1303738901
2029229570
3481709212
1392778736
3896897853
1406591360
1193978203
2393473113
3220661747
4081396942
3170138020
2869922090
1717150289
3279456623
4286225555
4083432643
1676518244
736621682
1857036731
2212721263
2106888397
949213902
2617122
2907305316
27868639
3800795468
3410419005
2111920027
2567572609
38823212
3677646089
1556345669
2578364357
2725045212
28403877
2224050469
4006113611
3336516244
1089666655
16789395
2223567263
506477125
147783394
2616066648
2302310640
3834250147
2242120989
3155233704
3222603905
2763107845
3424889316
320618857
744660497
579156872
3753562111
1803860058
3075925502
3089501710
1394182424
733572603
2810357947
2517207503
615424179
761266986
