4197614202
1299840681
1315375942
1282837896
1147528876
1124718428
3186467654
959142417
3403271769
171351993
2184566994
4047632793
2583512099
72122966
3613365159
154664415
1093022718
1165937300
1991910108
3125777965
93901236
3276875647
3378432306
2988119890
2308547299
6052182
4076927762
3469324746
308279405
2475405296
3996673719
4085857073
955176974
4049945091
1299109354
981927974
429305895
1697027039
2859576437
4221982102
3651841150
3211711108
1566829497
3388648613
566129468
4107576356
528031909
3599937431
3535548699
2364209463
1977739471
4023320778
2963130601
3803280875
3462817787
734135368
3493108652
1658722953
287530023
3841967390
844331872
4164397901
2983373760
3585476058
1914058838
685820201
3243912251
4246922615
923330059
1294278177
1048299792
1186560752
1710280383
2001764571
477055521
614891013
2485949990
718445554
988999706
957334468
3116900691
973502727
3502631388
2162819145
922557644
2021215009
1114515465
4141301235
3369929123
920439542
735504029
1001526406
2628517829
2734681993
1543940921
2712150915
2037847583
3010258574
203641985
3836933326
2771251505
1313089329
1132126692
1349432675
1628781753
1453673756
1491926816
2082230305
1553598884
1666116148
359865982
1758287686
982926491
122416626
3414996909
3592640694
642902551
2809332549
2469798458
3370396071
3366405856
4200782563
991637622
3059037769
3859068801
1677518689
411173007
3074340182
814653274
66704462
3009670887
3990662950
718013189
1670950379
2493120468
3129681991
1045240952
445418098
2978838940
3985910136
3113459394
895865505
4157674073
2519531236
1227827950
1321939368
4226375711
1124480346
2710690646
957309917
1139929574
943385825
1532639432
1807531952
1044389360
1478665693
1387354604
3839194427
423868992
3117209553
570552650
1295789003
1088176343
2279061742
4233252250
3785862948
3920319770
2701997219
2940396052
2461771062
103072646
1357762925
357762635
1270258182
146417267
3597707288
3435928394
3317092361
258258071
1418076293
2429638662
1879409725
2041353418
2530921959
1012172412
2935450437
976876590
1420821567
1928579002
1811006926
1466887745
2719704334
3219300743
697442744
3212531131
579971525
295457425
1881612043
1622545199
3630655972
183789277
944392459
3869005998
2184560738
116024340
2413008896
4213960847
1994152396
931038512
2137057865
2095068987
2234565496
415272904
3867957930
3785845980
1648072936
454000858
2498298446
2900071032
4021650691
2844361306
2272550552
538057623
3668315771
3424946625
1387011766
1986975336
4102595898
124387949
809204496
3613181589
3185778956
3612507649
2338938804
2402086543
3915956561
837827371
4079600091
1906345892
468513411
2838744888
3004502304
3950772827
800235580
3883783023
1691356414
317356402
3496650540
1114397756
973851252
1172474224
4120594064
261298994
2991520327
624747732
1119333885
911651488
541023489
589307925
4156324840
415715941
2854536264
2351311069
2217379491
99287977
1219375740
163444846
1863239283
1000093096
56242030
4071893835
2723893861
3079704883
1790651854
3956964134
2185940175
3612373886
2219960833
3043317343
281568164
2613111572
759744860
556672781
317519862
4123515899
1656791263
2543574395
610538357
2795539172
3283345351
2363702367
1591706329
2258333991
1886287005
1413650088
2602415571
2894506443
1871657236
84375124
1813423036
2694144804
4094847043
1776427228
1486818246
1669433253
1581422300
3409751442
2869597935
2140300010
1341301350
1914366140
3666053358
3904694347
3828307422
1927196304
914123437
2755403350
2102154002
2505536977
3205792266
3372140857
3708094804
123981882
1986760476
2627306564
3063381831
1892422330
3190868148
2741090767
1967425241
2043921313
1744288593
2854601609
3787581996
4178962638
2809268653
853213255
4099444432
836169853
424530274
2977466266
26427652
1599632455
2417656793
1018736407
2242538920
3797328794
1004282532
495461725
1734281042
3856640577
3718972192
2498302437
2184172836
3429178506
2950895270
4101877965
4090604136
3359215450
12621864
2999158362
1172591053
2112215134
2695243650
3480303671
61450486
1414151638
2408811903
3503071753
4034170448
3701772689
1447513016
12327841
2550653929
1225107050
1250643524
2393858005
2923021452
1614664776
2202420828
281225890
2415211168
3092422781
2835587989
4179663339
1112488933
400564992
1136808084
2266903282
642979940
2948085256
2866328369
3986659309
1641240929
1241351959
43718206
3934228298
1657138820
1678712171
3843874157
3750923947
955349299
1106561577
2094897168
2265784163
732452111
768323257
831628587
928574178
2837298402
1881892863
2486759473
2634796480
385067627
3475584741
872765799
1809283625
2027981801
519488398
3246882649
2690947851
1046947822
1751927229
3381333472
1890875846
3426513247
3905089447
3577561825
498053937
1539829141
2464824699
1403606621
2668590196
3094350519
1394409676
1104505185
291729429
1152334179
716351581
3466103652
3291310965
2305880982
2981652742
371398459
2415598947
2804253150
3757640821
2255940874
3677949112
4085550705
3133669190
3716544769
149012493
945224444
641499225
1975582521
3267932997
4172222468
3180391664
3014759726
3051836551
4126860282
372094222
3017916759
69702075
3813701011
3981721429
3477634661
2687679844
3999447578
2817575365
710680645
221519372
2148018993
2342257058
2023434721
1662165919
3281657783
1391470952
1790864342
2631151787
3068594425
2940381388
1627036950
2754738505
4066676301
4246680657
1913383545
3149395933
1739382659
2740956457
3424855990
1366687679
3887404538
1404613048
201373778
257064773
2475787434
642601785
1808783196
2927280166
2348556750
1819218357
2025452033
3374240026
4022020813
4068856380
1196921102
87291979
2328581418
1501001772
1239320511
2794718937
315168799
2017301064
3903019970
2346508452
3854305824
460885025
3162622885
583547819
2123475829
3013825211
3538530975
3654769512
3606445350
298318158
2970766503
4039757127
2365970332
884072123
2560329821
1122805699
3382778630
2912506610
3428992451
1044054277
240200530
58309729
4102580408
2722560660
218159985
3437566467
3932766369
521518373
4141380466
90527853
1668751168
3194242817
1872415664
1780262747
1184600252
3757082641
1106819061
3870177757
1910620308
2881517063
1845003066
3594572402
2558423379
2934890832
226306993
1172252923
2168018770
3231909770
1051327063
1147788493
3379059900
892591898
1453573145
340322832
2821179097
4009829935
2316143084
2232836896
1437776239
1534092757
1884605267
1531118599
1516653360
1493196284
2732792417
4029100084
1135794043
2228028827
2030243150
2849985097
4197646647
2598674173
479613901
419882555
3895526298
4132344357
4010760392
1861921028
386464811
3307526664
3360801005
2509762721
1361512025
2367029941
1003075537
2346739955
1936931841
2127280422
979402786
3950747042
2056182721
1732384302
2798527288
3917303183
3052009218
3075584455
1677174224
3232346536
986411820
3769361018
2407056640
3762453715
1253959864
2803503771
3846990491
2928165829
1052741115
3608021566
468140036
2167722986
1182290532
2139194527
1496319897
1397194228
1442051750
1078706906
4217305428
1660912761
2603774246
2525265354
1338367214
3008419110
3727484001
1352345739
2917498153
4100036633
2893951426
1252826322
929474209
1910633872
1217835550
359843620
3193884297
2908094121
3525591209
4108987573
2093292875
2607443647
739254903
3627713434
4126280627
1553542858
4068553455
1634855410
3810576623
874314897
2235171483
589692171
1817635794
2321584870
845263352
680099164
1303764603
1845221881
1028450417
3371316702
3513468218
2032872977
3620150024
1279183186
488698891
4086192284
32192419
2441343016
1633828633
3197463002
185287555
2545004097
3235255350
267812242
4265974485
4291697257
563005140
2876988403
3453944897
963876246
2521697773
2905719913
1842363937
3192942953
928499054
1494176646
2396341850
747080684
968185742
1663398053
452138408
4184168571
1426834489
4127456903
2170219464
3262078560
1805326948
152084573
1799897303
3656049498
3244480926
3353465630
4236666464
1712993246
424303167
64937601
1425044695
840190100
1516204482
1681014051
3842216836
664005459
2172978547
4076800174
1175936862
1531688576
2266496906
861796483
377073309
41562317
995325006
2007621652
2622856535
4067920471
1754037270
4193979632
2415037722
3400397055
3349727164
1300415465
4004611564
1046749290
688927474
4188245069
429950495
3385933081
3195645770
2688960158
3512925105
868800981
2262819550
2450351732
282190497
2416719683
1551837984
2060517801
3197612580
4060696238
3075765091
2125760856
477653713
132856494
2307689771
1713604924
2157537010
2517818313
3434210852
3593764916
383227022
271413095
3185550789
1510722901
1367715677
1478430955
1952615137
3433536201
705095145
2115133385
2549561559
2709936304
2470796584
4269790661
4228051366
1132774550
316012079
1383450468
865959223
1823463648
547931095
3847582845
3350751715
366214651
1485131840
3773682768
3230729229
3015718409
172628131
950541779
3130921783
4145071173
2240676002
3591826252
1138356368
4234915181
3719197556
3530093599
138834296
458806745
3312701952
2024230437
1815858691
4220446090
4280273575
2689811395
2030736068
549367639
3212273221
3857937931
684005986
367134675
1059177032
1609917825
3712271923
3506396694
1759691968
159465225
2123496981
153000676
496422100
1750977240
874126149
4289253398
3089142170
872741081
673205707
3953890053
2866017684
2728503546
1610955168
3661165453
2557480088
463568851
1525345060
1454646473
3446886411
2734420556
3522993391
2117081123
200656057
4026541593
3957965762
177438390
3146861321
3365525598
640290672
1772993917
600257891
2918607791
3247003157
2269105818
3413097477
1524345039
3779835557
2576088833
3988338582
160630699
648275590
1680948554
1221564386
2373421205
2269623078
2969212003
3110048820
234876605
200883317
1625549595
699637848
3310864565
310363274
547147157
2324491266
1896308094
4260635293
1062247463
2697867935
3200802741
1951602638
2788171257
1592603130
65594836
1739865808
1576643129
4165784242
1502523
3353769142
2955813891
526854276
3710125275
446418331
1289481224
470648657
3858047677
4084755473
1509422118
1189405690
1524493047
2475004350
2358908297
1090859434
674282492
2463781212
970855041
3362189812
3043283957
2810707967
3293626342
3641558658
3265868958
3010517953
904830813
2482413509
933057830
196825502
265818408
1015353850
263702073
2160134602
2136186656
3598982948
2438582537
1457305094
1712417650
426990399
277362234
2962460080
3564284921
3749981105
3934267693
3061806945
3755103966
135792884
888706740
4290782904
3934625013
266668891
4231581114
2671823735
1744881708
2453877374
2688529124
2298782668
375155481
3283275424
4211431694
586612301
4090935872
3935367251
2375309233
2184366028
261285209
1818707312
2431613967
3248983790
3205796598
814802046
797646274
3975037289
1734075079
2422349004
1922725789
2081261155
1885788408
2531195689
1750065333
1175101956
1348328133
125555394
1585852757
1958155027
310118069
140226501
2596353111
3645321910
3772973202
3639865891
3629993097
2804958783
15394742
779820464
2369955775
3405076712
2674390610
1309902032
247034264
3062438212
197686598
2838867861
