2589239152
2570386876
2101579288
989850619
3693561680
89025768
258925120
3376310217
1836360673
957832790
2884934863
2411661360
206712549
2303899299
61337815
1174267107
3242221009
3034085785
4043876077
1932029788
3683503348
3639401217
2009197018
3711464845
1783296950
3936327143
12361498
543779368
3431417578
4077717992
2698787259
1689487008
1178492952
2924904758
2678262318
316084882
1046597333
4063793853
1403572422
955120684
566677542
2592745418
1143269104
2607332474
140533866
3899147028
3060792505
1291808914
3362205738
1300841241
1947016197
2764746523
2569007584
1706218324
3638611080
1122491586
69105525
1958238214
1771256540
1442868797
1500745785
1523019166
631803650
3279352609
3201700606
383993146
3080310268
451231659
3769913755
1613407800
3399489102
257485860
3501424051
1411070153
3976685456
817673504
2247595812
3875443620
1251633606
1808969469
4209591761
894919769
4095114627
997417097
3619734226
754113849
1009150391
2821200649
1643330313
3263487294
4189513700
4019245209
363684772
360468565
2509777255
1191788526
2849797544
2032236062
3284018783
2413385348
4229141480
3140353094
1528025595
1512858708
1954297667
1534042656
2050478985
3426015088
1828396496
4143762571
1461739424
2190046156
927509758
629474163
3185069869
3904401420
2858194362
311758052
2214787866
3111224262
3818042619
2576112864
4217603463
1289376305
2872301201
2120801790
348915007
2974785510
3850632577
3526520204
786125569
3677721415
356519184
1328496944
2168210029
3980525807
1249282328
1946078754
3681877850
649618062
1375521832
3500466114
3729050687
3834359115
104202540
3453604740
3338460278
864897180
2125529700
1886724031
2108151014
2805419706
3670888152
3787976848
3018265005
343386035
2016389582
3190258861
649856786
3685866246
2868172888
3678775413
1556722631
2481933578
707836590
2227994078
1745460698
2257827527
2178973729
2500052823
3968663289
2410987892
1158977450
3063045713
4137184816
3188173276
926557452
3280674767
797433861
2653042915
2005210007
3020901652
246865220
2348906906
1411984580
2146055218
3514011957
1701991757
1806987549
1674340366
3874195249
1923759443
1991883553
1712693283
3954283429
3163227252
3096200824
4108988765
1735679811
1764308289
2550409429
384075492
1144995671
1462598033
105521164
3673454045
4286850109
4240330953
3140028
1821406489
3857717181
392581167
1940415395
1072456591
2462944278
3511147406
2413528680
3723982238
3165438772
2985859574
1086476829
429670924
1864932062
2040656082
2048952976
1982988602
991931050
2634277044
2823720101
3372184056
2056713115
4042073
2017267292
368256961
2852568457
303620626
732742881
3852181834
1685234195
2091253067
1285225950
2692549000
4034695001
452413845
849019759
221317024
1952493587
477381945
2188099296
483152374
1901777176
2660552432
1852312708
4025302712
911421927
2986167290
4111012745
2584815148
1449636948
2104029036
2937838534
384178017
2615856201
1254789149
1654081766
405629137
702255118
3074190518
1629747283
1329588817
3491023115
2021085452
2221368710
3697487612
2883704225
2571937630
2397484814
1549330269
3758695787
2979119676
2043174368
2059035981
2892524884
3087989086
2703302721
1993272960
4111741219
3261376595
477327354
484577240
3088386109
2368721109
3014049078
2769855484
704815117
2174755069
1415307586
2029541348
2132089575
1783842475
2573119987
2327908455
3978342137
1570223274
2476437574
2851743798
3254580116
3466219308
2973245963
347138554
1845797142
309865221
3029766467
2748778853
37772728
3454522217
478332167
3505466901
46008083
962201061
922504054
2216280785
574235570
2521047447
3166537272
1355854761
2813150977
3897621434
883582245
885474917
2918158098
2627028817
309797675
1663013254
2838604698
3989089600
2799389824
1707498965
4025665000
3056638751
578343864
2681341476
2869792608
544793268
3601192887
843478027
553376136
1142350709
1605530706
2225399458
1690544029
440341231
2441544504
4191759018
3404037935
3162842659
1199304462
1842572427
824490672
910027548
1052147287
2457756912
2717269361
4163295530
2921876641
1845225984
3985739279
2723553117
2008457522
1328531758
4143192292
2838091518
2387979573
733611010
2241260224
1255476616
1542621812
345464227
57981516
1417816517
1252533782
2018872571
2142435419
3145111479
552560875
4225286287
4185125824
1002133544
1449673131
3613590646
1049878749
1035135920
539966260
328746788
420764755
1550527766
3734316555
4180752049
3311682635
2953407691
3808248480
3350266456
3625865283
95428584
884830087
1405301677
3499453089
3565844517
2646998581
1751674840
2827131053
2989930689
41362956
4080699229
3421978105
84253030
4047591294
1085944910
1706198962
1193136369
2140771305
1000974446
2283114138
910860706
2989384915
3185326125
3193244870
1572266773
804242282
3390773653
2146635263
811155459
2675393633
4078932332
3031624446
3215682280
2634212745
1650872494
2621618141
1344808196
3758279964
2070458391
2378417523
4149655914
1215005288
2644057403
3299409385
1036679671
407085559
4287281189
1357491722
2016130290
2181993483
3123316733
3375781785
1866230013
3984569844
4081651361
3862932520
2701674228
3313929965
205858132
3775459965
169770433
80390616
786805111
3745755852
2471904423
3540959376
536678690
1083656650
3034041763
2081782789
1515950548
1909237012
3797193652
770365031
3746667966
1127553030
2367294772
1543628213
3313341079
1486034887
1033819313
2694013619
2253537069
1877604383
1692833928
2011310547
35770821
2229149999
1165428546
2878681429
530103579
487333492
851286340
4192948402
4090259099
716500048
1853573697
4150268646
2540290750
844803995
856557349
3389924095
2057459257
3338958674
1648419247
2953549366
2436405388
4229296077
2294314191
907501123
232435630
2892291297
3750821916
1862048338
2839777693
3439774023
3538622612
3034010322
1209392676
1712604684
3869175432
1471243789
627778461
2842933710
1734923701
324539915
3487162561
137973306
1683977479
23860045
675175848
2724553553
1714843370
1903659395
3628448222
217177580
184248671
2449022099
3974146544
2492817559
3295726518
1803699782
164760230
1402210594
1909058134
186179189
1991426725
1935839181
2313542112
3847611830
1429211170
2442048840
1405358445
1253609088
1657795168
1014230960
252397414
4088756325
2256256126
2847197905
2785696956
2038410387
3979225501
745406362
314424408
2362900350
3129839175
558358562
3911771260
2018114005
3225136157
3499395815
1148733840
2574667808
324194625
1283122487
3132703218
4029160198
2070065673
2789198655
2685291524
3745962067
2604404040
1774216122
2702776414
3438544204
3913075627
226359612
168473493
3401149538
1274346402
2765228581
2207448155
3572933125
3259918706
2696639274
3326567019
3039172726
3423692262
503054187
4201455863
3453897475
3198438596
2909743244
519999043
4033802502
235140067
680191283
1033784932
827969101
1607921698
2675287918
1970082891
4179295540
1731691334
2069200407
2747552248
1510292188
1079155840
3979883356
3109755291
4146315133
3091059225
4036430002
2836774850
2348272246
3871732755
3389650444
4259625351
594771
2813025293
2572424805
1684957553
3795065119
3861991459
3893087194
3753514299
308124044
2230519145
1111590179
945261711
803916162
1003896269
305708262
2512918437
1744936059
193080672
1472312892
3135561862
3820161495
496311729
2872881092
2834213082
3011483080
1236766937
1474370416
1271603092
3795405144
85562202
2339502084
1095743896
119353774
1555475934
2628266231
237755228
416181662
1445546139
3882722286
2462434630
616175377
1881796173
3237737073
2514171333
2898657542
2429098852
1950788765
3670943335
2700502833
2303551771
343994461
1474003439
731276709
4149831939
319807394
3291285719
651850461
184632229
1457480025
2633932014
4215971771
3118822364
117545702
2149440702
3168771279
3763811130
916749624
3123622098
3727729448
2746990033
1977488725
2554999526
4143516453
1119599339
3707482449
1297119865
3686940570
2704030180
2099626067
2924728277
2309631270
4207417412
3958629004
1802081440
854310032
2733422391
2512017466
89834078
690849931
1955305839
2035921774
4222953145
3823929795
3182253602
2121758977
527007453
1607380194
334135281
3717494681
520256663
1139218364
2241522056
300384682
971379192
285559335
4270875861
4002744982
444344401
2786065901
3633187931
2361726213
1964453691
2275693803
355115706
3224601771
120391048
2424076448
1303306543
1813187075
1336881490
3897660803
1011369633
2586202176
2984443341
2230416899
459651599
2993995756
3299742141
1487503955
21115092
3553099316
3303094484
864316419
2885603571
1923773842
4210236288
3398411360
3733850625
1254845424
2516649149
2618419110
1282552424
2968504214
2974913478
2095666117
1650025761
1542627498
3077234291
1664182104
3031226473
781539140
2187515513
2993436390
3474629763
4219255694
133953011
966843333
1216179283
960538722
856556170
3029085726
2131266112
789988843
1573945732
2894639357
716590061
445587221
1875777458
1192276882
2496265319
3164888195
3866747672
1095316613
3466366831
3891445698
1502624816
479487003
4011890996
889598672
4282260550
3092312818
337093494
1739295248
998968416
3561346199
859946346
305496290
2764392476
3789456249
1570345446
2899771674
4013394863
2264475544
1229575065
1839875160
2172372228
2101445152
2758725312
612593048
3936056244
3709033380
2863375408
3510030309
381608075
2531418399
844323203
4116809960
28306412
3005034073
436485208
3598152261
454458266
874479333
1173558772
3091131332
2048040910
2300873564
3260012175
1044135343
3209310654
1412792189
1674078475
3379290927
749974719
2436470616
3084414728
1977045107
3095861506
3763333247
772912405
6405686
4265966188
801380683
623294864
2395547669
3593694899
1308149438
1296811796
2869898233
1943927995
599798057
3565790535
2102763239
2024352061
2466352531
1705436682
3187258798
952673562
1933237184
1564386675
791883605
1846554807
3940369645
3403033520
1165102215
3009405626
2932328410
431009235
2154513760
1125132995
10444721
742913452
1060262410
2203846061
785447661
1956304104
3849650232
2811990666
1440979420
2880928721
337817083
4147905177
1009663206
3755310879
2634007078
2828054973
2958731893
156580907
4227832603
3167163304
4268586522
4291009970
3962895912
3131634742
3601007353
1983193104
1378923520
2715641527
680150780
1943958931
525889351
2650665665
3642071836
1937094249
1318914157
666102066
723617314
3750732786
2341221895
498915297
1687378336
865003471
2445106749
4291766813
469451080
616976687
4084879118
3952788940
1755683567
4026154189
2242965172
4276783747
697818684
1983486910
1257054857
3479470499
1989954982
2414301259
3911112238
3004329117
344972928
2809843018
207300711
1677763506
2120902845
1150780173
360394378
2767306451
3925080870
3944620933
857797427
371844051
815691685
603039370
2842007449
1519533776
1939029688
3996638934
3936536613
160408213
2913966510
3084456765
1334279546
3780808476
2854952462
3289531651
2519358030
1611825206
221130489
3900081763
4085595874
749838048
2826371247
3779960981
422475949
148451728
1082568957
3365285678
1514205510
2486119351
3035619279
1133602698
3503977627
371079260
2772351884
2790367866
188702653
3258075819
