348376962
100589867
967619414
3839827363
2471387928
2567479592
2448565574
682623883
677842588
340634725
1724154379
916875486
4182295380
4140390738
3304569141
3298429754
321109417
1523000766
1520438577
3329047304
2642118771
187660088
2110763328
27304583
3213757536
3742059230
2677805701
3162812662
3857164833
314134491
2681615174
1713789617
3883021617
1890656554
1957775987
3300915134
4147197122
1125434864
962209806
431987233
265715557
473156742
2541824891
819407081
3992522410
1576192991
702682802
2716149191
1967091032
3889030378
1703505516
3713320335
2948555970
1299710413
1630700804
363940589
3612155747
491995888
2270233628
4155353441
1294277382
1923639679
3733054179
2399558899
4040540668
3414009591
2681474299
3972299365
480088594
322551918
3937179469
1586642318
1564597552
3342377983
3633563059
327409540
1567598926
1099637509
2914315640
2718284964
1310026360
2041135458
3492718880
1978334765
1156694476
3514851642
1461395727
1019618194
1251177240
2068385544
2590554671
1523493467
1490694028
3007183246
2659473281
1067209686
2183582808
1179681986
2576392902
4146177642
3837713478
484579379
653770608
3052885263
999598565
2244544949
592828138
3463814627
2473600000
3797474172
918682797
1939623335
3937224673
3167000534
4222314507
433899898
3003048932
3499115614
260184757
2817816333
3932266126
3230488922
3080487618
2228256516
864357868
2863391212
2671030393
605856906
3395354723
909387955
134198233
1574744617
2956990560
1204053580
793220455
2387454014
1688846803
2946610413
1746552679
507999169
1596913384
183795313
2752509474
110885974
4219116527
1565208551
4110770020
2622510823
2755017139
2853638802
2791277963
2397224293
1846370938
2785252326
3538711838
3021869019
3095794287
2087612902
3693757569
2043307235
1886403729
2196223275
2163304369
1879674527
4203930021
302439294
843821763
658364853
3716525178
2014731253
2047581597
1726574077
3103743620
4187166388
4144207692
4088898296
199918895
1365952772
3904732070
3418569673
712414430
2961932439
3045095955
971016550
2514922832
3658097194
1514453670
3615348056
2053598207
2934493303
4001280187
4147626258
2130485808
1488478140
1022952942
3632265122
430230306
746603573
4269336689
315164073
693309580
1588930358
3790758110
3623674328
3219228671
1964011663
1805793095
736677731
3811130352
3461253275
3761299057
3971585743
402669410
519479542
3865175541
653329148
2019457134
3224101634
204769449
1346188714
2461349964
61376133
3074396252
1559995092
202431213
4145680515
116318861
497921927
111643639
1034583961
2319336372
2240720956
3597127646
107677258
230386625
752764934
1231954714
3575749213
1313137985
1261278328
3407279269
355341089
3507443905
2823746586
1190776670
1534975368
702804348
563500583
3865558190
408549441
3313609568
573356293
4244413227
3790510858
440772252
2574923472
1943782467
1040249459
2583405003
2578892903
3045060802
630105693
2088222569
305092114
2871979290
1655406140
1181762072
2353611663
3445478611
2153942428
3293548521
3131497960
2564564547
3201453542
4099486891
1617878300
555040370
1560274361
2046475610
2606260346
609513843
2737447476
2507868596
162781076
1736450655
647748786
2346281802
2886519945
4056465787
1708380346
2332522343
2302719180
2122007682
2991640284
3191734336
1478717882
1978682610
4049956017
1998463409
578728208
615955139
713104370
690379205
2696838218
236123363
2153375128
2022450052
4147681396
917530054
3904082789
2287526748
3057907158
555868866
2178088023
2746470686
3302266511
4245425261
1885355077
3163978880
2974489282
4139448376
2841881197
3596758148
372613886
3527374636
3784452101
1515794059
1134907010
711038941
1271919112
2407890813
1173581755
1587798795
2113154207
2023001083
3765508910
959288109
330661548
3510856974
2258302602
1256525627
4222480243
3801736288
3995867894
3474042285
331749230
3726331329
1253004194
3302921362
3671003631
3104247815
2655597290
1613442295
1946854451
2451097264
533851607
1980554403
1213421265
1810836050
3452065303
3637211009
2913690266
2205518282
1098104393
2735885987
3467145671
3774327137
3294584983
797662332
3150714165
19959085
3229621227
2384271854
2068122046
893909208
619743342
2584837658
2772326111
2153550092
1894510972
1164384409
1212712517
3746423103
3908644541
2877357526
2122374719
243549149
3392124141
2896607936
1682926580
2140852150
978632572
1590692190
2567996210
1517864136
4157463450
3420765386
3779651995
760050896
1044552564
523740730
2523689974
233232985
3189992508
618032440
3281802397
1536465902
3215204504
399158837
1205727449
145886134
2527063139
2888298540
429448962
1854966298
2829288591
484358507
1053135196
1830143864
863965228
564151364
4248320151
3081126265
3235792176
2208573736
399801752
1979911693
2089801386
1636974877
1364770013
3858438967
459948580
1711797949
3437638095
3350942885
2703515345
837003700
3556705597
121888318
4229628336
1194098862
3873501277
1566348944
1388015444
2480338543
2467278183
2203624544
2931196053
163396515
1976498525
1664535471
2958686806
4133312561
2612442806
2369493105
1889144941
2241329295
169831327
2645730038
1834551454
3281928239
913919721
2463288608
2165805415
2488611530
1352535030
1980927478
461741385
3106976104
170909135
3206601257
4240308689
302872281
236535367
1479218353
2607401007
383006811
2558625340
3869065409
703496506
3302696606
381425236
574837654
3996782069
1800092958
871073406
3667536014
3141254151
950600251
2469752747
3228130424
3207312503
3286079377
1719752850
1201104806
2024594219
271409226
2929130370
1857805817
2953384596
3011736158
3881409106
3136177238
1246388044
4090419768
4062784066
3731871953
862111019
1904985864
135077629
577756318
1474645683
2991282595
1463614772
3912131462
903916234
1465757615
2189704419
3979592012
2061812139
4276139035
2893066540
1500782300
2252599498
1170469491
2361549283
4242289727
2941252085
1660013988
4203729209
2437886000
1475445191
3403185619
1278316820
1692164524
2743381908
3139166298
3859421239
3476520280
1468934719
35683129
2310621209
36210872
2419084482
4062839807
765288763
2051286950
1744243448
3924557566
410512294
1553439481
363818645
403314166
285273435
2638274275
233773440
1175344698
477871904
4132701382
1931913828
471836127
724107391
3650985912
4094196087
2708487932
491373391
2830757289
795812637
2419380158
2919116183
875192752
791914171
4255704605
1693518084
833916625
1930336026
186355401
1378926859
2402182678
1792365844
752900148
1386824565
3609456010
3796675468
43516837
2736753534
945749342
2148848057
1418966061
2159735298
1871981819
102879656
2514192748
2580854116
4290332079
3594243423
2015938004
1872997384
1314068088
1328523460
3966602628
1963803219
4128003798
1635063696
427576220
3398216696
3012114330
1875537475
1466216839
3929110002
1004728193
211126295
1223309284
654398892
1903859887
2275052654
47976974
3686588333
1482985897
3445002136
3222911493
3135445334
4113633207
1199322632
3227445825
3859040713
1444633433
2794721457
1847607540
1958573803
640377345
2112173697
976210270
3396816950
786147468
3386562112
1870149172
4243973506
2966642249
1391290577
2176775923
410505586
1892576217
4168368239
462434729
1293193746
2127765998
2561716609
3655582271
333656620
3705670288
1991277750
4147483187
706880164
2664985283
4005616130
775779827
155318069
2976636713
1351802769
3860874701
3197541233
3016562298
2557762463
2703000900
2461487765
3404076095
2576330989
1157875433
765011136
2605482846
1691029308
1013696920
305902682
781328271
3069757250
1218511899
864306657
3094331777
1124076822
3670542121
95889497
3773021984
3783600523
2417977637
1727856160
3424364370
4215982919
1930043056
540769960
2990869010
1645155612
3058019027
234662649
3804149763
202429985
1014360520
3359810789
185561095
1863816691
3600590609
3983744852
741266255
3607695827
500536874
3021636828
4074743410
2018041559
1189733846
59778644
628733979
112061883
1373657498
2017928815
1792642453
1156131914
555585454
2002479239
2452087059
2266546837
2303600868
457507175
4205951905
1320385381
1950656060
3383205209
111844833
3778207712
2171994095
3084230480
2519941875
3049039183
1954159739
244697767
1265099641
3734924764
175163060
2358275399
3181876694
2791927990
456428860
2995252135
3579744823
579965577
51960589
1843502958
3396604064
136666708
2848561129
834568254
2187299647
524224271
3897334906
211927616
4086645232
4147814795
39331001
1476331985
1263983707
3092030498
1069768843
3577165952
1175434775
3049382068
391349954
526118612
2051637324
3485120028
2313252618
3846656054
2243962712
304155209
1959950089
1098236249
1197806533
2326190239
3506514677
4193324902
690741076
1408784835
616894464
3854320504
4207590570
2934372669
296113819
3163120332
1554350515
683801305
125526033
3678058900
1850647353
331141666
203882788
2424218272
3034077094
2942126076
1784123727
2031913726
46599931
4265769037
61210651
2565536011
2488553622
1439005643
3063170713
2205617997
2110370181
1521760550
81258197
3035594564
3157141182
1384347292
4288147891
1825342053
4150286456
3687541046
231651493
742895239
1781749470
113007287
2812142285
1495564253
2184470990
3209846628
2900753312
2788238574
2203820476
4211113831
1480071254
4151032255
2195227183
620728498
2487472361
2551345487
3815166785
520211674
2463269259
4091549354
3469669607
2776039215
1522372408
2505642788
2680748645
2968032895
3258483194
1708237773
3978266464
4052297835
1286850460
819999757
2411516833
3020240531
4007931553
515238171
3388918760
2944150187
293197293
2156928772
4088925085
1220604386
3349828902
3796788030
728769740
4112703752
2791945551
2026353136
1283050959
309398755
2043782621
1333922742
1816013663
235943892
637722596
1058015345
864791579
1950856113
3510603713
3139598115
69004079
1464643779
12890071
1370643078
1966427567
1903503031
1848425709
417229366
3008390227
3333855115
3449600516
2682111700
3902551636
2222445685
4074123114
2072375157
2326364024
119445973
3597197996
2765559249
2878890011
1778539870
1232825570
2619374231
763729911
2992502401
2716963697
31052176
1722131840
672516437
2101781566
1570055066
2689372978
2822944186
4047296600
855433350
3575193677
1299508250
2325417306
2650692167
3782220290
1952156204
4092858037
3297243332
3746939282
3948452372
2932801825
3921222003
1840161259
2689182171
1996399082
1519903846
2060631415
4046776369
3604802727
1249287233
2315971480
3433222222
1207733865
819673979
1913542940
3524505434
1529771731
2681812096
777355016
772797661
1348858871
4012687795
1805046556
546884607
3727688678
1164085751
402878432
2738919412
433512541
2515887330
3959697033
1254016831
849857551
198103924
2896531432
3806517941
2405837312
932536374
1110970592
827956062
2584175803
2718038426
3030951885
382220732
55642665
4257801651
465269124
252580279
1338631707
135847837
2078065751
1178520105
2431693828
392542625
885642275
36930779
1491397086
3666297322
2700994090
1220740700
2977194355
2799396491
2966249462
1754049854
3341491577
1537678498
3329039652
2731221583
1539427814
3491942457
632319467
1789972477
2101824695
2226458789
2800406982
901414773
