3460074556
1440395648
405723424
2558853645
1177828628
1681684258
2598566926
3342548873
932182761
3614991060
3312499117
1775724844
3923131718
369486944
107802931
291586483
3759408882
1953146539
3011496535
958544033
3125033223
3659130226
3967544835
3802266195
1578600384
194069576
259197879
81327591
3897011485
2911889955
1786807169
544519061
2119509889
3862624039
3873788889
3034511006
1680538457
939502539
1839672722
1636553008
1107113057
2485628393
3632779996
803588245
4039693671
3110900194
679084181
196178745
2654147501
2336733430
3043505401
3917427712
4226570521
1308562489
2627121834
2730637049
4262301122
3022370680
2332900441
2060572292
1564592059
3280587115
4271193494
3908806226
4029046339
1398839308
830802501
1266598086
1909810465
3393019657
1780940086
2934461565
683383123
330984780
4263764233
3594353137
228111316
2193877632
1023580947
2350411067
759138839
2700524426
468347232
1400619672
2017361784
1345543482
2352646994
30943886
3127778267
753789270
401774993
4013220775
3361624533
2761989587
1740720593
2879912224
160414186
673845331
2811460025
2857508138
561577105
902143188
811885093
1843342613
2737101090
262048765
1361663677
3041293949
319756643
1089577129
1793585819
1301913087
202475337
1911411456
3390978168
2889614731
3388277694
2535764339
879824119
1513380372
2068340877
4045902501
39530394
2283164534
1690182494
2573736216
901802594
2555544890
3444672092
1534968776
2987519603
31560602
2842958202
1031632466
1407942209
2072380028
3141616837
55487606
3481400850
3095672676
1349112588
1371863763
751904638
1499886732
4074295683
1709395465
2654509544
2109738528
2748574787
1893307881
1555991418
2823613567
2128178623
1315715584
1042047039
420548261
1826873212
1693130961
2651134998
4035007692
2542678851
2418077305
4139088335
2885196145
2803763760
4089167524
729187530
3193567349
3587311435
3589504017
2847660476
1588296987
1541690387
1596271604
605650214
729341131
2871855786
413412872
4226872608
1625905917
389348145
2989026697
2085131619
283698875
2635197109
3499117364
843069754
3599548993
3380164712
1660785679
1433147533
1800219802
2930851615
3825832780
10861547
1594843679
3510932258
2878751031
1804734366
756765624
3734916186
1200847610
4185176991
3705516815
3017742193
2948822261
409636295
3929402578
2276411786
1055998988
1339278784
2512725296
529404842
1114597079
869081254
1779896052
2778078243
170707270
1273193451
416321986
2313468112
219951614
2594993164
2757210625
3683066672
1559619133
3404964
3788473161
601925847
2009265297
2782549278
1300795307
279598553
2513066088
3484296366
2966195461
3900273985
4047420275
3430767607
1859031786
2347933565
1828876730
2318873919
2283104392
556432902
3119809043
46259263
3149135028
3025565418
485804138
3241801536
274366492
2855018602
3489491813
3223928800
2368384065
658001741
2220804090
1540186479
1782613878
1836036431
860970430
3453585387
2421439211
610920309
808096349
2043921311
2604275267
3440681438
3808771488
3165724784
1024279992
600238461
664412250
1555629866
4127027238
1525045074
3044753585
1483694833
2993105748
3899499834
984019009
670340057
2336686730
3960127306
735139849
367869231
2556863130
3333850931
1822228006
3456476742
2466071291
2842311428
482558837
220569155
2953062729
1837434500
416353911
932165399
1575394722
885409059
4093089211
3428218115
1175482068
1248478384
3109043453
351573338
2667437881
2722126668
2570866490
92481887
423434302
2537409239
3397705572
883331329
3148121834
3901501089
661055478
81147886
2528555663
2344758083
1940287441
2054579765
3360677678
3151555737
2814741408
2565311102
2110490812
2489486349
163472937
322625155
4147629975
619093023
2219651583
1676077282
3167913195
1811606470
2870850091
2805380642
3078270780
1603343034
4251071007
3413623288
1798626166
355513139
291775052
577869225
1403771409
2139446478
2172222080
737726783
1176935718
3607481043
2616189047
3565741356
2792444979
2866169118
1984443057
4023744539
2738972717
1189153331
1203623249
1940156999
766528354
1093183434
2148994358
3747574006
4049065896
4254469121
2185419003
891715038
1313916347
593364338
3654944892
1501792080
945490348
3095878468
3754826683
3317397775
1342540471
3819031577
264717994
2390539682
1898943012
1066179558
508250542
1136576919
2456528319
883590242
2376691417
2586270506
2784379289
363846803
131456458
1450543094
3474771671
1195830596
337254398
4151813219
201494670
3439948577
4123336396
1045026059
3847953431
3329830448
2409617620
2632650827
3531552154
1843370380
3076351927
3238780081
1158037850
483603815
1771994541
3076753264
570561333
3903429966
117028040
2637778950
3110851275
353793722
277570293
4082690783
1134584761
371740305
3404872523
4216235788
3880373012
849801760
502689375
3086575212
2254540161
647206838
1615428394
2150656909
3102716141
2239692683
3359909236
3664196889
554552149
2017973111
3665989714
2005038024
2734309113
3619033573
2463668840
2257994746
441221027
686660295
3171035494
1188078821
107331533
509037174
2280731217
3200562175
3754193813
4274551352
4002375085
3119214107
1027135843
1257896787
10922661
1455483963
3204752292
4030637289
659654546
3576866710
1683277254
3099531894
1382631914
1584483193
1874557620
1377077089
352846262
932618714
2811982631
773592898
2454986833
3826844568
3881442252
1213991590
1652978314
1426779818
1075651751
624681665
873898543
1185697046
3535901034
3155118506
1387061780
63966397
942101836
1153801086
2315841548
238042934
2955535134
1367132310
3804476230
3336757198
1997037630
1193903086
3488399441
1481189669
1864529075
1401807080
3232546515
328169247
2895849748
1613907387
3284478595
2218894080
2446242291
1089213421
2978170658
2477148324
1474250284
3850471254
4062605888
315811790
4193159568
303537360
4275482640
2315040909
2434948832
1825304385
2409318514
440973059
3141870179
616740398
1500024947
3551647152
124548344
1295878718
334843481
1696821731
1962575814
870616382
2542790352
3904590122
678985712
1539548184
1718055658
2631511739
3995262799
3791529857
1819373074
3053265011
1689842862
2344606424
1454565609
384813009
3454593089
1727197788
3427987416
2110150393
1826756593
135416120
4067341221
2216921989
322132643
941575516
1959920623
4242397095
4201748117
2254388573
1454026288
1058376040
3497124610
163041309
3107592195
3926276453
3683989510
1539323441
573157234
4057920341
1802936429
2053304691
2503544672
3557021436
722309808
2528159153
2878156999
1050176085
1934581551
2073505062
2675804165
251365774
3589121406
2460246914
4120234311
886394072
3282319953
2296711191
2402266052
23017236
3953562973
1661147573
1242207361
1877564672
258393416
2999804787
4271862324
911916195
1732699291
2415811217
2930465150
3945148260
3492122443
3721962606
2790246654
2890546435
1011746235
3708929826
1710844802
1448562709
2942470350
2804913906
3698863208
356914071
2750258575
56393458
784759855
3921553307
2144305322
2752602562
2037312453
2583472553
1990050837
302964369
703557971
2384072002
3271491194
2205823076
317925400
639205571
435195899
2477633094
279137071
3938768426
2969332139
2622353240
2423958014
384505454
2234291057
3717791393
3936220359
1042577548
1493218972
2519148525
396887382
2209824246
3631160937
696531902
2210366052
1898698186
3686767979
2981500953
939884106
1512127138
3186794348
1308757644
1522113321
337754847
98025322
833495496
1489308760
117067435
2063311235
3077917494
1163121480
3338626819
1024760410
2669731603
4122496113
2552942731
1986595824
2627122159
2839124247
2953605396
2755757222
2654152531
2345174082
1071300945
3572807043
1099377647
425236118
256572679
914724782
1926482131
1901802006
4089079778
1665560857
231295169
1865758275
745724668
1212036280
2273698071
1077297821
529668950
4075988751
3020314201
2367654737
3130264783
2340773595
709418489
3244190041
560697817
4074902132
1118807875
1738008754
1378154619
1126362966
1404337447
2099281676
1368916264
4214105849
604377561
2076352291
1170939849
909288964
45483921
3200159010
75293991
511770868
642712997
4060983671
2723563208
3640256764
3237946442
1261434397
669052862
1292931704
1744734806
673325670
1724087341
2385008261
1467998973
877672884
817880132
495342904
919255357
646011944
446478994
1702494055
2992547222
220907393
3924068527
1831206086
1260854905
2943062090
2775347683
2850783391
142512191
1718368189
2839207761
554164253
2219089550
3945624442
3034003023
1748918403
3948882770
252747349
2188606521
600394778
2003058875
4144187149
3281033216
2162240856
2145015690
505930429
164763959
954255017
3903404597
610082600
207198109
2653577818
604007681
2045755286
1173982204
2816262424
3011416862
611199159
142676367
4131547240
1281697425
443111856
900443821
2120144902
1368432948
3446801390
3248196196
1818416753
1027268722
3398773341
244082036
3399160303
252625409
2462622239
1109512130
133649624
865425270
3421420001
561044600
748817069
115776680
3036410304
3867231180
294379476
771969830
2450953469
3256449446
2573514814
2896614945
3677004797
71406008
3510884195
2215585294
3110569695
3158883349
3011305589
4130182646
3983319573
801534074
1109187047
3366939744
3889207197
4005169561
3705350409
3483416855
115005643
1018327984
307041948
3574028740
4034286630
3226949023
42320599
1880362236
2754042921
1239298396
4273812301
3436193215
389958838
1429010411
3491742322
3146014945
3783455461
3852332484
854515977
3636546991
3554339993
3825094077
1806607777
3250005760
460611561
1929012390
2898614894
3402742908
1865555248
1007239971
1284492238
3917316089
3579421521
3252568128
3657545528
4172975961
2823097312
1736504950
253979846
1427002763
1744261242
3366895066
47308006
2703281112
1820096175
771981817
4179986987
2294081665
1975164660
1010114307
2091752643
412615420
1090433703
1371908732
985365464
2978856113
3531570130
2236233797
81570921
2976006890
823015924
903090052
122463708
203412538
3129868670
667460860
3820678628
1059546386
1888525650
3908595460
2304546331
1612510511
1432828248
1891500937
2935880241
716428973
2275642918
496319460
1416384247
4274711059
1180370267
4267513557
4097960286
1008011209
2020405011
2253147635
3053181550
3508025668
198184979
3007792744
685778948
3599814190
2004659099
983853983
2621593242
1096654658
294197343
4015882426
1371308640
3598204354
507579958
1639423375
2782295123
2604951372
3648507171
3767680117
3101503183
1702296396
704880069
2746895183
729292227
2586833793
4151458632
4022886121
2357693806
3032795624
105074800
4219197764
2421027938
1592260549
1184608464
2629490304
1959754152
3656892543
1482829408
2057252733
2777386610
1600361224
4177497228
2765274822
2025861749
1248853940
1350614618
1832060086
2179379539
3879677580
1678821021
1263477521
2992546406
3189598919
3815420963
2592862934
368544623
1373521567
2212387574
212844085
2655507798
1840797174
3103731597
3083786747
1734724951
4021993049
3023050835
2284521344
4018518567
2257466867
1507255139
3292950897
2542035333
3650526561
3265471949
3570682681
2067297019
2558218063
641978143
1957825385
3999156417
3086860778
3836677623
924240431
864107798
