1907739284
2421057712
1713785997
4121300901
3273189920
1610144040
2516134483
655058273
3527108292
2916282854
1664249882
1410671646
2671567995
2873990180
502416346
1868464158
719057900
2337069519
793232866
2349739704
2321893436
2848807015
326625407
2776819978
39835205
3889804301
1380286987
1525833559
621559415
292890419
1045656964
1499980900
1788446758
1788535644
126320483
1475737220
3708816917
657948674
579437593
4096998259
1607843974
4036499337
22309661
2885789101
1357781907
423527840
2551285679
2028947240
348431825
1219748095
55807300
2823294968
3263872163
2046473201
1183385094
3450235754
1235884328
2455289411
3930362182
1195416856
1221267339
3703090600
819498797
2748593121
1181623794
1798191661
346141210
75446922
4090081969
3322330569
2950100243
2494065072
2315329077
3295724334
2825946863
1904462934
3957201956
2545757140
1692745849
774493445
3413013294
1234309697
3365004141
516175939
1251547285
1747265728
1672450318
1148326582
873126624
3344741051
1495978881
1204443276
3382592097
2777518018
976020876
586174507
559310186
2497027481
847612407
3927891943
4265488752
527274941
2971853066
2691412066
1432424802
2872164001
292882531
2587874934
3218699664
2252504044
1361039835
4064250210
1469021918
2509348226
2096815209
2510748473
1064501839
3327486485
3306029614
117168076
3285860277
3667949283
981053665
614498948
3725663163
1868278376
1137406341
1352093123
70437892
329857503
1162082963
2522580103
67618041
3076550571
793516636
2516979326
4149631968
2812357226
2685483311
450493792
3550479703
715690425
1864970870
1584157195
4086336799
2920223784
504312810
2734657359
441453531
779646442
1069416407
2847388935
2223376650
2869455009
2444911598
134091475
3730129614
3623959769
2972708579
845223031
1694501452
2088798804
4054971257
1901585395
3915710663
1395573066
4181311767
1057973887
3858494721
873788920
942577362
2076902204
308951158
3608082544
1231198971
4176242520
3181420634
4075881082
2457020550
2160328292
4216347878
2115993674
2293524338
3782958173
2865219796
3815857523
3431439562
778451730
1639680959
3053374426
156583157
3949576720
1840017553
538809089
3650305908
3095824388
2667327822
2375965045
3247170577
1671136
2218075670
4233735232
2353600682
1627672575
292789960
383846088
1715352677
2138704212
4173318185
3885969068
1376515045
4198979983
2345006990
3340617396
3263525154
966130055
4248663569
838682278
960402942
306114135
2505829813
3028626445
1355119150
1521570404
1198726175
125644773
501320733
490325703
3564542053
599152820
3660893531
2221770507
393960570
4121505731
1659018932
869479733
3021283092
2578471726
3383541191
115702441
2369545614
1169949911
2282738264
3881217502
1827577177
4061362264
1845062341
972038897
2399950718
2649876520
1529723115
896058124
3407838715
3661186271
694357104
1540348236
2109478772
967290934
3587376389
3472331153
924570632
2827573343
2472310852
1552981945
1667991138
3537493333
611866224
1439778604
3617535395
2561035397
3095663879
2038422197
2127681666
959920679
3807679631
951496173
4033597413
959028188
4116789391
3401950654
415310551
3337483630
25680366
1524350074
3335001627
1632727159
2138862054
2261905454
4113330649
1714138251
2514185856
3246645953
3357551256
327693273
3322661439
3323427320
2996415506
1199895789
2688251074
2510094883
3973159550
1780370001
2415283723
4234028998
4160054822
3804116038
2051849736
1109103377
3341822422
188841998
1419509365
3109442625
644836793
500250734
3742263758
1085589811
1972592626
1887432472
3093126599
2626376857
1144939920
3991548154
792480353
2609944074
2875612600
94533699
2562524458
2003181137
2046712123
725257463
3456494782
1920278117
1541790168
4099672781
3561796431
3702942397
951431431
2097434473
2277953022
1395619675
3413779816
426790693
487349461
2658148059
2897224314
642092193
2115209655
1750680653
1947858352
4175128675
4011401721
4189118031
1576614029
4028565410
2672621866
1987554315
1059573582
2564100943
3026382351
3441877845
2078308609
937313675
3366685550
479067473
999785946
3929943428
3260266644
3873897805
1846925219
960222878
1620634856
3232292705
3306513830
3751890450
1119617808
527394345
335190496
3332814148
3884314517
4151043436
3692648646
516318024
2934177355
3947879108
605095357
2301235154
3549414793
2559069974
4109544849
3854202709
366090388
417386121
2750276090
884273668
4163915118
1883022152
1298315635
3748014501
1419115972
1655653512
4181992407
1085579693
270549244
4100214564
851543315
2204057440
1940695007
2337288096
2414821994
1357222037
4093194881
2899769862
3976178412
2301066947
1857684488
1553554466
175085885
4125602550
2528971919
2604520322
4284035425
1393485137
1569180432
2257352758
2200974189
636040710
2642966441
2386568011
2695103515
1182169662
559951589
1435353974
222191979
104891237
1213424372
1863762284
3969169219
2125545287
406211234
3195763563
203226795
689290152
3745720697
1909613442
3855837910
2773499160
308622028
2286840681
1468065086
1564568004
3551919042
3326600756
1185726819
4187864192
3764316894
3913028492
860018393
4176781108
3926698423
1273838465
515575516
1515421027
2173198343
1993275576
3586898799
648022890
1022295160
4107373578
630738291
2872855599
2285746309
3027210055
266859360
1657108582
2309475189
311903540
2179598706
1211370876
1313362656
369582415
2638167988
1877503298
2018396434
3754598149
2369561737
2961422428
3733022467
238636432
367626878
982502353
1611827961
626353186
1940337507
2637440547
2819069364
3650797518
2410147120
2848983060
3776593480
4147553472
2223614453
4072857994
1131063992
170280440
4016121851
1829282202
902421264
3378135875
1549331529
2855081277
3956760806
1576687718
2533909851
906691201
1162692492
2742970405
2268687316
2215197770
850773099
1672333292
501612948
4027084485
3371226884
1377030615
2194135120
558759202
4056565937
412896862
4063886364
1887173633
4011116750
2866352018
1370964026
1545543522
2765334865
1998942117
3081675121
3947781888
1481967003
4165199202
3730529005
3198825670
1714825866
2437299506
1748998487
2771156648
3219124936
220277091
2263681807
35610408
192571853
2566559816
2013668023
405711682
3930769621
119219054
3786236781
3390004319
3478204925
3910699267
3774441356
2539183443
191608642
2006941000
3183940513
1883423590
823133832
1291631737
1346062744
134279260
2572213554
2436113064
167795528
1276733029
1728896538
83676419
2585245511
1657215263
662316942
2464868337
3094893077
1944054333
912185554
2093568153
3287638348
4283026464
930221376
2523501453
3989450714
3153519107
2098729781
413505617
1781948475
2088950227
481579656
2272640763
1515396201
507279842
4250564179
269628386
1909079261
2095443410
2051738827
919001467
3420667461
197141383
4238418618
1862463818
1431614160
2666438183
131562864
772806423
3082910345
1194796342
679882765
3960444418
4084068925
150054980
538383150
3226755819
3781690712
2693386988
2627788731
2746363568
3587245223
2279101244
1886228191
1783491400
4265641777
3284892758
725562307
1548821226
3403045998
269338740
3248137249
3582903533
2640898244
1739743695
3231774204
981888433
251461940
3370758300
4226411059
485054178
1478762217
3455923300
1351820281
2308653409
118877085
2989485772
2374801217
2069815490
4174132355
1405429644
2874315087
524386540
3465373525
329780395
896943169
203354764
4284701551
3086133442
3909317355
369682152
2094189636
1312685857
1562444001
1188809015
3343213647
2799277756
1276043735
2787171305
2694528833
805007099
3436998136
2552138333
368433056
1787216626
1741455742
2202358729
946037483
1322163746
1761200935
2114928629
1345743866
273169990
381034079
3090964666
2280217246
4025142070
3973619115
1942352139
2746650356
1127313415
822700696
3087729430
4260906459
1446144239
3478548282
3576943529
50852400
1988885936
2603798180
2162912392
1835016103
814603491
27337193
2996565531
2764554710
3554830367
1474855688
2457033131
2525729699
3965640833
3011975530
1969674966
4018570342
3018369850
3097906326
1939168040
2069221250
2218111646
2816154867
2792377342
1314855877
3248735022
1747597567
1036798437
1368902686
1192846546
2663612992
1002179513
4131494354
874925855
2749122216
345216381
450586588
2432480646
2772652491
2708119501
2355493397
3615568484
1694572803
2733705802
4266288859
4198417994
1794441199
1571082280
2669917301
3522095097
3149279338
2692156363
2702005237
2035981090
2755605299
2485958209
3486143316
4124847590
842527447
3216985903
3203322781
4157443570
3092910495
929493638
2946144085
1544576269
1674193834
3577110999
2093172546
1412623403
356836466
998900744
2540416769
3687891785
3804369544
2457752892
646096340
3953880876
1746414724
2378293630
3999430586
2519675233
1603587193
3733635667
3776052396
2886923780
1210093240
3297905595
719306818
2298672107
898840656
3846247746
883998613
2275148935
4269195978
2934603560
1171023917
1171477378
732798017
266433248
3536185530
3848777852
1278358962
3888765600
1019071552
512288397
2999695482
2505696549
1767307285
1298105998
2870973280
1357214338
3496740780
4286660662
1585504458
1461727347
961128225
2075005011
4022828600
1641607976
3200281333
1211317312
3228817377
4093575311
3577321307
3625208068
3432372113
389802910
682610890
4205553865
378975793
2862510660
819243325
3405747622
2991251500
1825424029
1717440353
2426144260
2798756154
678288417
3097357865
1029413566
1347189685
3513836620
4257363869
769490596
1057374655
1773201560
3862720134
1187622688
1343737287
427948715
2503283371
1279371102
928292717
771410532
3329030838
356563057
3823782828
3948488054
1213043250
4020490471
3324107041
6640698
2888105503
607308031
4194544830
397211131
2165561930
317021929
2946807159
2648663726
4105254016
3139006058
3664141840
1143918110
329490636
1304585486
186490723
2351694152
2088702718
3593681764
3593740304
2805515310
2921265196
1252807224
1323499221
1355703742
3739338800
1735173724
489954446
2315711542
1266518421
717808562
3642523564
849786251
2840691023
3905527108
3405891286
1264193562
2574120554
2880049692
1747167255
561036229
796787853
1378648838
1112340562
3634167118
2124716438
3705932601
3122008978
2817520564
2887744217
4125007397
2752712755
295314679
2176443645
2494412348
176250182
117134107
3655459333
3230250613
1173545525
2362871680
3901649127
3890122548
3452810579
108241443
3075502516
419653885
874924119
1933641655
4010880548
4149949489
509098663
2542405086
2066507908
3069586126
3915445101
2537512962
202164245
1437697482
1020836004
1917396411
3947952214
110839095
1727974084
3502367573
4235106379
3502779631
2375389300
1244702942
2562584929
3734527392
690449225
3815890420
2082444499
2835026268
3487483073
3446348113
2796986027
2539214016
4010411325
3294072868
1980005730
3729861932
853650182
2212996767
978859612
2380172303
2633420847
451123289
405270616
2210418490
1838367013
2152452665
3533334241
3771795345
2993085678
2245290550
258137021
3837526005
4145494671
2319168003
561329073
1172407026
965220441
620322133
1409203162
365651546
3702462464
3105276357
2354911356
2225344789
832815592
2985343724
490575699
67742361
1578995096
170954048
