3959650213
3312043191
3789514854
1182215518
2673529275
2584036816
16312997
3727617231
4139486181
487971938
1218210586
3033162247
412489280
1552664755
1589384726
3070331787
2773723346
2310104953
2603844241
3677150995
1506699097
1848098482
1956617666
282136632
838919723
1963177199
4128453598
1734644306
2652813949
3038241884
2444382135
2479783360
732150985
3187412127
1271996265
3387948945
2446011395
2770811099
3644978008
262775561
2694255378
2957206825
3430185609
760113885
140103491
2544799869
1482897290
565458066
2535012578
1878740230
3913193655
874389192
1025515628
1436518955
3427814530
3792838436
226314397
4006180051
996168807
1135402759
2653344118
217469155
4186486093
3267447759
4217867410
5102242
735044010
3703793846
2059239710
4152471007
3881272015
3201674825
2659713896
542568206
584964666
1496490064
2217724043
1429822356
2208679767
3506608964
1848578417
380729514
1374120297
2789034199
2340441704
1522800697
190589593
3553493622
2744891764
4179669603
94971749
1911250877
3536946240
3684770066
594663580
2794269252
2478274054
3194671908
1837049749
1529232013
2493450608
1135930448
502098047
3371173596
1825454784
438811765
289697833
120115315
3324847318
2476717281
539158654
2583083506
728801979
1544895516
2766770182
840716809
365653138
3921923836
1072070412
3326667994
2986796251
3532250991
862741084
1214560882
1246505629
3982931310
3070855805
933288845
2023927561
3475971012
1984150620
3880621363
935169793
3479191860
2834273879
3155965538
2949797008
2349086467
3655824806
1117307893
730620486
2901154901
1260090264
1385394009
293400309
224188791
1988351845
2971274098
1184565496
1757183122
3104796804
3822399571
2572742673
3366586289
1450169968
2553146651
3398603631
2570758798
2359671767
1723181168
3612279670
1412980418
3029240275
1038142260
1810204265
2086518606
2620973608
509573313
2686483994
2984890421
906465227
1426370101
2254514273
4123071778
1126796992
1324311482
3787963415
193458937
1550825067
918081939
9202484
1022931999
3589268071
1799766241
3462583866
2448235200
3854960939
533789455
3382293925
3285482048
395472510
2123007772
2282355677
238787800
2046229383
1952359497
3597741536
3000117965
2667503637
1465118574
383183435
2902013700
1114978742
622889973
405297638
2517905850
4087508111
2940565221
1566309747
3942813036
162595903
1486809593
2754200624
1319140245
51275508
4284363477
3426843540
1484427880
2413777905
3374132861
1732115651
3855124587
2267899394
3113020733
2020767674
2835152694
2790535409
3385932080
3802986234
2882219944
1677391206
1721819386
2116219619
2754005432
1995138374
2716681
3376293748
1592942817
604357548
1720709165
302930944
3548206714
1589255467
1931960341
826537860
4173698953
2653528158
989198975
3440810218
3408687515
3076000756
113164433
1767586556
3445309961
1763194065
2076787337
378325552
1857655450
2757261628
3724403236
1486876964
378943334
2776710942
2190609604
1341217022
1420282070
2576124134
3102486120
3731095410
3004698836
1389721106
2687050798
4259064673
50930571
3981907789
4192079292
3865132969
509953602
2669005139
1089427438
2123566541
3123291131
4020548015
3502284996
1498288001
1284214423
2609351402
1228054184
4160053865
2435679756
3527583375
2973445956
2354700712
2254330070
873857734
2191280924
2122376977
866351822
2928273020
3010996949
466841388
2587603084
430614329
228377625
2891844744
3658081306
2539216853
3576860424
1861027563
3975991792
1562403217
3402577726
1159999291
2442741701
1200725804
246782754
3298394123
3179459564
2213254487
64014050
1737554536
1286422451
1195495995
3849476856
803102509
884930984
1318580935
689175766
3153667253
49227864
2333933522
16126314
108242675
3903797393
3764025828
2494379027
720834326
289456129
4066830563
2532924767
2930269928
3160434420
4099066909
1574642215
109642652
4154938983
3479952840
2469131053
2320482740
2408035886
930861710
2479303474
3256476966
2848090448
2119491471
741492498
922784003
346660872
1487779984
2724202197
230649065
2937033783
3996052494
1348357814
763116785
1321842882
877891343
97613763
1861629394
2366008964
1414549440
4074651211
914191928
1420731879
2422593031
2353567386
1902165160
1133485055
2803108484
2155257824
1933684089
738958057
515129271
3017313413
1717466342
1716265276
2694874201
4079346393
420914708
2412366648
2981494935
4176944679
3010725995
2172465578
2427757282
1175762713
3675915847
1463529586
1343027293
3936466015
611306803
2069017722
2124438825
2855906186
2530512164
1968803138
2512759318
1282098226
3741875335
1001235671
426123939
3032675303
3685721645
1962625246
3339289296
3576327285
2344183042
529369524
995731548
977365113
2123815469
1199191326
2149918696
1578491938
1527160016
993177806
3573438613
3014273682
2566136667
2682833884
4247300765
919267735
3716862634
2563784029
3383848962
1969426053
1326305559
4093631749
2168098586
429296257
2188905118
2704974499
243229499
92256563
797885982
3481425233
1101884837
3108121876
2129069010
2178438114
2257031962
939826115
2515987199
2861658399
2567045582
3696679110
3422758285
2460401121
4270407055
1948618752
3892607431
1868465546
3527757810
4051357222
3849622656
1841482824
3745923870
1951292173
610596080
3093742309
3698347780
2973366384
4182843612
2242961300
1588254287
1051824866
3427551216
1979406074
3681249324
1047298763
3130099229
2253951355
976905966
1085989835
3998614192
1078786150
4274871065
3683636847
2302168083
2395038078
931221555
203652332
1961617989
3944393609
3991623272
246181249
2952821671
3440838167
1012902126
3889455206
755924628
2850506073
323488075
1777266107
1664513467
3608057189
1438086247
1518040921
1584965643
1546469352
790720926
2306921833
1426839532
3021673613
3561175280
1220370656
2762392655
4115408163
444652008
3850648494
872081611
1767497081
515643281
629814125
2628685547
2487695333
2362876499
2023750577
751571077
222474269
3037028653
147427944
1864262529
698909783
3177692318
395588715
2622855741
3373516860
165231991
4022314216
714777926
1207167880
2772115801
4249331809
2285796247
2790809402
437888079
1850500403
4274251077
1356279521
2151367900
1844870818
2460175754
2636481975
3639635495
4139649762
144469577
4140489771
3675851503
750650832
910328053
1620133763
4027451079
2837857654
2615154901
3517856888
1051735383
2510175634
1226626314
2842405307
774025344
667298237
1810571761
4237106790
1080849926
1213924222
2966799684
2947045576
1832313345
3389439708
956472299
2665598517
1131541594
800021930
634418180
3063830087
1077450553
2455987352
1849581854
2931659163
3049330669
3662081670
68775508
569947632
1553669798
186275463
4222398506
584659832
3219969632
34309249
862456199
3633634073
3401581866
3854703182
3334894854
4053510182
1543292217
704771431
4117001700
2678137758
3539338122
513075602
509586158
3840789803
1959439953
208034909
890900141
2689986846
981031608
3923819856
3943995455
1348242776
3972521327
280759125
2730127767
151134682
3336187082
1516972698
3919066488
1588528868
2287920507
1095637765
1930999843
1973266519
2303172073
2485278965
4155812628
3774505877
1783490583
571640103
3575154509
1748797232
1836006959
1190299088
790594191
3916712232
2140835956
1518158747
3484457225
3337042519
3796741012
97701153
1838895854
1416856594
1162507442
1336584638
3392748441
260629666
450640376
652591882
474448820
1068679079
70244011
65203119
1884516058
284073099
2018019543
2465054037
3021725916
97372591
2101218763
2104807917
3506303116
1390351223
425595633
823782794
1160288164
3842245767
3737458115
3146807500
4128624506
3521174164
202737280
3109061140
739538768
2729826972
1308288810
3181335994
3627643680
768219009
911725792
1249642029
277789160
1993434109
1020422810
2647379720
395475127
4147382072
941837909
1741144908
2157536115
429748823
49000347
3174066668
525253418
3805083917
3122966031
1820817413
2753476256
2243975059
626534341
2171959839
4068504854
890315547
2930899126
1763258267
3113530940
4277733077
2165639889
2262648582
2192046086
1159901031
1287970980
3062121200
3884413318
2230489715
3450639559
2300624581
3739323747
3572646156
1634105673
3477131939
2041348258
776918192
1250384521
3501128937
1418361898
2392965750
769222215
862034413
2210320543
4020113890
2399698817
1410782208
3458361670
323941212
3664978474
4035663502
501545241
948882150
862385028
1960729771
3364010337
3093076289
2633807055
1817854502
3777767413
4226178547
1992519941
1245192924
2134455035
3963776821
3528505224
473670532
2374535484
3999178020
66591057
2195122493
2079118413
1293492052
755085703
763819948
3583879522
241248948
3564257757
1541814037
1554206044
91253799
1283780814
3534594924
2725753824
1393349068
1911251702
1508899747
3610272348
3361027911
3644531488
268643087
3344779350
3721928726
2184061390
108502718
600314748
4164803719
3630757108
251796356
2095364020
3025615526
4111264094
1433627380
4070843092
2806904176
940406639
3103250223
3612974452
744740519
1983629330
1472952571
2078098178
3489954546
1245938625
47817805
2101457231
1383620171
3749331108
1386330625
3005847442
4223617853
2169187381
3976683945
1020858273
4169801112
738690780
1787792914
3272993776
2593578837
3214158381
2749733368
1089489472
1549398809
367755996
3701496952
4036667799
2355765742
2222123275
543906096
876683980
4082215502
4016659277
3386350752
207040198
1631631785
4058233002
4120796727
1215508974
3823223377
4272021295
3352781972
496190744
945369868
1859214998
1296034375
2660767920
1543928203
1893594677
156263149
3553709541
3369540936
3175243548
1080144787
1606031650
3778646001
3179688291
114605461
3056088889
1877427702
339698623
2464796355
1228195595
2385588658
1350424647
3687917488
518224886
3887393067
1172952659
1436075637
153230517
3396160868
648059052
2063438518
2982241203
4076392548
1748059493
3076156262
2680220859
1538177650
3524330991
3290391844
4062579761
252680964
139870458
2313356165
2721700592
25935409
2405874304
1930925891
1084502383
2456679427
93008721
390563429
412693612
1183766157
4050454203
2427817265
539557065
2354611636
2471028206
726899639
192084534
313433810
3845161516
251788164
394150866
1383830405
2792275000
1393530825
993060901
835483780
2710458279
968653503
1418785475
2718061128
3438302486
1251068235
823204968
212931174
2526101571
2496706128
3210300060
2992561707
2879526132
1740471068
368750778
2326845157
1701801320
3357024423
1448499224
1049317498
642949353
3533541378
2832234190
1994586148
1194448086
1303897538
4193401906
3789132883
639585460
795729473
263228468
567545769
260380858
333152111
2157577217
2081199493
2959974296
1667725208
482626948
1391474379
2127951803
2868620284
1826778859
2893949104
78645942
3350183926
4047862881
783698955
3566374823
47268335
3845491599
716927765
363000915
2059255654
568163092
2044284946
2207860494
1921491640
3285828547
2841406731
2903853494
2259450600
2506995572
2427844468
26181753
1088951756
4049023657
1557899320
4200146140
2793975311
3939964994
3916149526
4255805417
1462820556
4270542035
393216490
2996735616
2226386930
234511742
603787465
1605028038
1411224404
