900313437
674436020
3535875716
632151592
1338203004
1160958818
1452087731
2242374275
2647076956
3746587219
3867788134
3066332913
1005487031
2260555546
3351135444
343628429
3169999740
855943679
509731152
147710247
668548496
589403427
3416125251
1763500481
2420480143
3601567344
2585304588
1887378650
2592719336
2604405592
1764886888
703106128
3727526305
846653826
3953509215
1197116924
964991942
3920150897
1296483230
3853024317
2425066446
2058052120
2682747621
2702987867
3645407658
1161991629
2134899494
4101715971
1100999693
3221483383
1031750646
55709411
2561434085
4111749029
2697921430
3887544566
1830744130
4214489588
1058755991
1671814377
1302921088
1400158392
854569487
3311351103
1130333253
1991135440
3635358010
4049859853
1289930016
1660804530
167377968
762677691
2294810848
3584666456
2835835418
3271065717
2921142130
3531078231
73467867
1650969501
3278995131
2887654325
92157287
2683573804
1305831570
3134997367
2030640621
2658358783
3476762147
1679063280
2363863985
2236072921
2366154063
4167045747
3086987940
1213895832
1839406059
3752650188
956022077
1940221354
1933774779
927000081
2627918670
374196495
1006907994
3924061145
2724234098
432529994
1944830281
4126556341
1735634612
2720899856
1665132410
2803426137
2828597777
2752256889
2021886606
3849268705
347614170
2460163385
2927657032
1331757722
3297103834
3772130209
2653151293
1491632005
1731167691
178928980
4272190332
2492537712
4281378005
1396212771
714453675
3874005516
837513941
3879764939
2259210519
3262034444
2785642155
2774003210
650624748
1902686785
1787867809
1347358773
3267507750
940506379
4044134714
202320134
130363747
80071270
834591640
1441599898
3484663535
66411699
2530263328
2631684058
242515181
2323504396
3402758463
3850631796
3874848929
3161345358
746144550
2217712411
53890396
1594864476
142019660
3710428645
1807135283
264462141
606984602
491707235
1496752151
299445696
2246991290
648925247
2864688021
120256397
3359590846
2899117184
2641885584
1765967077
1007017159
2052979551
568091763
2274343963
2727405622
2755988203
75350609
2907482415
3226803263
1878418184
3281911700
2046900044
2441346821
127417646
2718473184
2820655115
2204561688
2402015924
5015769
3484024107
2860012721
2223254820
947310247
2274676774
568116796
2075372245
4286686093
796309319
3279131030
1606885746
1698014854
1783887458
565162577
977341942
403226850
2590014367
3559540203
3161843014
721861155
3902519294
3138388568
1648763014
219321670
2459366826
356268071
3376476619
3910105150
2996430861
1847093002
3908194915
3266728991
919281332
1460724927
3200144585
445229743
685089837
1955355035
296663836
1164398089
1232098186
16686791
635396917
2653556783
791579077
2741913423
1998779133
2928728919
636407773
1004328941
1093826223
3860028597
35742811
1251320388
3870237248
1240117661
2947322122
3234704588
4225609590
992165493
2625483993
1182107189
2693685400
794905822
1077595258
3395676311
1623833689
1846863996
3374913155
1548780243
857014859
531202029
552140284
646787419
1075340070
1200234901
1450228572
970831123
1180153883
987649167
639593011
1280638985
2964956213
2892020729
1333394014
298924418
3432884226
1127788990
727668942
2516200345
329934259
4187048229
755074009
2750826842
1038221797
1551481347
2324318931
2196098432
2700028078
2512437304
3787030367
2195606759
76666186
1945889139
1421821265
1098929744
1474130148
2063148088
2910812061
2513558463
750895117
2616092847
4251638166
56161285
794755705
509522551
1097813485
3840894182
924868142
2804399816
4051028336
1573952115
4115853055
1690909242
1971460294
40473037
613974288
4231766255
2190862438
196509640
3487456060
1578130518
3614914292
2415950644
1547929449
3091773297
741176247
3771225836
4083432393
687016732
1245273918
2574286625
2861901989
957946761
874305011
2363790373
782076692
2134746086
3532269503
435436886
333137135
959703890
38960254
42331902
88349314
3462909804
1888972042
251823968
1228878975
185078956
2652580150
2747167306
982147402
1956896299
3830264715
2974204724
2379712422
3615865318
4221358419
2848317085
127053393
1245293352
629133149
1242297736
398271257
3364162978
4241639043
2505503250
2115821252
376009398
3581148397
3598363557
638461298
3110557875
1174955850
4171033532
124821906
3600719139
3857911294
415045640
3271446024
1372794418
3984095106
1410576053
2533837978
3307153273
1102115727
2915947703
2429540112
3765664431
4084900995
178571577
404300683
1422451768
1667722302
3673336003
3197142806
1648664440
2777756278
1575391611
1114396983
566805451
3171888631
450467077
144043088
2228552964
506649334
297252063
2006340306
2728576501
2702976185
3418054285
2785000674
2563364931
300944086
3056646297
3281886874
732142825
1067537306
270342484
3680721203
134458327
3949267765
1056848160
356246299
2845826886
3229238112
3399472981
2181501305
1231385045
2166791473
881549525
421687053
2012379558
3543566447
2930542440
294002363
3472639533
2279269921
824366000
235486379
945530438
2127610969
1641140102
4119084129
1009183820
180217176
4164673276
871111356
2756864954
4271673601
2874513900
2090438995
3959089578
4013030994
770449635
206366747
1380959131
1585371781
3221998602
1373322554
3871019542
146885752
3638443222
3775888070
4133499430
3525994203
4239082631
1700376456
3620832435
3347738662
3688881050
3063109169
1123134727
2750151961
3318574658
593631814
2171367364
732090354
3531217495
3252152044
629816382
2240077141
2029865665
55253883
3191397141
4111157570
4039307503
2678361130
4247528531
30525322
3426115941
896398871
3030029366
974081055
873325701
55239142
327892938
3648510754
2379427451
2537465038
2045718115
593910857
3792580161
253977599
2738654490
4039383043
1579675178
2725663540
3609286448
203856756
3926961463
2176442242
4231530938
1981448072
1398535396
1197563147
2694661370
1904445654
113443538
3136151781
2929775326
1821365288
3387727098
3763273023
874345670
3737773097
789994096
891784343
2512000905
2120070407
386671406
1616253254
115500325
3542937470
188451971
2204005135
2709140935
1393853063
2217539496
999634684
4080947990
3132155085
3778658401
1968712880
122380831
509896515
2724319495
1116476631
4288488421
1177444824
188359783
2958036951
2284608777
4225984488
2635847741
4060526517
805868440
3950238653
1568263676
349601531
4093611938
4038296305
1958900522
2552520384
1505389241
3898077392
207257253
1954411424
1836099274
3414619896
1203830015
1855110387
3763142180
1809266622
2838188845
2519196756
2521937849
3482421277
2084749530
1762508811
1769144827
4039465947
3596810213
561749366
2635238358
942062632
2320609416
1056733247
1936803796
1931234134
1542473254
2339833641
87996104
319633436
4099715234
2426689242
968398700
3498267785
3371482503
478513624
2820827519
763358420
3052965729
2384259187
448045852
4158075852
3147796897
2303417653
3121513262
2716120076
2932049368
2867140577
3528109050
2943968055
1097412000
3182614927
4272797829
1044837757
3801295088
1644630117
2801431159
2321352483
889250198
1124459873
3650174878
3555057863
40222902
1786362164
76614603
777785789
599189961
228587418
3545595902
3764434955
4183259042
2697013022
2538443199
235938675
2383065410
1463827548
4197457845
1326653259
598866114
2424744113
957590253
947266913
3596565268
323108338
4190826663
2646142136
3803812146
1627590460
227159692
4152392991
271827659
4093592602
3262426961
3498472908
484254326
2504202877
2006706409
4025111582
930748530
2368429296
2308561376
3292786674
3937490551
251082996
540845189
2954660074
1867856875
2650845197
850405530
1100560744
3316198977
1827069355
2580699052
2015313153
4004703304
691353367
698331517
2415648910
4121502098
2067459569
1303683513
2352178646
1798100497
2628422852
1577777584
1597760375
369669086
429785445
840469891
3700201470
1513300620
2225212866
1892290712
2744367607
307143585
2810959368
807566063
3734529227
262246743
149552632
1459085843
4161530704
1950378970
2141477428
3041959547
83343596
2985681265
2435312050
2485658922
633990338
1858261256
1615725345
2908325761
2568422396
2576625876
3094077247
1490387037
771691263
2421664955
1279671474
3918929932
4010260628
1174471705
2995434340
3681610135
2725824749
1050686992
1312731096
2278928608
1712666742
182508302
3315001750
2668733783
3411617386
3805143353
1698057268
2195101424
3800127012
3046486559
682309595
794130700
1720043781
3966584719
518001462
1506588940
2066779448
2907477215
619485174
113615289
2667672061
3101247840
3594675710
3726684342
1958221311
2452275069
1347359017
465586036
2851475477
552724497
2965504567
1740069127
1231729703
1996006678
1611290800
677584427
1504849710
2003385008
2170155429
3995760979
2905463287
4202502494
4043195767
4169235331
272534161
630622950
3285473254
958079351
2364162904
3609562223
3446921658
3905523394
1823804261
2713421888
408614737
1165556002
2527017257
3108188195
1569620609
4099502587
3742531821
3026096697
3376904391
2947009086
4260794583
1382137626
3730934873
1263997093
4167432391
1552078931
583238158
2623507133
302761028
2893367524
1874437126
487720115
4088476699
1678409345
3577332780
838416551
4292421592
2479062402
2308446439
1813652812
1987609870
2116718071
900013258
4204225479
558760866
2389864100
2540989674
1426638333
1117976242
2580145448
630051394
104162068
531299568
3842043639
2257401190
3461858567
3358478720
2698419714
3040196511
2513806909
2640269539
2000713110
1711620702
518323543
3577261673
3199396477
220380366
1901029376
2394845878
2764987887
2353329716
3331991646
316050598
3593213510
3549269971
70840680
2734325101
2659056291
2994269577
564653240
3758668822
2015924389
1973542717
2737899323
2204437602
920785528
1506580978
102978736
2737577717
3763870105
4087256979
2247108954
168854167
253510079
850637170
3192323280
2511653187
1361292190
2244269831
1510922296
226513282
2265347674
1129632892
2756092919
429196083
443496546
595651244
734637247
3598544621
4217687312
4065332097
277818939
3843442146
677625739
2588645296
3300576428
555575685
1998423230
3428124434
851989164
763755169
3844016068
3646375102
4217793582
1942405081
2726626656
2662504802
3353962883
846942090
1894499540
1902074202
2808644078
1538111133
4276884547
1824009271
3570270669
4248100324
3373934304
3923838512
1630064081
2435164737
1531594861
3321920817
3558121101
1053206203
2076156748
3622939000
3779972595
242109806
4050728048
1171983889
1300097160
3846729931
3734458995
524597820
2914847027
873301227
746428435
2727140449
1372622691
3966053720
3915219469
736140660
2824665348
4019905020
2228366696
2388009671
1293745455
509188667
1334810060
1123757781
3411515918
1360592129
3538369149
2883125399
1689977308
1735570923
1995929017
1803371584
2680839978
2251575949
2459436791
1297871430
1416885017
1747252849
1568501665
1191768790
989865146
2899242664
4204156851
2819743805
3451299862
576139076
792450781
3409821484
2279101142
1304589885
3498584494
2411303366
3305521227
3573172276
3996787132
3506797272
206472623
726320051
3921865391
3737418826
3288627911
2838825508
3468546927
2815393325
