2830669520
1904249423
215048713
3996973710
2027214540
3702221864
3495640262
3192664069
3420106972
1035238436
2915868769
2947643274
3372575682
2964307764
1529285697
2416656256
392564770
3117781072
2964137014
4227297109
2096362169
961090662
2112580594
1789475322
2472882046
3879550254
2971190095
1473495625
2836260736
1471725282
1762666993
4241001471
3824931434
3280131274
637027524
4129254656
549514786
2762775080
4104983543
1756514368
2037160024
1512803129
3714549246
3734466228
3717409019
2813583682
1635955359
3897574463
4175873528
3047463971
159203595
1047762921
3249967702
46302222
3523217661
461670833
1184728827
1959226693
1755640686
2870695484
3952750531
1609051892
3958934750
1763597200
1333265925
3627881092
220058256
2475602205
707465591
1190345729
2447146149
1548922313
3851242255
2238478845
1454163960
2833016091
3922431024
1539956662
1362961252
199120213
2367912657
1642034257
3060699422
3091535967
727487606
3359327403
2890592364
1552221985
2643785106
1738349188
2065219974
3502088222
3005729162
3346437683
1706292106
3544489987
1389072452
4072934713
2452514823
834374098
1837638825
2485948466
1400821128
1047962808
3060805180
892960388
3005741272
513147942
3886038313
1772252779
3460081437
1859427909
3989812517
1371531394
3379202545
722046489
3104845232
945805513
3087471229
901849134
1392276418
1427490365
7372931
2792209997
3206834610
1336805224
2481328470
3361008261
2487910523
257173725
3909891282
2346343027
1696280447
216423007
3370283373
2283634885
3301835706
100634277
3673868340
3522047262
3324657895
4071997809
3500477317
371355959
451144321
2263694123
2087776388
112374011
1353811274
2947371986
849196215
2305718917
3533132074
4072914823
584058391
3934438470
206446278
2727996753
2897595853
3909427558
728064168
2908274557
3228724635
954410062
1467589699
4242876033
50651604
2986292597
1592145132
2296567983
485129639
1403747438
3047301399
1847825348
674893988
1741287283
1446527868
1367334986
3438405066
4218488183
1582977144
2003889008
1491813831
1756180836
787532260
3806620471
1587039217
170476597
1581004604
2879837969
3112793778
847454258
810549972
12448367
2599381768
4122450584
2984781020
2488344824
2135073381
3062843393
3585329929
2569423702
2944135200
3520814927
3413581919
645379831
1269526655
2778608921
30746453
2910282831
97741559
2287423888
25137828
952759078
3512683760
473248231
1164977732
875161795
2784565250
4037223223
2863984389
3046331621
3380936888
598181802
3853486324
2957087029
1836049085
3000710890
1893176596
3642812684
2963461884
1128880768
847976488
401294585
814827651
3829876655
4041847443
4162232531
2002228045
479266681
3912286028
1647951535
1987839494
2395184320
1079551860
978628163
1981566893
1066782237
3175804348
865544411
868969305
375101448
621715669
334014363
320509151
1552838980
428093050
4020507400
4147660818
2851268851
2938450093
3575962353
334758149
3496020264
4155098526
1290118187
3612350297
1223271156
1549261489
2922573768
3404872972
1620588885
1765184163
3005031762
474877041
94001097
2755711528
4118768331
1109058838
2721566170
1938218766
2308630269
673185305
21661004
2167198547
4184400272
1647778429
371292085
3197694590
1559498119
1943884273
1296578254
118079495
533397751
798135810
882255497
2743686471
797302350
2243750537
1668018012
3539088977
116696503
25636706
2869314489
1366820888
1458198660
2779191531
2681579736
868247022
2161204384
1442413726
74122778
1000367870
3136384453
3794753442
2759407605
896853215
1198513451
2885398800
1200031752
3162974043
829932915
3469722038
2374491248
4180513010
378144160
2375309674
1915439935
3782823290
1293787907
1527867789
987589349
3690565804
3292810786
3509495828
1294423928
2154713230
793832216
3294261077
2730524542
2152424374
4154918491
681944878
2989452788
2481271612
1750366177
2841647163
2345580414
2646981652
1231301913
2511459095
799411783
2284718268
4230808053
613560178
1044042990
451773015
2023047191
2868037443
691385909
1239779545
3529316668
1278423430
324489634
1430583844
367821302
1217937541
2999752012
2088781264
4111162639
2971383766
2668709396
2362586749
3958377019
4251678994
532657426
360240042
4233128458
3273694950
3599879567
474536894
617140539
3507290165
358338273
4639658
2722275343
3068280922
3569942909
930193338
3467661016
1659936770
4244245708
674692602
2774955624
2837411231
4037192572
1883919825
691659977
1552224930
230999814
2395951768
186729012
162717779
2831838300
2280187063
541320607
1062039851
1660504161
3017384341
1619704059
1894184237
4031864478
4113595064
1176712989
4044410277
692459339
273349677
4007537568
3987986466
1279231481
765194757
3450637420
2108809007
1673531501
2451325421
2409823966
3818808759
2389937366
1449626211
964273347
1436068038
421071575
402641111
1204413483
1834454460
89014599
282700566
1457985903
3813495387
3231464744
19006368
2089191619
1365034699
2874985258
1757611148
1728252369
818726042
3402520536
1703083603
279556474
2334661463
121851990
4189993268
437206536
919450934
2186873064
931493221
395604246
3913797401
2080112183
2042284248
1968910501
3769600410
3302493370
910292330
4183038473
889349331
3809853808
1140397710
2465752433
3944203616
2776719444
2563516675
3049250673
3936304676
4193612971
2965592396
1078052429
1808494287
4242162499
197220332
2250580399
2363287345
3084544506
799248861
2181565688
193441569
677723659
108523809
3478792819
545240343
2339356637
1630477669
1782746151
1673283147
2970010592
2039810500
2319699937
2225225765
2995804014
264724993
271202326
1945268032
1860246881
2531260320
523415943
182153946
4088227286
894373562
2906167119
3933701995
3704146481
2373138320
3711888821
1626739011
1963660883
2167973048
1531967960
3136182572
3187578555
3597520616
1174000636
3886587510
4035733862
2082573319
3945806926
2386244753
537598707
2104093620
2214065979
4089270929
3622081409
4275619465
1942533804
1817528046
1331084853
1121922451
3804654835
4118593428
775013530
645614095
2046311183
2356211551
724838150
3205945384
3663220038
1222715579
4034684460
2062173697
1287733542
702114483
1235718848
3804245104
3907359828
2529745365
1745235690
2249227326
3088639040
1093582172
3311269292
2656684771
3875772312
2490869094
2923412274
1334353440
1662334771
4087420691
3189902913
2361267993
3141191677
2310771907
1136618656
146420260
3994174788
2769364221
1915760033
4054216334
3434026499
2408018152
201833854
2289920326
29362314
3781351513
4060261743
2082945271
4180003346
3054478767
2598734895
1593489891
1542307909
3997034127
1535143191
3719999948
2768835842
2902348488
4109413733
367447734
46601375
200145454
2295910204
2657692215
1927748572
642773923
2427572810
3190840906
943411441
3960419823
492277808
603442551
3182735095
2517349795
2961399465
2805643444
3608857880
74303827
3114860233
3416254805
1650567274
228180705
3437804988
660381166
3263433892
720277706
2402003101
1050544485
3383196477
4227249090
1488026591
2713235308
2046220203
1708380094
3854087204
648760497
292090295
2329187873
2138879901
2333018711
137409466
4186193954
2225835746
884652396
2279744636
3160782068
559093535
1354555867
1151909467
3062502134
245687554
4173218932
3405577457
334544587
2388133341
1651497464
66796315
2564287593
1947600238
4140766543
1862080024
2734242102
1411369136
2617164284
4143370383
2167815350
3865400650
2317874959
2206190249
337670238
2570527889
103457943
1504138451
2464662065
1278820823
679240244
92980564
1764845209
1812996597
748561716
112082334
3436442116
2207106102
1227177136
2544704257
1715069148
3876298584
1701262053
2813893975
3281554771
3255066449
312504145
2509901646
718088864
554784243
830637600
441301413
572554696
1601842064
1225068892
751618375
1769616141
1188613751
4037563835
2425045041
2420832204
2042521079
2349567693
1551537537
840700781
381864569
3834833853
4118851839
3070222545
2293993413
947404713
3837057039
645569318
464578643
1264641397
505420615
2677394532
1873579846
3803626109
186449179
173916312
1361100466
3478820939
2606504446
887795487
1650403523
3887238305
393327724
171798481
1137777174
4181626188
3339358065
691827910
1580682702
3618336307
2412106128
4239213629
3357387682
2687861569
2639437736
1772495753
1347174310
503421249
1444614872
3009039779
3382339229
2640968146
3942002119
1973198525
1540896241
2015548441
2866195806
2610576717
990203150
2513714839
3703619789
2578052860
4081089755
1340320646
3859839309
1174411030
2440598491
1748962882
1231702738
1668957435
3664686761
1163744164
4126848326
3953377591
2328115164
3905360843
206976380
3453332521
3488202053
2388555883
2589948626
3613396973
4083981082
1516301649
2479543748
3590149145
3882566898
1021510082
3457429230
2909590705
4167522002
840543786
2933524225
1689108328
1429524220
3193712112
2118492609
3783248352
2584280123
1707917319
2518336618
3756304312
2468104463
462209784
1346248042
4029803459
1978476968
2810131409
2171297163
1989968909
2674321892
2700174829
1449931301
3706026067
3747027998
1395659769
3854646310
249381700
2618146334
4114150009
3278216500
1542355351
863589207
586809134
538314882
2433899278
756498700
1090355480
1954665795
2760980627
2525546144
1550395962
1110197457
3632349274
3655026673
4270020984
3666073388
444360955
779415844
3237817227
1704627890
2761161067
2275443003
1267629424
4026903846
2958117302
4048481446
534482867
3846074094
10263333
3226708682
3819856780
3626290456
3629049668
2323052878
3219521016
2103754391
1685990132
1923074114
4262727283
3841621233
3767124384
3553418021
2209174830
510547902
2335832345
3216682521
3006805683
1197562775
464676694
4229850578
685086155
2149168756
2726176819
1173442923
1149926626
4019979325
1765118080
2971320015
2392059177
1565648003
43632346
46960969
3837078734
3468616350
773844813
766623238
1341131315
1674662133
1317742508
754153853
1245346322
1092965696
3709454172
2114953575
2957809583
3766860328
308892523
364188959
3287513950
2988865282
833192733
997338148
1633161068
33937081
4147614866
940096936
2794994691
684200921
1169388735
1046138026
333242952
2733608449
3104435583
1986501199
1711324935
1319385992
1999401218
816316152
1798586551
2238424876
2229818319
933798218
148219955
3390661723
2348603452
4167203547
3602386448
1341850319
1760350268
3171894628
2845090448
3264890015
3263766802
1941255321
317745900
1643512419
3494152998
4094208065
2656456895
3115009122
944988832
1552948214
3990487453
3579397984
1751281960
2074676099
2595455869
2577513128
3175987490
477804987
4183667614
4124789063
3806468234
2365485824
1859418950
208972047
3068185804
3828692058
1069132889
1893770626
1046536944
3129377019
1495802669
1136906768
677016441
3608665737
87806952
3717392556
2687237222
3093447283
811819612
163386926
1801671527
2193920926
661647268
126478082
3008891652
3309349825
4044919582
1708907396
2793304171
2961426812
3888689564
1384084506
2484583022
32869639
521035815
2928834850
1365553288
2697303293
1242686394
4137506511
1279032985
3392693720
1255649502
4011141781
1393330583
692591351
3366205975
2403961101
2302158009
980654362
