843497598
932420590
168137125
4241356422
3800506646
578001958
2019183075
3995247576
386324668
1595049115
421688537
63396756
1329178559
475658770
4233273088
459432100
1142258503
3256297254
1243942682
429036942
2170014995
4015612205
2402773067
2364367329
3130525235
3784622638
2926590469
562768500
3409697549
3503305123
3928215491
441026072
204166729
4242873257
544284711
2125178768
472680514
3834676078
2680865359
2307069071
1211654356
942691545
3707873352
599636584
2594080027
3945672478
1230165715
105395590
4228826463
2361045013
3434763890
1804519835
1754821786
4199655367
904563724
1228502122
1245226420
2026334759
2394442422
3352042870
718700115
873614785
2605765918
832346772
675853580
2786388101
2776770903
3434480948
413866552
4087036318
3173743767
1384403124
2763078033
1581432803
2526583354
3047532284
2117806826
3710324466
1784647406
4240890961
4224171164
2644347653
836703647
311992201
84528072
537069572
2129305961
3750759394
4144164548
2537343395
1420998509
3311405197
1573858344
3778789611
671613424
2215795683
1281739414
689166911
2323371198
3319312743
3294988300
3375063433
128252330
662863021
1638901528
2444915003
452599195
3263817679
1532293997
1188792104
2140098434
2761735358
3133329359
2623181183
1704404851
1735081065
4275439973
2746965845
4051924791
920603210
403738775
3047910653
2711707204
3323222408
3054300495
3589198522
1653595196
673651661
1612304481
2489664740
3405076028
2039313853
142489222
1252513380
671369434
3006255495
2706223922
1999641440
1570132235
701118722
1196832924
2161060079
1370868613
35137090
2515739178
450213529
63945919
1383888506
1357056372
1158955376
3523919673
3785067560
2049673103
1634103614
1111056055
14767892
992431928
981374138
2154515238
311954169
1465891299
2669963442
1860159655
133805582
265260792
3900223476
3121457002
2704341370
430150130
3341863634
887503925
195355181
854327422
1583160039
3851181374
4068823932
1959802761
134543070
3872940774
3127519859
4273253404
481975780
1848115119
35115998
2433722794
1859232675
3758019469
1298704071
2811071732
566066649
3214534732
1701640338
1550160177
2908499645
663820617
2575626865
62339851
3781202437
2893984189
1118565779
967879072
3933254847
3586944344
3325550048
84427079
2507122802
614578659
3107951220
3247588559
2880821417
795294093
1175852902
440113955
279532713
1798842538
3372649278
3769219025
172017508
4270364172
1195267429
936495038
915337491
1460274461
32202077
1298585485
974526972
3203554771
3392395393
1555923564
4280424809
4091602948
2241303520
730498005
3324464191
1192318407
875716119
3934700951
4102707689
2660193353
675015833
3861437466
3898496546
2407702751
1948572142
2216722549
4209639589
940446241
2717011082
2500765823
1409393906
28151002
485883015
3707962897
3491681712
1949972505
2273524460
2666181640
809139570
2766456911
1039620038
3464814393
1255554981
945020280
2356748618
3995667553
1770815584
1171165818
74460003
1824213946
3418733414
3772067578
1499552723
2623111543
2646518343
2698333935
3197078184
1878945682
3179872485
575296835
80934415
891300730
307347973
4006110712
1210956493
1569661203
1292092759
3419012193
2127734970
3344817231
2451219848
1854290711
2746652117
3616077633
272246208
4091180589
2972830289
2059376146
2598548667
3079381626
2458897266
2105771299
2279054791
1059307212
1244903435
750791461
2241446964
2688661678
3128110797
4191305227
1563770458
1697945784
911337754
3097352456
4150259301
2787510013
1292343342
3651165072
3677261512
1262506367
982772170
413169456
633327135
2224364070
2582236728
594244129
4157597157
369065654
3625172962
3958597460
2055621599
2868855331
2502652285
2408020269
714767854
1280282327
1793441606
2184969570
178371395
1405358485
2484467978
1761520304
3944582769
3000273951
618159878
518453873
3393431503
3868955323
1863136141
324172411
174220639
3024437159
4000336262
2450345970
2504005488
1293141716
3299369104
3356559734
1603742319
825749534
3680061773
2015733967
2270525929
575030925
43207876
1999295620
1718689663
4141945894
3638235544
1031451261
3121688099
3094191995
1029821891
548677293
2599008282
1405015402
234850351
3760272116
1682781636
2859930183
2609430352
2434891787
825236094
2989708124
451288861
809036219
2528506988
1589931275
3505025084
2981497548
1483059994
3349807807
3619890918
4089882013
2473491696
2282611387
1023537341
2365635187
1410251296
3294362436
1588022589
3499090362
3909807487
3188984800
2542891364
2566106247
1909260281
1809850658
1986521747
472991498
424383727
2768855508
145944954
3396503631
3753155062
3266683492
527388387
546094093
1557126384
1987014335
2927887062
1709438817
2628996249
3689648837
4071161861
1724570275
3440431057
3013183398
1318275674
1146982518
2702597946
2893850490
2344248603
123133183
2341589453
556902401
3574174132
476709235
650908505
815956634
2509782409
1019521487
1522897771
3497196661
1439063704
128636440
3767062458
3346508889
1782776385
29147804
3730854561
2283376939
280862687
2033709641
3392070638
96351608
4092632308
205170008
4242879311
1645637142
692334532
1435146386
4237117858
3708396484
4168557885
3518587016
2830175691
3760794473
3669390931
627013679
1041076898
2239215601
4085522243
1122787356
2877527616
3635577095
144770697
2438194017
848325834
805378922
2024397680
2583907843
2658376329
976054546
3725751625
1522716917
2811911654
2505412938
655999178
2420553971
1574718217
2953594453
4229218250
2741746455
2923395869
1330989579
2826848550
4117587036
695253729
950254617
3447386375
1554273134
4191027633
540040375
2600349521
3269371009
2557880637
53958761
2559740580
1599346209
1318444380
1056636262
2958953835
1406132378
1729978329
2829762654
2563405019
808679039
3746737491
1609398582
1999034908
260123895
3690558285
443520996
1862081599
1605916801
4203456118
2337044372
2062599460
1297545645
340607311
2540825831
1679725680
2470072467
426621092
2162335232
3011917500
906395846
1558310858
544084049
50100370
2876880229
2145465684
2540206549
2036539984
2313602468
2366321750
236775942
3832239121
4001499200
1583862324
2915870116
604719193
1057334333
3070352645
1553000180
794481496
141878992
4273339922
3954310857
631473959
3686255415
1932329530
2513813342
4213401361
2216249560
1809655586
2231161738
363534618
106890413
2037294245
689436146
3473129549
3700931292
1945278798
83220249
976669978
1550339874
365194536
497718688
3347135835
491837234
4289739897
3283471441
3661167575
3357778373
1568859504
4190466131
3915876265
699809124
1979229435
728372190
161560676
2270338106
1657363175
1515450826
978010307
124154455
401637143
1866217026
3456383326
2194988092
3329084725
1062871583
259116204
3733040120
486478128
2868225844
3363520999
2469058530
3101824301
3844577094
3171367128
2406370936
4104392132
3099629782
4271171065
328182297
2122895297
2876897773
1683865712
3676902255
1038132185
885034180
679198515
2238002146
615942151
1248947283
517419573
831857503
459499445
970857786
2424843031
15091351
1211279285
3587320146
313316229
3485125896
545859027
1307194984
4035431096
4076122323
1088836074
165843527
3521801001
2646327481
1023650908
2640135502
3194090057
2253053920
2471290471
2453147942
726454822
1234054119
2603813035
2419624246
2281326687
3036029333
483945939
2153260602
2373551440
2299058877
1317679592
2074281229
4257197175
1326084575
632800095
2241603913
4080009684
2695080697
381911208
666964211
2084584779
4072369282
2653919659
4106382212
3852342554
3117356549
2431253835
87475547
3489165824
3083241069
3071816202
816945153
2205617205
3973257589
656472479
550060862
3840352234
438643897
31412650
1409250960
2269714064
1553476435
36215953
2673796768
3054476994
1887996618
3758377963
3998614568
995399302
3138805084
3671193351
3612039128
3436699425
745918003
1851915961
332249945
2418133738
691875363
2081038534
3221976911
488059591
2504544114
496902612
2583523066
3066353596
1446274680
2932430791
2128946880
1741144498
1466241896
2936604096
3994627901
2225492683
3548459819
374291940
2435235307
918677767
1672452683
599838254
4075632334
1797049535
1430503022
673238642
570434312
1191502901
300562572
714581795
2063513587
2053124037
3734512571
2430212984
2240039270
3713562445
3798606176
3026328175
3958735747
517160395
2365270946
2481961620
2616924632
1932854583
2458419668
2505558821
2537223628
4266734396
4187433035
4182289876
1827794203
2045015285
880734775
3007242911
438388287
2945091800
2026137948
1905685752
3263682080
283395001
3353616909
1659751795
2001035346
669445667
163530044
858338688
3586916110
1684166053
4112615521
1662365571
2725257683
3541290552
4087554621
3390964564
2559936527
1793877062
1376037533
663093487
545485595
2069978743
178304396
3229984743
3109095822
1562531591
232866001
3193526870
3991054299
1231181833
1215245721
3049521811
4006152823
1800614519
221916258
649487119
678110955
2274140791
767502716
2181502949
1306918215
3413567583
3867371974
1714449964
3298906465
2179713091
2630558532
4245532926
4292026363
1391052476
2615023422
1554918736
1418373887
1145671241
1395978931
2190167200
200449058
545956099
2891198015
1550555724
2992435939
2105944787
3683996774
4252003959
319829364
2858603193
223390737
3596115273
1566837182
2747062085
1023732594
364296813
218485968
3184431878
3616924098
2081569215
1917039945
1074270803
749045828
235723082
824440373
3966330506
2774866232
1373933538
3433593067
4004601140
174710500
4000697070
3538682966
1963007619
3346403806
1134178090
1516183797
3239081080
636439266
4250423083
1224618316
3273505896
4149884716
2861903054
1204235772
1162780174
1028330865
4159290874
2478290555
1565832705
3441585292
3430165213
2709898971
1682717977
1555692662
3784974504
3856290717
2132315219
1083909611
2340740305
2183946124
2035696043
2176534084
682786708
2919381047
3084630099
3844755731
283847241
1035916228
2294809707
2603871047
2672353151
1345464582
2890962374
1452460597
4046601561
2862917379
2360468856
3881645613
3974407306
4206061524
2060654931
4117297097
3462180345
891376189
3144667283
53181904
4206828441
2595616590
889833699
3651191919
2728578319
2762919937
2786452780
2065084958
3939356107
2566628096
2414806888
1683128562
183145802
2020729218
76264873
2950693309
1671430161
1477004613
3162934976
2142360591
470631148
1190362510
1042775750
1425981609
2428106536
3205241829
4147818307
1877141899
1439493651
3517577154
3546536323
4032358516
2773821882
400052817
4039648320
1726005443
3800261695
3571592819
4189279412
2380976135
1228844064
343251372
1860943095
1172021217
4264725884
3833446929
4204826141
4051539
2068621781
2671360281
304154459
2943772909
2680827605
644211181
2731910063
2688561050
2329983481
254621106
1570279998
1319984141
3080983485
1801529371
1411132284
4055962815
2027783161
1219931000
2605310223
3244299107
2057550573
3863612036
3407162632
1920564561
2403305478
2584666180
1849735453
2275986291
369561796
2699208801
1952617900
1708630893
3801293496
1505023181
3274866891
2785126257
908258892
1885608859
4253110792
511670396
510821087
2945368797
231614142
