1182189355
2436733225
3213556942
1324096574
1031371061
1595651734
1700045538
3188972543
1456887916
59227472
3775408434
1841607026
181640376
3953867518
3540875926
82669004
538645190
1973324759
1488374285
3020494406
3469295558
3170501473
2977059972
3340854125
3563932519
1523720426
2036217293
2770156303
3421435598
2514129081
2612026967
2762894717
1615770332
758526231
2689385608
30796625
260799892
3408879097
2656573022
3946461542
756854018
2745892176
659806973
1620250259
1905760010
635318273
2380309586
864436403
1715935907
865707284
2390843274
2496443348
2057914296
3920579511
1627335260
1157487684
2412069166
709915107
2749913009
1229425128
2037133687
3319113483
1633171805
1378187267
317256774
3067877313
3387682964
4021421404
21093781
3447516862
1139390920
786355134
2905476896
2347305012
2326957196
1903695638
2862455984
1049468152
4270761963
1351895847
1756713536
1615950690
2782319886
1755887235
651033783
3747944357
2274709016
993724843
3670795458
1966919466
78808347
1711958540
2406081775
2272321735
582235159
1289773178
36596171
2152184208
3614133226
3731000983
2245166579
3952648297
626836643
196597763
2855800354
3450139012
2965275005
1281716868
1485457681
380415262
3386618919
863970807
1915640477
1153845390
3454374105
1130726995
2106352070
2512702375
39884636
4168519370
930296492
44557830
3361202910
573354597
1126808436
1252992210
201558137
1641369623
3132166894
2210456813
476224787
1540300248
1683669682
1243777346
2452335999
604108620
484832860
3171463223
223945260
3765403723
3135916250
1308760651
2826700280
995124583
392695146
1867888927
230380357
929429053
3194324419
2385554887
3852570095
760529715
963543683
2100170808
2582935391
750503981
3907358067
2695937605
467162184
2687105856
2952148935
1066460620
1609578189
3199737673
1402560874
2409045058
2131829542
1355774050
695386947
2787896486
1021122375
2321456490
96580373
2973008972
510965479
2834837210
1385189413
1265062170
2849991398
2621912739
4108250896
2201255030
3966094605
2965738121
3220912526
3017774801
676944326
1427868808
181952454
794011349
2702867565
2516612097
2704434103
3297636718
559152966
1458968112
3744779429
1426934923
3320431958
2511286683
1916405931
2604412613
3983981850
3350089899
1282118897
1020795219
1634010947
2960384963
2608955203
863815567
893718743
876884832
391419128
803402998
4227323752
355368872
3461403483
1105601691
2551333594
2431824066
2649690039
2151188700
82344643
3595974929
2119040285
3535669491
3981278633
2372217850
2166970575
3187687924
3991065117
3405499888
426442921
176923507
3585097670
2742475281
1406226351
20622117
3686511057
3104970117
3277292302
2839065658
1265946133
1395166422
3305899248
299613412
1571784603
3630113749
2273387239
3476780324
1278566174
3630585748
3178542182
3985576006
2295586144
2771840498
3256387107
1309978023
1708940145
1183530796
2595082770
921515250
603741774
1226692222
2366963828
2686022143
4133330321
3575969364
1211689959
1271216735
4291579059
2950905878
3954420916
1781310682
3448259218
987935587
3812866291
1180071921
2998665597
3402001187
617904381
1208807682
2352678789
1291655174
1054058626
1981897331
1379513958
4284810344
2201451621
558032153
3915307723
1430083757
3008274874
763951965
648463901
1631603743
2664263150
3226744237
2545389232
2620297590
1635543357
2437063416
4100843772
4164013366
1671556950
4085182843
936724554
3623987818
3012313931
902062636
3961688033
1221950785
2271889978
431070125
280389080
3111069648
2273238260
1469086467
4204423725
2115582919
2612577025
3522200108
3596575635
626662481
849307433
677196123
3470169748
4226552120
1461002710
2244295330
873790284
1060820123
1935702630
3809701376
316247953
3216884370
4150441460
4273431777
1828588517
438594125
2676599760
2183399845
1762104839
1964943922
3908119969
4241467279
3517540630
762544992
2231817879
1686926470
3057102129
2538316500
2098116200
263376106
1598968706
538009623
2258603074
2329686859
1098114032
697644352
3741239154
1142065830
4014907658
3590644355
1636257351
3095847536
2388846100
2244910488
2477888744
1904098122
868151787
4059736567
14485004
1593279838
1665068116
52621201
2699591471
677475255
3577225124
2264976343
227935819
460325773
3469232000
4005660905
2584035347
3318000053
510858182
1141613438
1112495096
2761153069
3357020738
2664175838
758717911
3120376060
279695494
3957008403
2954927301
1277100893
2709285624
3252649949
1427040571
2769889664
2275477779
2837821905
2044666632
3920153004
1011032298
428547749
2006875686
1147091732
3277001627
246983132
487493453
1509093526
2380603188
2755491762
341337910
2359378826
2932857157
990848162
385299831
3716783016
17826551
1376042790
2994573752
1765305386
402374345
4214363333
3925768879
805229796
3460092793
529913665
3744659486
2125271095
4055620010
3700365569
2385050831
2826232396
696150301
144571307
3935029372
1409175368
1887621762
494152403
1140927831
769417016
1967686778
3245807940
1110830944
2355146702
2805778433
3032406275
619497626
4217936575
4106041987
2671887102
3934500881
267933007
2759589448
2642146781
3913101094
1980006049
1206150875
1805458660
864728327
1542226412
383934788
1824554878
2604820783
927543148
2637651980
52429435
2974848282
1505292744
3228464831
3650312856
2888870371
2383377582
29106423
1536725071
810704354
443350580
44325157
885612802
1665120669
1400396264
841994437
910808503
3674823070
3829371137
3460208230
226993569
2209530900
3228120377
1859676126
1887779516
573987532
929211639
1701288775
864186826
3280735315
1493635492
2398946124
3038718097
2445991224
1108631579
1636363516
1604398004
2640049333
3689719965
746304534
979558293
448004361
52860389
3774009964
3720157752
2455560713
2347624070
1569984845
2230912874
1281258057
1244812514
947697407
669933143
2982821836
3912769635
3556018402
1085190427
2525762726
3058302189
4082467765
543849422
3386056670
1850599305
3946491555
3914897134
290461664
1083375758
777591815
3576686743
3801193027
2788652738
623554910
777265555
2723579388
3295307069
2880384858
1058891594
493807622
3712730972
4207885902
3698075456
1068741133
4092615614
344991231
220348350
161156559
2206498999
599807304
3346891389
3727945406
3824980495
3879246134
1407021699
70879547
3227725501
2592416291
381072887
3344726904
611877910
1150743591
3382402802
43502476
654611924
259784481
3353959792
2832963650
3777249038
681168140
1244500388
3482867459
1784653618
514112174
2084433702
597023466
3275746273
2683190403
2571291820
2482856843
1833796254
961319678
975449095
777453584
2446201462
3077305050
3395446446
2041623201
2586594862
2366948399
862868143
2898008235
2386170095
287763115
262971055
1255428246
2716298002
2469829935
741354964
2254661428
1032152879
3813280584
1671462248
3547926534
3786821168
1142347523
1173990407
162710392
4133949575
2540949377
1549960075
1082839145
2851114584
2818756438
3467871788
380503633
396604010
1631214211
2115995836
2745921014
1748676686
3026513876
1584283063
2363829713
1036226717
1652808551
3956198145
3823347431
1589471677
1996662811
58899889
1305921481
3394211501
3424790632
3941195391
3914635071
2613850217
1560436791
3282025713
3403938101
151563237
1230149502
4183540824
3582568525
4024473343
2292748554
2888424739
402040723
1575223687
2765981935
792681984
691744064
1703116364
1572489348
334349876
3632103173
761755887
3279837851
890367996
4196298371
3656560953
2575744079
3300480327
3725931338
4201348907
568719261
3184293004
4182456936
3622779448
125466000
621559009
768430487
432744085
561061862
2872051365
1040664103
3692401269
1954887104
3584336714
632255953
333564942
2705068814
1435741135
3589483205
4280634248
1493666137
560685005
2250240640
2476057036
850718884
2333097072
149798834
1536199868
1754321928
2613243506
2285627324
4266149421
898626768
3735017426
1660323611
1104862480
4071774688
3705449833
1995045136
2773872768
1925083603
244647680
942176969
1739307424
1527814339
846129621
4200082184
2154572544
3761807947
2735575687
1949973141
336737969
3104315039
2304238232
2666363009
2187243054
1154953307
4046614273
1957266202
3512095649
1821541145
491877746
3473673068
4194381389
1763846805
1554847547
3724655949
3708426097
2300678043
796009865
2025605981
2650898325
3640591730
1366225942
4108683984
3467418738
2051637218
2502544899
529844297
212924138
4110191827
588591252
4004991985
54499757
161378056
959502696
41568571
2440811796
311074662
2629295410
4128612728
2986081483
1327562309
1692147805
3259290081
3762287058
257414578
1217654712
2751953719
2970018180
3757646327
4028490017
2224607795
3409449698
2216658017
211162
1690197504
189621411
3261582575
219082637
1167423609
526485667
1465423209
2996556464
4163641955
1884208108
1075338765
946681033
3757423013
2972654412
909419649
4128469011
1587518523
1698757023
1773139376
133996517
610990740
668949129
1053900947
2913875510
3765687387
3067765973
3459323918
3065907961
368984000
2641467914
4155684955
1160969282
938101290
3974824017
4146944605
1147796045
2492647461
3001484699
3741053691
3563890441
2039795307
3144254515
3095567164
914684279
235807559
2964760029
1298372082
3490237523
1816911569
3946320061
2012334373
4148311587
2005420080
2512953068
4248242929
3934245866
2883716087
3553832903
565078723
1226055500
3532198700
2606860551
4111231801
1434505806
3650917950
2525754024
2637784213
273834068
3635283806
2030211749
865160543
718056090
3727991685
161721970
465225621
3751456693
1228911409
2639605949
990816695
259255563
2691709281
3199803163
1729932877
1852579239
995032455
1075719339
1332258107
892645285
707721613
1935222970
87118625
2625170347
1816302778
583840113
3115593345
3134357509
2879063587
703264650
1683460238
3649762944
4121277933
3896787156
621815213
3853262786
1918346396
437144600
4259709182
3777406654
2072866638
2972088624
1138488905
2375932379
190885935
4008707416
4229504403
87011976
2629084108
250284791
1989918960
1991106581
3403477678
3040549805
724315509
1377189482
3212154177
3645142219
1677880207
2205860207
1721072152
2231748198
83918109
2865211778
947500060
2716721996
2332671146
3217190033
3248364765
3352362435
1274365091
2903674252
1405447686
3078694986
4228220226
2253863188
1833316451
3264729528
2217251652
1397174387
1974923237
2544209682
3777972376
902195151
3032901759
102942196
1620890069
2670946455
2906947516
2799679373
3426309820
2576521712
2091076309
1284613972
3883422532
2965540295
483404759
3237394665
920433004
3365915480
2252812838
1192654993
1357473697
2167889803
1403655546
1360115365
3117070846
3125173762
2307504113
2374416915
4034244856
1146722921
3194499847
3370612203
3245164194
3780340624
3045763569
279513836
3304293647
1605864290
904920128
1514952545
3105930575
3065826683
1964843541
1912708135
2839050328
1934302384
350907119
927365812
236959846
1143401837
937592550
2879721636
1303797989
3880552638
4209871802
221384599
30980399
3345033493
1145787853
1921244501
2673616827
4057730280
895474921
1298395671
1680844019
2692938514
1632971763
2829391263
2418439833
2890289080
