696869073
4103262988
3255959666
2498757373
983825664
3386623920
2096447883
456310899
2772835254
2361254190
2838899576
36339891
2331771346
3281018391
388809682
3252569624
4267422536
1618181091
325724865
33633962
2423065793
2999560311
56535800
829636713
592644504
3033820556
2041198057
3845152137
4143474852
3763514779
736759746
1299763982
3500688138
470623488
2025784480
3225446888
4283294192
265507224
1732813222
3688996766
334228249
3990976433
224765911
2014694264
1215517061
2611549041
3693882326
1664605824
3871749260
231957233
2240841826
4227838264
3858930901
421855014
2174894048
3432667949
1378732683
3631058159
2176727782
1703997301
1559205750
1230932086
3471340696
441035180
3592894129
596000107
1644348028
1725344527
1586484784
3280215685
1566262891
3030569958
1729836557
3359038279
773804388
471988575
383639636
1505090894
4083570613
3584035660
1492374026
2340511686
3503801379
2278627493
1973176809
1788033926
3248460719
3722729767
375850723
722793954
1677270292
1973774313
3119548496
3799403998
25162025
299260732
4204465313
4018147346
3866315100
21818175
799969230
2605275401
1549977855
4173378129
511029279
1445810602
2376784822
2018843944
2909349920
4031063115
1630154820
2576561192
19750997
1427061613
2644738203
2860586912
2409324821
551532107
3583997427
410353234
723681021
2011041433
2872834210
3463917193
2468091252
3763220797
2230348258
3701134578
187426776
1840755411
1112868509
800634887
234770664
121574833
1332210251
796052272
1035926462
613232068
9639339
2118895090
18204285
1226245833
4022327527
3552800791
2892041858
2439775620
2453972334
209235983
3588795167
871836033
3292675861
2282841478
1760781446
3865037817
1801194180
224473243
588607797
1066503816
804671091
2680504188
580635593
3883703152
1074466052
963150467
3406092302
4253560737
3661281392
1725040096
1351984844
3937099637
4132698714
2703568317
2591843380
3596860140
1376700170
2730883634
1246536101
3399420808
7054083
2484196711
2908041603
55018741
83911295
1783547348
406992087
2865329184
2031635627
4062172583
2973148367
4020817413
1465647294
4017740097
4265208497
743523639
575804660
503391092
2009454164
3269434689
3371683706
244958122
3349307251
4049116077
3273341110
3893098753
1304233672
3470048957
235795727
4223198375
341017552
1301235984
1344420657
465635970
2337602084
3139500050
429890134
2908679400
1290303839
2463147089
396107306
3280400258
2716959397
2416614859
2465645274
142939709
287762861
697787343
1393977549
1955809684
258032436
3321347713
2023955279
1601780320
78402505
807595532
1926379819
650107797
2200228789
3280546763
3113163891
2648454090
1734727851
883375405
2903983851
2055768500
1886993409
3854270726
3381456263
4194692075
2966681827
1986050569
2423659192
4254708310
1153147232
951470509
2100493223
3272262278
3751998972
1121492123
912413303
227083776
616410389
1971182071
3695020422
3617359106
601494749
4025734532
2843768102
2878516933
3613918396
2962229440
2969382881
2331395154
3850413298
2535522538
866033375
1825454399
3314019710
3716489562
3410447311
3621727916
1583580760
2415008003
2892313683
3627305920
1051929052
2541568557
1699209700
3183281742
1034592466
3553447718
738907540
1697921993
73876904
3927363400
737940385
2351914408
3625888948
3324371225
3826919506
1979764613
3125809872
499512429
2966652980
463185176
3047759504
3118139641
3484553174
2141163598
2067076448
566007912
4287075888
251819500
1790115546
1592819491
326658501
2406257883
2433795463
874995132
939531775
3588088349
2674412679
1473478813
2807785296
1348099234
298744601
1649807396
2412343796
2278782439
1417736325
3524775908
1876282674
3674985607
4103785822
1147352020
2784209002
348236935
1136492203
2156253693
2781348169
82931622
3610290769
3005748713
3541408560
2111443585
2932116981
295640935
3141433746
3293648128
3133797198
3916488687
892051419
874257013
3724039748
72885877
3637812699
1227320067
1149250441
3790911508
445895303
883124138
2669851432
934336649
3691743402
2755135932
821551944
4290380027
3458638871
2424718691
2868444135
982253485
2889563765
2040966383
3902813125
2271710479
2934070067
3438391961
2283257279
2623744697
2075801996
2996496979
1702934632
2743850500
708167893
1960684640
3719774594
979033259
2436063664
1117509980
1560529250
519992455
2344720662
3395079990
322952175
4073648584
298101964
287532825
3515477187
1687764335
2176199939
3716064492
24764849
1428975459
681692410
3398418912
3500781829
1540507229
2934170904
1751982322
735648168
711251166
947899843
1879947147
3223226458
3686416486
255854907
1447029952
3751338679
740890519
2013074114
796024635
97463806
3768864594
1555329578
2798278963
2028941386
2804924726
345779536
3318255958
2040947479
204742326
1249207206
3920121318
438683683
1005145628
2338446523
1026365228
401253697
4205205797
4032308206
1759876109
2840782929
3016500479
3618923769
348994247
3786337747
1928040761
1296834567
3030806047
1630375009
1700061077
1673697576
4174967632
2869157802
2285108683
1322433138
384522709
2602480687
2656945674
1695864205
1429079497
4216348578
2310261656
746202850
922231756
3104332365
176196002
454831455
3804418036
1600609675
358279952
162160460
3250086285
1477270956
1990892980
1005216462
1295513283
2235480674
1884557632
3340781900
1074767203
2054078710
34480438
2620483052
3603336429
1015017837
3057850773
3999276653
2152405946
2111662155
1402084967
4069569326
1301855096
2356860047
889384404
189912907
3700807224
1632707676
4035812796
2345452656
2049103883
3911585117
1230781624
1233395065
1518804950
2430532144
1988273
467789537
1723886513
3625834951
1904016190
2150332579
3190657400
1385190823
3099399535
3292645817
3439482134
3092617658
2671508707
3393961756
2733969016
2906911128
3631640350
3483855257
1230246738
3614973679
617283885
137363123
940053491
434087138
2848950448
1560723020
1446443885
1401007055
3148874829
2996669598
986120731
1955643579
3168701395
750212828
3506281538
480512553
1049679627
355215097
2184862092
2666023959
1936593632
4738024
1078619787
2176923170
4061577129
1741152613
3827869128
3868806656
1215401662
2653477820
2890131493
886514458
1605713640
1159149322
419812314
3074357319
589521350
2227611926
3083168475
1004266631
2392261328
842865926
724306846
2263302169
625795877
2820478836
1661476874
4268283941
2554872187
2902523508
1294611508
3029262315
329452413
755336649
2999482762
1862175704
1111476458
3301714980
67254409
3015277501
1072372280
2079172838
1224561367
1339786472
1561418198
2527469083
946378985
1228480092
2053871617
4289087489
3149917305
3411295623
2818871559
229241892
3178879192
3580595484
3590187704
2062072126
1423679324
792205005
228227868
4285690569
2643841681
1680927230
3489008876
879084840
3960979675
687676960
4123440384
1467247957
3887938755
2095954366
3121971785
2349787593
2648261487
3394566593
2343592687
2488315706
2395417295
1635575678
2678974633
3515437061
2445860059
1670985370
2925318598
3093606051
4098541395
1030895906
2082973917
272949323
4012100033
12072996
2098343994
3642980320
1910149903
1398888372
1058497492
71964560
1884724035
2260924939
3484611723
1901406205
3354714077
888965827
1141872025
117205460
2487384279
2748876248
3261709007
2613839406
3379585687
4141015074
1579794505
864333962
1086621405
3829652903
4094744147
794495719
3255276991
2895778542
3761792159
52253469
741971681
1751576497
2077077534
2631881886
2859442779
2092294819
766605159
193360424
1200957212
4234885497
1898858848
1961566144
1606978916
4166729692
1869440297
1763724772
3020996334
4053963538
3285282832
734396310
3718444584
2801519536
3119714701
2135951572
2472776243
23440650
1481458950
3086889369
2922306407
2625138786
3786058794
772550297
3875160893
3279318801
996029118
2334689963
1484583816
1398497263
2203593188
3202624428
1145432623
2138726483
2000413090
2315542188
3671449224
3427062703
2618738879
1938478703
3141892701
3613661343
28264337
2956699093
1594837389
1362119550
236183679
1006780464
667977954
780708877
1302469715
320259910
1550948103
2176415114
3161555659
4164580500
765277688
3332707808
2711202055
868190715
3009003608
4227092025
1825604874
100092179
805870976
181743349
2828597555
1166040295
3495524622
781360726
3616851863
2129686998
634185082
2678264251
3850238631
2407402617
1819019813
3135667513
1870588142
3859986341
255540596
3723639767
1773776736
1101393535
1703577200
1366374313
94134222
3434055036
488952319
3533118325
3779566759
3418978819
1265454526
1140654355
4209312130
3466577033
3125990620
3152240061
44023208
3411341865
1106416865
1163470944
2589348175
3701241341
62143197
1648240170
3072993332
2792322739
3906800585
3330183363
3066570032
3184397979
753713389
1449094204
62148267
1352611207
4101604194
3254345267
1530223338
538877055
1877222743
308392018
3271772470
2763332564
2080176628
774172307
3890733717
1629456144
54089887
423087614
3342429872
2809988790
3716680383
777247615
798922883
2641726498
2065785156
646121563
573250185
3055846743
3389380791
187754714
2449450701
2204057171
3148717383
2449670357
2644690011
3736024835
3076864068
3739466965
2763825440
2072242743
2571950938
122014221
1483148674
2156161926
410210062
823142934
3164190065
1454619268
2206268019
3803747721
3224356518
3827496905
2862986364
1775492763
1723293405
1788169590
1542546948
943804205
448383850
3503728768
1159573941
1679311905
4138028788
63262875
2790304607
3395677790
1097076013
2947391224
294407642
1873480380
298884721
3582494693
1447495970
1157622298
39216588
4192818937
2643340130
1328346415
2022302621
831663953
3540080578
1264655604
1305780601
2620353789
3978293041
4159987584
3390359349
1438719228
4127348574
3834241124
932031264
951932031
2498945315
551737983
320871739
1929463520
2847540677
1820928819
3587125439
226434714
2908427730
1112960000
3326707888
2419178164
419105600
417620294
2863582352
3491265662
3991114808
1180743851
871562346
2998534515
2803977801
876574417
4055387794
1584630281
2116934178
918636090
1679254369
3915687000
2326890975
3534583603
503871649
1538891367
835151141
3362199515
546918348
1328414233
2894657489
3351918594
625827732
1367023058
2980037334
1368364878
1634638500
3762790350
1493873288
1167863957
3158789591
1608669829
2654879808
117974723
1373029590
3981982204
3961673734
2551865190
382239230
1473801190
3874114248
693343816
1760870182
2084252457
121860901
1415632523
144090278
3079037884
3417312445
3094673490
3533447316
1322312474
92960176
1132970099
3307964484
530613173
4286759361
2721388471
3720529678
3397766814
879252049
3560501051
1095912144
1428567111
3028181901
3330445389
198071452
1928461553
478649912
3506218204
4126695578
1880980675
3489566555
3223119395
1822094420
2070928877
2904496131
3430608457
2234347990
169273736
3253311544
832691835
2588271837
3575216369
3506164599
2565506786
211318493
3329314219
171505762
4173636414
3205508763
1904524278
112508761
1851312352
1973297356
2218466871
1367035759
4022659567
4186252557
368698965
2100195157
3984515158
1453207698
1441085607
709003292
