3334388725
1670721558
1196267178
3299975686
191560545
1519186310
1877544250
2052206061
184210680
3326728120
2072932361
2223024744
116732464
875715496
3168313594
3168166272
1000335143
1637429631
982008430
2576639300
4069188196
257996633
2671530916
2290508496
2497875121
545789963
2878129831
3750606033
120987399
3121329774
2151711815
2233507108
1742106273
520899546
3104253352
2428693768
2702102976
2089600692
3726781476
1496952795
3243324965
1681258874
1601444616
2416654903
692985847
2427138177
3151483491
2449883169
3060167921
1842857365
3873740793
2529639272
2060682851
1897147277
909971382
1966754665
2313804273
1818940991
3971268695
574347460
2046287595
2283964551
1414430263
2658929183
4185173096
1928080208
260089207
3449216129
287636930
3327578988
3438990790
387979963
3830277239
2588067047
2598656746
901507483
2184756918
3482776818
3569020114
1190771072
2596770402
502838557
2392930820
1926563026
1052047429
2184931023
3653424355
1534840921
1156626771
3707882367
109629220
2923743884
574203975
1610835865
1900500761
543109608
4033673840
3105852568
1370115846
3287998157
3119540815
1718004218
2162456073
3954387137
2076402623
1471565192
4000436267
492782692
2595201677
115316489
1361940698
1643966901
1317623728
803462127
3315402369
1625571778
4252434896
1489725852
2786419960
4187586162
566480888
2175007248
1748525311
3758394730
1605721196
4057413361
4161334188
2414631156
1715893049
206183855
3203293349
554457294
3920316704
3305942347
2455250285
3669553585
3795234050
1397405857
1805027020
166974642
852700962
1716935866
3689829564
4119583787
33235205
3234511121
5338324
3445843939
1942813957
1328555725
1676269768
1592573465
562152005
3550973671
359251625
3053664065
367579808
1170574032
3706777633
3178449271
50631926
3033489725
2762926838
808543482
714093364
3669357423
2074442668
3327862460
3511895171
1761519757
3977428645
3967150199
2250597615
3994655698
3132488680
1885535155
1654975295
621702146
660907163
3395860850
1185407325
1654189577
3573448287
3195370611
3306250173
2561179727
1642763200
2500772055
108334272
2308993737
2308786925
4087323670
31948422
1946309618
4120955233
2502634333
440805240
1443999126
4082848421
1439964318
1534705948
2381338245
1937091198
3866275034
535667126
1873465503
1695720739
1528540878
3512030784
3902289635
1572434649
821978187
3878183069
1110683179
1584359518
1489189227
414079942
1503738268
1806817576
3561210747
184451972
3479890670
3645598772
1490743522
4237068175
1963446715
570482020
2334187278
3699786126
3283632
2419255137
2541824761
3714433228
3945415185
2716099593
3603315764
3808239270
2747273563
2850497250
380213991
632645570
2413503256
3051149098
1126524887
2383641977
4294105918
1425542844
1573089242
1983964769
2250801697
3789344835
941230020
2534597709
879295869
3282339730
558569522
2153695059
2245297176
2468503948
3203643231
593944811
4192919833
457896012
1520534615
3999856871
2867091377
4277833078
2357247708
3265477692
1415152533
4180128979
1226501997
1115968490
3557782910
2824093025
3406889006
68487047
671983689
3791834874
3109779746
240476102
4131495405
1917840319
1576953217
4058174496
251319721
2020939639
1271481129
3420807240
898007491
883022305
706872395
3921335355
3813873267
324356679
3601393993
3751129633
1060963488
2907074998
3029579892
118012645
745048306
709595270
1249332711
951925176
928534325
443626673
3567820065
2905718756
3887845010
500529767
2059988890
828594195
1031556125
3726588108
1380163375
226152233
1634564808
273277762
1117338040
3484170521
1328123159
2284739722
2768375302
2845064933
1919627400
1997555551
531438469
1838995292
3382219460
1610498452
3453822143
1971192321
588547483
3270844472
3614361616
144264409
1709808602
3794812967
1407941512
2975313512
908138901
1001676849
3345663227
1986374077
3387053374
2664448741
1523022040
1770161909
2010073115
3700649383
770705801
2325023174
1843770723
1262593033
2821181123
511935153
2359526884
2335685838
240398657
784689467
835348392
52385722
2306513888
1236927325
2727375072
3439933280
4161923419
2543277492
3599997151
930757528
669099992
2714871455
2004108727
3314540093
1305136287
1915851537
1515320542
2757170082
758226394
560551542
2132340645
348928394
1248947386
333381846
129913175
313377083
2720831717
4250241897
1773206847
842040866
2074197415
2326217116
3007119653
3049904044
2939891335
3833912818
2348231194
1965850430
3694772121
1371458259
762340119
535430822
1782575613
2013531646
3004459005
4072704635
1716596134
2196850581
3678896545
1155839745
1525370575
4218343295
3622377467
605669993
130030408
3836519408
1541752205
1843680307
3073049049
3485838024
3085276354
4162252670
2928281038
4485456
395251542
201763763
3094194870
1314420599
1717016160
1323586392
3526231965
2190878779
331547503
2353877799
64995944
178198720
1216584405
3531858665
1586930982
3158053327
2320448528
1828800763
1634434612
2803540238
1812448081
67562370
3807005510
503922312
1821305960
4068603844
3030617192
4084376109
1147092305
566173512
3041512084
517589450
1304199704
3698801530
3997595840
4037205590
1976259483
299441646
1552215206
2965645231
3488605330
4238742365
406523161
3839836831
86715381
951384659
721280646
2101733280
4106913431
97997058
2212129246
3198896431
1353635657
830776385
1342933091
3536328724
137874160
2782846565
4088204667
2519356957
1042070922
2450712577
1632520513
2319722776
2660609526
239555517
581924942
4280317541
1813240607
3689654118
3598525225
3865019013
2392246676
3993505077
2918639251
1593756391
3120990622
700724082
553009490
464818671
2020069032
455263362
1779004977
357374814
1038785054
888296691
1284464909
429027570
4220753748
2699205511
3216740115
494835654
55365045
1315802622
101232826
4167785411
3562307922
1135152754
1474210361
3456968689
2887054203
350851800
4272451327
3536674756
2656012688
2407997051
1374387597
3465661187
36311466
3598846458
2453910682
1145453737
1732711590
1718076031
461839013
4261704955
1621525538
3521718984
1861209339
3368854220
3512000034
2356523426
3826870108
3494409802
3896372210
2572353883
1345692000
2583015492
2087676672
3137910922
1024116407
4231661745
81618406
2142136875
1470884870
2797977847
515584234
3435222176
1564505936
2822473769
3442738829
250504072
1433199300
981298304
2362989177
1254496654
3295404492
1120952225
3836650471
1927919465
3690661190
4274945235
1830764588
2725192472
4007391121
1355276152
1668923844
2387783327
1956102593
1510149873
1578549067
2314774517
415045505
1079401535
1550363025
3180414632
2230468476
1366683399
773733918
2461784669
3074127732
570094716
3808287983
592303271
2271990868
2094214861
611605614
905111993
2026264357
2487979950
2755923439
2368072336
916090732
1361297637
363247555
613517256
1756372120
310461203
586833061
637096357
2211318479
2135404813
2932396429
716651872
2920847654
3165064136
3743652358
284365695
1776240774
2638764578
3574450029
2469881301
3471969473
1859130513
486726089
1681263862
3615866763
3174173148
4117791812
1178346464
191977147
2859371185
650275549
4270630080
310690482
1917303890
884893875
1371636876
3453087536
1454810873
2368058916
1160061530
3646746166
3063758557
4036131103
640508829
3643524653
3665401463
620560270
2394770190
2293817350
2482096931
2533643520
1796685239
3163242335
502119221
1288524835
741188210
3792267989
1220012709
2190303587
3452151150
2110117228
518745093
390420366
1654746924
2165729232
431596725
848321831
1667547273
2280537186
877452498
2185348037
607599064
4111984024
3425426636
3254082508
3554511323
3108508698
2719812801
887574072
751577183
1370691866
3797260469
1666855726
3418358851
801810622
1915019434
1653332317
3003524702
3910726287
2657904722
3750683208
326198234
3890862892
2514329815
1583775594
782379884
3987961671
1351791429
3421958742
982357007
678357240
1416951119
1654873584
3551691549
1478692434
786852801
751427738
880056331
2695182464
737622583
1275394806
1421638012
3093361056
1026659582
410475481
1119460940
4202902723
561999987
2141490818
675430097
3821905329
637780946
1684518779
4233562977
1046031848
2601785614
4226909318
1217384290
2787546676
4024846782
1870717774
1034207233
2574830158
1691027163
1569543200
660086733
1953157434
64414140
2013293031
384498308
1949124
1101340516
540443860
4247708170
3188431528
1533300241
1765495471
2037893202
3804282964
1180419199
4014653622
621852494
1366967716
1335665318
3016343882
1070356712
3069417100
822395885
3758028513
3503816210
3727197583
661125365
1575646563
1420060690
1659008063
2381300118
1214015700
3783668450
3086988598
2274565049
3712508374
3702908209
93933720
3784148212
909365480
42043797
2965705028
2299043302
3830245556
3638892140
1676192774
2772135047
1702825974
2612659641
4021011088
2647684046
1873922275
3198963511
57363457
2956177587
4103994490
3819913880
689111302
797061226
3507219644
1211358645
3487929507
1515362227
3859916997
718111288
136944570
805379760
1128047437
4137203543
183764616
1593369219
1460397172
1645635430
4127900086
3316925063
3027928070
3572621826
926547292
269733125
504683253
4110081756
3371474592
4264190513
3827627941
921421034
3368637445
2258868315
460448586
1326688081
3153566069
1025960317
1581170561
455487437
1483437983
1913004953
2308629974
1462827050
2257670905
53352634
320276419
1925075024
1826146939
4057275780
1640650867
2414758879
1621827563
4207173914
1266458601
3838951336
475187215
848907036
1915516222
1746999065
2562898890
115239629
3052700004
944687082
570855127
1510405704
1466850254
1105580852
3039594879
3990232586
338143843
2605574933
504902693
2078142692
1231318586
745220268
2836324612
549863450
4110691779
3165354571
4148643853
680689927
447149197
4267182550
1216089387
2733718652
3112111124
3108344074
1293165968
3948325186
1304460415
3358729339
4240404858
2594651814
1261360298
238079597
3001098005
3617935814
3574096596
1520555002
1797464370
4078002869
2913823198
3958966736
4257537643
1456261905
1590428428
2142388274
741792697
3092656879
2778379884
4234132302
738899000
390456988
449220980
2218351802
1194282931
3148886234
2978656739
663380530
2620689867
3293814512
549855118
2018610757
2172323006
720613052
8189129
328769400
1100499710
2555100094
1497294928
1131327856
3361669627
1131924934
1269347418
732178234
2843381860
3485384326
2873820177
3821522494
1637018699
3972003862
3223671390
2814397946
155594520
3621216970
1621484434
2102235367
3347246107
327475764
430534268
9792438
2983486671
3186613324
119270452
1631476528
2541170756
3467555774
3844170605
4118230001
1222277306
2520662349
1326426464
2985657030
2869319812
3517294328
3650484648
1860619579
2813014178
2754387946
3533405575
2002888851
1663606926
887636151
204259605
1167369326
4186887647
1761488482
2445867067
500461105
451518305
1596418101
2417259318
1029451988
4288287382
614697443
3259248419
3555602000
4010715301
3340463638
2115680897
1309708701
3593556402
813571683
1549118250
3863978072
3633554282
3408552875
896094651
210811234
2646879100
3952498068
2755989663
2796461506
2336324785
