3168096819
3898095891
3296876894
4198563099
3758945766
3508747305
1517344606
4199576273
3381398838
800698136
3519780276
3793502851
1388792200
3888986911
3881777381
1633467578
1519508419
265284984
4246009512
2642630076
1645140837
1320180188
1663744328
3182571158
1071645582
3284051096
520317763
1768043958
3750934982
2928897218
3906990385
3068679175
1090619179
2846768036
3486376969
2771363373
2385607295
1798509361
2297794605
2541606148
2336936441
2027458027
2914499681
4024772483
1978880064
1228849096
1458188375
997310976
896767314
1969202644
3853527079
354888362
852539251
1249064259
2435769592
686397983
3714215852
499766611
1826534729
2439800343
939884775
2484752768
936550417
3416844790
1864193319
1256964982
1069535309
4069551083
2569417536
967922927
498832415
516370890
2949703368
4217886633
3067945395
2361003221
2643558533
1250160340
3474306728
3765525184
3476391417
1772994706
241116350
1073762490
3933963157
534691178
2776903316
1541841093
1712425760
1957716191
1715991936
2698969436
2147973934
571422023
514539699
3843985385
2729318460
2366550000
3991022409
819658331
1264181348
3388818404
881736764
2734348935
3348380300
95345127
2017306486
1178807464
235834204
1299488442
1357702084
2453183034
1955428432
212420626
329447358
796209240
2471034427
4176484365
1971895389
1633323520
2481400490
3869706168
2070666618
2646043356
3886661913
2354963438
654332194
2895498063
2334382932
53687073
2983392031
2470352047
261501503
3964946143
2767077899
3749456695
1172202789
203979501
2898205085
3267301917
3353273786
1451392769
4028840467
2213160449
3052530812
1168369990
1291108796
275956777
1583846778
2360012575
2554464169
1522848129
690711796
474398392
2526214067
1361405052
3334724077
2013231425
4279830991
2914435463
1264893310
2259327029
3329288483
1298466825
566682797
192002083
2988174197
808738736
2414351947
2754568427
608327021
1074909857
1670550119
2073643210
2295050811
3130784031
3922633873
3153957668
458175438
2567801288
4078187043
153316150
4181493366
1511673541
1167860678
1699298412
4060024330
1134350645
2987577255
4123062379
1955465141
2851695834
3792433377
110936438
429954714
2667781350
3115021504
2788007061
1654902957
2670675059
3209416359
2361819079
1424268690
1127265274
2142576709
2432971080
3262671467
1458175717
296170349
1892898574
2043507435
847301952
968275910
106884867
2632690962
3352877887
1023322412
1347057258
1205772728
1047483023
3476762970
878653318
3777579467
1158428349
1041226970
3213244523
2994983477
2055823751
2776408772
622813100
2757685677
2397144487
496350884
1014063638
438416941
2204932396
516358333
371640426
2128207611
567134376
2483702868
2369172950
3290583025
3409455528
1932287469
2788443515
102559315
448281296
1428476675
603788017
2465959101
3941284289
2121749977
394950476
1391275357
3864323002
2228322819
3432194983
335099246
1772493957
277927650
532707563
1516319842
3160483078
3585042413
819737115
2049948918
3071873609
3443527376
999719984
1948368204
1712847166
1667129768
3972942854
3512692682
1665501368
3727232226
865922740
3450222377
490685797
885747045
2364107297
3259811808
1449137943
2879832684
2793725982
1155525555
1033419212
490191295
3766898895
1170589674
2285471647
1711086026
1894181022
2583984142
1188091621
565511341
1181286558
2872538182
2557580920
4170645243
215807594
3186653883
3616523101
2853132975
3757095686
3733928604
27536204
597910607
2778218139
90766736
2593086805
3529892924
3706712744
1313743996
4163917150
1378857942
1365565252
4180704041
417366388
2039195979
4062552166
199982461
637749180
1843143025
294100722
3429127516
3857258020
3103568704
4286892112
3235022502
1554849792
2437980336
2234144158
2654774879
616772125
4219361022
248517764
1918613538
3680387211
3656728124
1829321724
1631252283
1846101440
3643936011
3435897858
930609469
1465819557
2300482334
2696376561
1356602798
2107229931
1365486098
1750271144
357184140
2010861100
3081632462
2571413817
101307683
3221543041
3524276914
2851773794
3130742419
922962036
1063033587
1033167297
1127663667
3374938558
725628047
1363188931
3648882079
1928049434
3247591174
4247158114
712297032
2979345163
3242412002
3668705715
801530521
894875584
3845003177
3844836542
186247977
363428628
2766903037
1706331965
1732181239
288516744
1144192628
2419130871
3700061318
2021712141
3762002626
898342549
2567271793
261255842
1927013321
2398032416
3199181128
4030068500
3798908570
285682559
957608442
2358448930
2515812213
575666498
1257691524
1015838467
3533615043
1538305024
2243431460
2206642029
1589351462
2637714362
2469663675
542570898
1894544388
3182482917
214468989
1591032372
2092890032
643415941
4072693940
2682554757
2071689776
3476579378
3629517836
3518359195
2236696790
2864116375
198234939
84600188
2495152137
1830554256
3770031777
3394571320
1061939500
1529496687
1604261787
2269944055
2280634189
2663588520
839698205
2106064645
740362134
19871586
3157603552
977822419
2417489232
3346058103
3583307707
231936439
327495357
1274853183
501250889
4023199417
3322635184
2666261058
1328085650
1654561388
3618064484
3932324524
1645692646
1831669298
797081484
3527585203
3940785103
213869040
1809278461
698941711
1061080434
1060291925
1986772158
1716635686
937409028
3692386239
2543305599
1864709541
2917799883
1970830946
2538997955
1526063656
2049906901
1080709882
4037228078
1121067911
534155905
3257885622
3879141270
339333234
4035938964
888782416
265214593
151481181
2591259143
4033929400
3406802647
1087781629
253612616
1250424601
4065687917
1820588355
2499651680
2622713211
691116952
2247324988
2498396848
3284594321
1515068046
210190382
3020154226
3699979985
30652796
1522790458
3706705510
1442546611
3420369632
1253498944
3973446053
1515582720
2779655706
2804163653
2476919065
3122710835
162673945
1711337083
3796411019
1261610945
4170359278
4265797646
538301227
822920935
1752775743
1544409061
1105204520
640412086
412299390
2554330956
2179015463
2867839208
132221598
2753813495
237531308
1377478571
3555639917
2191762807
2816700863
2648594826
2424038525
652827398
1225995763
1965380584
2212217309
1539739861
1264977550
2432601302
2887093475
1982790698
3531838125
3581740017
1678043187
1076552601
1242526468
2506802805
1231305158
2076133448
1246120893
2532389857
1492014754
3183942450
3674033401
1872762830
858836250
1067852956
1961070176
1870839902
1227566205
400519556
3197000255
6040722
3299416781
2926221385
1305638724
3709303640
1241398896
3019073419
1382182819
3146109904
3736618683
688069885
4234603303
50164679
4121921027
1181589467
2788815088
3900578250
1681362291
908443276
16340189
1438433750
2863821798
4073937560
4249976875
2702527945
1327474462
270449314
754576822
490054245
3238646478
649674628
2828645710
3849345823
2785996777
3139253700
622260378
1719965703
2396068935
1686124194
4104001345
1131906275
720134265
2478246485
1461252996
3072221415
2562487602
3226838596
1503458898
2714914232
2970946442
861701573
3133876982
1960503415
525569123
3658862505
1440597694
1263925480
304311341
3605542171
4222864384
2739215050
1483923694
1732345979
2691862885
1531551636
428392758
2096406259
1343879555
1366156676
1849914124
1351762071
3978981172
2344888428
3216865101
1212415128
1782917170
831690797
2825911246
2042855738
3203978422
4081175351
726890003
713523624
2065822669
1941286788
1662094306
1266337533
697861969
3712554943
1900357942
4252625607
3388967111
2677089308
3474662686
4202004977
858305153
716202020
2030705163
1967954429
1264977457
174619013
1362413719
1135830097
2927778145
2615915554
2044994856
1701189896
2269810175
155062273
2903783910
1357055030
3865818409
2787543208
2360537225
1896908649
225657319
2381159342
2248374989
3277151533
499055227
4051314437
1525196188
3879063059
2200338137
162502381
1392939146
2171344575
3332649049
3095127535
2299428255
2476598766
2217614085
2669204890
446769935
3549906258
512536118
1765674912
2187710364
4099106572
1482505357
3886907665
989853691
391069430
4040883083
3723378985
383267152
3194071167
76021150
1256960673
3071585372
3634191604
2699319066
4032151579
319269834
4198138742
3845314840
1114224632
792266457
154140866
3270976249
977834554
967788931
2349671249
2171774672
2134157813
4277610973
502462454
137720366
1543786446
730693108
302172819
3912902273
3997422199
3030413051
361529265
1134218120
844092905
2119861246
3935017524
3761435916
2181359495
1811158381
509420417
77357737
1168014089
151629451
37070372
2001153821
4218391451
4037551820
4281091788
3697956918
856268352
282259820
3928865434
1310269892
823968200
501880107
1756812966
3771329476
1426778795
3349049149
952996609
884958348
1371103185
3836092575
1041632297
1935615760
3867331402
126221441
1929705630
1818251247
3745034424
946977333
293250812
3665777686
444708223
3979508638
3651933205
1548230753
2904430709
3142173532
4291170062
1075542243
1333829690
1191290447
2214821420
3520239411
3004928505
2494865731
3924741269
95232706
2580091988
437434268
838837612
3729630258
3409770695
529469653
1274451317
393019324
1829339037
624944135
1795016500
265778692
779466280
41212312
3239690400
1612271535
1581464564
1406707388
586060956
1447512090
1555130203
1214195553
1252354830
1172371009
308816193
1138225702
702331237
1961276929
1345209762
683340095
2966583335
1242205082
2353600594
3782640132
998495615
2368774425
871502883
2749044764
4072417925
1141866562
974596781
2911959934
1283155331
407960500
744561871
2470079651
42623088
3219394018
1972986176
226250359
3819467582
3817767760
1637538413
3177761971
3731517326
3004955673
2007082847
661248189
2133913129
2720599426
2733981292
3004245956
2789899984
1941957542
3328009325
1168273041
2548132160
2052998124
2716099184
1570191110
2186020565
2477381214
2074954533
2876005029
2022418562
2364866362
3528587844
1872168638
3172356216
1148743037
1799275885
594709975
1488572203
1380551562
523370446
429962347
1039768908
4094744872
268177162
2537500279
3191702184
370072305
1219453032
1737235895
3329735821
3206488950
68965384
2507560055
3077174485
1715976704
2042340448
1934994986
3390832508
3024932444
2570904823
4066128369
3834901833
2498058644
1597049593
118741363
1950776630
3797037248
1242919935
2916262597
606595751
3525517075
3651929539
4251196818
1974330399
3324906415
2652763499
2662730797
2995399042
440442569
3885176094
1564827407
89872583
3685320659
1008297070
1878163663
1956549014
3369414125
1023222275
1284480169
916616745
2152006851
934022031
1497409941
1646697339
3649293265
1160189244
756666242
3536330011
3563224403
1401672770
3217866409
2969372924
3587451723
1372413067
2941746658
3210644662
26151579
127034349
397250526
2153470843
3318366210
3104925106
1792225618
892488833
2273191994
4168842875
3747159368
4195072859
1242520563
651676019
152258193
480960191
3165914136
3963489582
1571829487
421172959
821773091
3376606088
760150948
3543480116
2730460831
3792320343
4039746980
849053544
2025649961
3948662329
1414763109
1118238418
1927151549
921404829
1138279648
362338757
3603838942
1087761159
