4157107075
3908554991
3934567816
4044119287
2705686364
1574008980
480869235
3223501598
440363492
361999821
1808345191
2584876961
1904013442
1241857416
3905866720
1335462354
2452006336
1880620477
1491303810
177310586
781252972
1500568786
3393426496
2632840179
641546326
2559938656
2361552443
2959677850
4089839094
2947829831
623470093
416481819
714679798
1357468276
2729020556
2965985569
3953852328
1192396392
1335590114
1023321194
250110192
3010117250
3418868634
3811223570
2509753904
131319490
1854660774
1748479645
4038708524
1655241887
1637737713
492852805
3812482847
1064337954
268223689
3759860977
1819863185
4104375201
4239122668
1722273385
2599467215
914181865
3515083287
3159074433
2956931769
3961609983
502459779
925600355
3809457394
874933238
2498371127
2715413828
97822806
2724152654
3085612356
3942210958
3566058657
2088035988
3500513097
211953146
706045646
861877579
367407502
756915390
2259753281
2423652317
1986583831
3867598407
3277661059
661758068
3293829005
913039931
2843214149
579360494
537779638
2600870885
351087481
4055752223
2524808500
325329679
621434417
2256905397
1898028777
3718537759
1933960338
2445060004
3980337623
2787828651
1583906091
2974690100
3096635825
1855314778
1112327457
842016181
748435033
3620534842
2225946720
1306232743
860297456
939055258
1972708167
3202332962
756379985
2134099926
611839760
526619628
456434513
2115850910
3609291258
579984895
2231111882
3777114134
2016381238
3039315145
2847502169
3818449862
2591176590
2500351973
221884146
4190845400
3127120967
3269777373
2916464065
213500891
1730202529
555244607
1635142300
4157005520
24137987
290366432
89842799
3973088402
3961316156
1540109883
1936968622
2144170927
109772241
182345527
3372882854
169074081
4015818378
2516059185
1195144974
1692256476
2443015925
2538777449
3552051154
3713903321
2828508715
3959125913
3124396392
2139678321
3489739701
3121984142
2639733523
2945030121
3231232574
3820007608
3765073963
1443109315
72399184
3430661522
2010481195
1632994329
685244059
447535349
649388084
1373693356
129432092
3616342708
3832029314
2440464087
1285771900
3948784068
256950805
431195668
796455827
3616661856
790580095
2683655799
197104441
1205462043
2993405912
3291893329
598138751
1463937458
3310617209
1446905686
2486088603
1041010536
2512389628
821493112
4133827699
261389275
1791608219
770330058
801596234
1847802578
1900116820
3379591271
3033987719
3814500716
4221428349
3641318613
3842034796
3683604369
3259481562
4042990499
1900664116
3613213769
1795030491
4075474838
2850290393
2040901979
2661570941
327195346
269866580
982440706
2526898167
3747551360
575441664
3836160614
624292874
3201362654
1698878778
3028227760
4240060258
30689774
2380777162
487602470
4188078200
2707171920
1734993350
1277036262
413408343
3898091306
69415910
601996602
2957917284
2587426920
100295859
3602388351
2228594094
1953489155
722135900
962185628
261776386
2019211956
3573381948
1205735022
182462584
4229461385
3434856364
953542603
2893216193
2853276269
3902383218
1663679022
156720874
2607864812
2260930814
3027007262
1078438424
4122416279
2918399092
3607709451
4010874944
2111280431
2808214846
587185675
2932443856
144037958
2346528722
2887533214
57189810
2534809086
3915988967
1831161970
1122344665
3208315461
3913309160
1754541855
3956026815
1916381191
2982412038
3560647430
3040843467
3697085754
278390606
2718153290
659912344
2204522452
327266741
2534094146
3222497985
2057323253
4897830
780822797
81670667
1340623493
4254549001
1828072129
1238025503
519498136
1297950237
2216712855
1545225444
692331083
3617212013
3772789292
3752653928
1113714204
3570983883
1429481646
893066439
3142240833
680693752
1173298882
320888163
3062313734
2703121071
627445341
2055107239
3106455812
1958973282
1345133874
3297745017
2773414894
224143018
1623991306
2125926449
2167995228
3955496610
2935091781
3916388627
2987857394
1049630865
2900807309
1006861702
1123254144
1824137376
242687422
196845428
298360098
2257482089
3351808460
1791888268
746783956
924147551
2793158589
1212420453
2320207215
299588948
1011842044
1884511840
3333167497
246220777
2135899100
1869558441
3906016407
817745973
4049124386
646531688
2547055904
1029832030
1911533252
3058144698
1414346187
1739003486
1626908378
4145164451
814155656
1780318566
2728437323
2398059810
2573230991
3810759045
2201612923
3243271386
2573548782
890348621
2095897997
37587100
1374156924
919464997
584551295
3861049013
3051013229
3186177546
1477888521
1658562359
3760636883
3186506119
3312412679
407728783
3145535737
1570398547
1904707898
1647249215
443644055
2955904289
2033926309
2441733815
174680511
3275222391
2619305370
3875645511
1258197870
1800385827
2737192798
4060632196
1331615951
2267394335
2613192213
1105628111
3457476763
206747052
2074104827
1685148112
3634453278
755761108
3929480176
1486786106
2716157173
1597124514
2361592227
812549636
1711448976
960202622
1450537240
1395726116
1501191711
1961323139
2798243261
2850717091
963536344
2332780257
3976417613
240899275
2383200309
321527360
3142533418
4218731353
994474263
586924498
22246239
1975901980
1969992492
2248080468
1730599667
916559314
1065103087
2993442581
1160748337
2685066384
1364416369
4060755810
3252304901
2530779870
67815525
2043188392
3068957492
2721959864
3788795173
3101383066
1466016048
406060144
820220699
888451685
2892654685
472811996
3996734615
851484232
2001489254
385259735
793846006
3096231770
740021991
135383347
3332052862
1752936222
2911037193
2344453376
337876493
4171431498
641616948
428234541
590023493
3250399620
268578506
306078628
4259163326
2392180065
2705836056
3865297665
3258833857
3352399682
426456395
2863660843
809690018
704879814
1712102289
4290157625
1865826767
188089797
2173310510
1349180957
2499226875
193185357
2019739700
1046189434
2735531488
594245646
420072671
4178906326
3332867113
256989611
251622598
3322951563
4186118833
1835964849
525907820
2514030595
309062531
2674284114
4020038055
753525150
3527807648
4041569928
902354929
898109933
2170587276
2121749304
3359577521
3422334810
2766870228
3062428136
2420221879
334755039
849878980
1460565265
1309382379
1667535272
1584977074
3820529374
3466175013
374194282
750345219
1994163137
727698815
2965621233
3064148460
32028363
4156471584
128213235
4096538593
3903531593
1084666882
1075090287
3693548487
2956639877
3614356328
2701880744
173807524
4019816990
4166502117
936544056
1770767277
1004173681
2775784753
234847537
2595589393
1832781258
1918763514
4142967873
3885568509
285952866
2506314356
3158272378
3205559137
402143615
3804253463
166005723
1336470505
3555586095
3540910342
80137110
642153996
1889422903
548047776
1640840723
119073082
2531964772
4094372144
4068683952
3934749405
3527958190
1014826026
970193797
4040132142
272054447
3928025301
3819788050
1632869503
1884182420
3952420270
434855538
1892812625
1773185392
3641759102
3961304702
1450317660
3298402998
2004023207
2291937837
223834113
4230083823
3032126775
2677348699
2682616932
2154602848
897796603
689970112
2933210818
354394329
3965040326
2278932415
2678610371
3982338573
3689322014
3982960073
1150367997
2496354820
1726685772
3914055634
2796988401
3403155532
2231152204
3501939434
3269561825
1944677274
192407871
3561255083
778528321
2426000346
3495716646
844755408
152635873
496648316
208120646
3739593481
1053056075
139030881
1505923812
4279790874
2103573941
1939002570
417632504
3394278487
3521460944
1085636848
3635465581
1969799660
286519235
3888999816
1168471143
2119536053
1865178502
1162056699
830775233
175127448
4159602079
1463323776
1346302665
1195967300
570962083
411946107
3689073670
3196403029
4039094639
911584777
3577264864
910670504
2872371381
3610788286
1641173290
1526220720
1690036800
2534169064
2849965044
4203068560
4077893255
2561542372
2261142864
284563234
988576117
781106274
737381622
1763644574
4286545962
3476280860
3916869795
2721770053
1418059616
2284067296
950535083
2460702309
4064990824
3160857749
1192738617
223644098
2460209546
2604220065
2544616562
2795384721
3421389471
2552694845
2419358047
809605795
2889035404
1237579695
4089469173
319532572
2835970859
1668406446
1063383210
647225281
3095145501
3786199849
1813296154
3153075374
3791555712
1553656377
2091357873
1259492105
2052508224
1217701794
859807574
1356007587
1258130661
555206095
4218773920
313647276
339762401
3253524805
3145016913
519971525
2863468452
1114548740
3606647309
3969068458
2527866147
1310490722
1918316815
243085629
1831098629
4174338418
600754140
1732753599
1259590494
1967879298
2145641642
3837041654
2465453313
2897001949
384105103
777307124
1531102263
4149464488
159639068
2332714829
4160438078
2472071526
1633202113
590217159
71938005
4082250233
3357995484
741078208
4040989928
2483619900
3387771271
494307686
50563217
3951374676
1554564591
3258876295
1396832092
2948650190
1683245878
42077695
2866151702
3260411488
1176788589
1393140710
38340731
1977021340
1257344370
2982628501
1280998351
208819941
3992126530
519485473
3747327937
1094923962
2505933895
4266796657
1259170532
4116237840
3947222765
4284442670
3515319537
1713577319
2595323874
1867496592
876990277
1452445345
1713249389
2486225838
894687486
971221260
3614672980
3219083096
2459038177
3526518141
962648860
3497508060
87400730
4174091905
3105247324
3163117121
1423749532
2055308726
3598647894
3374631866
3993536016
1093525076
2494735585
695388045
121001929
1577298191
4159896777
3773918924
3302355390
865810430
3878017591
2588671082
3655770197
3424188768
152205096
1141894954
85451947
3398235990
1427649216
2956025324
510217723
2170962290
1822577052
3977081383
1776197736
307921638
1983832839
772754378
1422499674
2764884927
3265162012
632727919
2175032930
3542543782
836925773
824492635
3874260884
2018226437
2316938753
104340565
2868025461
1813441487
2049274423
1262907878
2025414636
2641915642
2259027862
2052213550
307309801
3152036313
2266890423
4167110803
1570960853
317865865
174261054
3064896379
124988015
4066805359
1067757190
3413256984
761885533
1014707986
3358886634
3477112967
2141572231
3472022469
2908975847
800184814
1170521550
1947246806
1375289667
2612981084
1446041802
1027279621
995478527
1388400694
3162758155
3634321756
1968288809
2015196087
3407045867
686741137
3885600064
2837713734
2760741631
4211720227
792914057
4222919115
3014424030
1947757554
666098622
2882818937
1510495670
4142318564
1883638687
675841321
262537093
1210717412
1378806769
3787839471
3053915774
786740208
1453358420
1040894815
1190541178
1240807398
3762372092
4034729852
3996095469
977790457
729411349
3834907330
2888632227
2946575247
103401534
1887278535
620407006
2125359085
3834466088
277848519
405026643
811178379
1393940230
1321441268
4096352530
2891959827
504756685
652138824
3952565410
3400959797
1210632558
1676063433
2472673005
2672718149
2796850297
2711858421
2574189946
3078885623
629510111
507610934
3434282449
3687127818
4088226813
1071732837
519376054
