2575843293
2995784041
1733261245
1187450861
1503174529
2263873617
1305229707
3620576072
1548752732
2251046687
853781473
1628472503
4289602376
678218709
3234237221
2806865716
3100711037
3392164777
1834049572
348544166
3150683630
2053659169
2250601042
2280910331
2843801563
1328996298
3974223357
2298555715
3625535833
496682383
3709337073
2668700564
3066931301
3239776941
515519242
2857895900
1779132421
303105823
3921854017
1936396399
3648612854
2564826178
2707168532
3780042484
4017302282
1606185927
3697695269
237117722
1148369335
928010904
2512630587
1986005918
4190395775
2891395627
1930270677
1732721409
1366630176
3311919198
830961720
743312885
891250761
1646251400
3266447476
3840631316
2292094502
3753397085
3649745118
3392754482
3895161111
2071091641
1409332099
2514561696
4039788016
3852738561
2771445285
1979258700
1496003717
2848703490
2981990680
733631890
336794029
2740198456
1278167924
3899971999
3644180718
3387091027
3840392182
3700776266
1230962014
1674383593
3134209931
1889371839
1019908273
512187878
2114092392
1429820211
3668160351
717607537
1001039425
3513380033
423141314
1659833588
1950635108
4126859575
3904434194
2960939152
3799577617
3393006535
3050509192
3051693500
3496090942
3129881675
1022978817
2433294929
2243040853
3436088438
3092638939
3838904184
4074611811
55297460
3237980798
544201953
1460917184
3277574203
2616448791
3651882877
3174327081
483495137
2909055122
3976863723
577243123
1720650909
1783763310
938491060
2681543469
1904318754
3474033533
365500068
1127257428
3005805238
1531272424
2483334755
782205099
2972390989
1302051698
2448564354
82865860
1674130920
3755871921
2797851501
3958067735
2432209135
3873451549
234377552
2120075676
1916206911
4131483002
2141785792
3276967192
3387054486
2425627453
4256526244
108559503
2308871075
1440145625
1591336902
351353512
660844630
3976775405
2243107311
2971506172
2381667232
3727597901
2035670748
3070056192
3209466209
2364117162
4066166389
1764683345
1447771040
3853551034
118032679
369428169
3393855318
635172145
4237663072
1358628468
1766750604
3435781445
351303636
761290912
3928287430
1309371606
1342022270
1902385408
3128854560
4173760825
2218523490
1240026664
3582598476
2466802205
2834305809
677917772
2795091605
1264529218
1370651265
3886349782
3013225507
590894039
1786641578
3880983874
3628254236
2212794405
1113327165
3400237121
3991457353
1407225820
4197692131
894122040
1356359421
707603451
703704462
3686608180
2157387951
1873447405
2254688119
2369135127
1414157351
41047150
1678849580
759899130
2178309910
1884180095
1056911965
1899795087
4193859759
3372269236
3149546331
620095869
2800751055
2613885741
3409909522
2099416573
31038134
1930215312
2771397072
1302685189
1515473889
3464994100
820859860
4110547134
2601978027
2677395661
1601642239
3324700416
1163448878
663297947
1049418127
2237588592
2320507649
49151302
3098612792
3343558919
4126931675
2799330759
2241917373
2177809300
356581098
1962674563
4096099631
3817989649
3363609837
232319950
2236057192
748770328
2753333948
626726427
1441702657
2492630629
101574064
2534512055
2784328329
328484249
2027689819
3523412476
266648025
1505548995
2626415248
2955844690
3949730129
859545498
812553010
3662843012
2483511023
545634750
4041968542
584407282
1316486769
1534160344
1887821717
1605202668
2515400621
488081267
517301702
1907062909
4256696928
3437765885
2175074274
524702082
3334837124
2213215351
1788326629
3313182334
1996360135
3679768575
997746909
2962307121
3409110409
4016339342
3460461638
2285448382
1368337619
3999453064
1329012523
1623261763
2951407049
4060506344
1895467363
1388595623
3425962883
3104679429
3796503264
380291628
243986744
4035189290
1392846369
4128720824
3214048463
1704691756
3788823104
1820195432
2969021317
464040094
4160282204
4010410748
1856434481
3281112917
1879301238
598254345
3975097691
4213495380
4215844999
2824743654
2966293224
1986891724
4230704153
2191769907
1038740298
3558110760
3826869351
263895997
2247049026
2912665732
944672982
1424068809
1062622223
3659086722
1183416795
673756197
704530677
951585357
3485222920
4034983012
709103445
3986424441
572899228
697365316
3578085560
37478176
2285650571
300516279
74983083
3271194589
834148039
2500864982
3836179519
2030120344
3631398380
12371372
90507473
2947542410
30271286
1441794973
3101739747
3682326333
1070673172
620678452
3311073351
3436690509
1301705302
3222236503
2303649370
3825158628
2213823396
1457568861
362477804
2323839782
2864398708
1478708146
330741168
208284297
307287613
3748897928
4211144408
259019532
616692100
2425339627
3488365455
623829327
2327484405
634177016
2494624199
1976619225
4044065268
2778863930
1049439858
1886898590
3975713685
4057899001
2471874258
4270390750
1960488816
1695186760
669923166
465787830
695111789
3644883278
791479658
1870853650
957745452
1594787398
760614203
406908385
708297028
3897034808
3902930081
2255473213
3198184774
2548948547
1693090662
1526126412
668046156
2316103381
3350891743
2028398550
4090891386
3094068076
3585662688
2594337218
4052292383
2669040905
235020466
1815000229
2504037996
2700497104
3676040942
1730183532
209461107
2548279982
2067391300
2919006895
4144082125
2406863832
1279223418
1705336637
830713561
1171761403
3928529822
1703883001
3202862815
1188707440
3106915313
2510920193
787374132
571783952
1929567165
1663413738
4238020304
3192012165
2648297210
706205177
1808278414
4130489451
2474236945
3379799899
2786557212
1288214911
2323491812
3225710198
2656121903
1629585399
894384177
2202722771
3687536437
1511012735
411337384
3309889272
2320236011
1237532724
2724344308
1907419213
2995553924
4002655081
2195549616
3368373675
1609357176
2579149817
3537303844
2987721393
450101202
4169366000
802817393
3318476383
2706681142
3717427110
2328399660
3053162517
2995171264
2487102934
1846625106
1455656588
888305993
2698169331
4067458257
1511533008
3311197026
2857065943
1047415354
4280595678
3834550913
3988480335
2987855074
4057294516
2147788005
3679572388
1620928010
2910476794
2113210093
3893157331
3924239217
3688000869
628597418
664488316
770782818
1398176706
3770935800
2293484866
2429115323
1800370550
1661001831
1774824423
3281999479
1187707136
864905502
3125517877
4118104237
3591146144
431828190
796594145
1922881059
688749968
2363431143
2111149476
1481120737
990846429
3874211870
2507199672
2224560162
1268895791
3854504477
1240199634
2913015306
2188822659
2221614176
360954078
702961414
2944533575
932213733
1548078592
2621513277
1751177390
3021512268
4103113444
906912373
3273713564
1266945799
3505531358
3677400215
2162354497
1918459738
4246607201
714494522
2102395692
2956164609
614137497
3041049358
3575234399
4165549669
1534020361
3779236426
2168179996
651511348
625195974
2861761224
1459628129
1945497997
2767471927
2670242246
2662872244
401656782
3900934144
1142274262
2019495557
1049704712
2940358116
1987053910
3852953345
1766305261
4197889205
2590630751
155306485
3834774613
3802047351
2799882727
319812135
291639679
2987299598
1765870132
2768806587
24352991
2033155066
3239553186
2497174612
1360459353
3917065696
3424138033
2451713867
2825789780
2988374682
3356839924
3028106039
4142616797
2594078454
551960400
2449837111
1460271451
1096255378
2187832624
1908333913
2701925270
4031262178
4055222391
1744426328
1915032638
3269213628
2074621578
2005250470
3825428006
263158905
3207651552
1698745514
488849533
1074583814
3939022948
659639874
2874043596
2443755075
2649018220
3077286420
3481591344
695214287
903094013
903995287
3663831441
2962804416
3154511693
1090081912
2279022485
3683700897
3164420720
3338618412
421877905
3706346565
4268505475
3080694675
3432324329
3090367124
3194360538
258951352
3113068815
1616711461
2597700668
2193378119
1961601035
3837942197
98409416
2025449029
105151297
3327852297
1968800098
1768470899
3254364724
2891318795
294962784
1955424235
2769091526
3250913026
3419676252
609833016
2388325517
958129905
50605393
3732284056
2746617493
872995978
2457947848
2264127903
672963787
1538405324
2218713436
1923829842
2624887244
3510653071
1164780050
2706464362
3181349028
137466898
751919189
3790098784
3689468872
2307591388
26899039
162661044
273292587
1075989876
4195497564
1353162632
2905598993
1251720217
2053977269
701236771
1191387413
3226292344
540849160
2022487248
877660847
106506277
4045946371
1071602997
642221982
4005351550
742869752
919317253
177414783
1925306006
972712234
1167094834
818274175
2737049384
4223574860
1636093310
3438534110
844305411
2131453507
396489104
2332319614
4222705928
1221220540
895511493
3155262905
4100390287
2886830301
2135774572
3101158536
3088951986
3494461424
3338190549
389260669
4050929822
3159193556
2694309688
2546206478
2976975205
1604183295
1573181973
904659748
74581733
3146301710
2833447016
3816774213
502918739
2721061989
372430397
2792569752
2647683169
3419795145
3981047797
1825841234
4261475203
3765789288
2741228234
330325025
3123425930
3684138198
456531295
3187459532
2668414654
2162926211
4201614693
809537842
2018753469
746222830
4250541732
1371690182
1959060202
812615586
441429874
2307676520
3390484222
2479685455
2360495737
3665343486
3901777491
2905462179
3556319664
3674236773
450753029
4219552144
1378223443
3069341743
2902519192
1377783950
970339512
3630084711
2501908139
2935329948
2796890480
1094830786
748543572
1387601500
4086513205
3455809524
1750067959
2965932583
252828796
3262491008
760733285
1840682008
2105222162
151099817
975701084
1544785122
2885975461
2704464639
1719841051
3707789040
3929828017
2356221347
1353410557
3106923508
619283867
3227954778
2432561190
369812879
656418612
3872262390
2478641384
2485170472
3639729033
978034782
3446322102
3977882196
3996496253
482635045
1733258403
3500745569
410348716
3394809437
2901110617
4077892695
3685173422
1031000026
4161440741
3224420812
2607906648
4184842103
2354742519
207932021
3349414071
1454226148
511963050
4238213451
1883277327
2703383963
3235803996
2601578905
1623795825
690392187
3293853461
3363391410
2586536634
1679384389
3258492618
1152838823
3474975138
3078338888
2899814973
411072107
3777657735
4207750307
3009358303
4161591335
2632064745
2418986699
1380888180
4085936191
594132414
3637709613
3924434087
880238557
4112141161
892678023
441231374
2609787823
2150046642
896215744
2946613481
1073078169
3696247445
392719833
53161261
1967267489
2340508478
2730294260
3465236195
72429374
1640080405
1091018509
1956108169
1386220937
2403598473
358572408
1089040630
1402835861
3786791156
3119680061
3046495277
3497444810
767381490
2533818908
1748924651
287114636
612718047
1518595052
3882552202
2021662488
2173348215
4167318121
930268933
198139877
3851878623
3235101860
994371
3651344730
2541297741
3991000921
2600319581
2760734858
1536854011
2366118288
3665651347
2970990797
2323339424
1885812809
2047994244
3740720940
124564436
265545213
3866511924
653838497
112081779
1260947349
1347635561
1458034913
29394296
1461767344
1411529335
91369506
2891139071
3479572266
