3929415226
413986484
490081165
1406882522
2653944736
4204648593
2206734920
2236307897
3399117722
1105832777
3437217854
4194191892
2681190235
363492013
574831403
1631870217
3298646179
3976591212
2871534003
3794550045
1416228927
3531452304
957469201
1153920207
811073888
1599165640
37217577
1408371168
682335899
2681070714
3556196208
2159327380
3366088128
1978253721
538725821
2808393704
171665218
3380572310
2991342071
4267586401
1822713100
1959053207
646215766
1170244169
1110822907
3290644699
3526280646
4094622640
1867314706
2470064354
495507251
3550512558
3121617102
2647590826
278913323
3886788336
3269300773
3656470314
696517297
1493689957
2404883049
3095129528
703155077
4111909740
2142615506
1117744544
928014317
1953893071
1743299963
4231505811
1817722947
475005337
3773825469
3851522649
600022812
508254413
2000417547
118708511
1275773741
541964678
3229782005
95796700
4191847545
1736112066
670163928
137152374
3062864684
1159671620
860949306
1358103907
121699418
2517318878
2980177582
3223948701
1412633409
3007299948
2185827773
3271769594
2696180884
1993491750
2969005536
2536346374
1659314964
163449300
3524652989
139033802
661137721
2264464803
1179112672
731560908
3909007376
1551204348
2983421476
1593051394
3977052491
359956849
1900964954
668315121
1685244455
330678738
807596222
2690395956
2170084845
114090309
3091341802
2758001677
1724204290
4151996603
1295739903
1834540252
1028227179
270498569
1488328560
3399155674
1890623364
779775755
3649800343
4202260742
1727426639
3141529678
3797766085
776581112
3417822318
3425240022
1267434708
1185455265
906985203
2375508464
1039538831
3139038737
830983297
1893437198
2177514391
3998937620
1062108523
2062337886
4255177787
4159528555
1556570212
2898663532
3149246029
4176711116
4144709593
157827159
3378980652
532176599
3996646713
2982664098
2183665117
2044152902
1897839372
1144276640
3066417777
3480049418
2364537604
3348035290
4198192978
9968930
215342899
2993124875
3084501256
122349618
451313854
2936382764
1144057348
2011682410
1973923868
778669403
3355896090
2442593880
84701376
298352011
4143172041
3817923603
4248412204
3722413763
4263612401
486881591
568675798
551118514
2642266016
958409127
1811601649
2259733134
1131966269
2142405811
3969136124
2273158669
3626355016
409479971
3400305598
444649474
374856518
377875590
3205659919
1650528009
2993056288
1661153815
3829441029
2587909055
3282410030
296091259
1183413085
3470683692
3659352752
1619527822
3795376907
4246870157
418379346
2036671565
3019589322
3459125311
2673111988
767321282
4282134287
3127742638
1158372459
658825899
1568226279
561703999
338305353
4032400055
990140177
1093068307
2330266366
4018940467
37530853
3620317055
2507507352
3272267429
695795032
2383144257
4247820664
1286235916
963515939
762688127
3543372850
1336281602
146408080
4008972852
3137835881
2775006276
4247054552
201653686
703440955
3342840621
201193642
2999913667
3813257796
1939049286
1924778735
2086574325
2838722784
3527523204
1520342448
1310993181
2169377600
3505032424
219876849
2676483471
3665808719
1529451532
2921812874
211848847
2493957804
2410315959
2546486968
974412728
3219122510
3895708146
4183009092
2928923697
452449560
3943752645
4141743820
4004372025
3632449385
376980249
1270425210
1193899941
862076428
2407325034
868229635
3344946470
56553912
1028265412
1477240536
3106684534
636211827
4175788688
1616448536
733086532
1114315201
2984098823
1762346600
308507697
2484538357
2954319407
3908903254
3466523363
1264925596
2788555381
2627912153
3527569465
901890211
834246251
3325970840
3487347053
2535725651
1935785172
3189893813
2402504435
175434969
1993845669
38298429
2098101845
1154235473
915555655
3449434356
1549685113
1755339203
3574821331
2677429278
2552291018
2789776849
2388475734
2720513768
602157587
1532007704
1435284136
2816160645
1042808024
4008850480
3076869877
1710560958
3537870083
1344505560
169782769
2144771477
1664856284
2594958151
2780902488
2634189842
537549572
313855271
791436070
116513502
2909893860
53561415
112747406
529141856
1805580654
3027428896
3350338831
329234567
2925816402
2939102046
2797750389
3895279850
3359048821
1583715592
1986062220
3455763108
1007271882
1730854044
1499832915
2931707808
3566926592
2823451999
1816973815
4175568577
3222032264
2497002197
2180673752
883641607
1154906169
1941645643
3187798123
2557562090
1118361560
2206216363
1699927157
4007573472
188547244
2383504212
556071096
3978658254
1259981974
3525014327
2577250028
3959458276
4119200346
2053923813
197334023
1515034305
1267550059
2021227117
1957529568
3652311387
1230284836
2103918901
1149938263
1625683481
2324994382
1585910344
2823926564
2873081170
4117019296
1833526174
378927434
1151573138
2196253799
3048852242
608114941
4074410362
4014132546
398340078
2877825289
1448798882
2451783435
2564632069
2745039015
3208362662
4182539705
1819885471
4063224059
1334532074
3478269475
4050378078
2281307683
741173330
2700080406
2361063296
2197643116
3348967503
3479679005
1789803993
4010080536
2264325305
381812304
744534813
1761605390
1457987325
2389957101
3287647602
494528936
4100837641
1539140278
4134108004
1442119668
3561075743
3911851933
3452445633
2237086042
911482364
4210585482
3013549957
2182088957
3873091971
1685287678
1260586449
3134216645
3194437912
2443548040
1817192597
380001886
179211310
714250216
3769536484
67114107
2712047838
985453838
2732424017
3156373749
2094798984
4196110302
2317940986
3646660993
2679581146
2018090690
3562771674
2483491795
2949435848
4102477052
1453184325
982349039
3416671298
1184532610
2924509721
58782376
2299284482
1185057837
765694804
2262327592
1349242701
1179914156
2172699452
50293251
171224960
2530030414
3517752478
3083921241
1163369786
2146109707
957712474
2292111971
3718883792
2109053463
1798730450
4120931850
4103593621
967289555
1058260139
196780541
2409457018
214155876
3604249179
1900338022
897216966
2904251558
3092974473
1308152523
4230513397
2451333450
1900279813
839232596
1452304783
1916396187
4246390855
3650351454
3103011301
362642203
1875022399
3006925560
776897004
277206920
2970800528
72630662
2265989911
4257964144
2519755107
3600182294
1834848360
3854813004
596585540
2448337079
3167619237
1176882793
137925799
256553808
1247370947
49035910
538925476
1027282511
1358239777
754511050
569140917
4147266381
649639878
810253457
3170905009
421902307
2727204806
1642125171
1690543584
1435577280
1917300691
262342500
3131791203
143302794
3266840435
3529278683
4194796605
192831674
3845107466
510901760
858433324
2691827587
2254513626
3998330729
347236945
1470087905
2413195624
1260057178
552308189
925816975
3583407178
2249145343
382811400
3799885352
4122254241
3425524861
1654926682
1169763590
828893836
1380979737
2419004572
2959838669
1481158188
1661635675
3273330138
3453842084
3214451942
2757578414
425537527
2240495827
528087591
2844077459
2305583001
489918497
3623486526
1654281198
2357275959
560107929
1332118465
3567496102
2129614867
3080211499
340195710
844145654
2943262891
3541892069
3587368073
3025541194
1823067158
3261692280
231121358
3406822688
714090993
1442374114
4267720611
3514304028
1401608764
3769802952
2300079459
383574263
2115644039
1201160844
3968557624
260987070
2243114503
2436261206
4106723103
679780012
2810923775
2463804075
1164429411
2370885152
2981814156
2480331613
1530706512
682199632
2230249608
4076970428
689178283
3522564235
2538911158
2425706466
3288447605
3165204702
160686537
171607996
812445403
2996264919
1189457193
1549888384
2707588926
153268763
2765631470
4006263252
762293354
622579992
1213405391
1568028708
3056816927
4017032517
195797056
352533727
761252870
1800834769
1186567294
3966321815
1366160310
2835967226
3814727975
257146614
3949399821
4232657666
2254992870
2861892379
3009028520
4085692580
959009652
3191209220
3515987826
2350978143
2062828823
979984677
2345486573
584012854
1702451341
2455332064
3953546546
994049631
53764623
3673961781
1782615723
635370662
1220695820
2168318619
1882910396
1963507999
2156278060
4208150832
1762880124
4049260062
3396280598
2434249448
825829644
3044215067
2231699067
116303792
358696605
1982239111
2837820009
2530924307
4287379997
3786146183
2345967568
898336021
4206702359
744695668
835753662
1348694053
1547340351
937509516
1406306973
2123138439
2642397233
3695805021
1276446830
4262667799
3757101509
2587859753
2773714197
379563866
3140952038
2753545517
4054907236
3306294160
346975706
213953057
3699722106
1022519552
4277060634
3479975884
2739886052
1961751795
3744556710
684221618
1023967271
3997945831
1415758155
1573932021
175411889
989430013
292636639
2767776035
1478231286
3860195428
3161368567
3507118099
1925108859
1445076108
1410996148
751550658
1617567718
1912696656
2023399338
4165676890
3557718467
3370089377
3394781576
134723558
2573494762
2192365640
3548164394
2630360657
2184916932
3585553619
783947845
3448416250
2076656960
2595835931
528556101
1314515594
1623679533
687778784
1419507987
1375035373
1712312507
3380374762
2136092621
794951508
216390657
1391982542
3886303057
4187420633
1980036534
1777436040
3990660155
2226368873
3599957005
2471813036
113429081
1483258804
2808346266
1118124580
3361538996
2782190358
581893344
2227630601
1612486153
645039934
835336707
1556874855
2880425050
820124762
4072524734
513467913
285561763
1044126568
1866352962
3343811318
1763352976
522763148
3268279887
1311929415
1374077124
4185208450
723785681
4281355229
833471560
3784183936
2760055148
2976808493
4036975283
454419319
679538216
990626376
1854272889
3547787256
2858583256
414263427
451210199
2762835942
818188408
2828179857
1495532531
2516271507
2142678663
1421930511
736175302
682246057
2699696609
2115648225
3923910712
2624569650
3625901851
237961461
2365577238
3488603408
2620525083
348167236
4021922269
4230862987
2351570818
3860994907
3969796629
3956802580
1156974178
2177795139
3862228422
717659450
3526431145
3263182154
776431879
3697279417
1533388358
1743425567
2353584266
1912749210
3913149796
4195564723
2188788375
2349843906
1729497775
1919869999
2737142407
2358620093
615455128
2785953507
2128578929
3478760356
1777115768
206388380
1871293814
286697403
964940820
2045021894
774724570
1621057746
877347262
1442499723
1576601155
480869155
3954481074
414608083
1696027679
3981594441
1923379199
1957414313
4018828034
1554947832
3071198617
3340423931
2191290463
3907498886
2718552688
1070144596
1351216945
4236130487
255291021
3574940658
1608840549
4120037389
1756428821
1285935911
2585897740
2631624442
3178848830
2132836999
2888207739
3806326366
595640216
4020911668
3151468256
635648313
1808662796
1167668551
2528869623
1551736598
1016881471
197457125
3349051620
997585719
1246965897
2508894875
3097285337
3950142387
3474480414
1846111293
4015973872
3058336627
3812330936
4224056782
2334635532
3108802563
1097283075
2847481938
2762887987
952138963
203156403
4084035529
830064606
1599267565
1532201701
1448959814
2976421453
3333259969
