2418040473
3138836698
2734019143
3015912074
791577974
3131977156
3806279668
3242752371
2148392944
3021781129
3817030374
3018270080
677230658
2834904714
1642144017
728645809
46278622
741017579
2385627207
2514501254
187171657
4115873674
1340292741
1704649135
2655944023
2559927666
213124431
3641006645
2724398657
1844855932
2818677278
1178920329
2526600899
4161033849
1968255789
3981389771
1022001678
2049093651
2243119977
2527716339
1475708182
4250648003
1455866678
53813657
2928478720
1691033382
4161107417
889533426
2310167550
4202430429
1187844810
723475461
343327869
3580771843
1410724949
3696691995
4049674479
1250775366
4064858365
639537480
3148569778
372784285
3243423421
2116894576
2834040784
1573837594
1788847153
1579878059
1357665170
3136065115
130433704
3760833759
1981252486
1343144377
2535396176
224241353
666797665
868138094
2165115138
1309163894
694998198
1520186789
1798459515
3937256304
3988252772
1929402008
2102188081
2504810598
540589223
1106070137
557610841
1045158330
194990492
2647237970
47476986
1473966414
1977756546
248846857
3127633073
4069234170
3737366679
2845351755
379221903
1629393559
3390204556
3060820948
3550169724
3974730923
3641270028
250808860
1397447482
1600480263
1167817601
2227103395
2150808594
1326974500
3039243743
1083079218
3247504584
1163243198
2711554220
4157817243
3834914756
3619823392
3841463862
2024003514
841796772
835381003
2975699948
3412028968
1948350504
3688773656
2839229736
3230089737
3318087971
65891189
3609205117
1862260038
2554648091
1947821446
1100154690
1219312460
455390198
4178718304
624314830
2862366896
1668102536
146554185
1996868723
896691786
2456236514
2893030491
2367265189
1699850310
3437329304
2190483784
3401618686
3080135640
3614124642
3966190286
3502372372
3416592628
1864335756
2386059743
3764533148
1825316624
1414680385
4190110528
3233222581
1388904583
2784509176
3353648941
2813389448
4131212873
993010269
2674592425
3100502248
3419472300
2742621268
1955683709
2030843898
14759575
3148228463
1279624961
3655905714
474304559
2825641164
91054376
2474817070
4232294866
1323450158
2750296566
1490993711
3445771193
2734703885
3492179415
339138151
334236626
2548652075
3086923835
3127714963
3744762499
4206456220
1733484645
1476711934
3646210245
2849699938
1377496802
29797248
3138219816
1431668683
2236753015
240223722
1671257220
3289644806
1934524719
181753957
2272766401
2321132338
4294682563
1906801883
510606361
2945288275
1366020514
2267885090
1475098454
739693457
1181741317
397209768
2429693279
3591872660
1758661395
53004550
3947325520
404769816
3232447408
3859546573
1447572893
1076430399
717897630
3566144920
2529467151
778995168
2289245546
1183155363
2158826496
2832793116
2411833989
3103370770
2167220182
2272239217
1516127812
1163683240
1313350562
2727014988
3122276681
1921202279
1849003238
2596368699
2362556889
2935915716
2568382303
4153090979
1826384261
192123429
1356659997
1673075633
619271746
2654938973
3836438809
1449100515
1900065253
2047842220
3609573687
2854540179
2008204529
2342779459
824229578
54836604
3301940211
206916364
1376993789
1376394037
1212353122
3300903582
3140044661
1121882626
3596371365
3137433966
4051147057
3260256179
807257533
644758090
3173588389
208595342
2665162206
2654698767
3224532076
3305787929
3059525418
3849484651
1813605277
1581192502
535713864
481594170
2413950055
1707153574
3216436321
2857929148
54612594
662378251
675224456
4287243063
358891615
3630156933
3827431206
1139689472
2604412834
21878175
2595720092
1977692373
2653829513
2351808897
2866887869
4026000368
1420763293
828441776
1620688587
1959430069
1137088002
3621582186
2995397613
4209670160
2609618873
3461932518
3034712054
3868128356
1975586458
1859040074
3084169640
4253730040
4288514430
2265582072
2211171099
598843281
615286656
3024418598
844675737
4019812618
2560064716
3138194883
781560098
1671859675
2498296338
1724545656
1561315676
1507521410
2071507549
1095239148
1823323295
3671490838
2769914125
478325700
4104221519
3574677880
209871228
881181239
1684113133
3803329029
609261257
592915553
2112496778
157575709
638376076
918269069
2496465966
64785526
4058531233
3495783517
3898003906
2925892582
1894259759
1683563812
2627700959
3996565146
2420181414
2601482804
1708060722
490704310
1226699177
1035295718
2328764204
2116655000
4184844772
2297630331
838734153
3956257796
2908617842
3551076839
3349770358
3628984161
1219816957
1477578638
3857330391
3490807013
2661546063
3464034803
2857324972
3292815771
2356764501
3257446674
2570005942
4016174248
3093205690
2283437568
2733202733
660233564
3744434137
1126688421
4132996017
1894524703
2031811704
237154127
1094880525
433520293
97750794
1389891956
996784886
1240405212
686102788
2326767389
1577279206
4009492911
2879752653
515338825
1570902345
236221583
1249306699
1598810625
3719288090
1902411413
2322302397
2976197309
3248373552
3264602611
563113418
2844888003
2142669635
3207753235
2063077664
2175259659
1379764873
3290586598
2553342806
4269172590
1488593270
2669724332
3100391671
3893115593
2647534025
973040294
255057871
3220390538
396473000
103247335
2511131680
812486138
2472346227
1959505215
3460383240
467284885
4137109505
2288672811
647885866
1020516534
2754505280
1019349259
3180755667
177031910
4171790424
1295435943
2285526425
3583273539
3618628869
15038632
3601829853
4226376980
1418346543
2353748219
435170095
1285681448
1778812448
4245266327
365942171
2145236055
2146195370
2777457900
586521083
3736779983
1495949829
1087748477
2503577848
1715255899
1358554407
939838861
1915862831
104075936
1561913070
26590809
2817314699
4004656168
1393710001
676621535
124270469
3329229992
1039262372
2156674279
2674259074
336063000
2743169160
1375530044
3682491760
2061441975
2071842667
18635352
2804753943
46665288
1465296342
3000210617
746784944
2466307781
3996519277
4111702565
2358981438
579985069
1529143102
4039688339
102811172
1547726532
3901044197
223760762
1905679694
1846351374
1707349656
1966592810
730035420
3507533142
269184049
4182279868
226300331
2397035152
2895852110
3633006224
1102252493
435693596
2884258162
2344841331
2387706784
2876664175
1081651709
4199481983
2070608513
442973635
1189704627
419171594
3676608205
83647597
4092889056
3927341145
1489313516
1211138243
1734485457
1821789830
1912311664
4082556487
1723627490
605081343
51723000
445106314
4254228698
2976317117
2490226495
2508656583
2196730120
750193771
106349288
4145557885
1233903365
1854991600
1702223521
3648599641
4274742379
3487250920
2213255888
3837055336
2611971945
1497526726
3016807465
3455910577
919153326
2959166229
3730282102
3267045092
1714636349
3137957229
2825486317
2920761595
2962151639
449714039
862334736
3759897905
429479900
757058690
1548479252
501625154
96987682
4147044967
3190061865
3729591627
655890335
3961716365
1126762694
2101224084
3579204542
569331102
3061583606
410971859
4265147773
82326512
3570963175
1944917293
1501481845
67730755
1250013724
3873652560
1224529087
110410912
928626824
4023320511
3908415291
2219776258
600910147
962389480
4174976144
342023732
31139924
269475441
2778201208
3248456482
3322568816
2969640197
3405424758
2069257767
3363386931
313836817
2927903561
160301393
384936849
2069768997
2861854736
1470644019
482155354
399520153
3137471428
793726630
3153786679
4065729398
431716782
3044839500
488360861
1027143436
1024481597
1058090626
3088688203
1398195505
3657653578
3646464534
2018600911
3996014400
2328032293
1417486235
2591420398
1875959001
1978728685
3783504437
1196664444
4250083372
4154584371
1588428247
2861435956
1907452322
2650813409
2056275077
2447620058
926055295
3370728736
3678651040
1909068280
3625440087
910877681
1552613653
3701573490
829908745
2190342338
1631764401
2042680657
1202309801
1032532880
1034466520
3179962189
1876511226
1643133236
2116161447
1196119832
694896869
4257759777
2805496103
716268301
3279981441
4118415942
4198164139
2905176160
1321691639
2100359741
3710837865
2137726492
1766236624
1500403770
2205771775
3942951464
1530769597
2840302549
306840193
2304364270
1165551703
1710150903
2084728079
3615615219
3161435615
2994756909
1746849919
222174872
4016771901
4032244815
1758181945
994613070
54388066
2335565417
1574328830
578396964
534782910
2379462686
652075952
2214472740
2209678761
732514616
3686471774
3494306050
2763232368
2559584826
232827017
1084167806
4267087075
1115954307
747583496
1844637458
444900340
3106099507
458273048
3703996793
803505340
3114265872
641976684
2025061451
1528488219
3273641280
829284792
3876224843
4224342204
2860381912
716920799
1659397738
1266655872
834604777
1578771688
548943484
3095402120
2793072889
1211931815
2045827029
2823042831
2614079843
3299997957
1341983164
3824272570
2352180268
2848324971
1347474031
2120315884
4168158440
1910422764
1282444109
3074357473
3367246187
1240109798
4024965246
1917414036
1582174954
3845970620
2703885177
2784038470
2479203038
3266008358
79928170
1802903968
3281063905
2172778658
3227684246
3479297198
1414556829
736447867
2388118094
2920383313
2984924442
575081633
581025359
407502482
3540286352
43919854
1449543643
459731465
1521638844
2445614645
3991687172
2272316371
2595874065
1369850312
3391833840
491165038
2827480803
694723176
3104717480
3110518597
2861681850
2505821958
362664043
3722755750
2963555968
3253866023
871788227
847989863
2202508760
2716452289
1952840924
3735322628
194261385
1089744986
708410335
3771927201
3859465161
2845772016
1769109768
2019579061
3789037312
921946147
84034148
864506285
2246701407
2816614960
3032458445
1365016356
2147135586
3942821276
2058766676
4244551786
1555719548
1234140693
1627470939
1139587605
2834575319
2151244634
3596222516
3393768976
1947556429
1853858911
2578015256
3855613216
2077457354
1746008832
2734319931
2562436287
1824370924
3406201224
2699119652
1260581509
53811368
583841971
2400630886
1982978103
1032615318
2812153128
3963306942
1149965132
3154878172
825069925
1010850460
3004799041
269338831
126632967
1831060231
3351204821
1318907839
3794675566
2008578519
2314089159
4005917668
1177897061
854424964
237060841
2447823603
1967190887
3829521591
2311596749
2554050400
1338133527
3217707459
3168729318
4157899012
559312797
3792722319
4280708134
4090834143
3188073782
1259786658
2963573709
3744790066
398067359
111097257
4093464300
3044142863
3890531278
2907502741
544369367
1655725785
36547027
4128861409
938050046
3587878343
4080708211
1244908241
3795407178
2396572588
1950163205
279746525
1724631727
626131193
1125810435
2787643020
1361396727
540925858
484946726
541197910
3585789807
1730986397
4272357701
1911102195
1310456899
1120953331
1737011120
3966102692
2193685620
3037384451
787862055
762027511
2945798944
3268790758
3780263139
1029800463
1594660654
2605638628
1751795524
2314074132
1433681421
2011804952
2522317816
2325835607
3416470150
543695184
1971671564
1444084319
87137861
909794357
1445609460
3931469705
2182685960
2900590585
1901350219
1679663665
4197400129
1308785459
