2959300801
604544484
3040208077
3919918784
3348602792
2030980651
3054373807
293071630
506708362
645517836
375348319
1559760319
412528078
611276615
2180395708
3019034476
3912769876
1222594872
3038112770
3091606842
4114451631
3450658963
1060970576
110488296
2754447640
2594928617
1705965995
1718777006
3215666896
1033334978
2790660574
191839918
3354649264
256735401
941976452
3196242522
2257092526
1002491086
3802880211
2603887788
2546499013
197366288
67026919
2510092407
69967908
2352198673
447510819
3481042174
849395134
55030125
118314272
836945924
3637743465
2437242408
386690340
883389321
1488724547
2555083395
3239311076
44430897
3786810846
3391813251
571884994
2830967077
3155821404
2935085643
1719617357
1425354981
1529558752
623403672
1954591401
2969627988
1665832812
2182474360
4151869089
3035049538
3535115892
2914388309
820573941
4162682992
990335990
682557467
3646449720
2245432779
3404494148
2739704246
1362534812
3642875749
2915935126
2509220706
2050421275
2474058436
4247570832
1265818801
58216847
3932784997
477566574
2040678465
2389973522
3263098571
1060800195
2380277033
2696100906
284355921
201783766
4112920630
4247458166
36996765
2702880322
296871439
1004248905
268962380
497287939
4071878884
2919488071
1033037063
2583068972
3572454039
451744314
2853476911
3880744656
3580657561
2639258768
3457415622
2134319195
978089266
2986091582
182231372
4141107769
1370783791
429546607
3743360776
47642498
690324224
2496221300
3325295525
1339866954
1499946543
96101023
303781789
968510250
3442914575
1599098616
3692211943
308007295
2209995325
3474718237
3405082844
63260906
762665669
1507714247
3465487672
585801719
4069246697
3252838625
1357102865
3285456904
546559628
3598901900
1125050057
439757034
3306259614
2275971191
3097570568
2569098622
2089456761
1746890320
1823833678
620743940
461999483
2709808819
2503636720
2013796356
3664851433
4244022047
1875213487
3455922503
3198332712
2842119861
777607629
1081637685
922398803
463680964
1852939717
1930460847
1859839810
504104421
149419281
2433937400
1690229744
191163533
2020477407
4233642096
496880774
3959294666
3760722203
3162667075
3993457484
1650184405
1897598550
1653268231
1191254393
3610492146
2862308353
3917407280
1831011755
2499783440
83667158
1141606724
209322285
2208725544
712387023
3894751295
3339892766
1583774226
3091863931
2831774069
3992926352
1505826041
3420209038
3651939229
1676837397
4111527563
3890152411
1220506454
3274496056
2277810899
2789856884
4222517547
2118144073
3633833612
2598995999
3283434516
1734060017
2086140044
1684622579
2736614769
188302307
3119207124
438528191
3572903696
120586550
2989952560
2576893788
3255012506
1087028591
1483741933
1463737719
3123008616
3815750030
4289017501
400750866
779989769
3666965751
833249868
465675729
547403138
919747512
2395844655
4174561987
2590364801
966873643
3207813665
2785206860
2291043586
1343399997
248723164
4219574635
1408641150
954903028
1965931704
2163299161
1486718928
1673699623
4030833579
605955750
3627190689
2165358235
266134754
2809839725
216788835
1746154432
3419996225
3337790240
2137521261
2766779941
3050598078
3504243825
1756443344
3836311249
507833458
22570350
3351821601
3393122440
3886738229
3699807839
1835515976
1808047502
1910889559
460266786
907882404
1038436252
682440112
894836654
1260547493
4180258384
1850299010
3249750735
12624092
117182440
330890144
1303823421
2720123647
3702773414
2548583704
2241702066
3108764954
458444285
811602863
2553731312
1160100328
724542641
831382138
3424930608
3359881972
1640265128
3230797975
1984866640
4064087134
3960125045
1769946966
123807262
3669620037
4022265496
2330748332
1880174782
951576687
3182046272
3422935895
4065120541
2098715632
1544673119
2724851001
700183844
1222593945
2630673063
3668113083
457036750
466801344
2462171407
3633965397
2213937997
4056802899
1181120090
406126286
3685733572
2589741126
1699093140
4096044339
2286471991
2891708305
3507629159
3848129538
3164869393
1616182564
1515122981
3136814846
2211243291
1863813632
375932276
174761938
3679900315
1255865326
3003743070
486555428
1773510171
4205952514
4162183195
2147103330
3837226694
1242994359
2475513885
3531000103
1179155665
570605342
294546538
3755688871
328006510
2045690268
3245075648
1768475769
710494078
3020490993
422663644
3307760102
771152432
4021954381
596550625
3215125105
1106275911
1732839726
2422749039
3158283301
3109728218
2148702352
308077427
3502093871
3982733746
2109312017
28783760
1418987902
3408759065
3608604507
607677663
2927018792
4003774413
1938029950
2256360213
3356882885
2261459713
3931289822
3354910585
690374457
2820149285
2395500790
2073203229
532316241
2533198350
765712303
3769502450
2502993229
1854415675
1399057084
2019608700
3434236630
1151299537
4071719863
1861758549
4038262530
306533071
4030195708
1039922207
2357779318
1378865024
625682240
2572084337
58155156
592704660
2378100053
3617027904
1378782483
2569497988
2506292263
3327696433
1776637822
1327615458
4245983068
3803723981
3599805599
3257622043
1861275548
4252434952
1941608204
2422508228
3293991777
703563242
3493157309
834021138
2815131107
3349265909
3142349121
4129482153
31637816
1731180564
1804501213
213808241
3696023211
1306062261
1634430287
2851294884
1692627732
1434148545
925905282
1789124480
1737226263
3387506596
1234090693
2444710422
3896983485
1605128544
1801219330
1607908059
3228419205
347782428
811419901
1934316164
377979756
3108800332
3160623697
2239881124
2493064598
1384600203
1188604954
654823592
3539056847
4160562700
2692610559
2914644329
1076491841
3883725485
726067518
3087552112
1240615103
1854784819
1134257000
3111779065
1827574678
341388307
2954520007
1061050057
2473429264
3542300788
3428136981
1926437864
3708403263
3907824976
2905674272
1184932083
1963630943
2623120001
1367170844
778060020
1581761641
1335999844
2894560605
716608363
3681044524
481380428
1254402921
1184734529
2956458499
1491266354
4073868480
2351469618
2999131675
2337982483
2513343558
4104907020
3381150674
1602527461
3875380037
776851351
3920886334
3951208842
2606138057
1308494356
2805352165
3260438250
1163025075
2578871638
2246818810
855921888
3135016686
2567018417
2505888002
1800533271
2986691797
4229567047
2971240968
1301077745
4082799886
4058174188
1659488283
2913843833
1683175238
3625735797
4554741
2485783166
4135728002
3424433597
3572042087
2274702872
110302564
559418465
2286120334
933203997
3172985457
3510681032
2777595409
145410182
3576538387
92405115
1487597895
2571528957
2585017479
1861563151
106996191
3510832869
4292840607
2666550832
1309195625
3839415415
1416120905
4085694598
2780632102
3810005639
3266228185
257192479
166895415
3344002282
4089673978
2619236860
1150961956
1616529953
2071717255
3697788656
2203867442
2623557368
1886141433
3642392200
1737312525
2837617795
3063295069
2063801364
1239768173
2387196067
724182573
329330416
4048295165
1808775917
4142542100
1414832952
3823527152
3383827919
3553909330
1917616945
1336714285
4187530156
3739533995
1604400735
4203073346
2595092652
750417967
3612980919
2816719404
1557240314
2313050542
639752568
77051297
3068636266
1650610492
769711994
2619608454
1812991925
4039824442
1474147528
4205949007
2131098692
3759495923
3128806368
2163116937
643108832
1701201084
2746451048
956639368
378900776
4293912586
2105793807
1721080243
3758449360
1932967206
1325032668
929922210
2509291994
3265891789
371828733
2775130356
172341250
2377261886
2633156314
4037979450
2721505461
2968178395
1403337683
51257411
1722183912
3864848341
3072186675
1153778758
952522828
3587790264
2907034029
1170615920
1888642373
1635617869
698811183
4059426155
2869929867
1403167959
897614784
397492807
2407892018
2793751346
284866914
2634493520
643084343
1202513398
1460987801
942337739
2920765358
1485891002
2994979700
177420938
3372352285
1404172571
3400659544
3843050592
2835604858
1792809763
1513445855
337343235
1955219665
3147342226
1095024006
4185117717
3097393682
2602835862
2486923552
2175361268
1361724935
1473524348
3010222386
2143671172
1160595814
445548337
2572091728
709392292
68906902
212339290
1584091946
2584931193
3201157486
486927922
1857058470
1226415445
94526738
772253168
3008963652
3908589149
3141167999
2559761768
2417054044
575822751
515248449
1319741767
1460836203
985701248
2485655564
481067300
4226609348
1472014499
4273511132
3943733189
1187614760
824143684
2695623174
47424529
509328980
2491881383
2365989536
380078746
3251799848
1771069693
1227934683
909910208
2375637089
3931295528
2371650492
746876959
3164023998
2461445409
4200090901
2343441506
4147370299
2174762257
2711070909
2560169863
4148049206
530779493
1331869893
3686925320
2304612780
586367760
2883436987
641925128
4106553157
2275572075
2784422958
4233083160
3979965795
171501980
1467637250
1042111384
469172266
1858711169
3495060674
278810474
132346265
746450525
423578539
3236946346
3699155616
2619526860
377175231
3348258827
491565056
2296778303
2441393859
659402974
905692739
782422530
4095855799
4231579116
543803089
926047750
258113374
2586511772
2769469702
4154921663
4063898149
1836507035
1406279879
1744420668
865616139
3779572949
17349076
2270900795
341025922
2130779524
3536458294
651260388
2664586947
2559482386
1758138116
908697750
4294688772
1457867179
1890169130
3916039976
1481762236
1685749302
2303826737
2140152337
911226652
4035156827
1161404863
2086114466
3676991477
1062487386
2466476442
121598057
666621830
3743823550
726495623
1897037853
3486104100
511014133
785732693
1495639066
2588410149
2396261435
1055284493
1007865357
3970080280
3110663962
3212900305
375322556
1473459373
2848972826
1584698232
3530476971
3574126592
3013436028
2771226108
2886963360
1431573690
1071577086
3449141681
3854305710
1862704938
1894979912
1351692012
4007311458
2239860110
2136734833
724885359
1828675654
3237334924
2090994085
2619153085
104220565
3372030294
4040345489
2482586042
3049035408
185294822
640859365
3397143002
4109847179
2422574716
840496583
3784466484
219749836
1937509001
1436824768
2658773318
245911434
570985278
2586388032
4077753064
1914517192
3186813838
3971944624
1347201569
3356646858
99556810
507536000
3121055811
1772469546
2770406077
4091810395
2552838967
169613477
2948839352
711042157
105567138
4182347570
683643725
3894553628
1736590841
2263888802
84693751
1577434317
2567351119
73819134
4129573368
3153555163
3883510164
2942306579
2076692427
1682712768
2256522562
2849477840
1511578333
2589037008
2267635953
550188659
973201805
1783272681
2774390442
2982844094
3521382636
1845986569
1805090188
47058215
4052885101
633883426
3121897135
4145272609
920764710
2028265580
2733215690
1111122363
2317595395
991149160
3177166742
762186872
1879523201
1222951112
3749881885
2791919317
3687487550
1595434574
3725419720
2180750189
3002879595
1549878985
2200808958
2592132281
1064317107
3952643910
1551705849
2182263747
190571694
1161468668
1551301392
1601850417
2729510876
3089287180
3961242328
