625081292
74951360
835091700
2303031205
1126926532
2859416804
2972119142
834905141
3290414947
95265022
2096243914
4137845994
19896006
4137095734
95091300
1668642794
3717209068
1917888576
2352714030
1430214899
848226202
1548570800
1085731143
3116963042
4279250082
2630007395
255843514
3897192614
2349452020
967782994
825989404
4033945884
1500949116
2642131161
619192983
3715614189
3535039645
2214183390
4287062035
3709026087
2426822142
2582635381
4073983628
3208208488
3104429057
1704126211
2502241701
2949329390
319025964
364105977
709723283
3802399729
1184270315
3271074185
861063828
2095877783
487619547
297630150
1792564504
2878884822
3824105389
2676616007
3508542570
457574224
2747625318
1962543051
573854341
3331490523
84711713
33195833
68482607
3989555026
3890520673
1667657172
724301738
1872558426
3286236365
3647512059
3849887016
2651051227
1710576622
4154129486
4038420432
2384748210
1793449832
4253995070
2261997375
118303279
1293729024
4079541852
2965727974
1217286910
708651712
2775223064
3850301681
19937480
1964106175
1826957536
1990465216
3590534347
2520997860
2959584117
898645336
792463609
3825842471
903518324
1324878989
978565909
3958896350
2137078649
769952900
3788548905
3871609331
1981029959
141201098
1670655989
2892461823
2509853881
2932024402
2830430553
1525230338
316306034
1201277940
3592050601
2138892862
1447197131
3090008405
4090803241
2648591219
2332777282
2043790522
2754270657
3110503747
223392215
3858064101
335029588
1403092787
4262114582
812004902
150836054
2283118192
3085715733
3227140128
212534650
3203707651
4025841089
2534997305
4275663133
2416588426
2999598187
2932695136
2761527865
3403632775
2429239246
2628551245
3796139508
1612177480
3154947269
1833998941
1047040960
26773560
3362516487
2401243127
786796783
284676165
675518206
1782713203
1744754582
3418874809
2769687272
1234854427
1388292584
4111127261
4044757101
2741019895
3554591685
159195454
1400809121
2345066972
4088455112
3467005664
3731740984
1569340337
2478829825
3370095693
1351082350
1920151856
1124884065
4039027060
3497078346
1132414362
983255529
2263627185
779636281
916190587
1167830338
3285929224
1821563621
1228905343
3492165538
3097409571
3129111169
357422729
2814736771
3663357903
852653459
3268366081
2821203913
2395638517
987551983
1438623101
3727924824
1553406439
3079858298
1529097298
3053373937
790935008
890030733
521599160
4230833114
1373288360
1262957258
3585749917
2989880921
2109567077
1914747021
3373591960
1039187955
2125025016
3170996823
4087831984
2097248994
4199143202
715257727
2895428719
3012331230
2906372144
3139653748
272730095
3811514513
1616260778
552505637
2128424469
2888930314
3965265986
4124200574
1671766772
1761975790
2719912650
1322902665
3134059468
253975559
3750720433
2277055878
2327134218
1262302881
3693632703
155399518
3147874380
2552103970
245709873
2393821356
3833986065
2062588026
3349430167
3582132415
3103913562
415603006
2569885090
2821282240
3797596135
625211550
2727274368
422681570
1906498816
3183466839
3100739878
3669429281
1038801945
3998617684
53861834
3029864180
778358279
1528105284
1570737946
3150978081
2565099051
1014676911
2710830402
260274181
999027366
3079823565
1715360684
1269692153
2633778092
1355042590
2920701383
1529047754
1891994227
3760962370
1863470397
2703474154
1161704811
3972336962
390541962
344426290
812402764
2854388893
336410711
4220231518
1214464742
4039729273
2969255119
3927515626
3777856624
4080125503
1838798577
2424760651
1101716285
3630530325
136025480
2228935011
3797113824
1771512045
1797001043
3061635262
1687401126
945194390
2549710117
986971011
3718438846
2444382692
1520763622
3747434367
2415202211
2662937035
3075325015
3386075732
284099890
1562009476
3300881288
2370754154
1274243286
867074222
4142426019
1746972257
1385667235
4126953216
1580544706
4031902505
3384158552
525726479
2674307588
225405150
2395284506
1701472919
213373616
1045133467
977349714
803263808
4149800458
2174123918
1135282025
222402578
1263102364
2518716872
1380962145
1103868603
649241412
1834843969
256101649
2415174503
3202016893
3741325240
2240013227
1999179506
1877758769
4255131920
4043535429
1747731408
4243612662
1221338506
3065341302
1513442987
3150924633
777606301
687644437
2337233768
3530295508
3204965611
3791339523
577106488
1972083554
1287845483
2125628101
2796613178
3477188388
3787519571
1532033337
2505588877
3935363229
3157432966
4210376313
4260470250
4070257108
4087019901
3925620718
1508260929
1897396181
482334963
1987837646
562768939
2087919134
2264566165
2645332239
242517358
3472741543
2812072959
3804455907
3842012582
1948669084
4278527375
2350971284
3383820069
3231967675
2595441996
3974844876
238490177
1861141457
214914596
4085540955
2040336275
3378279190
3279357585
2536598533
172842100
3661813792
2221713294
931723448
1630821221
4284059010
3971343952
3069569212
2128351988
267057356
1808499381
355008440
3510811980
3735751373
3862587949
455188319
2608196064
2030171082
1988951378
3901142147
3624166068
749304947
1607699126
2106890851
2869443422
1517181125
958380812
1988688659
2660338894
1613255528
1150663934
2946819357
1352467414
2491071280
2596219581
1796954971
3812587202
3156413788
4271849949
925414346
3993951227
3218828777
3421537733
1298781061
345444647
2517018777
2819791215
4201476050
2564263509
2230181545
669491084
3689600070
4059089446
200182633
2949365872
2699648048
3303355339
152992638
4059518383
2563817605
2315717438
3716353469
939026631
1291612306
2609145273
4187829583
1484610893
2178489524
1738444735
3890724565
672040234
1117112962
464051682
1755513430
3481084228
1340622806
2405157963
877190398
2878427593
1535210412
2511997684
1045967599
2046903233
2322748892
3759524376
1469017726
1638564040
252468301
999683214
1758660462
1509478041
885746671
1561203847
739279423
2079099144
72861947
1932705524
1211860246
663625734
55614749
4953401
3202598596
3776910349
1367152638
1827231376
3887483162
980314236
3457513224
1789529113
1237053642
1701459224
2038936259
411469785
1910638370
3410137775
3801243920
281401135
3002212690
2852692917
2279235756
2990709171
12888638
2442398568
3887038784
3267986629
768842930
115313874
3945094740
829302269
2248705935
1978629594
1678398647
2487194183
2758856363
3258312036
1667731657
3574028352
1216640672
3008287304
570015892
1465560705
3946410105
3366183287
474655581
3321012435
2776070850
1770179304
1211079926
2188253661
1855027641
1019438736
1474965783
3157954804
2646863987
4025728147
968707948
1437051964
1023749874
1954086672
3390592036
4070216548
2196120456
1447158941
2083515176
2211899660
1540712870
1901421943
382668943
3597778509
1372155341
1149034350
1753710139
2677384042
2318087225
3672723947
3467764496
638026400
2322448201
1326549054
480024763
2374534215
3745312145
716216299
4178187441
1413074771
1920003493
3861248876
2926268968
2363145645
4095285123
3303387025
4271802925
296540149
3488154986
53972027
3705436337
2006333573
606688956
1224599801
2807951775
2940036913
1939947700
1854553891
2403727866
2748207900
2304260418
1657365997
804186912
2024900053
77721657
1450531665
594893446
3219143827
427957765
3028968659
700543896
1817466418
1406832549
2913064843
157894427
1443701992
2039579231
457228072
1401618371
358881915
1057219054
1741880704
4011875710
608374323
416537196
589659618
1133755898
3154787577
1323751582
3622528625
1915740839
1555123981
3130823959
1418721183
18346287
3460025379
4114453751
1272194747
4288782590
3394075083
1131158659
3748893747
2198766437
2949670448
228355925
3213176524
2521730541
2627964596
58226085
1003879051
2242214394
2092144962
1838814978
3381913731
2895983851
3325100922
1031988314
1272639599
1813120130
1898464021
2617592185
3771674744
1258906065
2716409770
560440525
1694920959
1747853354
3408121954
3390988469
2215283596
380860223
1431528815
2978335559
1114060748
4019581017
3617907221
1400152560
1830493354
3623329635
222842695
3223939295
3439377678
810431146
1418653370
2649927832
3141895985
679150954
2619148438
1411347103
2284967131
1573564019
3902604330
865528978
3472160430
1248822081
553622672
496638483
1301902507
3611411989
449381311
4260772926
3068041060
1362817178
3500306826
2729930554
623240110
1970431993
2260953456
884923384
1690268225
4040298979
3108044477
515047888
308576289
1207468099
3977715858
2639739463
1668207405
656055739
319541449
2163682109
2480874262
2509963702
3763531484
685288029
771289668
1182578959
4048972068
2221874950
1405305542
2795703977
1980950708
1437232392
3253250313
2103203952
2018319455
2398172801
3075822460
232685285
2206426688
3161597277
1025509888
3089529558
893780839
1283490575
2702915443
3625701379
1829151889
578332184
1281937330
2617533974
3530928901
290597987
1413956175
358945335
4205144266
2141552298
1976714027
154684359
1684118862
3295003168
622243882
1053072553
3375695331
1502861163
345531850
1411146752
211790822
1241951004
3853921992
2805718300
3572913883
2381109123
3985488304
834895079
1962010854
2056459993
1349142897
2935265245
595893239
1701916174
2749359469
374740381
194251911
1576174032
3188325553
1044137847
385793624
2973362041
1144352317
2080725420
3961244673
1113739296
3157885504
494480131
1902461049
2392036467
2260590664
2814195251
1134373748
1351182698
483421868
2477001223
2878598160
3915127308
3919943931
3934393495
4205615747
3217950091
1581845964
2146146000
3942793480
1408705356
1641536565
1517228110
1065742623
2383641872
3982642305
91156048
836384912
496139755
3464632092
3668819018
909184700
776506510
531586550
3632328296
4134229642
698176674
806997035
1968189719
2457052966
967674132
2579019644
3351874544
580640258
1676292105
3807680845
2519601920
3870841187
3526192532
2829386976
4178356777
3586121772
2954797628
1518832667
1583793018
3418591669
3381659254
4226312742
2233624925
3147680106
1038014070
3066227620
1486945233
2654702867
1167020580
2003790452
1820857690
3283005082
913542229
1993470790
2733506251
746229548
3713468661
2076240917
3596098462
54819722
1829911590
2569226888
4169345989
701281061
3065132567
997343745
2317101772
2704360917
199284031
489720687
3478044966
693879518
2941051137
2764508910
1544979797
938295610
2815521051
1615065799
2627348057
3300212061
3374746607
3788674755
1354957191
2561038417
3606199617
138338965
1609997381
2228742237
47031100
3909092016
1219903373
4105640668
352261815
3266681801
936996655
911145328
1684483574
2843119595
1347756011
3688810426
1279395042
3184442038
2952579064
710256618
2415122027
3380132428
1342538458
2856467090
2474757199
393925649
1662336305
1681608569
1772068967
1726800289
1080943803
3831296166
1782061134
878347327
3072513043
1585494067
3897842624
1235928452
1607224357
3659959176
4199104600
2896083450
634514370
3509777617
735758087
3873022355
266910601
2291008127
956474030
940213284
1333038397
841201387
3061139127
1562895928
4031842101
2861965095
923094192
1704180188
3524587039
475584134
1608864317
1297424256
152818777
2061656802
1034225065
1671118788
2078973238
2168355517
