881007898
2312777812
1140672993
3463711469
736240595
2765718310
2211564477
3200568765
2574558640
987735718
1821356363
3214104707
218091386
2690045721
4285868752
125863324
2284391149
4081916220
2072542543
448652840
266206280
1137941625
1650324767
2456705685
711621419
2931612438
1537409318
4239757080
972651921
2351875930
3045470404
3468360582
2514871666
2786049416
3583966032
3338538423
2004620928
927681852
4085856135
1787266874
557078462
2266034129
2890806671
4170338794
1237738562
2389324975
3914367524
3668828601
2030130423
2266905925
1852635293
4240176576
2316612237
3082423733
3901325944
759756527
657276416
837882817
2618795555
2672721267
2917038761
2534573868
3137457330
759826330
2011013220
3159519969
2159717341
4204657749
4181105776
3698662565
1613366957
1209107312
288760476
3716140793
2188797803
1099012428
1285573835
2655299543
2701702541
2735792406
2300375631
1523996546
641242439
1758209881
3377408666
798094155
1093981975
3179155781
2433439769
1924668382
233757163
2610929101
1451321909
3864570198
1029723159
874111684
2750842268
3375038327
3109076751
2586170502
1916687272
3371697054
2734892432
3611182448
2452950108
2715534620
155015565
679473146
2648932557
3661531028
1974203486
4132466618
3211377828
2669863587
1890066441
3592965836
4170646391
419563290
779850242
1694640316
3521558800
3116245229
101302687
662416942
2743284335
576648826
1125739019
816237677
3407711260
3935135804
2216777976
3864803779
646205170
4175260791
1033820002
2221782740
1799332774
3065743863
2096467063
71088651
1190955186
501009757
1082759390
3136699793
1940736207
1701451000
582069786
1338752803
2268340182
3076419018
28689820
4100268339
1295851251
705582168
1091559214
2004042440
3111653162
1636662318
299890689
1667827684
2274545480
3597736515
1885268856
228728614
2683068601
3611352044
2855577628
3986913845
2427568579
3298990123
2560583837
1995817178
389590495
3249504498
4212362516
2174883427
3714427812
2117197629
1887190343
1395764050
3735291426
3881744840
2053012802
951062709
1102705666
4021031056
3235018533
4110365916
3333195152
2112851640
2462298055
3510717849
726704178
4262288690
145894550
899157140
1160873832
2918004086
2949345638
993511512
3868025749
1705920123
378284352
3577063417
4181394671
1073470616
972883561
266501767
3267204832
4096021081
3533836640
927404901
2653198111
171277557
3412078719
1131832517
3885178221
3315993372
873877581
2923955499
3176472968
1582905354
3539752940
3307105550
864553134
3863231418
458436130
894134489
1824732186
1768918066
4243925088
2537765623
59410247
2684876894
2615301130
3669824602
889395660
4214803362
1891903826
2155114426
3085371236
1344448840
2531334658
867372205
2701104019
2483108583
4087220736
842733174
1442434803
2511458560
758923506
4279573057
122112752
692759005
2531353433
921550704
4148933182
1878588097
1370333294
2899770130
4119966683
157495418
2130581052
1515898952
3079004470
3073228216
256657043
2180487904
860369729
378006641
584006618
730203058
3052667978
3512800355
883550055
3074379960
1841548776
3837405496
1102791562
1257825384
1248487605
4037447145
1989751495
3066873540
3257658914
3738022952
786869467
484286248
130710814
3929853027
3176592180
1223063685
3389295852
4003500040
1290783420
718416406
466076150
2888350136
1531737805
2561098819
3769238773
3181988660
2297361549
1974759998
3059820861
1510083892
2123052061
2938345534
1823615560
3233775832
3162670271
3896255688
2650432057
3019769030
1098453216
3234635807
2885520007
2504788909
393368689
2640142414
257772767
439118728
4177401973
3372356898
1570148802
3423294418
2919205666
2347500231
1585855194
2863569066
3655108345
2314093092
29563093
1306223326
74236115
3085828461
732701082
698859885
2732299295
578966036
1917559082
556966579
3437217780
228058040
2189151676
863293449
2038373610
762040568
302237055
1047395602
1845416459
2800099582
3692816784
2877332839
3946751185
1497381860
1203079928
4165379168
1033450755
2470113902
4098469902
3312244443
1387809746
2307865788
2918931878
151593902
1999703779
2825965752
235740981
3389050234
2319448418
3114478474
1231130234
4098622735
294066043
73958750
2896635985
1758345292
368135822
3259033626
2552305772
811088375
2422654987
1996521518
3452100321
60014079
2893821411
180903556
2854455033
1149648079
1186284349
2709186885
181218672
2350803562
650706330
2000488564
2822546907
2930576177
191017415
1368214392
296926824
3420727727
655624641
284787932
1761731179
3593789594
3815787321
795239419
2006465008
2965245227
3002296975
2072652411
672376332
778735896
2126742404
1054579329
657134384
3817854080
1668649345
2259507782
2604749044
1117011135
3495459854
274040058
3470251497
14533940
2180315685
408718332
2592043763
3921834228
4058329908
2619101091
1341069769
192967917
709319042
695963122
2930211067
4204329393
3727820047
1949802320
3898987829
2702853582
16505535
2330674411
217245074
4091082600
542220362
2900682952
1195440047
3523953099
129971638
1793819593
3663452611
605369146
1723237077
899629727
3052871734
3169285083
1887588927
2285386284
3856484106
3320214748
3355984914
2296441019
657057471
2155413142
1524921116
1010689342
3409371096
2467703242
2192704392
2464914518
999490295
2951260065
2039700956
2158189438
3418434067
915355663
3356448830
1882279276
2300713616
527640094
4165270765
3603161604
857661344
2920185771
3957198507
2403208449
2199084491
266052307
1409524680
1194205514
2561280453
1064256048
4231902893
1002743767
2247590173
1078174333
3743377069
290271196
3715671933
1010445706
2926450061
3726594651
3026103628
99282896
3741613200
3326307680
3643287357
1114685981
884766494
2306440613
682543308
656767918
1355817340
1360123065
1813583151
3598877493
3248522618
3379379684
473449090
2146009200
1683190825
1222237743
3103286804
2393956931
1383819583
1869437855
3984885636
1045081268
1219079331
2890999623
3711851389
1026456645
3081884110
1496551456
256157932
4096252178
2709743607
2737256250
3886943597
1641740269
927959462
1137189312
1598943902
1372611650
2198519372
826893715
1060510259
4188555081
2576229748
2576823426
3338616913
3820554436
3042415033
2993001275
1891310673
1562336274
968973584
3062878377
4013750929
1780904549
3826943066
2791816257
2717904080
2647866308
1333512721
1424476532
308069729
2595547119
1601863427
2689351313
1905102828
2617611451
1010462279
2683252629
4041622967
4135256584
3936427086
4198548404
1216721064
2643496277
682305225
1804056438
1019753094
3605276183
1678661210
2573835470
2428363658
4186940561
3879805781
1955547884
13833063
3871586417
375295281
192519876
1186192
4275650510
699282519
3382705428
4090398953
131526844
2259986439
672532577
1240599769
3803694717
415846699
58675967
4141221255
724069223
2492351132
1483191999
2568801768
1004368048
417376068
2487231362
4221830034
1386561433
4200353605
3554701176
3659032934
3911156898
1426259158
2689827923
3636337143
2408748121
4160759827
2406468871
1312786578
2062562636
3253978105
2413266131
3114569106
1251492975
330060599
338249913
1876446114
1363909986
1067693272
1442613888
373151607
3892224505
2516464802
3190418050
3951934982
1105618126
1895962055
1263461025
1525845424
2474216710
3646888756
10495582
2932271690
3828257584
495734665
470897044
2274309736
519638052
2799233952
1869585703
2718582520
3668300684
852828218
1360353243
2739200754
1928659140
2939840424
311846505
4083411427
1465161605
1536228699
636286188
3304889956
1529740110
3449446193
109015234
2036524549
761578161
2395127525
2330439969
327280920
455772007
1521249669
506139363
3574372407
3688754288
3345324354
3477092370
2137094355
3784541124
2830756516
3719695838
3002949444
3878277407
3288042533
1678737924
1515693724
660040833
89443635
2360925184
1748239220
2622290349
1701953503
931964883
726481688
1230133561
3225318740
2898486140
2671500117
4135112464
433828126
3039492661
4257609803
1362095926
3401153892
1215609261
106358224
103402567
2673900873
207915290
2300628477
1498134339
4130695848
3028770589
2239890580
3004419411
3042224112
551370925
2690509639
4174705875
2679880970
3094743518
291926291
1060505759
2310968717
346476412
2190837506
2546245641
998769233
3578201703
2786737635
2174252608
2849758025
3646706899
590160555
3525450146
61064148
2217544031
2986239127
2127239897
2218541848
1103712523
1285824027
3113806216
2285029469
62799303
4271626167
1778952676
3504988984
2432070945
3630031957
1071917108
2356680105
2426483494
3843388881
2749436049
3406542715
2260145675
2798668268
1297748303
3225532536
520118512
1518485422
827800219
2813727239
4208698629
3422437723
2005265758
3890373737
2435272092
3939001718
1889297989
1526986657
3403040929
3703533533
1266011466
3995645003
3331257173
3925769630
207840635
3283036445
1396786435
2318465726
2943587235
2678118237
3564470042
3228930914
1335355518
3676308363
47505514
3296156776
3993550981
4117506705
2777541579
2539598687
3340046113
1458124862
1991448993
1111977949
893641079
447636747
105850966
560400751
3863012959
3306653711
3317319071
2250865909
3242283887
1206852165
3147143700
1868230924
1575415650
2717390433
3228777001
403848378
235920062
4276549643
1906801360
4004428203
465955049
1965528308
2358130395
3807417976
570080305
699312523
3183798841
2350949889
2376134860
2646436100
2667404866
830068131
2789221156
4080247445
2886213530
1427749172
3837219676
1455456362
2254555467
1266346754
279207126
455564740
4207034280
316068842
2614195068
545381394
2946111512
562484437
2395770942
3253297265
563200351
1511604932
818285129
1987872336
1548171176
370502579
3460955167
903620662
2879634806
2645936198
3452389073
3912649516
1505263927
1871386747
4207794411
808983505
4008284503
1125975557
3957499473
957432505
1152388643
2569693405
3366113559
15150392
1683868162
32048895
2625597838
2994560528
4627155
3956196796
2051464943
1435311014
1722620245
573076207
2312388197
4065290207
2781953721
3789954512
1563030303
2520277333
1711415433
692810672
1954866517
76651675
2425786155
2835919238
1740513390
2896107236
2496270582
1550531834
2738460029
1923213025
2759842629
2878895297
3643600400
2716336756
1868517681
2191256460
2728786071
2101154655
2747222858
636189109
2473185505
865397721
1170854354
2028924251
3320403846
1895975645
2134496312
326860717
1561872649
1296708969
2629445012
45236498
3717056103
2532462559
445169780
1102642445
3257591484
2765143689
547751968
504006161
2929428391
2456885603
3901994596
4233287637
4055630659
2267894748
3731884079
1262875042
262172472
29450846
904581836
2603007797
2128962974
3927987177
3145745017
1389881423
790092260
1317132463
1237169425
1171204900
1428898824
695321959
3929245649
4064740132
825544952
1291232788
3501527658
4132996849
29208961
426598262
661300625
1716945597
1539105443
3481027572
1839891447
1914997792
2669479153
3704880295
115505104
2709113596
3967879747
2856369994
3445211629
379825610
3342948720
3327945523
134140933
3034532058
2757238366
738345023
229576996
478320443
713372648
2312939232
3668203409
398484721
3592960992
1282305626
1366605049
