745759320
774414918
647404284
2680042560
3026676000
3606076727
3219285718
786749661
379485840
3546695679
3638591549
2408705183
1000252059
1884403432
3587589110
2541285329
1152810622
3284727428
1892589871
2554045057
1807984553
2325260320
2850138189
3667719809
2674107716
1734528500
437758056
4251907587
3293935773
100797961
917532166
1892424409
1689749622
3784125451
2047650301
1158970768
4294324993
2629937053
480355270
3682275734
433231235
2115646459
1794775866
4268772714
2111825877
1363432815
1061495606
1460738984
1472343210
1689257002
1427596265
4006559346
3109639226
278830145
4225261763
558200407
3017965687
4030204922
1055091073
3374688910
4158439869
1034431702
1993704020
1320607815
945419238
3456156751
3490627138
4152844686
2618558406
995235052
1435154613
1030062111
2092045141
3791601634
1060726492
1276442803
430959764
3397552482
290577898
3266075616
3800790342
3927456076
450674099
3373405902
2575873980
2052329855
3476751900
1699299805
120402886
878422998
719683805
3252038050
3637407356
2781451339
3867541763
1906788590
3199676869
256452054
2400482068
4268472367
2569192122
3225685140
1110260749
592784564
3272521463
2690118320
1117917889
2472440004
3426712900
1203896796
373829148
703336404
1190546943
4292183444
352318979
91155524
903470671
1672685444
2101336962
1145912402
3983145214
1513552699
3376740365
340491019
3830783914
2545323692
210086468
2705385722
2511691472
1452294767
3228555503
3202696540
2974484693
181061620
4209765850
2757140464
4285813119
4244848705
3061196615
987133089
952186131
1942569857
2981744441
583593061
1853242050
1316183810
38456649
3167738168
3024310202
519799816
1691630042
1768373753
1442110588
1117198915
949077283
2698692664
1154123556
2231958231
4029877158
2407492947
4146024129
4250908585
1060831782
2266325451
1924501945
1214126931
4028798964
227704359
1768474903
284116581
3996486761
2141693488
2094752981
3655673831
4168574272
3033770611
498538219
2881282184
3820232288
951186885
1548015360
3939770494
2949071531
68386823
1445769531
432008276
1120277810
807642669
1928064449
2216494535
1092420959
58309604
1375037003
3728119748
3144285673
3041410397
67696000
314735837
2833621285
2415518540
4274754978
3931949253
2931155615
3717902290
868037255
203228428
502164451
3055962884
2612042784
3476242081
4022476184
2938556316
3227535783
1481674511
4022277053
2665818044
2089548814
1741818173
3320869062
2536780118
2356548723
3309587788
959602588
1914098565
4169080733
4001795257
1440970546
2093136848
3434414129
921845382
1291745018
1224296142
2353535515
646515833
3136980037
1365935585
3444246612
353710774
367921448
1707078089
145888643
3893445855
2006903192
3600569644
18973080
808670457
3508998277
2642554129
2548753279
2876354990
1747350048
1313071884
1643098162
3319797324
3141442401
2293601000
259382805
2615586493
1707730404
3900759991
326921978
1496287860
653327358
3772248278
3081395002
2276105836
72679305
2956900929
615275787
1541928278
3788929022
681965286
2317124733
3075783085
975363071
4011565231
3171075536
2746542229
528843467
475003714
231243008
4272287035
889389579
1061848997
3855026925
726604932
3365536322
1161159919
271481057
1796926720
4012658679
344888300
114533545
3359407603
2053104687
604632674
2544860797
1035388931
1344782787
1839203286
1178826044
2178162633
3928797618
2931832285
886397752
2063972208
108780296
3406783712
875083097
1168220279
1016690322
441665750
4246765052
1371807048
2569386314
2346731779
2083924221
1136386837
3691941679
1967971839
3589926932
423560050
512085887
2767182696
698200850
3077964143
1528173585
1301273976
4228888706
3509002164
3174504328
3466563908
3229634320
3890525572
4280255129
3693729116
2555475267
206159619
3107903758
1830050459
1784354151
1614728873
2768697666
2340444083
250407732
2307072262
191515606
548333902
2368359796
677943123
2902790581
715425041
72446144
3416840654
4018862105
1863115801
4115182761
3923816797
1636854202
606249522
42370854
1925594831
1647724840
4188851524
1081813603
3301286477
4108643902
3773018188
1413076721
3388986222
2587566914
353116432
2728250785
1064941906
2951538081
3701689005
1848743703
2870363431
2095507167
1291085035
3608432042
3972521443
3249387157
2428784148
1425037039
2504661535
2950631333
2768971643
2985900919
1872140555
748892611
93072817
3343708394
1953857549
4119901673
118685701
1399991251
3253218640
192788245
2803287417
2300353064
1410392998
1218229348
1064709171
318143621
992158261
790237737
91998943
2143728781
3472738084
2525488313
257207299
3442903351
617270339
2811284032
315798563
3729840346
313636896
2237643187
2723275736
2048085412
1641798488
3385362183
1613061731
3096622265
3692110071
820039789
3334883927
2407751435
3952635405
1039312078
772870069
2615844677
3847243754
566409256
1557802342
955711424
61662038
2141147916
1568982140
4271952844
1953224981
1924760769
1108450126
3964855115
1412866812
432276611
3876659538
497415333
559923870
3872781583
1882424135
3978786645
1435481776
2698751445
3447105215
3439081320
2341912180
2948408470
931080248
3772417875
784795947
2178053495
3708376370
3884516746
2265346030
1605970096
475994998
3770300509
2565653497
2625172365
3168538677
2265695063
2361708096
3747807288
3981075365
3853253856
3514014846
2442896568
72400984
19293235
1139498318
3849989800
1348090210
1414791005
1739783880
4171207632
3053584732
1155251943
514327525
1699432133
373700558
2193669318
652973917
2996098467
3372129372
1310683207
1194648894
2779416200
1765223489
20186970
747739376
2156652662
1382292114
1058745792
686512660
1898156704
25206959
779777003
1052539984
3236434528
3521611150
4218109649
4167472088
1782667887
1725866847
1659133295
394910874
3176258079
1885603732
1377961512
2765094205
1171093684
461498121
520049905
825867354
2537359196
3882375617
781676497
736027568
862528926
2336495140
1032327337
3131804752
4031079871
1258098132
2612623253
2716460246
4112770187
2718719589
3283152796
1029173507
2931476833
3708941388
4179387719
1528993692
3546503788
2603811803
1785370133
2445241349
1415257620
651682643
3661837100
1576391737
1669431967
2568623955
619552276
1121961282
2167644924
248164727
1788892208
289626569
694219902
2039350621
1842410499
2843972198
702162396
4081453635
598786383
684073444
2718666363
293919756
3132813003
2076798748
2913262599
3328469511
4033497941
797596817
3109512817
3731818489
2512949807
4000924476
309964404
1111738142
2190579010
3013143262
1939283396
2407167830
1202469688
1559992453
4216778936
2117853610
3233675032
2520245272
2606032436
643546881
3017663196
3501189749
2805102726
3468568835
2957468456
3286461323
2426328252
2696436666
2883153372
3184306974
260074652
2456179429
490265555
3183840379
2590952269
1896509525
2101412757
2967518180
1438911454
2047821390
3464836809
2482073043
983556015
1191239601
1845418519
2318787983
561987121
3202602869
157794139
3208988564
132193883
2005637299
966428580
2331636231
191450789
2779913533
3781504494
423113039
3955393640
479758920
638009556
2045410576
4140790198
1860649355
2373464708
3187955723
726669556
3577157055
3473911808
3734059047
2608434243
2699309749
652432234
2562082735
3256255379
3860875065
2565329848
3835949444
3010950404
3507295775
1281986793
136510499
2371119953
1374164330
3197295306
3800412535
4085641508
1489924035
756120663
3037437735
2239722848
2424026548
891398885
583351631
455012235
2804356463
1192826003
3018394309
1156171456
4118020714
1264653586
3851524094
2099942507
3060383897
1490650131
440296702
108913059
3738873504
1698016885
363730792
2868423118
164126507
2732793023
3850774560
3570752723
833748893
3644808259
1966841334
681523466
3881856653
2207148515
2599056934
2785413476
3034865146
3739244276
1972007242
3182667687
1041487711
4211195006
3669187745
4255917807
1811965118
3898991102
3768745203
1103162323
266869952
1085292937
1988518473
450405803
1863547947
2840384288
501787506
859437447
2077761940
3266755762
816782081
3314616070
3647246914
3229130363
2285235847
1102976411
2028691900
123274702
3107394344
3893992994
1335001790
3040112847
3893699626
801117720
3657716113
841019928
571191334
1768780560
499726232
2228798883
422039174
3442798970
1919553597
1015348859
3443486767
2340409112
1672625050
4149656259
2274583445
2100374782
3044972249
257511329
3798381969
1673872657
2273512084
68147475
1763645527
3381138882
1355664486
610443832
2162773195
1560542300
2891107639
2861946014
2246947039
2898062975
1058467771
380370200
1209513792
1659806399
1923101613
1411054797
119716543
2678187885
1546566729
466075843
1069854532
3724267541
1862872669
230555086
3692862680
3530794186
2005095866
3639991796
2116844958
2983195542
2040756880
2464808515
3472680308
2248911868
350199558
1253872776
1644533851
3038068984
1484577673
1979139125
1970252517
2539595781
2553202726
3824106188
2799584260
969129612
3272050968
4101865092
2486824378
2081831948
1082676158
2142695119
3323359649
1018162490
2767605604
2400450332
3795472222
3788858963
295724714
3294076190
1980300622
985454811
1810067056
1531321666
1986336867
502163069
1208058098
940786236
388737115
1411814478
2328098509
2671283184
398629916
2314473358
4057977092
4189411163
3896017046
2936322232
2985682972
2329637154
2981795747
1860279159
2134681638
152885606
2017176775
1987724169
1402267542
2330744786
4010155135
1733565514
3308938551
4211306472
3219077173
40809051
2642113601
2374541514
1347544052
320166855
3065988519
1937955769
955401039
450668538
1545469859
3566329932
1855638525
1484449100
75611124
988535614
1690731005
162264896
449730408
1875764654
925519411
3287895478
694541147
103605814
511742160
1060725182
1344754643
310907041
922946280
3960053327
2252484880
3004475438
1200204926
267420140
2808464517
3575137895
1545928959
931113929
2220356853
7990515
2531116951
3441449101
2886965472
657941965
910230036
371626486
2756463853
1921667944
3519943349
3262236245
1569801499
851273866
356063425
314135643
3661869991
482108805
992248360
3661934081
2785146711
3448851623
3145775269
2978636013
2487382230
3034548299
1434008811
2024455359
3180323865
635756118
1597158169
187302292
2002758797
1687001273
1360779581
610332863
2644780523
3318846504
1590773765
458642030
1932357241
200235382
46450746
1994201314
1891456079
587808708
1328650717
4211645860
126900296
2247419089
2313422029
3495292369
2979901197
2808069466
886299813
1479294258
3386158310
820663224
1833468511
1541207929
2261616209
1252183001
1121250884
415366879
800230175
3755140454
2923494941
2749841300
853560830
1113385898
4093393900
425394798
866311763
3837895154
3928419601
4242790424
631574415
1248874128
2457845161
4206008769
3897713902
3176162138
2380806013
719572532
2824249155
1405174651
2338846430
2569530187
1533271796
3381986822
638981951
2842446623
2498396610
331983131
706286726
2105838982
1421343904
536484766
920285207
3723469075
3557961936
2964515654
2472508468
3870034778
637028781
823420660
3320367636
548111829
2941452937
3147363652
1587064385
3009492739
3954055335
