3000233073
3496343470
164927794
1755808638
2344624333
3886679116
2583364816
4091343674
2928494331
2788498448
726180463
1308304971
1824712476
763434724
2445576230
2081322511
3806339694
3345420550
1932529544
1676053881
3481411020
3373190046
2555566051
1092960263
3152906909
2742655882
3397427978
1172144197
594347398
749690645
2986351253
2026281750
2486536944
4109962255
3668126459
3195444708
1743873666
2106007294
1445542129
1199744815
447880438
1312733683
2286555735
3425593034
407224520
4147921133
1923346749
118209688
161441263
2797112673
558643180
2187001741
127801858
1308945221
337945455
1840319782
1664323043
1462357127
1525425576
2356893577
3263943334
2249028942
53229530
1480125026
913579508
3555546347
3345399089
47895308
2971289526
2471649325
3372570913
3477918344
94918887
2007633132
2871821820
959265861
441090193
2910792211
2567910811
4117602356
972567446
4043830612
3400031299
1800949344
6013737
3100503815
1555007747
2210443363
4103130926
1887372022
1528700635
1670159125
374209730
2590675530
2767641423
944981151
4208510301
3576265608
1026352068
1186431400
3296398257
1658792993
38386430
2295872949
2615944576
2070871168
326490567
574373513
2103299685
1449864350
1966231527
4234732969
3500842693
189908792
1681839511
4289492723
1472209759
2029219359
2048346567
1474554875
2589035597
3688457803
4249983340
1650557002
4055680256
790820874
4294853479
228335398
1862626982
1628136933
4216729933
1111513517
1971826641
1906969988
3194536627
1539858768
881772949
1402901291
3727494991
3911295432
3191391373
1028078400
4133705409
1656664543
2233590745
1492963421
1998265748
430263240
2100824189
2984060439
3535770462
1847018485
1470415725
1544874461
3530683078
1229457332
3976728100
313295190
1463178695
2699895016
2526753748
864582199
4118425540
394215902
3113275931
2630773454
2050411482
142447540
3567689434
3171754522
326161361
2792353252
956862238
2418258076
2240666999
382571179
2980639814
263913633
77479048
1753104813
3893478198
1853834512
1660938662
1449615337
2661406652
1849357453
2856402043
566964665
1531646006
3477063034
776633271
1481083699
3767178897
2029096593
4197903593
3029235766
338929733
3651297945
3988622180
3011412709
2904445439
1966021860
3013333915
1508793770
182157846
2497062359
4186967854
2735660084
2775138503
2340975305
2138592255
3833758687
3717269777
3060392521
236776482
3220830016
2815204176
48707633
736107729
4155149775
3690584484
1315579000
702409514
909538606
1583380069
2474752880
1319748828
1803180809
3052301887
92964748
2623502198
843955160
1742574296
4194858749
165937758
2096009946
3913204527
338883780
3064787116
1226754090
445055452
3217535676
3466275784
2298593773
2918648384
779829904
1933888106
3023554091
3624620325
2403769291
1986006188
754642830
4095650429
268889998
1661647079
1212577110
1330837933
3243142544
882458322
1270452482
2561102946
2599326779
4261880800
2683871780
2783177681
3813543677
2462083649
3524328889
1613409995
2916909790
4005449474
3729807495
873907307
2901223497
317770708
1289335727
4271828988
2992204706
3398049448
2030534099
994717869
3190661201
3727721455
3173180840
3066859549
864041079
3269186367
2045125213
2673122821
150753895
1856700382
2855942838
3669991707
220406088
4033261252
637242887
346723073
3665225410
2610882868
4105617904
2100764302
1278861644
1382161355
2832421457
3822529297
2705650195
3116431481
3347349639
3899116228
860376440
1559879126
718257009
541516733
1928111180
1392628950
814991565
3157909624
3610426822
2367968559
2380051849
608614435
988717091
565452303
3177883992
779338465
318459483
77524848
1835684964
302186036
1578442988
2718563753
3764840538
978236676
2084815749
2229164592
1709554846
1957925395
541632175
3164517168
1256934811
3690241620
1640214303
1948429141
478228738
1687131060
3489804846
3300219901
371892526
2904636502
3864853372
3615362958
3220970486
113270827
421656299
3881074537
2627975863
3316357438
2398304988
3981161022
1479930421
3877757257
2713573452
1549155934
1400584046
2828915263
58561623
345041466
1002567689
1682909020
789804298
3124926612
1758538642
658549127
2125494846
792985976
2072638697
2032337918
2489259134
313221276
3422059592
128989382
456195323
1625658582
177833359
571098845
2649126532
3743246907
959814633
111538103
3299716317
513445590
256983403
811063466
2858524176
605173341
2596930889
1859440801
3175382351
865217966
2079862137
2762108238
888291072
1987073321
2144708688
2667075820
1631613640
173437671
3675948386
4201032973
2212829080
3635457324
4259495439
448437138
3744445879
3854007746
784320966
3292116575
324182160
2170623862
2387060166
792677703
2478236105
856283609
3819452788
2521849369
3771820121
164268563
250662903
4155594899
3954262729
3741248688
424987745
1644751526
2917812491
2822836300
1960587191
3391060175
992553080
1569767751
2429847925
3269330432
3652394985
4180672141
545113757
2299879880
1060351914
1646184419
1639738991
1433209742
1835068671
2178121656
1687089033
2226381909
1890765917
3231695312
3268728224
2554373622
560111728
3025007972
4173774216
3832549458
2371712278
1473263685
1213316144
258747221
774383730
3594581818
3359568385
1785005600
3551624430
1857076586
2035563383
2065846243
281428542
2746981009
851848574
3013530568
1770404038
4076737915
3100698474
31252548
382551973
1133971678
171277311
3942668368
2909285268
864494835
2258441459
2082928778
3293488718
348361470
554453071
1767605055
477621962
433250933
2867905877
4064023561
2029755754
377894730
2372439677
1942001475
1745320954
3720900535
3878473473
3804543767
3176593314
3368972688
3627618174
1255468050
2657523509
3361136931
1013642647
2967673778
2278268700
3608297182
1177108432
4083169383
1695395288
2246181695
1444335705
563879825
385846118
1469690133
3001967552
2232616546
2695163631
509171382
395437346
300169717
2859695807
1005283388
936243079
4206529191
1882628168
1376968973
3862219565
754786569
2006115964
2446760334
1702799034
2278690727
2350476665
504628482
4208340
4183513983
826204739
4060603100
1633047328
3067637056
3068874709
3247253614
4215442037
1262947226
3404125039
3671985592
3435963877
2088110430
4155838532
3180285097
2753713658
1278341238
4199370266
1619930494
2405446688
3111503570
3246190341
2132907022
1520458568
1970677624
1056655042
1000785820
2535173340
1804807855
4276040942
293549598
3941757114
50223935
2508787886
3899669927
1533353527
2910148735
1520234569
1857969511
1886104228
3695165653
237622233
3916756415
20110545
1542943710
2093935989
2088280352
3878587536
1663582099
1083748547
3764949277
1662939367
1018131446
3776592338
1520820906
1813506322
2000115666
2534069853
3841521936
3637189917
2640570727
3819395112
2147398270
1030770145
2693776471
190029659
3627535509
2970039737
3992659121
261986140
3826273856
1122947905
248046110
1416778156
3999935418
1760499462
3138814099
367944307
3411444586
3025986249
2168816493
167059420
4289811998
4061394305
1242590294
3338379588
2333885828
2693319771
5512776
4030784759
3578896535
1296064436
3586114067
3410386561
1622395973
569693547
3283940450
799295935
4247897245
259768870
456429335
2731512720
2315448751
1550197341
2771517262
3936006354
1008475805
2195385561
1542326202
4248750898
1060032224
643877170
2854387129
2078490412
3727609783
707513347
2354297656
3489381763
2057289250
3400474772
3229835312
4207903584
498797478
3456747296
463001018
3745904007
1341139970
1100065254
382989070
1232339375
2503737040
2474689122
1402620479
4020339736
2611874748
797684559
2841993232
3285197963
1502224820
3750879350
88314372
787032327
342530420
1958943749
55476415
4046943525
2801819404
2912849003
3444093434
4280523978
96769801
1383081139
1408180814
2612738620
416785144
1417960301
862824945
924723148
2294255136
24173740
3303649367
119393407
661022365
4074881991
2800024665
1070541463
1622624100
2218388138
582545940
2449886669
3927369499
4161586496
3173191051
2132986383
2137987953
3619409585
1618236211
3452274811
1670944080
1110016722
404293630
3619262688
4222256390
317977936
2380330659
3655105347
1225568945
3837538336
1331279078
2496041858
1409621078
3492886585
2546990375
2265475795
1454654936
1590374822
106890906
3031943979
4116594579
1605013317
3635196574
668972362
500962429
1499312576
3399216371
3734929950
1947636209
3451485074
1986015003
3892048512
181135037
949776626
2771973207
2489648152
3817569231
713392854
3914553407
3438523771
1473198196
3335737221
1702652059
3254256515
3254276501
1203175217
4104325366
999834142
3847278786
3292167904
2990310402
3062575713
2319264659
3898804234
3444054798
3320507104
338526282
447463941
1376698237
2406763158
980557736
1117869987
4041302055
1330789978
4216647447
3244554386
1475909052
3838058318
1274977725
4270422386
2051789999
3660172504
1165053071
976759153
1651222865
3468041883
1002207362
3309818875
2918979184
1386825105
329506406
3906669321
322864397
2393774023
3708139153
2063833139
2002321400
2096224198
2452488559
4194520680
2867547422
1456932035
3047222802
252292888
75643570
2186133578
1264975731
1168206867
356392349
2978716909
2760716873
3471529625
590460675
2489256709
2679986028
2568602713
3065853461
4078034113
1012731501
3917371361
3419068642
3896628774
3150292658
3503270499
3882670434
3218794194
2324856968
962828361
491987487
2044383372
1739874283
3565281599
2005976651
1891400346
2642773882
272836234
3028895532
324748246
2017039994
1808635597
1733304342
3487884857
2351219265
3623867111
1431239921
1029220172
2867392982
41214142
2276952435
25013491
3308463267
1336501554
56405452
3686210704
1027870892
3334022762
3107091616
2958512807
2461687778
20983656
4011471456
2903119513
788865271
11891663
4230289998
1663642055
923351683
3337419303
380536755
50577597
206309068
2761951573
3928059527
3108412407
2576099564
2633547461
2806365285
501387869
1910907092
4118974973
3408471388
3021004107
2228871472
1171565096
4214203212
3095719643
270682846
2409614623
2144330480
610271059
1446390931
3136284101
1247797343
2388032493
3975020331
3994753412
2759855900
3521506258
3355537499
813625429
1490586622
1999362012
372483878
408336207
628730078
3774276715
1019584034
2155900252
1529865861
3941111900
622955491
961168530
2286827980
2541517948
1338824584
735827959
949080705
1156530276
3660507953
3563688971
1213413765
313260510
3973678490
3144205260
2890316987
1449688207
913645886
785522076
2541642810
875066126
129204481
3516231772
4075470031
2005378184
4122284408
744274405
1809689538
4134582831
3540428833
2577359639
1458881797
2354217745
2950826084
3185237643
2402190941
4060018309
2164871766
3231743869
3760303957
510854917
4238394594
1045298217
2906517144
781549387
3301229936
629912954
3315669758
683159724
2566007512
81204766
3535377627
2370523214
1102785460
940925124
2533768168
2384247504
4108808786
1223294220
2600788333
2089655143
3238574086
550633801
1918401647
3915562869
3256205757
2928131671
3555637891
2570407578
2183439397
3460789847
684009792
673780474
587055881
741913428
19484493
1213621058
2024606537
2819273843
