1484522315
2270673827
379979819
2781380182
1657444600
1590978387
598552611
1295256819
934753376
82246295
1867625291
1563282921
3814202471
3951642314
4211658152
17556153
97377280
3206527939
3466917052
1871010695
2772530912
1106495292
1532790474
2751368100
3386420707
942745210
3831948057
934072092
2406578482
4114394246
445422788
325775213
2426046262
3781240446
777299330
2139193309
3813897348
414795847
135765541
1568615983
3684154566
4009863931
1018196122
3848549475
2215768996
2927045783
3083162578
3643490948
3813032621
4199411894
4182159708
2884111062
429169391
2617320246
2184428957
3448453956
1729803831
2946670374
237237648
3235818422
242280488
684784855
1430930552
3047904029
2668235840
3234748122
4173889002
1413515031
3316234306
473293198
2421294415
3416495939
3352273138
1600967330
3119863151
4039129587
2955745067
3007320173
3832576340
3622766547
313319368
636973986
3968912050
3208173480
1790842814
1099069564
3128084403
3220664701
2028215228
3077416954
2468120668
1296952411
834836175
1314728069
3564683848
2319828703
4019315658
998860741
2400885806
3152954420
4105506397
1535817391
2597489743
3224591695
757297757
3673840943
617593407
1462844575
3217263887
3146802304
3818056614
759234764
1891502484
931111247
1812176247
277132674
3233792656
1166590475
349678499
508654196
799205452
4004487659
364494771
186316333
3184263541
2465449559
3955853184
3319973662
1423695715
4139838482
3107291746
3878220912
1377363176
1502167282
3254835141
1900658947
509540938
2168793643
4157912337
1788033446
2762662316
3603731775
3171629875
1960853764
2941375092
2340446355
2244990501
819375699
1340887782
2546666840
346319914
1231684132
252387246
1289640893
1713871700
3536878853
2149111917
1513059025
2981739396
927495416
1409857505
1611756724
3195121474
3986717741
2003243165
1058184540
3885201433
4015709573
112468005
2561345563
1207667192
1983510182
3361443024
211252019
1974421639
1300620366
4261346519
2386596743
78919280
1062590241
1917852089
3766753358
2975023710
3752380735
1825541758
3213941014
2331236480
1886465871
2050308065
1747934743
761343781
418260900
2133258788
2336954612
1552756660
848119102
472743865
828063067
2090116277
2815798718
3590729131
3706983417
4098975127
3180499867
3392578446
3884857856
96910857
2066786052
1954819900
2078369982
3125712840
1438500629
4139895282
1245452894
3490725675
1677145755
1044828963
837356942
2111365598
786507155
2202201897
3970954012
4180013909
3065105456
1858179320
3358164151
3997152717
347289868
920850614
158640353
3298620412
3724516959
3130396469
2138161137
804946956
1130526487
2608636356
4222801635
2099273105
3492288231
3501337869
3732058812
811799159
3594340851
1249777280
3130516651
1475842647
1113768005
3361873544
1235730139
3144163565
1160865962
524945544
1819345893
3761965890
1177268991
1159762102
1580984438
3552010223
1722847865
3891624018
3404217149
3293887154
3277133587
918983082
662102635
535482569
1633676978
3540214666
142473892
2340175605
1336053403
1205888787
1279989431
2245897187
2524573741
889725336
1917148318
1089181896
2335498219
1177784769
3564357140
358335665
2100796811
74368226
1429687467
1468709291
3734904586
3305105659
677788430
3445316489
3720214214
4074974139
1718745562
1123916653
3843072724
2904825082
723558983
4022315377
1015819273
2463427877
3858448636
3162779126
96857517
1762665688
1649329749
908604722
401582941
1623303985
3177871208
3033461464
1846631752
259329492
1252826990
680361377
4112343670
3855718291
2053779232
1323842344
523995883
1749003311
203987152
1357141268
2571164189
1460160300
1214922116
2480742602
3671651981
3172933721
96231835
2422315903
2491752420
2507284849
4032515290
1158721718
1515496339
4083216864
1468275698
797763827
200981901
3059436821
2414809454
1395275216
3258429441
1590440781
2080370680
781963607
1646089748
913837068
3442844078
2129609058
2400320836
3342619997
2405975652
265999344
1321553436
1778677974
1364955841
1053762079
546805175
1104679775
1224413815
309589147
4081613566
735950199
2151930511
89019725
157434632
3799208861
2542897575
3347819491
3263677855
2658500691
2577577664
2759741966
1224849424
2513989117
3138486964
186932051
1698900341
1408217035
3429985596
2446099407
3344457845
1394768879
3919599748
3462328423
1743492818
970474073
2424739331
3761822969
599343975
2761500768
1081681233
1071114160
616822622
3516654286
2130567654
1282501496
4144072005
4111082096
568747197
2077430132
800767261
1599875517
924175882
3988178443
2444169291
3188394225
3328644133
1188775185
1570220742
1842052310
662459322
338053661
2224100966
1803188513
2354134944
1053727441
2096005004
1724287505
4007571991
442715930
1809484105
2434537363
2428429582
950187934
2838903964
3628677869
3967138208
1787863986
557952482
1893165901
813437949
1866958311
547918862
2327566275
1749188697
1258131959
667186610
451605534
2006661743
1879469737
3020504686
1834164562
204328120
670313456
3092965891
3570103185
902980846
744460945
4260910971
2029488887
3534622184
4018315631
2919727860
3655281486
2415636202
1171859906
2455508486
2385017981
2700476530
2522521266
942333933
3647283511
2403722480
1376097121
3848980997
2341238324
2887889295
1089009470
240225917
2621760279
2052798799
795966798
2949079775
2244702739
2778970391
1528610913
4048598109
1335355965
1258146795
3295822770
2307934120
2495317251
1933615641
1926925209
3103302717
3667048415
779708456
2790201924
4021137858
1968854410
1191478634
2442579837
2608430504
2959915081
328464924
463400886
327796897
2389843080
3433018930
2169887513
4115239468
3075710542
753432187
1897775841
3730494331
1828823891
1189180971
2614054947
556165434
2496010972
2845676063
2708838426
2950296332
1933952526
605374632
257404603
2815782101
567889571
4205771061
128364418
3970407962
3352441205
141306797
2543010886
3040867351
3630817425
1727201734
1526682062
3552052897
3939022451
4025317121
1471949717
1654079426
2615844968
2590073317
729941894
1221062491
594712762
3730209103
209123627
1344691764
1948544790
1629295348
476394090
3334068826
4134829122
3554950306
2381914307
2974330417
2584971162
1844575171
3463496734
3718630776
651947874
1523368274
1160223192
2235456968
2818343521
2460827163
769184299
3929295252
2181091915
2546642668
1110947609
574802588
256193693
2872267752
3147335617
2542260301
4085986193
1420414107
2674856565
1413575605
2209352907
3021023665
3913826586
714109440
3051183037
193821869
862732440
3504533237
1024848008
710051223
3334246909
946240964
1784772225
2810224153
2966459447
2540181387
3139611296
547664049
2570098133
2080632579
4224801728
4225086962
4172600880
1509199990
1407029579
11641099
3117981719
3084663954
294240723
4128684897
1730742756
1575042647
3564937322
4053871555
561805474
4089242364
1143395801
729080987
2070414694
1355773
1708847466
986159164
1050684058
3349901105
1849987929
458589027
4192402690
2482224689
1540054525
2351760029
4026978775
4037045501
2572700859
752659118
2138920507
2006910345
2723209063
1030423320
666873545
3701238607
1071965778
3279386879
1761337913
1241974129
3650564765
1718870688
2589405924
2982215596
3460206250
3059436878
3158359196
2536856770
2708306790
1383554116
2753480589
187691976
475700344
1794009855
2826015603
3646540935
2041520533
109814059
2760715829
265552012
2984880574
856584989
3210013471
2697375780
8769980
374731204
979685533
2239652189
3239210197
1468851627
1243755802
4219401032
1604318961
615597542
3153039038
1902464644
1082111494
3467481464
945697758
2186988177
1662059190
1611743461
862117371
2632368446
3598930731
2795499542
4230289079
801057435
3319345590
4189731890
105600065
3856170969
1734526915
3958071125
3811054431
2702886227
1098906670
555581967
4215757118
1522347639
1222304768
1922969591
401575107
2519876570
3011449981
3707323032
1454645879
155718533
538299567
679433772
2515282748
956139744
344009978
69294206
2131670041
460847329
1528348158
4021751538
3551210903
3785713843
1982219149
562351945
1570567933
3045270907
1376986629
2635219435
469674704
1647162243
3653584936
3723914388
1771554953
1374281041
3246095623
2985179586
3946692822
593487219
3922266694
835142322
2102156521
3456560277
3471402356
399950589
3957051895
3462850167
2701993852
1073957988
2279802415
3274528383
2180833046
3147549182
2505664095
1175897452
33925031
2722633880
3951712931
1067269301
1889268575
3834120461
4278825470
3250176636
2465034805
1684147560
2198081546
181087192
1174462525
3579793632
1187649474
3524736951
3620544200
2935697617
3006058128
803685336
1902399216
350155684
2605558037
2999229131
8436012
3886296476
1484926274
3740175986
506741571
443826493
930040960
3333384218
1920419277
2005775925
1323075752
190136256
500895828
2961290906
823874594
122617715
4123524728
2099597528
82793195
2162300621
2071997832
3508142947
140917289
2363650643
3610991640
1091321325
3381019303
2710962402
904224836
714776808
3022792181
2154148888
412833089
183740731
1712547505
2102571088
2303172791
2010582963
489560691
295356121
600929877
1331788553
1043531358
2421614105
1898882004
2821806138
3266781108
1518121977
4221947456
3022450229
1547898826
3409046881
526886081
2542710189
4016140033
3284597342
945080992
193190092
1375085666
4062254410
3969177565
3295029288
3525312966
318613956
1061679778
447311580
3878014522
455119234
2420625828
726899639
3019542613
119079702
4043663968
3576554344
3909983381
1388681601
3289054386
2872772127
1010422491
384348415
1690588058
815650617
3878937357
1102640377
464883589
3439419243
1629934693
1283131572
3230171204
3263643760
2035343872
2087321463
63392410
1509774295
3372391887
4185916377
3479379451
1272068557
385829795
959550721
3295993700
2856220696
4072313870
327242150
1322419147
1762623612
2665108580
2432619901
1994048980
33073139
2567170075
3575922729
1401857806
662964231
2306501746
3046145204
1555704937
1695182813
713684178
80935025
78901374
4006103009
3658471597
1784017275
420465067
3295115944
1369312254
3067359079
2993477598
3555852070
2214976339
1845563977
1459254612
78740017
2271734878
3009729167
1105795617
2961736800
2248312323
3569096201
3338288163
1471161259
1967254352
4009106866
1017906507
3351443643
1284371570
1728622958
3878126947
1752162169
722146545
694169558
683857303
2230577396
609834705
927105703
1448801108
3303126539
3829663363
2480078593
1335421293
724332406
1173560977
1404473674
3959198765
2554772715
3957336902
3914412060
40973617
2628159760
3366929534
1291701238
1558048387
2923021207
3242455773
2335470339
3731374315
1603371517
2832696010
2783544523
3341839499
1702777435
1357376891
3898927388
913981896
1387391015
4280176925
3824900326
1619318036
3770704633
1313797652
2731923193
3929082725
842721492
758022279
3855919659
3194045027
1398291164
3617314238
3618940859
2783862390
1443208527
3111704985
406971828
26542255
1391241976
737661290
1395720370
3194221933
2473238094
2862549789
1295235536
238547799
2635612973
2599980695
467280167
1881579705
3112712474
159313469
83205410
1205220448
2049411378
4200040723
1893355647
