3006532716
1165048441
2564440894
1802227055
979852272
3794535848
1260004237
4021893578
4185044926
3552759963
87895390
3189367888
3918053635
2236228252
3268779376
4224116570
4225475261
1532156645
3029184834
3284827416
3942219005
1828400498
867757226
1201514895
482077176
2307948382
1216902101
795795069
1978780459
1058215305
3777702896
1901273319
3122079963
614047214
2393442022
101039564
149664738
3327201558
134255468
2409856120
1751577626
3905903538
4197620710
1187086921
518972453
1050733008
2880336063
4002301193
2546373618
1063898104
2922144362
2632255238
28840545
3075346508
3057462459
2529336518
1653634295
290816344
1121429302
2035848808
4189763552
777115135
632751569
2641384929
1727056877
3561476962
831364818
2401636467
3005100435
3936113575
2740426793
381150521
3967024157
3313988344
1457846764
2771466004
3348702692
304820048
3017970689
2271758328
4276804036
938704784
2466577263
4071585655
3044152389
2907155758
3024413575
2552649037
2869813597
2786654694
2816230493
2124029385
2499268790
3251533391
185195529
2170588826
558724849
3672234685
2237698431
1364368284
3226875204
1253913562
2455789441
222688702
3019867705
543643519
4231355066
3702886525
3361230713
3774252496
556839786
766941248
1836324433
2683389780
3749122277
3732012185
2628248413
4025413542
2922827674
2163974376
2414534236
3819859361
2984148689
2355886397
1539740657
660675713
3891595053
4129832906
273416273
3118127116
2794134682
2169480101
3641566027
510939681
3604095702
2270417513
311112998
608976683
3082455146
3318691666
1190873428
2404620549
918353020
880373861
197559362
694147214
1447235697
4152948649
414985103
257881521
369773099
865240346
2007566832
618979342
527547439
1843343928
2061064541
1373646035
423758661
3006104372
2855533310
4091197397
1361585702
1366894369
3592145355
2194334335
2728190153
4148883857
3968902579
1225547799
1340851155
2287268962
1356732006
3537041708
3761151144
3868221706
2712512876
2631534369
3702118069
918320275
1779500052
2894430890
4127041328
630207037
3707274805
732268469
1088248090
1341897964
1556420172
925425919
3328776064
4256348774
3710949836
401083779
3409809254
1695969006
208935280
3449279298
2515915066
2273588361
2106371894
1674199435
1249600346
2444730436
2599657333
4224917695
2410351246
3723193082
3685497792
1292622530
317579011
3357698956
1283822293
2494080040
10145430
2818463883
2596036023
1423999681
1816080205
1056206027
3717375593
4129823615
2060625043
903354074
3520872317
2114223259
4281011711
1628245256
2246058684
311310301
1923838663
2294705888
1745483557
404234288
3028984128
2019685874
1407049423
1826147337
235065245
244738351
2491859569
3350815896
1267646458
3479230103
2295587801
1900960193
283098090
2904808565
3892687695
3433645030
3118763188
1735948515
2237006951
245044380
2474400583
4281218126
4289365225
3622682895
4228845920
4074933403
288869665
2145587019
3160967786
1688843220
1664111372
657626992
1716084176
714791986
3284790581
2425928549
2886301062
646689134
1694524936
3184323650
3908456600
3457965007
3695236385
2317062847
2659399059
750528184
1641453821
633475652
2052185622
3202106505
2304516664
1414737151
778511684
1503313037
2430039708
1064940186
3849194256
914421868
3157349480
113751946
1044196797
2921523471
1468666648
1979067653
1585796556
3310985651
400813793
204466189
4164476866
4036863499
3095569398
2538350097
779961329
2771307397
1678844157
1439404308
1654529594
3697071608
2278932602
3974248205
302728182
3066767070
2175985711
251681588
3196686922
2187944270
1022168720
2440443762
2095782634
4219049886
3717628904
970931145
828022402
1469687180
3133481583
1824372332
1661305378
3638966330
3225449548
1844834519
1415084281
1790872225
2667316132
2345115095
934139617
649260815
1991662371
326235921
1732204071
1692148163
2515650299
3452706650
257177758
2759232090
1822444974
2888522631
2930986617
589097760
3632832058
3667801006
3655316443
3570558131
3783184319
624922
1116093824
4070818428
929128260
3876950935
2056342581
1256440177
3472065836
584636035
514551956
3769987176
963724284
1279329249
2413693727
74217022
1493008791
1071519207
1374919923
3295624709
3690551269
1755353974
2827510123
713879429
3706044402
461305941
4279513328
2592047478
1803015270
900626498
1252954350
1681246318
613623947
1961063896
2966596665
2425834573
3240039027
841303511
1574708028
3556999738
3290434626
240415851
3310457819
1551728081
1251571608
1118933856
2962771065
1374875547
618620474
2376638131
3659373801
1372026208
1592460080
713765413
1449284928
711034189
345703331
1297653746
1360262770
3601566860
1787526871
2294485449
3846770395
2435498764
2615120574
3161894624
3803264821
1520071881
753305801
1720753041
3704487675
2904016252
2258080924
1783280180
1299531189
2862540116
3591879817
1664850812
1884728584
2399921340
1918274930
1000843820
3565477669
2946543060
1877850989
2120708700
1377471834
2347721284
3919128482
2339480759
941987668
2341041991
3605532190
1775156569
3637005650
4047600070
1788685012
664134433
4065764807
2856437543
1675952476
1521825327
2325227944
1214780454
4088634908
2563189140
1664100934
834624465
1209051633
1402877070
968428333
619986285
3778546127
3111201766
162220199
772394639
3732988572
3577355217
929729428
3930625677
169960972
2485971268
346363157
619876474
3020617358
2040880975
3598410999
2284760689
4149793515
2554388332
2774041910
1719305926
810610765
2769124303
880268114
1999616273
2934609292
4160108829
2921502329
127314375
841884661
1454153613
311583593
694345696
3267155550
3188315463
2175663269
3179349907
1857965177
3684905326
938281537
1115139788
882020867
2460788920
3032923587
941015515
2388071144
681263753
3603123869
1508865487
1314343951
1378457686
588893363
2052168165
480092798
1738825100
3311136698
3462850239
1662334657
1370660454
137800702
2208690831
461479197
3299399914
2553186380
485287187
1053356355
949097336
3084038537
2892466727
859361759
3981044802
2222438546
311912888
2653290574
164210905
2831750555
3688745950
1321519876
2839556827
2821081805
1301447069
1802971960
350120847
2578340842
455988578
2940306037
545918548
1933657001
927001083
1322522730
842623902
1595746777
1825504580
3215426374
389244394
2693452861
2231809321
2954550681
1333463124
2327284995
1948762469
3974935937
1969951598
2380312236
2476578508
2184357215
2398963988
3078262798
1753082954
1209837205
3259300000
3170734105
404735263
656617546
1015289604
631176921
1171291083
234104278
2271001539
2376635307
3310933877
3517629712
1025490276
1067010271
2070273852
3911251958
2219547196
3961156756
1972052565
2617036997
4115600015
561500409
2907454737
3254426623
3667333693
3237774886
2226813609
1132747500
127059413
817217964
2090359602
189677070
3636500503
2287110258
1332557698
4062925316
3323791927
1050819281
2027246157
3150404846
1307100429
3172172373
3970953583
1528012018
3610004507
1795841049
2623037324
1568940060
354523473
3699076814
1325173292
232900970
3918441911
3004971200
1148602746
2723787766
1253802493
1186485488
3576538889
219212221
870420815
4284680142
186255360
2200386548
110772309
3139795490
2601753418
1015577312
3953067631
3234464738
3324108150
2327948174
2532877752
2282230426
1737386225
2719043038
3227224234
2154396744
1072317292
3961389578
2541693040
487479600
1160091856
3443021771
1000370205
4143301488
111256314
880148960
753300145
2521664999
4100201777
645208027
826375101
1282255977
2354184480
2868217613
2280426453
3305538385
523878810
2372731756
2478852760
4250456231
227516883
148816057
950153043
2121260961
4256282540
3796606322
3530319559
151932259
2556210698
1886689428
1526670144
1451351026
1669676650
172014728
2716374318
1238078482
968895037
14158804
2262812163
4240993424
3067777910
276735310
2663797559
3055138991
2771680068
3853875133
2387031597
2059134366
466794168
2947032829
166457854
537048598
3121911988
3332767757
3046967502
1445061500
3758755305
2501805624
4187264873
2436459646
3523906113
1168301558
496564382
602043791
870667596
1622063881
3143328339
229752211
1161251343
737475176
3150352660
2294127696
1186409397
335530893
11019384
3855977516
2277605759
1338784098
325741291
3275287450
546293883
1210425647
2287413120
2369930222
4213055375
1233552080
3977706998
194324593
1017692552
2771896748
562749905
988799147
2953906496
346478071
1877521615
1818067109
2174403034
294716565
821907790
775711830
183108101
883959503
4184996900
1554756380
1157274035
2456631320
2183706917
2318877985
152191425
2130902513
200342249
4178966533
2079843058
458272134
4058752991
176515744
1993092063
2026124095
4029891416
3211373073
4019637187
722561998
931586955
1293252063
1761124067
2979018468
495685933
3935258614
3407265601
2153230727
2311841960
592502602
4238454120
2132258188
1485037992
363006422
943734354
1729607609
3270485715
1366205331
3880552569
3017685131
3051139726
2015611129
1576255409
320355743
3550632293
1054724953
872466679
3902549496
2369693097
2683902055
2521819830
607607488
2621896485
3124043399
1906244785
1241376697
953648057
35208446
2282132179
996518145
2434859476
3868422898
3012992539
2197052342
1572108669
4272901266
519787432
2105619757
880650752
3073014999
1636371146
3734616232
275337579
2544960642
1706874257
3241396278
125614050
137816738
1350569484
4041523212
2824925122
3105562565
3737788654
1920374687
1814214445
2180470344
964106493
2445239485
1068637938
3612664898
938780820
3300058266
3952270243
3892203218
3701991910
2469067196
1531991591
2288148535
1849286504
147226502
670318591
1798077248
3133740458
451539463
1714190898
1898479408
2605435231
580985161
995689488
138574666
3735091679
3569435330
3943107922
693991901
240651461
3397302184
602504208
3358871934
4062160084
1822061896
205844151
724015810
2207655233
549596758
4048789864
1330966133
2291052977
3398462276
2548351056
1939698780
1319355322
2242136458
2605828927
2309129415
1253423062
3310397517
528636186
1845062284
2809196285
1891417952
395674511
3104189925
29159851
4277088357
2671565215
2901056140
1268840658
3384218162
4253614473
481092434
3668158601
413566466
2907229705
4266471314
3194584218
726201861
2104198868
1471785950
397103254
3322776065
2934670756
3905511632
3223901683
153938830
2756398340
3674242229
3339277932
2748135700
624649821
3715515368
1103917948
3120698118
1014832366
2168875607
661036908
4276552511
3949454493
1869384262
2773759976
1204213629
180763344
3379317954
3874625628
1392770465
1453554514
2876802942
2151950362
865121787
1970450106
422800846
1975964565
2654603644
2370141690
3567728285
3945897914
2634659522
3464083970
2707125889
1608217431
1391078747
2151725084
499171698
518685113
1261036526
1770284677
2910878436
2669137305
3387122478
401358104
981690038
637142545
3652822152
470045902
1941321922
1254260921
1209289655
4153073914
3932351979
2006404761
1739158258
2593519300
3082753607
523578675
2989491462
2984248929
4189898243
3095317738
1993974830
1624490593
2957404356
1541956189
135013769
2564034084
746267399
2765209821
3421493293
742220350
3208153651
3133313153
