673901122
3077426866
2341787359
764277901
179540825
990862869
1981821562
828359194
2835747804
3539886088
2778453926
152963630
1314278105
2208646260
2702264692
2142447664
1845297493
2250721019
2198463965
4008398192
1454193542
2914996204
1152802236
3416863161
277487777
2355526989
2493212724
865265992
4108027559
2641690645
1869290977
704282631
727573051
2767236743
2958480093
595714185
1091617803
998707181
942588191
3803793504
441811674
3886229023
776936224
2633871287
2653184381
2494429748
2207192885
4076189213
4233482070
3090319167
3149940302
367269435
538489159
3576587972
3988043962
466559258
1303980937
4038509371
279189304
2144525777
2716105359
1817673175
112607349
3323111153
3579689767
2796417702
2231186419
2843011279
4165636561
4156351846
1593567910
4006614507
2736950597
3584309518
824931451
3448768679
80508339
2108865146
2819153262
1434119230
1072611210
3441739802
1106241135
4285748683
347308288
1420281188
1924446712
2492708465
1731643855
420483076
650152037
2161468972
2641738548
1972223892
4215546811
84314992
141149485
945610504
4130632613
3645041009
1766462049
3917229364
3125558030
2272115419
2496999070
2383210981
2572503116
2804059441
434272236
3133870511
3757723836
3274502206
384191572
4162300930
379085936
2267051839
988676658
1219409278
2834223388
3212589101
1929081069
2999836931
429628380
3516425136
3469725742
3712796032
1225487258
850024501
4095763406
799095949
1539483631
3005609966
683917494
2652660085
503465566
997308992
26062874
4111198552
2673906874
1292645131
2100892876
2334715728
3765770676
1019387519
3987705370
4027999354
3282091714
276349548
1167597395
723501810
178860680
1785627596
2909054640
3899752159
49319612
2052421573
2599653046
236179083
2493119785
3410234101
1085522089
84972302
197015626
3264927031
3265575802
2735939147
2982687059
3678686542
1673273590
3560511042
362186918
2818441359
3751521652
4100422220
1515330081
1004639182
3864300243
3488393569
400658673
1112866777
2229375955
2690801882
2460004105
2245818429
784735993
47629013
233042829
4108678240
554514729
312784541
1440923630
635957447
1550466557
1772605670
739571311
567947076
4235792947
3014909906
847734954
3719864161
1568669487
60065903
3291266082
3553505740
3124323206
278543449
284179138
3955452910
3133369722
769502972
1102476991
771387379
1030626891
1941099708
2895452616
1234856087
1169284524
967568491
3875464957
984901740
250769325
1906461211
3027455472
1347470688
3099357162
3277897586
3896208170
3244144579
2945798666
1789429782
3979627990
602948427
1278971117
2833333991
3728492040
1200458816
3755212284
658180101
4204927260
2182607185
2290674644
3642405222
2900299356
2382252448
1921670464
3514206242
3472778544
1746146407
1740439477
3360359426
2536378826
1544899815
2506691597
2199593269
1518945815
2690643322
1239102111
3257688027
3997080284
3182421900
270863643
1360188786
1632401226
3554390895
1207013333
4203581028
2344691669
3785179577
1832966880
662412346
1191926025
2682948983
1862064859
3331784872
410323088
3665183132
4238969188
2261970942
1809346936
1759588686
2356771121
4284676661
2903121127
2255185721
1682093880
1007229547
2448652895
3166213753
1294200348
2686792465
764716924
2941185217
716538601
3395938286
591891660
1714020782
634284378
2567495594
3686942762
1806912544
3795087981
75939522
2232898374
1538593903
3937973761
1529824180
4282609770
221874120
669882203
3445967633
1046880393
2204176703
3449298746
3769832947
3823979489
314985678
3515689454
3294847260
2555427256
263394098
166644635
1503704966
1721599134
1060201555
2662309415
1882917664
3350079532
2747189318
1373814605
1975241896
2072333187
1110038467
3409597526
3827231212
2796182608
3083862535
2227604623
2877100099
595010940
343316422
1210890184
2303602856
788146234
208925704
4245872322
3135789426
3770331930
3050328927
2887858626
3980654135
2906545196
3687095249
26445388
1016916249
2903311688
535122833
927486289
1926143603
2692561912
812268585
2209063925
4039024130
1324189241
1934720053
4258092765
3644956603
726146438
2663393510
3041657822
4041882258
3845397543
2732690602
1909005496
34478252
1662873002
2193334309
370055882
2973095385
3975526196
3802586360
875681420
1506356670
3612486537
3849899439
11909172
2130713213
3301054520
1039847950
4202233778
386031948
3904505490
2669175666
3936286800
2222147229
3480282194
2563986510
3111887035
948791941
1177026882
2322372757
313162531
2694051879
2216686880
275262290
438856254
3574383201
968457522
2499037847
2674936214
1673443781
1993918547
783864145
1119567108
580913309
609061487
672173704
1874063191
1933523243
1887440412
1351212741
1894225619
624797047
259619880
700870585
3727658435
2198958013
3100834329
1480615040
1158769680
4169212805
1201277874
4032421891
1168364346
381195308
263067989
3931196611
570691296
3657280280
3369829322
1231885322
1929183838
2838047446
594599269
1275968361
1788567663
60393997
1982799368
4066202857
629466581
668322966
2491926544
1396503074
1970220025
3086406599
2206788957
3035908751
3255335304
3352660343
1252571881
3441939636
3180026638
777989943
3616123959
2300217129
3067376961
270871316
1060248341
1824489420
3529449738
3757007301
2337532287
4047904767
4144574827
976918042
114102257
892853492
2887974844
5373430
989200443
3295205804
2797890906
3156436187
521053402
741240836
2153820971
167569718
3706737009
3918596511
3310959205
2434349093
3866627738
2442794383
242808821
460675105
724454118
4212608815
3890747125
1488943273
2854272615
3608773653
4104646181
3584769013
451979572
4266669802
797011049
3198771006
176063108
3136559787
3873893541
2764652031
2329503089
2105185924
3278958194
3391955373
3669256426
2542069633
3343799643
330182605
2484013538
1324141461
2919444830
1172280610
1616227247
2591612110
1795424631
2645704575
501906083
3849857407
3525980927
3211837206
1340576538
1094039683
1818881870
372329590
337024276
3761297180
3897258441
248908978
3336547484
1321437522
1145462443
1532576771
2513083270
370032807
1760295652
597736758
2191794156
1087332945
803107441
3580964208
4111345559
287740899
1208794024
2517529954
88459182
2130380606
4248097613
948635396
3120342008
2622083566
1424705539
3418779318
142658997
1660383569
1832963443
2823607597
3770551643
3324348232
1784408857
1939791630
2405439462
1609601576
3226920888
1394707272
1238850104
2460528737
3207739480
690352526
601655430
2018770312
1461375802
833044970
1508464000
4047050313
2611313204
3119124277
364404559
4193107705
3656044641
1418882872
2880674902
4288496590
1841633890
1832009791
666088725
644880788
2739827661
2391265488
4258753518
548816973
3185088419
3516485426
4225181766
2692050736
1043955161
1972954237
3742831461
3940764548
4042268263
2236808214
298827478
3906271863
3695815210
4284366345
1920591353
313432511
3361971753
1149817820
3960361406
963275693
1751092222
2322347166
23145018
1145095978
2247966871
3085834480
3778742980
2781223895
371723671
240784648
1343201483
4157629683
1106439611
2361973347
3366722401
1686146146
3259890705
3479844474
461676724
732394157
1342883437
940874878
935602697
1686282292
426463726
2517790053
3804255311
718337452
833907741
3077590010
4179538110
2630428611
2000516929
3568481959
1128685399
1358357777
2704195837
3157010981
1221137433
2295238255
1203093541
2491477921
3535005237
384428450
528836373
4219401616
2733511000
3454156972
2181368874
1409069934
4243239984
600722779
4267115418
3267627821
3765281748
4005277498
2557381094
2135577221
2322519711
2013082518
3134078383
1607504623
2509092158
888288096
735095026
642018553
4293632944
200500165
1642023042
3261705635
730730651
4013711641
1617491124
2748080376
4180817799
2104210098
2152413600
3021572043
1153633771
213151836
664276991
1525114874
994660437
1008260052
2827638995
960884897
1963903059
4057925232
3727753786
952605206
674784764
1932342410
411953969
303701261
3590720800
3983393715
596063068
1890600087
2998707554
486130263
511286750
2793975784
976189531
1978526862
3863005823
479497844
2139004864
1005384540
2329928857
665724519
2443807157
443278025
1768530123
1207357234
488476183
278807090
978977752
3333395850
3090096493
246383726
1341098817
1561239647
3937430010
2143000375
1992621921
2005385370
991802268
87706903
460955841
2444313173
2968731094
138779287
3690599539
3262732264
4104973960
2008727734
4187322027
4241795328
3264817557
2539204937
3620333919
940569558
3309358751
2538178933
3196813290
3033930495
1582096486
3839238700
1952722284
3541301355
859365794
3194151199
2536693717
2371115749
1875095809
4100990624
2412032347
1449594641
261153225
199382987
2939358928
1906695
1512323713
668292753
407720480
3414340424
2300674444
4050932705
3056367506
756381006
4162524672
223323978
3418007545
1651977111
2760302465
145716793
2892614730
2200096514
2169948737
353186120
2182588105
3439735153
149612493
573376583
2383804464
4133409562
3460137643
1803940180
3074039437
1369313980
2798865953
3638919715
3094916238
4180085642
3303344040
3622507984
3018684519
2648876696
1401127093
3008152869
3482601896
1514468032
3722165026
197773293
2570170782
640602785
1384885991
1467868458
1025369820
4249852440
1603935862
3818222515
429619699
945288234
2122173703
874958398
1785130270
3495347952
4290492421
3506819934
285735048
1277118556
3000209240
941055550
2691059025
1838497522
3403364672
81135472
2471097742
650037271
2353144698
3203038653
779999775
2158007817
3287316062
2749364062
475559464
184798025
940596383
3317391179
3328934131
3939377305
1579369761
2576649461
4196832435
1984756839
2427397374
128540270
1988745344
1377416630
1913725607
1980074420
4081067364
720205674
3174971703
1068315775
1698777059
154135654
3757609038
3854678391
1670576908
3838824684
880012545
33028684
2407255640
129993009
2146702593
846460003
663591724
4093912546
1768606402
1860170383
585750329
4291525171
35355160
599736374
3720631633
1703837700
1322505024
1212708438
1372981996
3222025507
592366032
2647927627
3751646134
1083089492
2415295945
635383409
3924963501
303267728
3325008075
1249541620
1829993449
410816811
529908685
3622302004
1296744604
3101336731
1958607513
119239118
660599091
3859836985
1218369252
4041250942
1713991247
1702545471
3577825325
442839299
745013074
926053555
2966204690
888906707
2572104878
388502130
1241999312
1412991727
300825678
909139688
591968325
2986755423
1545823778
1197908075
1604835740
2130878261
3063424249
2757224792
2211321580
2464155125
1869164190
1420355624
1329680739
873128239
679146844
464110840
1008944613
1912614329
880038143
3224243504
996622522
3513666996
944135949
1699170637
2444275412
1860707270
1795764955
2410222801
1101447
3902412262
4110824225
2263478120
3965835100
2660293867
3945196256
3133722760
2071831823
2585095311
1074732174
2593503458
786392062
4257462131
3935512086
2121963467
818399455
2563133629
1796052059
1048784405
34942876
3091797400
2586124155
3366728285
924504320
4288778777
1302664295
1803322477
605287948
632957519
621197923
1221844264
1774520873
1904631317
