2185079336
3632056751
3918933955
2512104019
4143340265
994566379
775326341
925137514
3116276167
523301061
839929719
3339029471
2200166959
1650539471
1031825535
2742794943
2655825762
3883646184
882900924
3183003531
1045021126
2464946519
491543620
2971828977
3322604877
1907039933
1227176998
3136772475
2754648301
1876207397
814285527
3725599895
2553932604
3305556703
3381088571
1908097813
2057413821
2663597059
311840464
4105802620
1815636656
1154171392
4237331107
2157739616
2226302692
488119458
116325868
1922051078
689927756
1910779689
86088298
2090960194
2641250779
1752762567
3915582503
3646830178
1777906362
4180842784
1627568491
904059178
3909327323
735450027
1738419611
2949646639
762036647
926562913
3290419603
3231877170
3453696012
3916242884
2852091089
2200156103
800938320
45090014
3531952247
1514087244
232287457
3210814268
1044839442
316306959
2359976972
3662981990
1261640811
3873494042
3704389612
452193709
3173525665
2814614251
3249080375
3152893318
1240697413
1949651799
875297636
2737154432
2398845913
2998831914
160707258
2419964167
498187794
2966239873
3204295345
3158567746
1851533835
3316810751
2994091088
1843795033
3114748416
313580493
679015875
1749787609
309610534
2238829156
1196805465
3335898176
1664681427
1078667280
2961434107
4065014236
608430976
3018264595
1747978555
3764171321
2072322943
3269636640
2997477715
2212607630
3478514355
1895923408
3445704787
4183465332
3976290435
472963882
1892025441
3635821840
2106249914
4127837631
3947699266
1395831212
385233949
1632529790
1925454153
379930954
1208572911
1117910417
810333651
3828449500
2582821540
3829457827
67309719
2300702028
1361341545
1570672853
265237548
1130702251
19010804
3273344221
838501849
2741666231
913551464
567446184
1136742984
1427922039
260508593
1841324828
801976027
139573567
1458789791
3203589377
4036153015
3585958958
3752255010
470431803
277465425
3089944908
2119177758
1783957347
945051518
1111049944
2568232069
1229239090
1362439084
15173992
561748751
2459774916
3326733164
2970107028
955919113
1915061367
459462406
3882608568
948994210
3259276492
3990801516
1912963965
1604795990
3159074378
591359998
333008304
1558419257
1457921485
4181194108
2047972777
2287341181
3685891747
3641717482
2739161418
2448746690
3557936958
3066650621
2096351386
2123130620
1399897421
1400218764
40209149
3295664045
609265559
297589143
1956565930
214630421
3282098055
3657352950
2291188160
2943208248
24334823
2441433871
2224998660
2066619962
1663659646
2812092706
2183226111
3335428391
2230359783
1586444015
2239828742
2621036116
1338495383
600946436
4084884961
2638501698
253800577
3805043032
1036159018
3959511973
500271516
3480086622
1923973971
2279514210
1232671702
379256396
3035931261
1111025316
666159574
1359688813
173072441
2694344329
844621230
2983328821
2483869371
3446617371
2886951064
1678982574
3831647951
3238336122
2807984951
1151206505
3175739005
4055332259
536664664
3582541867
2057423629
2600505539
2986212397
2830553894
3037070455
3357358037
2938184496
494782771
3754002151
450516960
550157064
2905330526
3788330238
913929021
3892979296
3010950661
63953861
3684882653
2120687967
3242063032
508332726
52971340
1631430259
3071345340
106544675
3240475744
3458922200
739750965
1432178692
1926897702
2620149011
740761646
4040768133
279496470
2803803037
3093779387
595649290
3831380711
3930752419
569725057
182495599
3256466877
3957143851
2117270135
3167171781
3459551009
1148921995
3536530149
3952243507
1585997976
57087667
178303109
2291222024
1740644926
3965529941
2352414865
3795722386
2142075062
2226207626
2828119412
2194085867
3068576582
44852901
1715653946
3355156749
2895472331
710886623
3043192803
1805811302
764918429
2450398331
1266381095
1856056312
226367857
359544947
3971423061
4156574335
1352751723
4150291992
934906169
116738618
1019627849
521978432
1402131808
3286098917
1372779470
4088381125
8839338
2085477699
4270956259
2988988408
104966357
3073826218
4150987249
1591786631
1692733970
3690049234
2894503661
2553413416
865293105
4009308052
4176606310
3829342188
1278553870
1623382081
2787042728
3729680155
2165187691
4284637799
3603741917
237758831
2838816368
869422174
4197247346
2012522495
1399116421
533767974
1124875171
3226473974
1327836451
370566879
3877362302
1495083411
2927986141
621292811
1380205059
418471122
1231075681
777506042
1023592524
3674890693
104736416
492293258
4120514705
4191615330
1247527667
1746849296
2568990203
272492783
780400759
2514523928
317847213
3427985060
2929725207
3411149024
1802059076
3114635692
2215198490
1731900305
3478218924
1512933510
1035325271
818176541
3336122072
4117510066
1954219380
3116019200
859303103
3185586954
2646501816
3640700728
3692406082
466509847
446992855
610008901
1892171498
763553014
3028676607
1118886841
1570932949
2814705624
2290057239
3307371562
1899990381
2706301118
3772799331
547114565
2174797181
1009329511
1720466040
2649783
1683715793
2340363227
2965227272
2606561959
3562604615
2257251187
4169960495
3913042579
1139053613
950517594
2358019000
2191347612
1148175085
3354628165
358369149
1206663437
2804521316
941212924
4208586945
4037914453
178071577
3830208740
3032576780
4273892568
4032855831
1672546128
4287789519
2833038571
2897926009
4120774486
851811711
2721297428
1327006495
3695400202
70265521
1347523811
3095717725
212698657
1685349354
1942927418
1865994817
1400526156
988641357
2542613146
668686134
4076826557
1154141869
768105697
867918504
1387262413
3406419328
2355446910
4202434865
1542303002
3088412141
839732492
1132451489
3026898354
3593593310
4209582483
2518226465
4264236920
1905545864
1089919996
280525024
31442320
3803079004
2439043714
2686036695
4082309198
3872984738
900619186
2848561604
1819033298
3709147603
4025269114
3560378717
462389132
1398179208
1663131817
3901689636
4237715323
2980702363
3464308288
3047994643
900814834
1467462726
1078539308
1822298226
1309370552
558726112
3190665362
737411697
352660386
4171333614
216078642
632237618
1593742072
276034291
1052515285
1834592337
709122825
735889618
4266403066
1986775423
1755986330
4258029639
2373078118
877736405
298326773
1216598583
727861016
2423977515
4265328448
2703440891
2839094528
3046411243
2416798943
1597547870
2640033227
1919616796
1196065290
1436359011
1269437710
681048495
4232971607
3874369561
3905196688
2054026865
1638008364
2923735323
3528581808
610349611
2633803163
3294754557
3294121630
3723395019
4246559925
2661284805
225237197
211179071
1639439382
2588541666
93203438
3853411306
1543781436
1289697874
376590386
3566461103
4276494631
4095157949
445321844
1186118831
4253685300
1594661965
3935958142
2386995081
2847489895
3244616243
2015490576
2557929961
1123761556
2585761160
754991052
1879975504
4268477238
2358207662
1840506683
893822280
4180251963
3839894563
405773680
4137482470
796331253
1453134333
1440189361
1611747718
513124934
279929572
1845609922
4185793660
1352217047
2981860652
315139421
667773806
2175606199
2857525060
22006979
3194153653
366192605
3177143985
1078972349
2581321983
3322340363
3712164806
2649166530
1165174800
2324925488
1875953668
1494026467
3785563100
1875220784
266218922
392614121
1256246314
1391551407
1330383136
4246788912
3500694404
382247903
2202983907
573978484
1541370717
230384770
3771771852
2806259511
3662237835
137303728
1711590312
2749737952
5812188
47673297
788793363
101277570
535896798
1343470959
3956375010
3074030380
908439260
3443662239
2571671937
3633612332
2593382507
1632635617
213903836
3876326474
1713040074
666750854
2266644907
140190077
2528045118
2337145134
2532754193
2662379345
512971143
4132025247
2480029819
67979677
2132887499
466464680
3523865906
282815901
3681383692
2424594695
317380401
208258585
1298242439
540039698
3795807918
2436650623
1561809173
444455384
2132882959
804266753
1318947084
3728661941
3536592404
3960533401
2728802237
2295051491
573675982
3671913827
1915057735
3241157241
415406115
4267716476
1064847123
1373896401
1946698
1521302492
1084837172
3865439064
71892647
4004927140
768117186
450440958
902481698
160115536
2170863052
4011424880
2814286697
304103867
313902180
3037542344
676681686
2645260281
3344875668
2427551113
3634947142
210077921
2061500119
4217129132
4144950160
739450077
1236775634
3060560713
4143807265
129088248
1292798631
4109741913
4155184075
4181075584
2187164380
2217616781
2508027048
2969058159
784052903
4238726357
3432436248
1364440229
3821457145
3794639195
1102568865
958625795
2695592288
850266050
4230199505
2307671449
1454339134
3158744331
1100701761
1633545301
295385776
2294076610
1768843437
1909932722
3691961065
229435160
3568822278
4236335241
148157496
575074571
941796924
1114468715
3804553734
2620422262
3593764723
32747624
3293020166
2146581325
3506915930
1199799225
3408388022
1730540707
523302858
4285698384
3266702035
1425031762
643330484
2115997042
3546892629
3121883078
1238724193
72230740
576692415
3347862254
2610806428
1035314874
2882381843
3974472625
1401368448
1544255550
3162861703
3906515868
2548439524
2126213931
1887183560
168685046
4142504420
2987140463
361466419
2974012644
3955649390
3516963113
1590367392
2709118874
2300989301
437928008
2932117088
836675397
2483406204
1006207330
4162622614
4015089171
3126694869
4220762449
100062509
3986497144
1193192249
3526206741
2110801228
1782922331
3751945319
3892947364
4209422492
66286396
2942979831
2685277642
183424737
1635429552
3563824355
1140217910
68637261
3796130810
2537871628
4129347631
2249703874
335149690
1521566678
654037592
1502461831
2414509268
850938164
1951826175
2270263094
4039358840
3720314001
1850442519
2956162259
560858112
4177270289
1182632872
1199147159
903508500
4104255731
3355902807
39310495
4256743275
3957746192
4056925487
3723057554
2752805533
3245605943
722616883
2606679660
1473303927
3995776000
209720048
3586563454
668087395
210004078
1429283124
1844035540
1091841325
3865406476
3461625965
635695529
1515899360
1240060213
4261710743
2506118432
4208768851
240535074
1038959049
4028201169
1062315751
1643950549
1759481308
818321827
739268335
1899015943
411244763
640928144
2078694242
978363836
3422530806
3168141159
1866099048
2626374297
3427298897
2634076746
3950273682
1744819465
2125500194
1747193513
392780075
4113296902
4045892370
2976212872
2115711140
681077287
3110967614
3406398352
3831160392
2607229565
2276944605
3898018698
3648720292
1049626535
3970948777
1725660132
3493189868
3374568269
3484659492
3498000445
953853855
454330457
3881925465
1939672072
2426815097
552219557
2687203589
642245452
2942615015
3183866400
823058074
1221931519
2281816569
3479902759
7060905
135913722
1823073546
2760647509
1307553035
372919575
1120422736
804423860
2884113513
3635602189
2177863595
1837692008
1797036698
373320574
149548130
4061360628
2920906145
301886289
3687618900
4229617141
3333533577
3506579711
1593152927
3004931598
3759704447
1586676518
2821190196
460267131
1372688730
1795570149
832848630
