508245835
1616198977
4247673867
4181703774
4293163788
42673015
1978225342
3227945845
1668103523
2107940815
2571468408
2189829493
3021382888
816409971
270580971
950953006
3492007681
2723658282
2331967173
2655268716
539757566
3148177927
786730608
3412269240
4066931966
3586736328
2391518677
893947662
1142749279
217696232
2738737239
1750574811
905015879
1472368786
579689185
1087157847
1838624692
1865528463
3372570977
2878991987
1999154168
1349510291
2561189199
3266637497
1561099203
4148815960
906258923
4088132232
2796368091
3807401214
209754123
375062067
3789975975
2276965392
279974087
186392896
3293141793
3435125057
722987889
2402434758
131621950
3855505799
3729212786
971432862
1294262855
3219694036
387678163
4109666464
630467287
1145054833
2622208531
2527718882
4281300694
1998668210
1879980302
1395271115
986553540
782420886
361351428
3743814590
1474439578
3760477039
2547363215
1151426021
656005316
585708500
1645210729
1947819089
2730505773
3572170011
3389540136
1480712963
1683002596
740085029
1572806591
3296471998
2725249644
3281865200
1403419421
196125413
1813428399
958443801
3392476456
949009401
3378358770
3203042169
3003547572
1028038831
1417687907
793083140
2279991995
3778069934
2067652308
2632576969
3249697299
4161943155
3994032096
2202988837
1361539043
973367291
3229971100
3694731778
3857298889
1573811658
286182963
453805904
1247899597
912974700
476950245
580660095
2655808006
2860308824
2616537756
2470987652
3829484394
2312819530
2771212986
4024027992
988547875
1169680952
2107464457
3628374310
1922257930
171120338
4024320946
3103233851
1329645671
2834947225
442387602
1783996943
4029395140
2304204309
150403333
2059421058
1389695092
3398128175
3613363662
3508383651
1201451190
3157561244
3018806890
4104887203
2874770296
1728119221
43425265
626435865
1675920556
541784130
3333994048
1158886727
2638049164
3041085583
3322840464
1186796138
1882605899
3133479721
3539663555
2945736440
192380167
3783049636
3559815016
1274807615
1989927935
2406431010
4117273246
591904895
1479545860
3789077294
1742801405
3386293132
893918371
1028710183
3307609158
1936373989
3217877305
1084182783
784905315
1296870684
4109958603
2750193656
3915254081
2798836746
782105673
1392195134
2424895964
3538883734
3570737553
703031320
2955885824
2543393411
271715822
2517423632
1598703479
4182873424
2652958111
4284007283
414687997
2405497202
4129074783
2019327871
2502299281
1440589578
2043105574
2781543323
527570146
828684510
2550771505
1553808869
3406716627
1320606354
2355185533
3254524028
3713401522
3717489611
456620928
2707235573
1132978378
3659925364
2709976102
2001499649
2258583117
480483030
1832293992
2151867537
2537037354
725337337
442239200
591926273
3285661665
2001857830
3083724123
926854965
2592982614
4165323951
2605870744
2221397679
3616569447
178184896
3264205818
1217022268
3093585683
2624970222
3235425038
458217060
958092475
1314416619
3141024724
1756368643
2953400100
279948455
1926000320
3199620232
3326869046
1196121413
326903430
2201295158
3311890799
1474023965
812600238
1319975410
1386537224
3456383490
58950725
1892379602
449120870
2532928994
2600873940
3685557342
3200831755
3230596513
1651699730
1543748378
898749214
2803791087
550628170
3693750193
3883363378
1610488317
3119607234
2519607334
596034635
1794414589
1849859779
386366925
640033901
880524600
3304557588
3102120359
506784318
2521584287
1058202628
366680086
4185681256
3746503593
1079069106
1450386462
3396379739
2826019721
1418554581
2466170549
248160859
1295145285
2320344697
2147410286
926502632
4004105108
558560607
2399598558
3450795637
3222494892
498450300
1388220390
3851820504
1571736466
4035341447
1094030420
3139835417
2600113688
2666605059
1340877651
1791604363
3155846525
3591442486
2070579039
416864734
825303621
3725463095
339868208
3960297471
3894141964
1380922332
1795755074
3319203618
2169879936
873299744
2491320804
951619086
2201434564
2561357187
120273486
2192944568
2369789488
3885938286
1305300975
368378214
896901627
304519772
2321006093
3696911538
1245429634
2697987734
1128679859
3675691310
3505908473
3791792405
2022145668
1230974740
2554216411
3326335157
3474764450
3264213879
3113698687
574275415
1365356944
3631387353
3597982957
3083016846
2109476597
1376795898
3496648643
2177179379
1054905935
2771094672
2007858074
4121406838
2594060375
1047300897
2602973889
2934205384
688559152
3864144944
3450697108
1327108693
2902869916
34068586
2632376323
3738727304
200773306
1281783057
2222567027
2119957543
3049857109
2101322440
3060137842
1791320271
2617053710
122053611
3971292698
18988365
3524998754
2753924893
317769347
1272625334
3024356394
278864483
4261893174
487418145
7089522
737352805
1206295042
1344701969
770677052
2487359982
679647915
828903632
1348473798
4154368277
35073949
2474148509
1839796162
953627008
788476654
2386456616
2051252918
2527844736
1114353665
135504850
1302359092
1222740356
380600402
2378837178
1295063264
849261526
3725937026
842663096
3938375007
2444408580
1543757908
2135728330
576228831
1756865814
3602185815
3502585060
3656665530
3071453861
4165224327
2255658255
3488953176
704047809
307380257
4127283937
244203700
2889502821
2636692346
777975283
3654209353
2491587429
683259890
2922474848
596884615
756858708
3859238185
2303358925
1962545821
2513017014
929852489
3430730223
1134565385
3596337298
915256579
3965234038
3169831465
302444520
962941335
226888211
944678217
1646762647
3253906504
1426608254
3226075644
2089006734
1894083754
1957585769
252033586
713370570
3522342028
4074108644
1094593437
1494972180
323834495
1593414655
2815039196
752583701
398919718
2338961891
1176565337
1823930634
893595897
3048484644
1772079028
3572755025
4275949824
2323410647
2357061369
2980560795
1385429002
2355844305
218613598
155041518
3679074979
561821015
869426325
4235849121
2132340800
116741089
1736596480
1496878768
1208940326
2909107637
3654201818
1340822106
2174839014
1746543917
2104234191
520556817
463764210
4265515991
808633425
3447118034
4035370502
1234224431
1944441583
1288586523
2440627656
3740885082
1627493672
1396807002
3015808013
1819566251
1568743644
2726086713
2584575907
744147053
1865272891
1009522112
3454077879
3238343364
601996866
3612770161
3485296309
1109211768
692218412
1157942039
562669317
134750703
3415294441
3966043223
462348828
2208565269
2821408076
2248356103
1873570002
2538495067
3389121696
1816112899
3732910689
1446117397
2031590846
2620790682
1063130017
1348787651
983191176
1195163954
2488439891
1297798078
3196492430
2045181576
2279590587
2730293945
3723627102
207529321
1537955669
4023535651
4165253681
3506096343
3268970356
2152799894
2618477020
2315640734
2897460037
1303767134
1812412444
3618295986
3833742111
3502321779
3117612449
2124680262
243793719
2143374225
1793222257
1959298621
3086265682
2452014605
3773978824
2840361193
2858864210
963447445
2789946999
3962659892
894919221
4145833269
2450678095
3238337545
480793248
58898623
4210350900
2609310304
2435611334
3150527079
1984827247
1064893956
93861778
2235421270
2178892583
94314400
1270467091
1241164555
556203941
2458741177
1578013426
2322494292
3880217479
3171292137
934595465
1372196073
573241974
1896460382
520960776
832173927
2591705860
3046078863
1346581551
3209351265
58894363
1079482474
818334447
1632882288
928697643
2050018027
2067836422
69073324
2285686041
1460182622
4131012080
2027532041
4239616939
3731062843
261343315
1361221907
1835785466
751922511
600650656
3680318920
2117791035
374342454
4068040647
3613074142
1929887949
3015186756
3116937127
2280603446
327949238
1235086527
3095553439
4153200456
2245285794
50995719
525042091
2063215972
3543899919
2358330750
2883097582
1166684891
4094463006
1038210734
2311458700
2897895152
4074672360
4164496596
1897774919
2398993362
1851615573
2581581148
2796654270
2416021794
4185998286
1481676891
4073733861
513419587
1036032472
1932041384
1731673237
2575525620
1442568389
2544815759
3591492828
3111292216
2270376428
253519112
529641454
2711146991
3035076359
333818895
2518655632
3416957240
3415567542
882949063
1233218668
586640971
3574087036
4155931993
971086714
3751433890
4153626497
3635908281
3731199711
1036061181
702696639
2997397275
2592209854
3037929227
3045784046
394007305
2392888143
48263664
4064366737
34057007
1357269999
1857650883
4209927201
990362984
782964179
2370251732
114541254
731684686
2955581292
1752793098
2066162924
1579723233
2800434445
3974912848
3167193521
3650025938
3204929438
1031836406
450404024
781528716
4289538035
23214134
2765098443
1927847002
1397579294
3084003400
1852950797
3202874819
3535045191
879911801
1866054197
4274456177
2020195750
2883506349
1332891115
2045371994
1520278091
168648970
1793163982
992317840
2948360790
2366447841
2390937891
2686653760
3135907178
1768821558
2578760982
3534863513
3970989400
1540819545
929171453
2116992292
3897771500
1054611321
3295349461
2583883225
1315556730
1776493614
3217112400
160349619
2426010165
955130377
1284552035
4080974623
2986456301
103276832
4215635524
1873364431
738335051
1503571868
593940405
990855428
4220714767
1011652394
4193728689
514714961
3939122480
3472284264
2644675680
2242501609
4185496270
2921694516
2417721753
1884044894
2156663877
1412516438
2449993052
3209379102
3574046571
779452176
2717447029
461825650
552327929
3989282010
2401748844
1071738202
617552706
688013523
3095619505
1399287724
3703437175
3204596706
1692655589
1344801198
15299638
464593970
1695089220
2782234969
903816515
3227722341
4189215378
521763607
4094083251
3825072175
1050007410
1966324100
379577710
1639479842
3045145000
3971855022
2858186739
1787393040
1144056284
1911207486
2828744653
1995412967
1696795339
943168591
2754003650
2579153718
1317482286
1129206848
2262222129
2810997563
2773476198
1972823018
1058328406
3436967881
4027766393
3757883949
3257836668
1594361740
2365201619
365183472
3284344973
1365307138
2921276222
395898438
3492654781
3095715251
3521435892
1146171486
2298982107
702368954
3210597770
3720947721
2263560432
1540882499
1768143050
3458461528
2254322941
2555059692
2872045444
3937098744
1237806976
3333340715
973887954
3384418115
370821403
2119292659
3620913933
1758559762
3912176445
2497988325
171533398
2002331088
1478707228
4097630273
1842163739
443319332
4050987615
3037739556
2449513803
2168066841
2523466930
1981067683
3107477450
3164662217
1632897641
488051298
2980454196
238158349
41430985
4240358228
3350185941
2082093528
3515426463
855054952
3207809707
1756913802
1027523562
639276513
194753315
3704330452
679325484
2446311742
4218289537
990428019
1733175586
149855152
2213133616
1376107397
4273017821
4099554916
4234428138
3127557563
473900654
354783782
3866140665
587958438
1616884643
1665920288
3551273448
888721628
3781466888
1906977270
211730541
1259782404
3550627132
1801554947
2041933233
2623534495
1141656410
2399805613
1722835889
3864089663
1710397920
1310386619
2348353923
3562373368
3172195162
347551616
268694479
