751681160
3601040147
1899559826
4066743529
706636906
3183035314
736568797
2505223048
2494402411
3237518958
970235541
4137305151
3970015441
3865426331
3448206596
765219581
232334695
2889528647
4260288337
844937418
923140026
378274921
204035659
1272781155
2345899624
1196957861
4052552165
4142458457
2391358458
1565076981
1785629114
352480529
3865167368
2623346282
3658540718
2343305335
2722748518
4169230731
2115460295
795290016
1085939183
2399599209
1829980870
1511761454
1350676338
713715489
4224459566
4070085230
930856213
182015708
2671959842
2193144376
1266223343
1313794961
745972459
2590118017
4102149817
2499074481
2277688774
2732017834
341041384
3911314795
4226451646
4259518282
305582274
85867707
2265463905
1888461530
2296147549
3822982796
2547368740
2296623602
1338481501
78346451
3832439879
2134081179
1245702391
896625458
1275991794
1824293864
510297358
2073651556
2672042087
1408106566
2904334057
187883238
832945609
805838662
1054805336
3460101203
2742721978
3127854482
1315448585
2663424787
1193919744
1056453821
1982530217
1681615826
4065348051
2261739741
820196410
1383339152
2494463098
528655243
3521637660
1172687838
177597028
3910748033
3515357273
1734448435
1767193714
2672877111
1903795554
3419373682
3700081881
2011583732
3610567577
1780894295
2566749512
480782368
2215750527
1280900708
615707424
2903317730
910433445
2825761238
3184157609
1217613548
1005102221
3961375332
1440020495
3726138164
565934288
2892098760
2666657575
2519228970
2773585910
3501115174
3185752374
1884932391
2562202619
1574217765
400926933
1878475099
741675775
512595169
957170908
2152906643
4111945182
3765612686
642750733
895696635
770133967
2574025893
4213159525
1035623503
2129807151
1672253225
3892416516
2457154846
3575773101
2084264120
702450695
1496004179
1584842437
1976474976
1679775036
2322712811
1877967992
4203792889
1073433224
3972963687
820748017
1859957053
1762965602
668511629
1219961128
3155836051
3212376494
2989826257
1880875561
1226745462
287803103
1358391452
1545195052
1226548757
2923736012
2291014535
912187932
1970939165
2017836929
2670131681
3156159152
2349818101
246874023
4160110878
2074210506
711510867
695457147
3501469962
1910957950
1203060908
3907627108
3285067723
3767417346
1863261336
1242620919
3429289570
1558220523
1371856531
481274773
1017274222
2587537960
2586662194
4014232348
773463718
989645502
1880958009
208830233
2451550435
1454848412
1859248181
3251693385
2715264474
2046546153
328218344
2618386495
100263641
1125075917
2018997219
2340940191
1882614168
1233529167
4281498705
3399950867
1660770655
3045065782
1131618283
1406096849
2332801709
1532702844
332773147
3857355541
2724356561
842867967
1471889144
3522391206
3375301616
4196830112
2070244227
967169737
2235065365
203638294
292170098
1709199206
2918209237
1754408001
3643033733
1633652544
749280947
3143791660
2044475412
68649923
399392250
143529838
4102927014
3167344979
3547970722
1394451205
130527628
411527445
3387192511
3583714787
4256134985
219333656
1558108318
1989384371
529357310
3656304355
2639856653
2551942674
1964373233
3372020687
866795667
1877147141
3189295183
4214114665
2207047084
1954241376
1585919419
315270266
3729185624
3584455422
283905186
1344689342
3997140427
3776639899
2156187767
1225301609
492763762
244260383
3036637900
184544208
2183320079
3085062166
2424903837
3219195148
607960849
1899982730
3066402505
2377886275
3382656485
2268091065
2826268529
3827968711
3461947831
1510738798
3670915207
164804836
3168481304
2074501324
3077786053
1785941503
2065962396
1657476361
319500834
403249269
1973434181
1458271624
109496706
2640143446
3125795597
3223800462
658207710
3594890165
2262462461
2662241333
2575670603
250224441
4144495394
3261658209
3136212269
4023929888
1731907634
133695193
3652900750
2499122313
331345698
1482967442
597314027
1649582272
3316205791
171372705
2073079466
268590113
4068590984
652049997
1967929326
1985780544
327405893
400884491
3214938817
1313765317
2549778812
342346101
2074198430
1728300686
519459266
2328247666
126079357
4269475651
1892433428
921667472
1243421292
4091024496
2484072225
3887073816
3815639465
3070541615
2378736158
2084915894
1149379583
2810066434
488192716
1109155282
3361286953
2685086492
3234430864
2037560692
826204836
2873983060
1099826746
4121496082
1890469907
1431603984
4107220361
411452804
372933405
1161924037
2674266331
237982945
2609603347
3576538960
713434999
3124329482
1394543234
1310552703
2183550227
2275868547
2908053018
3630284061
3381165079
1094560660
3608996430
2500615506
1370797279
1406494785
2958734307
377000238
220293515
2122535309
2026920531
1910248593
329036051
2220530835
507367845
1887067879
999841411
1401986591
1840286400
189374378
600478513
3377687730
4273902814
3671471908
2237626914
3575918932
171440272
2333084292
1911863179
1906026202
1623360358
14970540
142845647
3145779850
290400340
2785327409
741420973
2409695694
3495699889
3270594232
1001041962
1035459681
395581870
805308591
3981064255
4211289361
729343845
3450091497
2396132111
468598100
1106774246
4138421074
663615569
2363819438
3073223279
437779186
3826186422
2554730453
957004911
490597965
2370226232
4109964465
191867101
558515115
7259377
2377311012
3468557191
1996618209
2497340757
3472846862
76253405
568967269
3234006481
972925770
3254121596
3310898095
3614762849
1895968333
4200126334
153768157
1232586945
1342590794
3314162427
146945988
3955127418
4255148995
663844678
1735301171
400243697
1020407521
3552461270
1088042971
1563059568
2717377979
822538801
1586005383
3859341514
1577884213
3244688165
4230578773
3979078049
2076346857
230929044
2400033728
4260667136
953352313
3964330783
1866947753
3186874756
396564395
1007816302
1010561206
590742431
3629333319
1628147277
1718122793
678046967
1678086392
4005422080
3988543471
461660281
1305143215
353400768
1240544207
2401996347
13361916
4255174116
1984013365
692983632
3044608541
860904619
1454991017
1272088346
3069923277
232303692
3739194228
169464468
2376041
2112999310
434457223
2300473848
2476303267
2391882372
442633020
607845761
1529806684
33023210
467741906
1743126996
2000355263
3881415383
320341928
385311006
4245656990
1103379017
970895358
3476566395
2222426890
2222898124
2966077491
2076189638
3911499519
3815046060
3764349193
2569008445
2511475756
1869327869
3072499574
2810909406
2749095365
1877738910
246388774
808008069
3031278396
2627006666
3245263122
2049731442
1405053489
597178760
2255457363
3104451253
995377185
4190974224
872447368
1567633933
159399288
3694408224
2861102775
3989349998
2992338226
731316535
2589637886
4260132767
2775057542
383974529
1787215439
738943533
2662864145
2539136598
775782541
1414152688
3572047720
3946975275
2873131649
1622649394
175794292
898370010
2522469428
401935175
2188113082
4112059207
20369867
807404900
2703613708
3643835682
2081301120
1906502629
913591196
3699631393
2157993114
1168789260
3790145544
1790266126
929122326
64774285
2367909511
1591465447
1462744963
2494252503
907808183
2676473386
501174444
3793258553
1313458187
3773537111
3780808749
1043790177
84803761
125838877
1233760973
3043235472
3864783320
2955610323
3401777341
2517351233
1733863263
1065246283
2383714533
2886331367
4037650738
2002849466
1829549156
423668026
3352551300
270447067
4283781219
3044872390
3614536195
3392921989
1462549202
2800195974
1236811292
1972815453
1198573097
1701958778
2485370625
165757443
976857723
3156663012
2533343625
716970067
2339575720
4286084875
4202826222
1963505975
2264534871
1043307938
2790271772
2219366312
225316979
1403897392
2086230631
2483115133
3364773601
1818719309
544135122
47799397
613303334
3555882942
3009188354
3973038765
3842698176
2916071485
2163375818
1522939636
3430693290
2467345506
1682178283
1631395201
3883363072
4057320159
1176058352
3841826290
876549215
3000176136
2661908076
984880996
3585061536
670231522
2359534984
3626476350
2975764873
2204194369
964856303
1147646459
237721392
1417113331
471856613
3824684524
2947812753
3405993657
800785726
2834829011
2505099358
1048728280
3358575747
1296950388
126090877
2624148445
460824405
2165147483
962593139
799808198
1193110714
3566976095
3621571481
941323475
1270077310
3937878464
2536571469
2263602505
3987163687
597139984
1331856564
2280195569
3733624412
1361619488
935033443
3762270929
3323951248
262982999
4125270927
344337457
146917784
619879798
4112924948
1033151951
2903319123
3563763646
3738586728
2416261920
47310281
1593260041
2186827269
3950428426
2506167942
3766287918
3091424759
1357384276
1467137382
4267112743
3833658233
749699506
2967982166
3426300612
2706668443
3015396287
2231114608
3720664652
1973021893
100060153
3907501257
3757023964
699378625
1314508882
3745486034
3332334489
1035185763
2089670666
220506321
3842483281
544945776
2166049106
2656881459
3669484785
4222546108
1984434063
2702645138
2601897311
52716968
3451999416
3839650609
101787085
1228445103
2090691375
356582715
4162224691
2626096177
413878781
4010560240
1819263478
3482196218
1201979589
3166561236
1287647971
4065540000
3835591642
1612096288
2417114298
809942838
1525276352
2383909527
1475635981
521406042
1936461700
1413559638
819983443
2402475129
939810311
3147833989
1457703060
1078166616
3903392406
3999252559
2487940075
3578412244
4025204608
3522680025
4018763649
610837949
2586848405
1350157412
497982713
509904821
952954657
1842117072
859207270
934079644
23308520
59324270
2962974118
4071845884
4223267187
1598595627
2837894837
389606264
1931816118
1998965628
3426217736
2517898664
3174173779
2865825390
3586599147
4257066419
3002012236
2239621666
4052968834
1372798825
1528252136
900343495
2820945443
328548335
1167517008
4032236251
1557208407
154316410
3321572922
3112842267
265647227
2078768143
4135588470
2494913035
1163325826
3054580724
881611387
2438850497
2258650380
254805419
754140268
3187417576
2018745513
712366075
2377687580
507582181
1855724284
2045041019
2014002819
1602929400
2121481985
147508971
1926909516
3836697408
2504677638
1288457297
863479561
87533530
1040206474
1884347685
1896474855
3340849631
3845030271
34733099
3879107529
227004646
3073560916
1235235660
1324909017
2448698541
1464158275
3385100633
2099484798
957608417
3596023711
1275649790
1281902134
1780154344
1484898212
3184238015
2508369003
2584401180
254310228
865794458
4165479784
1714013114
244417244
1612971397
1104967725
1168680333
3342446693
562921124
3116857309
1784087384
1908217054
1057952205
1521811057
1907700187
1615742894
2273159992
2739114509
1609348463
2219615477
3247154414
14876530
1313306836
1691015904
809940835
2824988765
581843334
411743617
4293834448
4263690128
1889510769
261635290
3051836025
3870073690
3463999780
3080890841
2423493814
852610062
3299659841
1313461174
3140940039
3892444166
3614880230
1979549133
3838917659
199092671
3178509409
501864249
1990453636
696800521
3936772675
1239514500
1214715337
145012962
972881746
3306413942
4071142538
2561323897
