2955164790
2336924461
3113741988
3808343635
447431112
3606080939
4191888341
520442311
1996395471
270485781
1708662844
295286278
1342577131
3311757329
2891161238
2925228896
3611533352
3426617150
1149285009
3336688810
838324449
2081623754
3043165304
333950603
3533822350
2391380818
2177017651
1643147395
2423880177
3448480799
366905245
1680043126
2299093816
1681275950
1585949469
599118663
639208736
140236406
1862098064
1104560959
1480259746
1451160179
1560329202
985285877
887999115
841040659
2190225695
1221168463
1562161709
1919650016
4017178839
1812655521
3855695739
3722325623
4067762575
2422847520
1230583134
1468676172
1477630612
332778832
992793231
2452543634
304513277
3616745222
2136359364
2591635748
799851605
2554733082
3813350226
540192334
1083996991
3328928340
2252500574
2886747097
1248918705
1127215269
1354635801
1011580671
3900675996
454006199
2217351567
1911418534
2638471578
3797538522
1137781490
596258724
224078763
4222595351
2372736506
2975704192
3961268108
1442842921
2758804052
3476869522
326052463
206231744
626175241
851356671
993624222
2678362734
2458816635
2416124729
3020388844
3000309155
1490421184
3837658444
3985832399
537294401
2748901189
119902338
254241588
2423640845
4084948496
1333225663
1298950502
3674704665
1430533710
444024362
1502848536
2717972890
3195886525
1348350373
57025769
2891302440
690123373
1421379982
795161101
1746868042
4124505437
1643183366
1945971462
169398153
3091700556
630128979
2368588703
578223323
2960931317
4028084319
1295549845
3776905243
3041302056
570288440
3821996193
3289320016
3083619677
3461434349
1538851753
4033151107
473137143
158773270
1672541230
809295116
3534696844
844887941
2306656692
3398205654
1579836837
163178783
3371358490
53336250
4175722653
1119430852
3657566880
4193626869
366622637
320100396
437513887
956139323
3599735953
2939786362
215589381
1999464371
2312109817
4085465529
4122398502
3325959818
2114536455
4284948961
2216414489
2130090115
3584112615
54090075
3746538931
3166697396
1083520976
3921633714
1841215966
1419989690
1354937594
1904908776
1722210368
3451461707
2149540079
516831314
3226985437
538963218
2097885411
1126247960
1863016454
3819663660
1149053535
539299103
3934464150
1918887730
2194277956
939126262
2625616334
2461637602
1489201658
1153258082
4237690384
3245623372
2805069387
2359477978
1411923043
4160117738
2229700088
214403131
3779323820
2152724816
2866293318
662611304
264868923
4047478742
3142331046
94191349
3458227237
1297577938
1560337213
4203590772
4156393960
728689823
3375774086
2018008711
1625334539
2083754393
1543288827
1180776194
3777148867
820285086
3005929792
4173799258
4158683288
253899334
4021628234
4003972209
926625778
3757619734
2484215596
4275233352
44322134
2288770744
210112050
2299379258
2766351458
2746466276
3814181250
2779223462
3691800234
3150338803
495919369
2450871092
4122931973
536307540
1785516211
2324123854
1670079688
1425505429
3787848980
4125504407
3368476062
2679016159
1627282821
812779990
401330088
1086478970
3508233477
92955758
452558645
1912583078
3142270742
2898923348
2525652640
554542415
3960622159
3405214792
1582654249
1088281266
237538366
3414675533
1622433791
1385353976
343667907
2543004910
2479351242
2233443531
125629293
279578121
2393795076
3996013713
397897379
2968190015
1320160194
3717530858
3969404236
493052490
1439885073
2620975773
3095341948
3896112976
2834786382
162236825
1954533388
568456800
572756606
1569439265
4287017249
508349515
1381019177
713685824
360088241
3698500245
767154143
3977438083
2714830086
1545312665
3600053675
3354153364
340078480
3930696280
4014431832
2143663790
2733260424
3707241590
1092477028
437239684
305149675
2582875093
3097991104
3728886038
2579757366
3395036192
877668737
82849559
2458737801
933631885
3552365923
3833317989
1112591380
1422667280
1324864461
3024715349
2595762543
1380764107
630084489
3145448544
1830643620
2600518266
1041666987
4149891993
2039039331
1026117615
4104992371
2100998524
4174735817
1860110590
1450472143
3602883806
4047726249
3361724050
1756815295
2646019556
801415652
994910516
867895806
230456972
567670277
3766900673
93622607
3886329522
3631571793
19888599
3440063879
2136807891
696920191
3243189048
469019264
3036515431
4207743782
1888659601
2112346953
3864339012
2409287230
156847061
1591500657
374950509
1722182487
2628357607
2803271030
3216007954
3092148628
4092501197
2242512207
4226203617
1201199579
2194078976
2683583308
2171067404
2776048098
3137848425
2397807675
3973873397
4040169163
530515933
2132471750
3793934591
2053761452
1094717545
1375128185
384291581
1976766573
1447548173
1512985949
2449009133
2225583467
345063505
3328434818
73992847
1582674850
848072153
2574400944
1720813265
1920082488
701928203
938115887
4094438105
3989108978
1776124591
3459871476
1769745252
4181455954
4122113099
3648433882
755838578
2346030064
2519831580
4275322780
1042706854
1281561836
1777955850
1530288083
6920943
88531319
871836075
4068144944
1978319200
758426135
354807262
3606200119
606512722
2369020630
4055319703
4154625356
213243680
3046921792
3150140545
298900808
3130673611
2795789743
3901348178
2751450514
3113023970
1034695283
233776126
383649455
2429315151
3770212432
1054222709
361011943
697171979
1580398581
2239543850
863098607
741145730
1616456759
2876468859
2652742710
781719139
4001671304
770897645
2975832918
3090094501
259356086
4089282873
496812278
4038752757
3590264858
706498051
2659652787
3219080472
2471895072
1976296994
1738012859
3831636947
2148895867
241590317
3569151915
413692136
3605310951
2076388414
1581537350
863353766
3154494651
977139950
347883806
36780286
1128810305
2147582690
2131785042
2550097004
893462817
2206673704
4212304277
2511559582
1747447365
2330176288
1929199563
1361837947
2941307328
266880162
3665521902
2289076219
998862543
3238639996
3284733151
1374396989
30604392
2128719514
3169289201
2576225590
1606590146
1792761968
838781187
1753661960
2295282245
3811084610
2691892784
3491829590
1838764280
2236020587
3450248365
2823571558
1401721210
3321482057
1471344322
848026052
1760151141
2821743478
4166738635
376425243
1815517709
603716078
3468468797
2968557614
285895989
1920433258
2148853582
156769349
1165973806
2253647045
728774526
198223327
2459019249
3994014582
2324058084
3227779042
4179953906
4267416625
271762005
1493925254
3786332637
2876023249
4091718972
1684070265
3005363630
1079019072
660950362
3714784460
36464443
2994275788
1237937461
4199591563
263542137
2794166170
1049384913
2778805299
2525513694
3130407345
1650516327
1707101730
3137060080
3567423121
3544841065
3686758755
3572078888
1058314270
336956200
4136927923
3464631624
1907051746
1394265874
1919221590
3049506217
2602834466
2988759514
3744895501
3442937700
2288341010
715656074
4223482129
757533214
1210031715
1088272190
4111920910
3017252663
1154947438
2999219632
1831329820
2324567403
3226135396
725176996
2642496435
3990149533
3302357318
4022799011
2237754365
940024809
930211986
1762431593
3383151978
1923558073
4239319597
2420249317
1143961559
2875419560
2832993153
4258286113
1536283553
4198434560
1243326190
1277818496
857453419
4136731945
2398399910
1557852371
507863818
3500751483
1414591310
3001673632
377115571
3070183311
3668698077
3786279799
2878458048
3554490894
1468416652
3101133380
3405932134
1778485800
1925048367
2671152192
1627338839
3783028703
3545368233
1192752592
2684839295
2423609196
51784833
3499985085
464779390
3397711937
272851588
202616131
2951690534
3046067280
3149859968
1259344846
416719561
2228316250
429907348
2746354011
2193818460
2848871771
84004551
1793802452
2720758400
572663068
1311606818
2855938034
3606920691
3151615138
3896327099
2405782640
1301553858
2636069441
972813561
2339427110
2357502705
3256150865
223645437
2523164161
984298922
290052795
561688515
1005981151
2790774718
1825504603
530081002
692201421
159816019
2527667405
1990439047
1165318268
114198752
3637481693
2613704878
4266875024
1016482671
860360829
1801912509
63937866
3142287632
2634587041
1126247909
1184018480
236521406
1462319996
531654440
392496211
2907084120
2107583524
3280255573
3367506750
3782530988
1771761948
206957402
3630300624
1273057301
2957401973
905038221
441082662
732558332
2656314584
176288955
1528852462
764882058
3895410136
3063961947
1608572109
2232270952
3277432037
3897291015
925432461
4037896553
2466537985
1430613169
334526463
3859115096
4156482170
4120452029
1305401618
546756223
2035926978
207998928
1843082337
3289676748
3344171289
3288712552
3959064080
3860191594
1434296469
1920455476
4271208779
3343822182
3124348395
3675278464
2800148965
1638078901
3800599557
4096174923
221942859
3708775966
48540424
1425058307
2408426212
3143084658
1649806184
3027219500
3510580856
3195694995
1196974533
2989055945
3019551927
622915809
164980579
2380221060
3991887489
1107333902
375671322
1925687472
3236453387
1999121915
551987274
3656904170
3983107942
1626224024
2886573897
4191469583
4282614900
590231467
3956798098
924318685
1939382190
3212839259
4032843414
1810163230
2690407158
1352265017
6553250
1231237747
2610782436
218979992
867800261
345350650
3779744988
3456714295
2673294879
257679373
1254951456
3588403012
744618011
3110541383
387385556
3545238841
2894440582
1835679343
2997154435
1808985984
180908011
1859485210
1775696591
1862075538
678347503
3630058184
3966181396
930155916
1944291678
1392785920
2989320613
2474760135
270050850
1428213255
2520183384
1066515287
1493835228
2500363874
1137173953
3592477974
721056406
1248735214
4210171141
2345523987
1432345497
151183018
1254175729
694952925
1418548207
282738927
1199007594
1582877513
2341641068
3107482316
66227256
2300245107
3079908723
3131647615
1790559699
4144894319
160679499
107897214
2708276646
3806817296
42419316
3830385349
3020447441
1220121103
3319506531
806223852
361899573
3029093092
60635008
93713556
1156177128
333282566
1770176411
475784457
214669706
924594825
3772547436
2530344062
3156560941
3726530144
2236694932
3225074634
1682023869
266492171
492631625
2930348747
1914255418
3129717455
645746446
3087948086
2780210652
221142712
2894989252
979482542
3743814076
4108563248
2287220119
1012588628
1316791091
6524063
3519320365
1544325138
2845508535
1833559810
1417823586
2074989215
520707593
3209578677
409638555
1698941100
1443754859
586074073
3121529511
2971153831
3251832935
1853296548
2736504695
1447290988
243896319
2793729576
593087268
1478424439
295557434
3468115585
2081555746
1889449911
721963067
792890462
551913433
1687985853
933482115
3588677708
664107876
3130204392
98247132
2041410893
2003061638
1629528799
2869498402
3902080974
2003162949
3804852153
1606862377
1355182413
2188996909
1534431419
2103019065
2256818712
3070818818
1205609820
3410215778
1928549171
1086033707
1835774019
695351385
683936284
1732268472
369738727
814804874
733164353
2466324145
3747393839
2675877376
2231772948
4016972816
1016856735
2067874436
1707982817
