3354957770
260281179
623093649
96136840
1074682902
3992732885
1537636366
1570981725
3784276438
4145527874
2366659473
2276240177
2268302167
3715105072
1180715971
662364455
2552559327
114668047
870945638
4133556599
4290183379
802575306
2034874469
2453436566
2652607083
265571145
1029425685
2063369547
937135991
2271144694
2557623976
3997554154
276209041
3623681908
1961316453
1525443594
2934826446
4138365802
4002649937
3739859722
3168781493
3932440300
3994561430
3881517010
3713615190
3735935155
495138914
1258992361
359435598
3830535421
2129888207
2851661810
2851139181
2403198789
2483091269
2314468692
4159097772
1866548907
344716137
3086016491
449276421
2273427196
1683658724
1231656805
2997146877
1821267991
848630280
3652003866
3897248440
3539038691
1880677582
516358439
3660817357
2402641429
4156217429
856752730
2510569641
643317820
1079350256
3816019129
1934340786
1357171305
2911872304
677888893
838622378
1096327800
2451856641
2331951365
2280500218
1623132399
2364899131
91386775
3779781655
2368613339
395283751
3776384260
2374284966
573259021
547303021
2093651396
341944518
2684499975
778460988
1714435754
1242409795
3810904663
729421987
2782530629
1905384725
1681300882
1534172545
3189511183
3507917703
287188804
595419445
3552124728
900323462
430449210
794717589
3758272054
232006534
1411443402
4197996893
3230174451
1931833874
2240178762
974035526
4114336519
1089948049
79099441
1215469547
111033488
1608420260
217926167
1828084986
1101347268
4097267911
3003449408
903784789
2684870138
2172674210
4195165986
3626045196
1401294252
3709955524
4150765597
2274763877
288759381
3773054931
2572688146
2008332796
2941376152
1502255173
2599060223
3144858417
2201234324
2318526908
1928704969
3855771613
3034031105
1589611508
2317999446
2341188325
3600360593
1889039608
2946223733
2088146116
450525113
2361210401
2551878325
3889061409
1031787511
1917443641
1294398768
496766872
3554531682
4243423079
1379802047
2048786483
2738184732
1334122964
1646829172
2533703853
260691658
4130612883
459171137
2659338531
2876111002
3242297726
3185621164
3509647176
419695104
1627883910
874630775
3291381313
3065440999
3436503803
3471298657
2069864618
405369079
4209211758
4248811103
4151486871
660398545
610173371
3930524289
1388385390
2853535037
87344548
2201418344
2421634409
1761091286
3051897301
1416759496
1537175875
594827448
1118184367
1432103309
2766215493
4264460756
107850008
3607950142
3940679328
2828972725
2381257699
3028533852
901981546
2782140648
3078310843
1866562151
1710421457
2194441635
2839381619
3599925152
3337706508
3307934442
2778056607
3872542587
1532630687
1351416221
762328709
440030870
3502044525
988266461
1875693920
3226586119
2925567314
481734868
723524613
909377917
3421247845
300924131
3290644141
3774889719
436822728
1763494091
2464084793
1338180793
3308484934
1650064718
192125806
3074202391
2359163187
2695428589
3420150387
787748714
3989293284
141071189
1591225720
1390655562
250245477
1748265291
846394889
2030772123
3449416004
3811692857
618296808
2553422787
3641587488
1225449458
3411254598
997598211
3192544293
738867652
2731062359
2119683363
3656630164
3964914696
1554417559
548350017
3398249604
744000549
3148150927
873614608
894893315
3561382566
349982201
1077687121
3596798344
676277513
33273200
1401673305
1080304039
2676723646
695858205
2417446723
1856664646
2980045264
3476756652
3488729935
657107921
3273244729
37619354
1166481614
1166532493
604608044
1924458863
1138018505
299041025
3497951144
1404834201
2585521733
1007391333
3676574186
2918328058
3442739164
2165611096
1708514579
408528258
1437681886
4177812775
2552163286
2781513133
977437135
2999859266
69296493
704039791
3564978805
1140735282
2144482557
1726941308
634953633
3736689724
1085489466
2558074461
3568745225
3139959316
1458453505
4070705317
3445612004
1212213242
346154725
1224135928
2592200887
2814534012
2851638179
2641757012
2540732264
3432736946
799982496
310672509
3767136924
1357866781
3658184886
554933840
1256400553
3599586243
2471306853
1948165603
1135735104
4062745992
2008091437
1491346343
696278941
368927595
1919850287
4250617003
4078473615
3466175587
2499188914
2573071343
2587776193
743407207
4188868244
2806662297
1548098582
1905923198
2638068545
2436112847
195401441
2807837275
8584708
956508369
1847303881
2900861149
4203717945
2879328357
4273140692
3541486531
2920899154
746448942
3753007066
1827619075
1542597134
624859232
3031852062
2681328683
664667880
1869525723
3997883080
836931537
3487147829
1979225063
4002081560
1587767358
3402282482
2883454662
1749688832
897255722
2279625689
675598860
2366010362
2160191435
4286475355
3697679218
341694751
3547831068
1599099518
3115586606
3778547044
3255954087
2513258638
1512914016
64934653
3165299875
1819729226
1241878592
3366329669
18049281
2749095704
2378593689
1058561313
4061733046
1211980931
1537848831
1837114534
2712450333
795633512
1685969518
2496331697
438609093
2676657575
3438882759
1700469328
1508516662
1633573950
100618838
322224963
542282067
1077079463
3237458069
1189552126
828269334
3294978233
564277192
4027231901
594995661
3632854464
1513836847
2760844473
1259318907
2089789655
1831522802
641817787
536205066
2140546011
2275510393
409952723
2896458931
513309861
1431361389
2926973604
3786109971
1370179882
832287120
3454860169
1848468060
4230813371
2033966421
3047959653
3766399779
864077084
3995691248
4291870542
3151417894
3375047621
260159217
2353409333
1708444687
1506528116
2865535033
303429281
1651935965
998141021
1191790059
3308636723
3699975040
3431738486
3908783040
3446411832
583798452
3808080211
340453954
1761401101
3002991352
1298720896
4110423929
3907584138
1100682951
34836218
2073461433
462124236
2357881813
16614563
293023000
1528992958
1218287943
1698839148
2577126797
2312644435
2012939583
3991104080
4263515329
463138330
2844686348
618962284
2281539835
1201531049
201669575
1077490966
1176531122
3100799571
1005450195
2409932347
661129427
4060355807
1964994248
1126603817
1234868024
231293662
1767643953
2795418342
3018970214
2415221081
854039977
2212969575
1638702999
836041748
573486405
630581766
3793824907
2440904365
3847007796
3396938054
1377214784
3949602175
3419401284
1300089962
3625456082
412488588
173052602
262405944
4217754507
1353134319
151740926
3665526698
4159058935
267639894
561011097
606919305
2982689665
2298453814
1528371641
553714133
1615164997
3085893522
1662365359
242960826
2593089133
2774583407
598549151
4188116112
544254085
41217794
2182175744
858846815
762461864
755706502
2259357649
2128268108
1633902057
3433034862
2715437489
3772301447
1072532415
940446003
1406212891
2792247403
3234561161
2451288862
4161789466
283848549
2039700929
3063946008
2729509759
1899508622
163613651
2935563335
326056853
2476278458
710838982
1739772855
3464713995
602780561
346969966
1890939732
3881986505
3763321224
2839497917
2699695033
3973100873
1683854582
2764906938
4210088389
1455748805
2976002982
3774756748
1413916060
3082515264
538302373
2847626129
3132852517
1617289759
1550981791
1357998996
2570100998
3543936632
2053500319
718305540
3400180635
3901093503
1166166534
4031017454
2574876434
827232723
294131760
1009867255
1189491882
1192728397
1120248276
62150083
139818789
2573219144
4165455447
264114812
2691939492
1485143559
1366559982
1183085375
79861455
4201647236
3662376978
2738537613
3543680980
54561907
3319537050
2518085444
611764192
2668668314
520080801
2227666214
3774043677
4170228329
3506359088
2212211344
142412509
2664080326
2003353715
782608839
1778670249
2903147524
3555278521
560842948
1704926591
2685534988
3471170850
1290453841
1173280888
2026516826
3555741107
1396056921
3046288213
2394714147
2152572011
4201943942
2920349257
2715775735
1449724609
55287254
1325355299
2304217082
2058105162
4184282824
435576336
435882941
2003977415
241804504
1913483586
3535574328
317550180
3974838092
208834746
2511328977
2392460086
1326879771
4122871888
584960053
2814298225
3836857136
3173822570
4231095037
2362650976
3321340026
3519727439
2145721139
3515488038
98931310
2085394805
4162255394
2031710905
1126715008
3906008983
2121328178
1575463595
703174617
3114210873
3779578173
3370624675
3495694974
344178037
4242587995
3925376980
1465421951
2245413329
4064060830
16520925
1483526462
915478362
2860289908
1292938406
3820530041
1265134528
40924570
3071333712
489498164
2999861827
2496710752
3643664905
918320762
1352100554
2451297799
4177906495
1598588944
2984762907
462076549
2311359204
2229537091
2633543511
4132645190
717260865
1171642564
2003143514
3281957450
3592911761
2234748345
237555130
211632694
1051702822
2039197171
3423509190
1089985795
4154456659
2335245150
4002926822
2867882815
1156785948
2232521831
3491855137
2686214554
564802096
2678925913
1151553448
2957401481
2151009341
703679109
3313999116
1015617502
3656083943
3353789946
4188127866
3732465121
789684509
3861668211
656240124
176224983
3843032781
3861482110
282780509
1575347745
4175962416
3346679939
3053839185
2209155486
2272750792
622456038
4124976748
1828175096
284314360
1578489267
3169137095
3261387655
1038190269
40679140
2517326982
3569156158
3422706444
689061
3767803190
2666259187
2724681615
2196034351
1633281470
806797415
1528190646
728099924
473856716
585066390
1336247265
529050422
2331116396
1308390670
1924891549
1766096492
2786531365
3968824893
11519147
201223857
4159353795
1105102390
786896533
3774303616
3215153934
1196794634
674901761
3283936329
777561459
168146459
2463676023
2626775151
4275414065
1040826677
3072211244
4185418666
2371314570
1502494611
2045560573
1222517001
2672453753
1794703803
3052190607
3211435879
493622352
2666378825
591020680
3186497964
2592063552
29142146
953679625
2302794018
281580509
4100498977
1322195756
331063635
567294642
4057465981
2644112039
3851477452
985093986
2297832300
739749168
1943945138
2553449794
2087700233
1690026558
2421856767
2428905499
3166256143
3194389875
100999756
3756724172
3452103454
287139665
3382055140
4219065592
4242012122
3303827658
829077436
1510302943
3123242674
2360542455
2418879426
2576868855
3571682741
3527294581
3244775666
2399316025
2928560619
320400890
3187368271
2374884676
1154554068
4241699646
398925767
865792678
1581239958
636593374
4106291293
696615928
2529924658
888018452
39666698
122957204
572444202
4232977481
2835837161
3321144316
3548982851
1614533958
1876874828
306565331
3863402127
88136649
2139084791
2989560095
949084263
2484240788
2736241466
1890266131
1071457713
1204593648
1721475865
2059647149
2033408838
328506391
4226614731
2202238400
2779598809
703668366
2056599131
1562510040
2097562606
1794975989
42269250
479075591
1182733333
3288819922
3228617665
3238325893
608634233
3050330894
2252968050
3897628270
1953391720
4047120430
436964251
1719977900
1798566132
3457161535
2793741311
3222835891
1075265240
3528446072
2667581915
4163311274
1356950178
2273683088
1048683172
2670594344
3841366273
1238283894
