2539378516
1782225622
1444852288
839356288
3627511940
738365325
4013632527
2569397569
1514781804
2558667265
2166232083
1809327989
780648480
357875837
4205712359
4061551488
1151078252
2880334256
2895825589
3935050838
963498675
1532163754
2207160440
2235318637
3226746218
594685891
1663234837
3745742436
3115590481
2207720929
1796293294
3936639903
2893830563
1148487059
2427828430
380364675
605872749
2140375183
2007159857
3837377040
2473371457
4066923573
892788866
2112890360
1756179699
3578062923
2176686114
1527793167
1060541123
3060192516
870291024
691523276
1012087166
2495996571
3444060049
2212547163
2389654676
745764645
1745017719
67269492
1035926193
2831756958
2477158334
486490481
3231043364
4193379850
2751999894
4119220301
1745498354
503255794
964979144
395478097
2277647291
776539019
1837383433
2285913108
513593152
3616168555
2731044061
1940556608
2349302921
274250239
3751422468
1030342132
1541008358
2285838356
3256877170
1597737122
3038118011
3110595889
2982611459
90011968
40921421
2994382388
1541835183
2083440285
968386348
1740040105
3737016288
1452276673
2592644551
3397079876
3552259099
346832493
4245282096
3319243525
235902446
1388801539
3607137417
2246086574
2129431516
1305004855
406262835
3367329805
972698063
628744221
1838575554
4020123446
2528992382
453637408
4093525489
835040371
1934160345
1528055478
3347061549
817220374
1132326983
3428039685
3742806748
3189941384
247258736
960592761
2720859711
4056650526
1338098701
1644207982
672978006
1953461021
1645899557
1778775670
4074362151
1551951139
1649573475
4046762876
612409026
2399841962
1469789211
3400013993
2014875296
1978990083
3944935948
3150470854
2934536813
2758650088
3567140469
2703614206
51070170
1813805332
3708838948
1626847378
3301920298
3781554934
3158866966
3365086198
2562223003
3650219756
406374965
3408355945
2442269684
264687470
926045020
114952280
3822618209
1392709405
2090430098
3731612688
414716372
79510139
1733597116
3967781571
3825661673
3490589910
717029439
3262198096
1249034584
2744347562
3723091410
3465702978
2466513240
2529752609
1782170910
337680605
3537634975
571177341
2892402559
1972672416
990424100
3830914063
2460914698
385491122
1562314573
3055555487
2367693405
2879078631
3322462273
152069805
3905136380
1990571340
4203954492
3165824304
4095520837
2640977345
1161780950
3643001273
2064369793
3868652100
3733210142
3904035578
2312746708
3791067630
4219386862
4200335248
215649941
2476641916
3471010205
822941131
2006023489
1735603433
985752259
2301248857
650361766
1755118057
4105588182
2493946911
2871510234
3418168625
4234188024
3308824462
1593079496
1112156933
3551857923
2873151950
1533931738
3819612030
1347850095
3832145003
1996687493
3135984732
3763676795
3776593470
1753479227
1037887762
179020949
3875314321
1186267622
2355817334
777762936
2567798571
4228069611
650040822
2500954856
2177575346
1417221268
902319571
973506119
3971239937
323325442
2424948862
3363410458
2569717575
852595305
943531454
322393695
2706854601
4014605761
1242884950
679584690
40174557
118510207
4116653893
123445434
3572684768
768503092
1320065345
1444078954
3215139764
2627487049
188537248
1488036498
2981306749
3566932474
3957866221
2410186821
765519230
2207466189
4015831359
1695089254
2392215928
3920474143
1002152498
33238159
3635318745
2363914466
1959912988
613118770
3183421437
2427975814
2495477963
2822034316
1481935390
2156981879
8761250
3165096917
1818456336
797637745
1258978303
4138651366
3472215458
3358320328
3632623785
4115202459
2591051380
3148816468
616047118
99089208
2562222838
3307525020
3705885411
690515074
2202883734
1114110242
3383039717
491249595
3970690226
1881157644
1870846041
2332222281
3645598205
399094658
1884950261
1717848359
283449814
2264095115
1001011550
976469017
2089159476
3950720003
725886844
1527070952
2530931972
4106337852
876569154
3341654139
2728571309
905960474
3672960555
901648518
2092651469
4131482514
388861450
3467112216
1824268305
3651382449
4215206857
512188157
1767477767
652646815
1240052958
2619082338
3220512084
2666566842
1198451921
1160579396
3338704665
375086614
2992411386
1095021709
1344846984
3061586614
2547909430
2935715439
1275536105
3334944560
504774287
1309897351
76259050
3408514005
1851551299
3344377194
564668469
498259166
587923333
2010664904
1742601038
2250322055
2873024832
2578236448
1932477325
1940674159
796723414
1079447577
3020956125
2141271452
3027400778
1957955908
2021686695
760354374
1510755044
2062432309
134609887
3741570751
853042065
1168966681
773217167
3388909078
2347149877
1284057172
2204464955
3718827785
236016590
124539489
1809217954
3579185920
2989702291
2973706651
1519700961
599267370
2784326680
641082210
3887477276
2261505044
1689620499
3684059304
2103239381
2194441738
317751587
359024690
1534366847
2923281218
2736243056
1650452895
872276052
595592556
3840210306
365595170
1200469838
1315574843
2948381802
3766206029
2137883502
914579460
3980627644
4138664144
2363258469
2727593917
2676674655
3007945022
72019615
884677670
148059411
3381776177
719836150
1210263095
2256135028
2292880386
3500447657
3126306138
2302668981
2649232539
3615341239
1521003464
1909649782
2992500374
1901164868
2484510904
3687040868
2746494644
3993085432
2279863358
2999558667
2067455695
1722288204
3380176334
2467482679
456534929
558446994
1831148196
986588671
2649088026
1532316645
2266129008
2411080733
2321391295
2018587103
758162983
2220113298
2782419056
4246986654
1178143727
444884493
2256373711
175861715
4180765822
1247344255
3216822219
2272535075
1286765734
3999962402
2368621441
2693636801
720873685
723683726
1009923686
630186825
1129619418
1914794530
1700725316
2496734448
3134357923
1742563960
4131219735
2307363670
3183337711
2094312687
1567881949
1027637348
1473879925
2659642338
3250225826
692687946
3634141714
1156254907
3844610912
2813623988
432817264
3654111938
2509887153
50068127
1843888284
2073359191
2206715258
3774863306
2778737125
1660941250
526901544
1439253282
2092760524
3326282467
1475351971
2025771249
3474204985
3020680869
2423145165
407903750
1339022933
1853164512
4289876870
3628968403
2248669853
698427810
3159530386
2067590068
375869612
2267145799
3685091962
2691218874
507473959
3177439949
92868281
1365593220
3425184809
1465290103
2652537466
1037742008
3414724200
3181560490
4184035483
2840038392
3577776441
1966513548
699380340
416653087
1768928509
910376794
3806830105
2899440552
3260833973
3256099938
692872770
2969836703
3344647979
1539586598
1156739271
730018742
3846179919
3359036038
1399566809
525897969
2255034384
144676388
1158433702
2623201321
2003012985
2181518722
2753440325
3666192795
1288352785
1273630750
1279932890
2797633428
1248249474
2946730850
2535751767
3338231158
51172165
52764064
2329629475
3288059644
2687434048
90722992
1900018788
2213757377
3764288694
3401254294
146199950
3344600763
2191770652
4023648898
1734838910
1436308002
588552282
56702986
1174867165
2343355852
3271187461
3547371577
2063806408
3747575302
4068384572
3525222658
623944572
3065031731
2437969758
3172664988
3792284458
3142446382
963293125
363620748
1719721339
569148689
523046009
2263009243
1350398958
1919049115
1766447113
2730926789
38831789
797476190
1334856410
822093753
2150372043
1237599441
3098481080
3748390886
3248236201
3031736681
697608161
1774695999
509312124
2427780935
1797274479
3335293333
1762613094
2835396853
2889843931
1327417653
744258877
65414678
2004854311
2587920418
3661959922
535411484
2870839326
2387426582
440154326
1958215459
3177742135
3205774844
2301180016
2259356171
519536630
3602004834
2343582223
2494268173
4016328122
897891382
3953122895
1557674415
1219823575
2523731353
2608580681
3323708084
4162827583
502604989
1388264346
3752341399
1522656187
941793684
1842634088
637596630
3329082350
1639081877
3375761191
931435657
2913009122
1490204939
2086977378
2677249547
3500968148
843678692
1798231036
3398374606
3893652675
2074996601
3362467771
3255282758
3237498749
4038453581
3591217716
776130934
811662181
1650262305
3298215609
1866529295
469828027
3791465202
4066799487
3460176147
1563880571
4089850627
560140145
3397479313
894363876
3563913029
2605122435
912647529
2345841623
1525322801
3399185650
2051218989
2297250040
2829173519
2428942707
3978828640
1709118931
755952634
1542138273
4212808805
3951640452
823024619
2909798860
657647751
3740044456
2900151402
1171627763
693627640
934427581
3855212877
3547107001
1891069472
1304097929
3448212251
851046927
574220761
4054845417
2020460847
3830116960
161230837
2148776741
127622743
532115476
1998436875
2039780017
3358336610
1706140983
2621864593
3745831576
3154106459
2880334823
812182510
3269301075
1143729614
1006578567
1150814921
1585789104
44571334
112980239
1548352228
857138925
2013335420
202022984
3864672384
2942092431
798958508
3269416286
497185653
3819164603
344480782
1730654180
3183684510
815265475
1704432973
1333923029
4052221648
2848316027
727717234
2573631588
1625439139
2414212541
3475818805
1423159048
3354335018
3050830042
4270895249
3681609445
3430185162
4037639769
1522485466
3010069131
3912451355
987099856
2994068008
2751388145
1087629213
2457157292
2783320978
344260072
1147169233
2460161306
41254959
2693983498
4023384639
1164679090
681028322
3685801209
3472891230
3030664853
2129332302
1968968191
1210710588
1327554
4221347931
2351376173
1116845864
1613126824
722332146
2287695881
3990777556
1659997791
219146317
2448472831
2942433016
1435264493
2653221580
1576722780
3903910356
2657253207
2097928795
690882978
3189623576
1230280623
2584171740
1521106044
298184795
3773086717
1491053962
2026846865
1713950786
1606435244
3615242338
2358236001
3484272819
4135486164
660740446
1112241899
2296217953
1108606862
2649132911
403118503
1003392181
4172608204
1898633223
2119297689
2179367025
3541771619
2317074679
1250420214
3311828860
3427408058
4265181712
2708566639
4261429158
444035081
829694800
2729326564
444752992
3766602035
2811784525
3083352706
1217499545
3306593016
1341157996
1747086587
46748723
3184932318
2680808272
3623122679
534688509
2428125004
3291226705
1886715849
989012570
108889082
3939525982
1905086538
2763441633
3511677093
1092309341
2658507204
386255108
3635837084
1010851934
121290334
3064545220
1406140118
846065848
2793321546
518992571
351982887
2465674155
1472995823
3299317223
145126112
2216084227
715227587
2451954282
457813443
3554858766
2623024878
4101166448
2170091532
926500247
2638091604
3355450722
1260821466
708794375
2943243869
2407783853
3453913635
2389741025
4172775916
1846257107
3107014591
1938425976
2940387071
2130727689
4129165300
2143937938
555679634
3355388080
499838238
10585057
692895994
3579512335
104338507
2325554130
1758466478
3746478465
3515870540
2802521073
1347067763
3329774787
2035791434
2770221282
3057623046
1554044897
1095825913
4176310318
3479211856
1906938489
1493461990
1811278087
2343871927
1394749289
852549612
2363596407
1975446566
2227000448
2165975921
4046032345
