2828706269
4046729907
2080089067
1931830020
320864978
925261548
2976343233
3204210234
3927097715
4260115426
263281875
1165186549
2919602262
3355934353
1266828007
2389807270
4038477208
2928245202
3918990397
1228476045
2871850066
418054020
3839529297
796148468
3841664636
486283184
1013184074
2213431221
338607895
1717770182
2582388592
502239672
3088060396
2210810950
1014862243
2409274305
3336321188
2767327404
3545022261
2204542562
429739167
3243769411
2481900623
3054650746
4136149096
401943936
1735525494
3215988290
1029505553
2742102725
4048204654
968904322
1838045912
3955781994
2642128452
928121159
2408596974
3486078942
763055508
3303535355
1482428367
1874027618
1532113531
668427156
4225351620
3462983727
4103038763
2073013475
1617881772
423513884
2449004656
3966286501
2086375090
776781923
192399579
2854964177
437903499
351042444
2908482913
761068620
3734663225
2159816938
2426822905
1128578586
3179600302
349263759
1255264514
4038506802
2174113240
3975271345
2034145925
2853749849
2273060422
3936223803
2216685448
2859648908
840567417
1321914603
2635138907
1598153635
1126027904
223530096
565227893
758580371
3719142416
1331712400
2052785845
2695770855
2155089405
1479674304
857725992
1148043837
459250449
2624445914
2981748369
3195846318
1731963993
2311158044
1595086805
1815213329
780809146
378453206
1644409908
3334939145
784785163
2878543714
2298155184
475075887
991409918
2611584535
1134371519
1378183736
40470052
4196282989
1506552586
3645841761
1336392824
262968315
807891645
1706028103
3266155686
1698472449
1805988148
2169226042
801510631
767883931
682274300
812078498
935628075
122927850
49808044
1081906772
1415089071
1918369292
3931049836
3959858839
1672174373
1886924289
1359318378
1557587211
150546879
4024002147
2018243815
3127149534
892065942
2331905126
3601896315
680740193
173366737
285899585
68793859
2031369502
2353587997
628691273
3175612614
3916907511
1579452744
1510079068
123281903
779705877
3238485027
2756132205
2552103259
2144539111
820185146
1023293021
2598984397
3869455515
3762004079
1526830379
1525747793
3225549314
2689737262
148015734
2127965197
1665571848
1723310611
2490596746
4208168402
2028909268
3114987590
431251936
36804704
611414855
4176663602
391285913
2553955849
1336381669
3921084637
2689003678
3029009268
444244989
2015473259
3518862767
3989951378
3486405126
2853469129
2007247566
1617987018
3401021600
2963452599
3858792081
1460377811
1360891755
2308008736
1404571066
367771660
4238957079
2745734366
3943181678
2542188588
4179997971
254916085
68092077
1645704104
1021340996
448713823
414723831
52411294
474384876
1510887640
383531726
4234939461
2460798946
1028497199
3131212922
576635549
843027955
2952656986
2928419335
2626999106
2924948286
1431261773
1283940342
420238598
1082073968
85226402
1431764309
2172772578
3267193351
2605736571
2287408949
418042154
1733018633
4078018645
1283443191
2104878186
356734792
3801998715
2887665996
4286726271
1806185318
4001529957
31087677
667224190
3824578919
1805843321
4104015763
1088673096
2534366284
1334880397
3230223510
3228286321
2203632776
2081795205
1894279765
1204341036
3844411477
3818235098
3051120833
2235003428
2252594322
1882323774
1163462728
3877069096
3322743518
2852015132
3283794656
3379081250
1154872439
1475872978
203325576
905836561
4264961556
204344356
3758646320
1129260176
3820092805
2258353451
3283014655
3471440074
1226579179
41833431
596441447
1495722055
203983020
2714714476
710244463
956227270
511794546
2728448045
3103652480
1777693385
1835475842
98238566
4195010940
3663053258
147917382
2263499191
3728793400
2669877351
2476644660
3373826727
3388121829
4169234463
3417129984
3702747558
3762031051
1761708122
1723704491
3504927398
2762507212
3633428552
1581559233
3624321740
3521993441
879374167
2007341383
4195865504
2306661302
2948881759
1003638514
3894480957
1153660325
527486148
2582164201
2963919855
3729009966
2696232836
1591743597
859314223
976028658
2159227564
836572532
303990659
1247982984
1090256517
1069061045
1178989317
1437097066
3766986705
1156171521
757250576
4074589791
2331733055
2912041581
3736257774
1231348274
3673037547
3915984744
2258463915
3085642911
3085109795
4014704025
1970933995
2580706522
2811919199
4279064608
20363549
1211420927
1069227649
1538275869
1852649577
2133621865
2121637611
329254109
2898193656
2866922733
2181741404
3388777147
923754818
3907998092
1925392436
164720275
4260675530
580965558
2540872112
141579146
1221897616
1407282202
2478519388
1683659866
1303444117
3761686523
2650414852
789744907
3111031409
1230705633
3924416283
3685664106
23250862
3538619441
744068481
2305650622
647850340
3510094545
1925363891
1735176114
6938890
2122432881
1533958871
3948904779
4282879233
394131186
2186963762
1405668751
1752461574
3895126780
1080983752
2239824957
263601139
1839813655
3065993453
1179763884
571737470
4115675539
899610024
971884529
2321027917
3826843375
800856955
1947243402
3469770549
2426405617
3043636858
3956656082
1274143259
729501600
2851098684
2781022843
2312754830
3800495635
2609205500
1393994752
3036776186
3937207275
936478961
2699020883
2412917184
3892937160
1257707840
680666907
3828917684
1186175118
4068802448
2375391394
2547678358
368816107
2415646672
1381516769
362085278
3925528782
2002388508
1328894013
2859556617
1187133576
311020212
3898374936
1730309253
971186104
1198898316
209173705
861820375
2230100960
3046431263
521321549
1178149435
1766207100
223375287
2462601272
1374895436
1376686437
1979841959
2813183437
1430413640
592942375
3186200399
1260764577
2455049490
3681273488
4078318794
3930677501
2141126570
1136474492
4290067570
1175397754
333031091
1791125454
64793463
2454375620
2910744998
2281961928
3571437173
3128968620
2758807956
3375513029
481093242
3810142652
235341213
2474222272
2504938927
345208120
3494832607
551408481
3890213866
1594304723
309977883
2986531209
518751591
2329613273
2305412009
725181716
3941523655
93895132
2857587059
3083542223
1320410586
427697796
1602468438
4005388536
1537604118
2195805567
3031964258
343185431
1612166360
2316517145
2584972085
2186146276
426203646
2397601613
1357413250
156327965
852989460
996855242
1197659599
608860100
3816307666
3564474465
3098557459
2100650755
1976151313
3777455318
1654533403
26429238
1427774477
2202916666
2491279780
2864893340
935318921
2324316414
2933719920
2915390276
1018569889
1285597955
1078484871
3328022152
3966187380
3654668728
988019901
4198639273
148737269
1177899873
3144622252
132040999
2313910827
4089053837
1226214674
2475613874
4175829696
1766767265
2073622979
594969206
2158972123
1088863240
759140184
2747574069
728820875
755381863
1831488916
1256257821
3182580460
2595481830
3207605103
2254108533
902452036
2641770733
3111135390
2130804878
396350289
1549068484
381355895
888101292
1170613569
2526726696
913629916
3067108365
2307332008
3843861815
1117765559
3439484979
2610586426
306541932
2321118282
4018095481
649642
1695280214
2565901345
79236893
2065015784
3879538421
677190260
847280427
1863006676
2861041841
2769181096
2971916572
1161167780
2176399724
3288560681
23234523
2973028794
2847318492
3661429121
2551676434
3777118296
2754403315
1936777757
1747396402
596055875
2599416625
1771400580
1718668693
2875039806
4094269420
3583012394
3668678596
1955692863
876733841
2485267657
2410317401
1111209591
274160413
2382377902
2332169615
252874322
899608098
160518361
3838956285
303445387
1229856793
170251454
1779293430
2137280868
848662431
2650814086
2025221940
83958010
4201829226
773270313
882605874
3139507715
1334184638
3902073020
2576676099
1569758070
2584229936
3117480504
782146717
1057431157
3448488588
1020730953
2707507105
731337962
3681441132
3350365424
3741803187
988751634
4161290199
1908441173
4169415735
1883380195
967698737
20574105
3259009455
2395720498
2544990092
137690135
1387049536
2092681295
4278685729
883024574
240648520
1737543421
2372058646
3374621078
2772230674
2035829770
161026562
1650948542
36014820
2708160062
1317293599
2124354590
2620332417
3986757249
141950311
4136738513
42775223
3249509215
2392079541
1325529429
2161140235
3384549777
1248630865
11888465
326367426
4279840551
1498829436
3158444696
3078234146
3711821484
2848746030
1895469408
2471452719
2111825828
3213062560
3787273541
1266368581
242993953
3883404463
3136782753
3169920941
3938867116
3065753392
3648540276
2925529069
2284866848
962775726
333103437
1286718983
3834997031
1008379993
1840573793
1624875327
3615886950
3208498506
2288823515
3090455547
3315813301
3017841160
1679690632
1555498204
2783109172
1798446105
1839270939
1002551835
2153293191
2951731895
3224279232
1563363975
3440073149
492424640
198191244
2118574207
1025176083
2499843007
99309158
763559949
1291038215
811430456
1699342800
4091967653
3375446980
413082310
2371808076
4074100663
163031069
2799347134
1118107710
3412376196
3321233826
2360116157
1746595064
2505131721
1755006138
1622622229
291232505
3985823753
2176522095
2684444158
606143263
4137333283
1430524248
1652028201
3498382159
1393370323
323854081
3247200457
1092508661
1191794830
2985617904
1330127175
179490323
2040735897
695138649
1651203482
1558633238
2080469579
3848826336
838409801
2832198222
489468169
2240548762
1496460333
1144544766
3333969441
3447616993
1724601437
1097683357
3900766035
3189984479
3379915816
3485807977
4042308792
113822169
2868328240
1010986962
235933553
579378
420330091
1398715233
3771828610
417692641
1385273952
1474545295
1538378016
1886795707
519860765
3429058695
2187818487
2496691938
1848773489
1617855488
1723057099
2214333176
2142194031
784395506
2930526226
4276565473
4016333144
1694612031
2224277805
1675510089
2580945048
1782083161
3964752478
733659072
339521101
979705370
482087793
892860498
3354293440
3670796568
1810413406
4197260768
924715030
150526195
2530039211
3226149676
3484741551
3381614338
1212276142
3405508894
1527149855
4129377638
4169217805
1537842037
2724493049
2781119286
3816800240
2485611986
3984766639
1708363234
4119554560
1534790932
3953118138
2698076647
564795092
3964890845
989923038
1834278077
1662740025
2122880169
3388889770
2869924811
4217893351
2447124153
3301598765
3329946172
2389592285
3849428582
1993990669
952545621
467164124
1770540705
2325429488
4066700560
347818240
888444230
2282710630
3788201829
2310673309
1494963033
363223150
2735564564
2244471317
368375281
911895421
2103864773
3312679080
366398397
1818192019
21623013
2039710869
4069834744
575878494
3144391149
400929352
1011700876
3013092905
1645153321
4146429821
910879386
72942564
3182299285
976267690
2356607099
1717817329
2256543234
2929004360
3041823931
4068747822
4029163861
3040848207
669939242
3530235488
2340044330
3518162105
1471516686
3227211525
929988113
2046483046
3663955951
850778824
195736925
1809083273
2629224554
1975028642
3908332985
4258503114
1475701546
2817887090
1536072626
2238183866
2689793924
1761854720
4213386907
679844619
2559105800
2722297868
