3954020429
100551850
2963451046
450972400
168205291
877147256
961960471
2888803255
1461077514
1512275378
1419955452
399909835
3991107365
2835927571
330734094
2507097760
3370021419
2577120727
2819139036
2622375610
2562893888
616219458
346468341
2069353336
2543466809
3194409078
855378620
43536775
1619727019
2381052104
1111585038
4142483900
2617203370
3717117433
726290699
111694740
4277425221
3735571204
267842175
2787713197
3355373436
2224809999
3241407589
2048104695
523518390
1749128354
3472555041
1672736616
288021109
1829830017
2778372169
584298434
187058946
2341259041
2618715279
2214114870
1175038305
3635727396
3795259124
1931409980
1064669841
1136447732
3225713346
3170747752
3294893148
2075232510
1770220785
1096534262
954171182
1484307846
3808661992
3250598769
3088009511
1176448075
452045736
3125637171
3752938718
2594283587
3242583881
3480257855
1318073992
885750608
3177431892
1747230617
2064499420
95157349
2971412167
3207215200
2140116471
3294833737
3384132373
116709026
654350630
437316474
403519644
311608951
499038702
707255941
4253907362
213110484
4142638357
2021839701
3215739389
4071092208
1148095160
3743157156
1327918169
2228497976
3670432533
4210620832
2643697437
1277446579
2352488479
3667836754
2546555586
3989243118
1965479583
3062016379
3482076520
4212860397
2404949443
3572476576
1890506768
1464142466
3336565983
1982982681
230249038
3138795869
82877426
3823284961
476633682
1740495167
3742333746
2235072017
3225536035
263280082
2106142399
498957587
490040651
1027982689
1408453396
2210879945
104122934
2712770792
4037083973
2162976876
2060609196
3378975453
3699472084
1577120187
1612512193
1115542627
597973101
2812366314
2104370462
2282898340
4196480827
603988507
1163387418
451353194
84578919
1730676228
1752590779
86858337
2797616514
2630988373
3813933556
230013202
2497690656
975353635
3463857991
4259987885
3586369334
2384480155
449901195
309464238
3137361781
1702074902
3584939852
190557906
957492548
1812050756
1011510601
3798424753
2742818090
3261506009
505908174
2289104643
3787736430
1443202123
2812855750
1368326991
807300448
1259481376
1049676238
1395334835
2906623789
4125724526
162502480
2535365575
2701048388
2370985433
3944850238
921147183
2340845818
3754188437
1413774684
3358893412
200886912
3472512610
3566006176
1361052443
2997849673
3644081024
3248549431
655362200
4038071282
288473020
454297443
2755929151
1551015877
2078529587
2162319514
2480798756
3838185114
118560085
3181831961
3989068461
544265482
4280945088
2061218464
1135606698
1450926984
2222892430
4018831697
1420548242
1297488039
2625726372
3109431418
3336139327
576782982
496761128
1640342531
1626089491
1435682507
3330898190
2610766562
1263197699
4034077754
3373166107
2124041226
1081187987
3267701897
1798907032
1006642915
1066371415
2757534475
581478664
3629478898
118340196
2859653488
4028029528
197720285
4290148030
3497076155
2596773093
2620462325
3543512484
3588588295
2441645208
3965622359
2059236239
3555207798
781069104
1640369846
428223811
724152286
268858160
2653817726
3070926957
2478526401
1838259976
1257570557
969236753
492546807
2380754436
3705647013
890045461
2429411766
1512021227
2126659194
597491590
2963087379
3926129667
434638670
1454032334
1701801181
2850934308
2740551419
649826285
2926674683
3072621263
1754026260
847739901
566190634
887660056
2044374085
3716533049
1214761471
1543359146
200023210
490309634
1496049535
2345342409
2482120983
1065846600
3115459683
2466264559
1095883699
799331840
1989741649
3662333355
291833370
3090111849
3992988453
725539593
3400454200
2005759570
2733508826
4123224409
417772000
2959080997
432736362
3791451089
134094220
3354047337
908366045
3363734597
4052646520
169512621
1505182085
980370358
410190914
457375034
169449902
2260479351
37610681
372861533
72735245
3233923218
847656757
3359573027
168180105
1654873015
3797774762
3720221720
209848485
3614884530
2394287457
2551298422
1142819809
361877771
3531607662
3179282091
2823234105
426362737
4234283785
944608465
3117828479
3410415801
3363082009
1646531015
3838517166
608343628
3061450855
432137540
1291752500
3456943435
2216998829
2388798887
2422808396
2695771464
2289606280
358074178
2616412345
222883347
2165312146
2971859079
2574892060
3671275324
277909612
3095056738
680426947
2025950666
1450727944
3135062450
574809737
3681804184
858315138
2772615932
2160055193
2577286160
3664055671
1185417168
3392404357
3097315642
1252733545
519318233
727930261
2221232373
3999065217
3539799990
485412926
3473594545
2253148247
2080896176
3858873389
2392264862
3265132354
3590359529
711569437
2908269905
3125409064
3275625912
1931185048
2840567414
2618463543
422779488
3784718843
1959366242
1375191457
879848890
1825040895
3826443453
2503715564
3114288909
3922704612
4217609972
3065191288
796360113
676107766
1746808139
950665258
1481641142
422144297
3088131518
2145968413
175038043
1684709267
1822225809
944337638
794577971
707221104
3142789869
3545405276
2268660068
2212807287
645888132
2788244984
2635414464
2144375409
1458300030
2810462430
1329760939
4194819993
2499841074
842046148
2110953926
2257607906
4101992745
2142839898
1215884885
2117302254
1334819066
1500867559
4214363160
1958426908
3662191025
2899620032
2437712288
664865943
3387410470
406821123
931311466
1391931265
2180898057
2094024253
1831828958
1968700378
1840947790
1541943313
134385615
717731671
737359765
3089506541
231012875
2389994139
4091514508
2490413909
110899995
3475759971
1859831467
1486529179
2500890310
1115825514
961102016
1996436750
1404421782
36892371
784791935
3544527544
3335009432
2543916467
1695684684
3250888258
2348313066
2486411902
4281627500
3137259000
4021712100
2715043735
1041209411
231626954
1253303663
3706081504
885388996
1228933404
1768701025
3099699677
1751170555
2570025286
408855124
3092909513
602577572
594109802
3681229201
2224128524
3088041333
1248162909
3280027937
775633790
4213105586
1319440992
1508735801
1188727698
1413123649
3904821123
2617238086
547264044
4102479269
2629357854
2304189300
3940604540
905450691
2056385362
2030035411
544656028
1277563166
2464915795
2172720949
1317871864
3784358144
522597005
825076990
1079128885
2730911375
530291087
332262038
2887807091
3995586221
2938141891
3208543829
3538180889
4044774079
1011883231
3682018337
1662747014
926841156
1852804430
431683662
326104102
3103730584
2879300948
986828162
3951596276
223490811
61861840
1779715212
2155082710
4031147729
2456911699
1248122409
1144713106
1925526622
3864091461
1463834037
4082704165
2909512006
1249938561
1885187592
410262974
535033191
2963017601
1815914802
642989237
2832885345
2888459458
120156451
1285837035
256970881
2308617263
855752287
4243711775
2973931486
3752061532
1866197783
2920188939
1728669402
3400854150
2684859792
2980560193
3070260754
2913673407
3209264797
1750502840
1494261791
2558838813
4244650328
496365148
2791980993
177331403
596993892
4293785115
2928933438
941608559
453052336
3178135142
2289429391
2930472900
1057300129
2088769081
779990914
3426884282
612845279
360604815
1338875126
1934292555
793954045
1594716153
2666467264
241973626
1597873935
2586686730
459575191
2063746264
249862473
3141128461
3174866880
1452271280
1684268060
1217621239
1325668923
2248243592
3253727642
819463915
3361596735
1796115819
1416126830
496665230
1555855149
426545571
3054365893
2998900555
1599603815
544076658
492612339
1988083545
3901446427
274067232
101344572
3713332471
3817478469
3640290807
2700491554
745115146
1159621360
2273377524
2278166052
3803252923
3500425796
2490910606
3878440162
3896015792
1122000816
3305154804
1741063400
3735113948
1426741151
1902247488
387280666
3809560450
2095355891
2343983821
3098009918
651235842
1333232481
827609304
791456274
1777623512
3381976338
3607473521
1776091325
3305018048
684434912
3410350133
521617307
3596588748
3526527678
1270593992
4063761532
915591462
1600319399
1266466652
3690427178
2545811712
2676839320
2286567936
775849455
3275229598
1801524364
3388656405
1328090864
1055529392
1195318833
3446124417
3919622850
607026168
1979117334
2369345065
4276504902
738633772
1230430237
3996885221
2364565546
1583572687
3011556836
2559379186
935045895
2665375190
2277718129
2622300564
348244507
1423079418
1876940815
1496475668
91792008
3368474964
2338603773
3447684795
3945573704
1351907832
3464827578
1128581396
3072823620
2270650826
871234352
2720530388
1730687187
373612719
2121971377
232405934
2397240974
243354266
1187512775
3740004255
309875984
881852146
1330431942
490726919
3145022484
3417298725
626276340
981063848
3496303353
436067138
3261952734
4061500265
1886708525
937288255
475779841
746133974
1799921394
4070074035
3164925283
2370060785
3329280269
1249709440
855608504
1853267751
2168722742
2077774558
461987940
778081419
1823153245
633344089
2990344253
2625169254
1195566141
2802578507
1928941600
4120200668
1571037307
4279025162
153373180
759107849
329317147
2530206311
2900908688
492747454
2257031568
1863386742
1734073835
2948198426
3997632299
4286138272
1831263080
1392968684
767786757
1141187373
406026576
1603331175
2901836743
2026763073
4196079406
350215372
1959143576
2394143775
3422578698
3892758492
2751407820
2701349450
3499132340
1956565841
1981213392
295540548
3164670141
1123529526
3704963219
3308439934
2953194939
1800777018
3016039864
1605702748
3432554081
1022526650
1358225722
3703682258
3163787316
3809790788
281562844
2021838058
1730406469
2199894649
441532527
2272098415
946306559
834687132
2693747944
3310270500
1174152650
1725343263
2090211119
2041156850
3270944064
4021530429
267046873
3538267189
1056081320
2854689522
3801029655
315129997
2789415128
2630521027
3070995727
662767509
1290569066
4224097849
234928412
2238665897
4086953050
1208192529
1728064800
8545651
84463272
2835847619
1149360276
2480766546
3976103960
315930126
2126330579
979041382
4280695456
329426443
3471492519
2875313558
3844009139
135122299
2001636754
2465421916
4265798967
2193635063
1053943702
1780685207
1591148629
2319414073
2467584970
1544704445
284105231
4143607605
2664233110
766056282
2457836903
248904416
2084616800
2816779742
1814560400
767194139
1556612719
1675468213
1112928113
4109041739
1841313891
1617414544
1638274227
1566276279
3616235057
2482409646
3960344484
3142475964
454651036
3268469695
24638977
1866567298
1355981964
1111517628
129405320
3017734966
2166122664
4216287784
3347267130
2277338557
1214918938
799236191
2101764140
47133581
4107035263
1589920999
272383913
266934451
4048609539
1470882287
930979559
2635119710
327919616
2155984207
2578251606
3681757285
837896679
3453601858
1331912083
2148770158
3463247013
1195014230
1559648010
1239820392
2223219569
3001347107
3638181428
407968866
620100275
2910547526
1988528573
2657206970
3073010504
256632383
521358172
2719640940
2770226992
2794647240
2410497295
2020831168
1832835121
824174361
2063563678
1052684181
3622301217
3105151419
2313921698
635352206
1072402848
