4029406354
2119039400
713090883
3387311768
1374802274
2115572338
2513666289
2218059101
3636290390
3405589756
736819939
1904853001
1323233067
1139355358
2495265325
3527131175
83488324
3698979691
2285210425
3897365397
1552561614
1645947225
4107902160
1884434218
1164521900
2605839408
25776712
2369133387
4152155665
3202883377
3314460933
2903751409
500005939
1241395377
3237165158
1419426801
40351987
1669807324
2035604399
3842810155
3541959378
40827820
1351767551
3285787078
2192604554
3833861896
685867968
1066032350
776764433
2188790897
526657157
347691547
1080726424
2497605154
132762496
2731191284
1068924697
519970320
1627387926
3980855010
145061161
3695733436
3420937582
1428931267
2881662492
2129881813
179986305
2699184846
3210868501
981650537
2274150672
2488097618
2498079629
317077677
3770967614
1058923311
2731337815
506546820
3673124326
3608298573
1174195159
2682225018
360923135
1789817088
3861149509
1337126999
630544286
482467022
2946383999
2429723440
1212217305
1403426188
3285157564
2376067558
2137296845
741855785
2960133951
1924619832
1998555207
2893985800
4239473025
1443860756
3294889350
2257104451
3360223162
1935050920
4073350301
2895407163
154638172
2327170566
3146673096
3496217046
2611876554
3659211061
3889113037
3451645808
948916182
2533682107
773070137
2672660489
2634456504
3907484805
3099593121
4275139216
2631327789
1008022289
577839572
3198758401
3076607334
200512578
1443945060
42132791
3211046108
2678723276
343204937
2930472766
3714785173
1862421661
2183235793
2221193834
1478607162
1540845990
1865011053
2219195069
3548366457
2474301599
4135233361
257602254
1135451273
4017835393
58635550
3259903215
2073981332
4007876659
887844903
2457211745
59206627
3010066968
2340831243
1111008609
2099640916
3251231984
2458635337
208663667
3109590619
1572274852
2871396728
1461915503
1891011048
3523400729
1039067446
2238173647
4127322091
2625957507
3840270177
2564962790
97842777
1516029108
1293878452
1961219480
20509947
83343100
916037973
572089111
3289796114
2990735414
369529955
957192231
290650512
3048339105
2613146593
266619334
1988432307
2980561335
4288034366
4182463947
1841866998
66552693
3970833934
3676268224
2192016077
2346557246
1881641761
758686927
944679437
553551975
2446725912
2641764644
1836395340
477412355
2732536854
993761040
928463413
1212790536
3666528929
1450942369
2380708506
3422686871
4234022140
677224851
3582844659
309219435
2037992421
2022744914
2685179831
1440628001
940688140
2244559194
2106076021
3081220496
1721294505
351633405
3765655129
1983769627
1897337977
588095544
3404259438
4228985301
1979122806
1818284170
3048322201
2484191711
513711953
420637285
568970050
3869699357
2566457732
831225975
902538113
1243942569
1701145354
2352610221
2771215531
3714420517
1683787372
1808966012
869479813
4050440260
494292868
2663286206
3482890789
1369003428
994049210
4109501483
2429039876
3780408391
750652828
2083999448
3930096665
2852579881
3639277084
4244041530
2286939166
3427217873
2130575891
1090978330
2319063972
3229188514
3688391812
322357843
1910584536
3607565823
3417007630
362098854
794687914
285962308
1286251656
3902630942
988573409
1224008155
174019153
3841858167
806279300
582779345
1419756046
1547017517
4224027569
2474779527
2558749878
3926090184
2998532058
726818928
460814632
2593880565
808922286
1356211924
685963882
3962956785
969864691
822590782
596867965
3541236941
4158962513
1092571063
3929717647
3046500766
650827981
1897476170
3638986832
1954225312
2204194228
3718167643
797472252
331994584
293157546
4143612603
764158382
2115422473
1873356569
803615588
2383739427
1242362684
2540426224
3210996715
2787679181
346684398
2416714304
2151157068
3786482991
3009052954
2080291937
4100588773
1192335427
3493740475
369143799
3712702852
1745672822
2723748034
1180209478
1123374229
2196012512
123952204
4013762800
1946631917
1441550396
1868418766
1705670585
188649858
3925304652
2392660709
4042128105
2848149015
2899717008
2887237467
3586556767
2385614573
141534483
3226325469
1383641573
2641773891
3530360259
1301890391
505111673
3664684462
562216077
4224957805
182634006
2473108881
4103466021
1823514162
3749438457
1212301567
1111160581
3108413873
563330643
935526508
886670798
1953522269
3590640280
2372289148
659279783
4251150510
1134347435
2265983866
3887168589
3203412133
3381379170
1145678116
2848099589
1255472591
2906103669
2434667654
4022082452
538063665
2841422068
374098472
596191634
3520877055
1275169709
3792544483
2578740825
2927356080
3995082888
3156544192
1215759388
2446178479
2628849618
1090200412
3503049800
1048039762
3363657894
1083874723
2885238970
2423467726
339171518
2870877404
3796347928
4099850783
1064393949
3855447471
1538824064
2282124541
2597758107
4196767007
1753185824
42861246
3727029170
1780477592
464360094
633146132
3263945977
3845555649
1853139523
2602152064
2123779288
498124726
1305547874
3386985738
1533714215
1604692219
1935137221
714946238
3613779805
1792547853
347394964
655840647
4268014762
1985884570
3773159267
2084730142
2068439130
1281299531
3833023515
3600940935
3243902399
2572562156
3202262993
1056215570
3530650989
1460458734
1317710711
3486697155
636535897
19761284
2191880599
2949104556
2363857273
74371441
186180997
4073203805
3278887755
3180115668
2415017896
1092836870
317733073
3257244436
1714751350
930688444
1921204738
2882343144
2459576983
1561835607
1799459621
3487918030
3668038448
4234387993
3580988896
1585655881
2243672651
2592820692
2072033579
1100207537
1954310030
2127799986
843243651
3530326519
2470854090
3217224108
2411583807
2927433162
912084873
1132689223
801259352
3856410033
1565826750
1537930538
3812035010
1002761822
2127425568
286975792
497359011
3550363814
1247954814
1860683516
3643881346
1959786573
3532680344
1603954753
1270082130
2574240763
2254143309
1795510370
174791056
1279771325
873375502
3547572682
1077319375
901703258
2572391826
1603877227
162456071
2571772661
1489265008
4012285031
3067959719
1707100620
638965473
1119231202
887815243
2256634870
3334733494
3253635134
4200405534
3959244257
2413213691
1278369992
2664693594
3554478265
2703961163
1573113404
1812870224
226792360
1725959681
135944768
1786198467
1623560505
1840979603
2205929189
1988318463
2966681448
3884723752
2003510871
501893394
3507220254
4196238804
3308138097
711344751
1976751909
1387924616
1919486713
417330740
710924020
1706367523
1520853832
1488335859
4097358812
3659171593
1550903082
552428974
1601301209
2093103475
1126848959
1988165726
731697667
1124435418
3736617327
3842688547
1914818260
3408953269
3752763775
2059752525
832534
2027056318
2633301017
3999349424
1799240418
760094198
1794906314
3639518156
1532928581
2928349058
3904966915
1993818272
1214057582
2938350345
2154900606
203731346
3441393846
1465543282
1124370388
3269200059
3594612957
4013918166
1860214078
1173153762
1411704970
2906936472
2687249726
519653665
427418890
3799830710
1346838352
302164523
640810428
1250470572
2481757343
3333128294
1663680363
4167308218
3567050550
176694218
1941572544
3782727680
2010871571
220446481
1759904186
337725719
2921961820
1857705425
2906188372
2564985561
2719510441
1228600254
2615711395
3451677461
2145697410
2091301451
4292716175
35466287
1634790591
3888165937
239104428
20530905
1350499855
3138551909
3790219425
2432712988
2884012977
1259860584
1032549305
2482615944
3735777489
2334069062
322132153
4142072515
1006354610
3118810730
2845949058
1749235740
1575334510
3806059661
628069911
3154262902
3503709666
2637978249
4238709621
2985165526
1851827444
609039611
4072244661
2090757269
1453095895
3421786424
2569118686
61800815
186276642
4029053061
965410880
1629905813
4226172069
378484730
2625498605
3888193491
4008329229
3788766237
98891387
3307057708
2234415817
513873747
1072651931
3352391277
920564701
2469454602
457447544
807388140
410432626
2353429559
122524646
1046937717
2698936633
851185278
4139814297
3982558003
495532224
3135092765
1450390151
4100144236
774491754
918374408
1641308269
2407857383
653542765
3141947982
225856544
2259869571
3270921271
2807928213
4147384805
3091271714
3165430100
3364700964
224249342
4044557985
342835532
575806477
827573581
2902226153
3556472155
3133323837
2684323738
1562574243
1522375443
394388382
4033086845
369005589
104791321
3355443736
2971401356
2377670429
3332560666
2983139580
3735038904
83796535
3401151867
2504559995
1732789525
3904725307
477867337
3348522923
1469263388
2542189763
1345259676
1681692792
3422053175
2326600862
3469309875
4048113743
3262457409
216730849
3782199751
3047587089
547744570
3816418855
1445824878
1289301925
2287354095
2586088083
2951276354
652154451
1961745724
1438566759
118836510
1130983197
1522097986
937326699
4293426206
1800620507
3923302222
1559314585
641541937
2810233456
4098719660
509904219
3712683039
2944743032
3196365666
1985391199
1350497502
493598543
2503530602
4079103379
4231462095
3185100790
1929453614
566178236
2374305449
4266127451
1142145329
1802273903
2500138500
2116894357
132776666
1053732398
3290446569
352185369
1858598328
3650324031
3127165447
2490278153
2072217379
3671940303
3612615064
1033365259
1398647117
2759557622
2459933999
3229425370
3770115615
958710776
2699295043
3535490817
3759540164
3837820096
381367301
3136859254
1179770605
31073337
2972782563
773128559
41870429
262398872
1690665501
1324337176
2838545841
2000811091
4236834332
464101153
2031852014
879346006
2833959445
1987621684
3339179925
954194889
3043703270
2206245870
1474876247
1216809825
2205182194
3199281620
3381308176
2128744160
4063781006
2941269235
2161074586
934003491
1624310144
1111397593
3465339271
2720958802
3674771779
1916359771
3517023335
2071645236
398108145
1738035475
656294649
1291222677
3702278505
1633354090
2915632107
4256603148
2631290514
4130729303
2349295567
346155069
691827717
3671584764
1924931669
1414881657
1894703786
1787423672
2030547968
3581296872
377173100
1605986591
3131371860
2640469111
3609376919
807473683
477929377
694664779
3204562348
545890715
1002554018
3819887886
1810405588
2953479495
3296318206
368313491
2484292975
42548288
717033050
3482768783
40793686
1144547868
1971412415
2016083773
2743525005
3395752179
2723091704
147082289
124976427
3338483009
4146347538
4014515875
247137041
2234664849
4007968452
197117101
1231545629
1961411705
3475894712
3783023219
2884136808
972228436
4156587053
3205394523
2388264746
3869273356
3189583531
1325709268
1224528164
3641856991
3129284135
3170399741
2323550928
2862172910
4101658582
3524971122
2170535516
149483796
3303562665
769847491
671063936
4214695101
4037946124
1891567603
1872470637
3114462059
177890108
4272051698
862368793
4025232382
3170459353
1441850863
3312250477
2878243287
3317378053
46089228
992098286
734935601
3659243642
1509467161
657749543
947373011
1508300069
1736612979
2347918413
2440918495
4011147097
2130795215
1831692988
1736578491
2608934548
4002221668
1015487883
3717631093
4100596530
600827430
3175355941
