2135111803
2688855860
1306847305
928645902
1718820201
92401854
3247528010
653909004
3675051392
1041384298
3855739463
2024334022
130224719
2354747376
4144648945
2775183826
4277324806
3847334728
2042442109
771502592
3725214692
135745954
1737025516
1377059903
1742909432
2160295585
3108373221
773494210
1529319816
66119599
2836012582
1430432859
4055035253
168518267
1518112937
2021512973
2498246406
2308440515
2765054366
2999538198
4131062252
1235388365
2288359875
1148808903
3547463814
3817274834
3433496905
87207446
1058049279
1420885327
2444626501
3560188205
1397036787
1015845520
2257358184
2901647316
647782228
1451236487
1311699246
1542516099
3370504494
2361472314
3276442603
664255100
889019810
122240161
46754456
1622811089
2637700885
644820406
3659994694
4003338725
4907578
2071114017
4082935495
4293892663
3093395574
3854937489
1316553172
3753365700
322320657
87034621
297497222
256163959
3767493786
549434184
1400975505
3810544677
2297193140
3544201165
3701691607
3190852449
3728578881
380799457
2977417935
1125773427
2556274659
1666423816
4203648316
4123377013
3970056967
1341905949
2122508975
3314854666
582619355
1813265967
3560408865
191848175
2852369369
1391651826
573350246
146273138
3683923595
1984677518
897493952
3345646739
3358155743
2718049616
2588403585
529860020
2195872886
843000276
1971223816
3526794622
311989717
1151043254
2832347762
4199586645
1046020788
3198403591
4154883347
2390613915
3363897723
1888316746
2642837940
1013326469
1598935388
3625479078
2416206590
3540658935
1481195905
2700257515
1099508642
1573974758
1111067488
2589865276
1534391094
470045898
1018371206
517927258
3590409338
1999114524
2809045215
682423056
1585138960
3585236277
1763820457
1102275799
3742376889
1016561817
1468617735
22943924
228103785
2539279068
1432895083
3676773529
183535051
4265392596
248182728
1676223554
2771576252
1786445137
1292994118
1141242697
1723351337
3204455561
10206339
2596515357
2007979414
2954995426
4078328375
2439089046
2521082341
3157874952
1920112691
1777877763
4232389807
238103183
1623971025
2492545
2355461633
1390645684
1452117163
16940142
2535339591
3431614439
3037135859
2181595946
751834246
1394129338
1707145390
1880009312
2264211262
2186009684
1332031034
3018405524
2035232717
3658618719
3441281549
2761155133
4191917889
3702968566
3278047788
1578723749
1983513645
648718043
2398458820
3128450299
2663950725
3276457774
1298813787
3442495195
2729551631
866460015
1929766813
4132092724
3902198449
1724800309
1893601942
1370619933
1898658509
4081660597
3965338255
140425894
3456203318
48893313
2314000403
4144875195
359567948
123732617
2074877613
4108957344
1961499043
3919779569
536098566
2811685188
575828996
1156188521
417036931
3211245056
2161410652
3601602707
3332741545
2612132317
808091383
652961162
2079774847
3575283607
734523777
578265753
1867918841
2742804255
2084267991
1637267519
1453666560
1809104075
3414857813
4117536939
469382061
2576013413
46577205
1860112353
2178011625
3181535128
2210892071
558857942
3437413482
2779030134
3628691224
2992564079
1809341107
3682154016
1601399228
2370337937
1179438947
2741933740
2958989922
4003616719
3605292247
1217275062
3023084752
3341167773
4147665051
785236877
3144988556
1253142333
1936055356
2806061809
75914051
968753903
2478512960
2465480642
1434692100
3433167876
977194629
2329680534
539192097
1297920493
3294380811
2471924165
836924768
1946860657
3121888124
3257546869
3838811851
87693676
1424297928
2321624839
2088480300
3196129103
3555661911
497101962
3257835960
2488792758
3921266039
3341813121
2629872898
615270169
1056695239
2824531127
785476444
1745067265
3033156361
1237858035
1589726907
3513677436
27187626
4286971203
2329846836
2216891662
253548778
538812975
2939172489
1378914449
193658944
715593298
1768060598
1610921289
832346658
3184887662
52890408
321052811
2042851786
1880876194
1440875401
789557703
2367888450
539116081
3279797442
942626613
4265353080
2315220847
2280425126
425326125
544365073
3747002277
2991650045
3262022327
3728788204
1212811298
2477842132
3694220963
1632744304
1877645740
2519149365
1084952524
1934805005
4047320308
3032301369
3702182897
3911590502
1801808929
2968199374
414848368
3651670762
3222252133
3521653339
387519652
563850130
1192332829
1217701443
2404724322
695663417
2496861345
763527321
2296827900
532091041
640435420
1154039492
4015639478
1261235250
3835168226
1055451839
590782413
1624669883
3936952968
498657389
1093262895
40257236
893029222
3580547931
1067123994
999880584
3911773324
67257981
2174900704
2700096958
4236064617
1592230737
1667508298
522751191
3064029835
3407491241
3365164341
758190407
2692254783
752250695
1931335502
4140497177
1552316043
3683202935
2363374537
66878302
2598010027
2858481908
1707975546
971693836
1649818409
1604868938
2932336302
1483470832
1724170433
980832762
452170430
1415709075
1694136194
4050190584
1620809366
3428212340
2618260570
2853987134
2372797468
2720633301
1066727374
1864471711
1186773319
4024325217
2277187122
1254850909
3986403651
3241646144
1978925614
239637986
1942919861
3489302320
4279769802
2125004479
748501532
2349523009
4013541100
340843912
3004812936
2567752151
187646306
2179361117
4190875881
4060955796
1428568534
2873716586
900407147
3977184060
153533374
14823686
3691810804
478946837
3149647960
1325689250
108742911
2185491010
327255071
1469046493
2042024147
3158475537
1996265507
1063084847
2053896988
3869157753
2614841264
3626150359
63520442
919685842
736192442
1188100458
2140304812
3350689540
2286822542
3670326770
1922905646
3117875232
1948599242
4259297176
855064051
3562084850
2252314546
3727354581
1623551915
3995579348
2576008533
1202552043
1087426895
2395035709
165760965
1116779894
2049798452
1535813767
3206361810
771485940
1881211698
2513942363
874912828
948761501
2646473165
3637675076
51980339
37734064
1324743238
3411288169
2113752426
1022814499
1212762636
3874070919
51899744
3906338906
181502523
2847846112
1313932559
1596327025
4206559225
3167580339
1330452878
3059309115
55436392
1786576533
145460472
1611796939
2063763444
1992121213
3193412965
2784595667
2313572334
1101719914
497879843
3613382855
2817284509
4109577731
1009151723
3194705628
1843826953
2717206512
2712918054
2225916058
2222760879
978450202
3862765712
442881772
3921996090
3489885673
1206014056
2256140897
1104693422
244045904
843036557
1439053853
2453812979
2509391700
1686505081
884799805
3845046595
416808762
1210984483
1331840860
355917013
2877246625
2867006446
3225170005
3527637200
3958050731
2098406010
1088368283
2392065188
559855909
4143720703
2319481809
3755449931
2654371615
1705083320
3888271398
2059469035
2554012044
903356855
4152198643
700710726
1750501505
2401028893
1304964447
191391452
354514434
1241387672
3842554694
482943037
2340275056
1414460244
133745059
2233173973
32741626
2573690293
2885048027
3687116742
187321521
1591561441
69328837
1881574466
3117845249
2884723195
7611968
2608075199
3236867487
2193263156
998414414
3794170560
3309496582
1409193632
2004236877
1146398884
2421933247
208706799
1074980534
3765402547
3546415448
4239611451
2817725927
844585271
468111123
4145149052
1348309451
2360938456
2516550759
118275027
811770203
2081946694
1628198135
4033116395
3825839750
502891573
331486949
1317375417
98157133
3303111901
3294481308
2596017227
2233899543
1699319216
235322442
2807065563
408852100
2335801109
658310222
119596719
1170028462
1764813629
4288667925
905119757
1442020713
507580558
1898521228
1592782252
2746017145
670146119
1578686795
2574052618
1784602021
3054257705
540342064
4032115721
2145423069
4129374203
3331113583
1402849263
810158945
2939873542
2593697943
656335677
3689232318
2479698507
1075936165
1055484207
3551174286
2803251110
2163971838
2888626729
3951870368
1297694735
2382798899
1198538388
3257710136
1179846535
4168639541
1012010069
821501441
1268349819
4241394986
2940575538
4068541076
3336328551
538008569
1209674080
3665466086
871145000
450162134
3372959888
2428573138
408831506
3758367220
4032020072
296007259
1901909578
2047289130
209642350
1255682780
1604915348
1470470483
961030113
1294865167
2659473287
1993660489
362523966
119874690
2676882987
11772253
804990976
3091528395
3532517410
1203158793
3695232808
3685861551
1542149141
3739327894
1036338927
920191126
4172784987
1311438603
925680296
3901216144
3318709368
607929724
2622325607
3247114620
459538305
1589544367
2577115410
2806954060
3079448903
1380025282
2567958700
2180702558
1934966079
1415076499
807669600
1742941488
3378637312
2002889230
2253454855
730540397
469640383
3116741773
1687497091
320009575
357106687
4155461228
1029290030
3351399741
795798901
639663182
295237466
1133061035
3447825317
2640106984
3622844595
3352545675
2673868532
1471114799
4093133484
3706822372
3168327723
3221722739
3895908944
2365642723
4137774932
2150189697
3106588606
2908639972
4135452329
2460563118
3498066952
1939273223
2652689858
2065207363
1636952874
1978017352
890423673
2511852851
2886622078
588291481
98550656
816751743
592818793
741178001
3373567226
4247793301
338088071
3993689295
165670312
2911160602
3515250695
3823345520
1361016929
3280928325
4231232950
328323259
3668948406
245464544
3729826783
4017811620
247874364
2008853191
2244277772
2951859526
4050165643
3085473073
1326043859
4113723887
4171095612
553721508
2881723102
1646383663
909204928
2439864899
3709162506
1014120123
4242005653
812092414
342596078
2717603378
698645400
1929415545
2861585315
2108593431
4247317771
3793657037
1843718046
1881456126
4229532294
2732303215
1169372666
1853675459
3968917240
1859562426
841239632
692680498
1128262626
453478407
3953357899
231894352
2711002339
4235511373
2650022434
2116821984
4184718468
98370778
163042107
939897521
649887571
770651347
2397918521
3661339730
122316058
507045276
3447355764
274433819
3494618791
1868287647
1350066884
2977661599
4065022089
682393113
1726435322
2990897410
2098510514
2406566418
4177717376
2257027729
567025965
434840310
3029266212
259960580
2259108015
3185317287
372726
1667712469
1824452637
2470051868
170037710
2566492575
1746804281
3803997612
3445377458
1597354047
1797924095
3629952311
3211116657
2509590837
1036441492
276389945
2017577724
944103924
3487597610
331075962
662272138
2465675000
4079760369
2760248697
1432127666
3519370374
865873395
1830200453
3689643663
4117350100
2011448006
1682232534
1153289924
1381802882
1428577751
1294753474
948870932
1364434321
1915668767
2473338277
613920538
4231347447
3547091358
1654187900
972924943
2962900357
3541077680
966331384
3397652299
2031984580
549143149
2569074196
2636424808
4018473447
631392878
1780792404
1744124691
3990219992
912712316
2249392537
712786312
310941802
734898650
2702437381
1911373735
1783328331
3603033000
4154734797
3570255249
3640416622
239211105
702777931
1601276197
2363668534
3418044013
3397843247
3161323046
4287171026
2794068572
2952733995
56499547
53251642
3107957151
