258013088
550233357
4200352112
367984948
905315737
2203237953
746996194
821428739
3225923901
1780951305
2283847901
1006247892
3748924128
989289096
364005942
2225372245
2666677095
3613977258
909299605
980960903
3937388150
1088869033
1069419041
525493083
3265428095
1570514381
4211159770
1057010583
4181040277
214644184
1534016468
2309012144
2046049967
3621062205
4038886933
3743037502
3776329261
1529239029
1390232513
3055708012
3582604958
612684119
209687027
2282143706
1506792260
1385425142
2690401488
2646386650
907826962
1451514328
880208378
3226821944
687642132
874558107
2955439336
543635702
1302846231
2167916915
194798825
1623243155
1017246976
1884945367
1158814604
4105699584
291499993
3732845007
2961626387
1944699647
1997997044
3853480065
46319362
1585516348
1561615240
536316702
4292237797
196328510
1657287868
1248873938
604848953
458355350
2162651804
1792464220
3138806348
1007543809
3588262867
1921268617
1992722365
340067924
4098237881
1705821541
1406551574
1126203878
3231117290
911937540
1830460170
144182331
971657674
2277160498
1489671947
869925817
2087452255
2918101644
184484610
3523699658
3502635030
3339073714
3920091538
1659301692
1425215936
1542564827
183651794
1586753248
2461715150
3582979595
1807573636
2238361942
2126178512
2488250801
2983448076
2851470269
1602140695
1709716727
1319527097
799422786
3020942734
1020153781
3024064460
981032317
5206813
1161536514
4185198482
3667216663
990640234
2707317964
1844082177
310493780
705991783
2069243567
3398748548
2320515956
577915542
3474583579
1992694075
4108341420
1534467469
1158272022
397811268
3517583824
1886579137
4038446578
1897545015
1749967509
3222979394
4001150240
3964529106
3325328309
1102024711
2133414291
1916151584
193411071
1864388897
3011343694
3818515784
1485488170
1282479802
3182363720
1972365229
2641070263
971876610
2819828961
2420089712
3962142179
789545176
3398709136
4174011659
3052234677
787017217
2761972668
1290017888
3290834300
525814857
960086569
2353643253
2158970690
1726215142
941613437
2146474927
2955764907
1731148082
2536453652
228689189
540377842
2275315427
639487322
594362645
2550719499
652698888
3816912155
2805417293
3364243335
2595514020
3574433365
1096769624
3098617387
2782058336
401577292
2922802965
2535374572
590263302
2833707655
2111470286
330586890
3180378245
79013535
2164229726
1721666396
1685715822
3225465659
3722299257
2921412019
2179038329
1572740905
2644684720
1273745120
820409972
1479524906
285365458
2806901156
4212385504
2114627228
2614353818
2287506276
323665979
2793770929
1274002229
3568581190
181214836
43156934
2454250362
1086529965
4060482929
2237480584
2248688138
1543023038
2460343679
814400345
2112161387
188129462
3395095742
2729898705
1692329637
3578016651
2879984128
1929855053
3597075346
30868891
1938263529
1892200063
1783713991
3939438203
3896920473
3171255717
2899828535
1034013156
2264104781
3801828515
494014921
158103500
3120294828
325553525
200159837
471972570
2371222517
2311179183
550864946
695580114
1712744162
828307346
3070676445
2181741811
2583695215
673189222
1108995389
3893196506
3497326461
2196115728
1372044926
3519090615
3513060738
42176386
4144383748
2698381299
779922391
2578740802
2389452062
4142788261
3605392864
3520454758
3899924485
2530865312
1719128074
1818111009
3934406024
3369345962
3450730326
2977298161
3557881663
800787151
3512946026
2674670637
1985460517
1781561912
2800704738
765484907
2218369967
306441411
4136028921
3568407059
2168071959
1046567149
3559329300
898326414
2290459396
1161988391
3185445311
200514728
4097619321
1805189777
2086972033
692629008
776078666
3688670822
2199720625
3143101198
3149445331
713379799
4214532746
1678460128
1732642177
3984979018
949445933
917707140
2874883030
3078013142
1317185041
3637937258
1961996452
2528816217
3729442181
184812526
2717784921
2421117598
194113674
1847307061
2046925441
2200159726
133114223
3229019919
2105276676
291109545
4292571134
4201096491
2724976686
2281907550
3219954700
567136185
2806113336
1753371480
884466399
903616778
3400192344
1686439121
825433021
68331242
1590433055
3737199992
1924947753
330102751
3793146729
3988298834
386733024
1980949185
2818355313
990255159
2887748271
3399335569
1894015777
247069796
3129841331
1660404072
1228752354
4138810728
1540324030
1053257704
3509617790
2578021183
3181481280
750054837
1150213844
1001885997
4022430550
725958323
1749595113
863345312
506689891
3052080963
3677776186
818365788
3414145975
2328185142
522973639
4248490045
971009707
295470057
1329989217
544235873
481705584
425825031
4108184349
2063029737
2968515221
2292890024
3878106005
347690431
6740895
1530432320
2117277053
2415976947
3295257596
1839135972
1659290183
767710546
975376321
3366733015
1313669912
2809079388
1607442450
2749392397
1504392597
245006748
3105669001
2142552218
1924466055
689441765
3075824264
3388115094
533230797
4236266692
1757394227
2217038077
203578970
3141101249
2757753233
3308665887
792116484
3882308144
1483429902
690850458
537276545
1100584806
3300971723
1102801659
2886034290
4287749951
2107209812
545545941
2938415763
1432506528
1097873240
2320548546
517916072
3782939484
1788670065
1263375650
4237423900
4216620283
3430853611
503749800
3336265884
2761655215
3144356350
2190148156
2969589291
785938307
1925910909
3917055472
4137630396
1067970813
2744801408
1645685278
3004568804
4190511042
3209797219
506545269
2401231197
3631542707
4031513233
4001715524
2473876812
980233969
1007284947
1085800686
885550177
2246330722
3344078234
1897531910
3968230970
3162462878
3693159725
2383816364
1156509167
3768094916
2407938630
3693392938
135455016
3152552492
3826778315
2922857028
1399349186
2874542762
3802230009
1617820234
296207018
4032596808
1863610346
1035806970
2779632445
2753704057
2296194796
1920803953
1609582735
2765156004
364784038
2474990799
1347527836
441253140
1007103397
2629738228
2378595607
3916201220
1646071492
2533997895
2778199656
3386440656
537327529
3162523960
2826642198
1474863938
1417187760
2671333901
4196313635
4011337470
3893854036
3256594448
951558751
3110619392
2379826992
1386665203
2808726804
442185670
1722818994
556720003
847178500
2306855275
540111794
1119865248
225589859
2454133687
606460672
3482203909
3444747631
803270884
3176430262
2934581613
1005353389
1516700540
4228204034
1641358321
1647663311
1195048616
3722703144
2325630829
1936068088
1536968114
2111207571
4036682487
121845881
1891202403
1698212399
2872536668
1037569759
529905832
3623350856
3457768769
2442339329
1637918453
881348089
2306519219
4284971274
1051540577
1975572590
870861480
314311399
3187605631
2919496411
718458987
3068357098
4105573954
3442045777
3554458535
2375143235
3871827939
1286888726
2457396068
2983589834
2835546009
1280804626
2424958602
1865632753
3478637505
1608553695
1082701920
1016614126
2188220191
187390052
3144432842
1711645725
2177514782
645494510
3573907854
119929814
1559680982
23176017
1187082698
312571839
467577730
1458142285
2402421789
4281802651
635487819
2439112933
1710313607
936978781
2316701170
3894368066
567182254
3383173002
4190354564
683452516
2898491590
1708042278
3784383784
2436144993
3984004577
247658854
1921886181
522197834
3900988652
1238485365
2359468442
2396960883
516874657
2684296854
3482876555
3350660654
3822002388
527286397
1076854496
48431191
3200366714
3602126872
2218912524
4041864262
2173868061
1985761871
512034596
4260528992
187090477
3941121474
823409916
58409310
1482132389
3097644737
3800174179
1108812583
3254140791
1989876327
1163066360
1676235951
3041386098
1012674011
1022087060
3415771573
643240029
1305047257
2252042334
1078449958
49178690
3178988640
1088712031
82485528
1673450494
1580930814
168869444
2730822174
1952557388
276286721
2423928561
3989486949
3317028652
334548850
4267392832
1641217998
1813287722
3432225280
456927974
178800299
795420070
2314202956
2785178588
2713239986
3288006300
1050287113
2567519538
4131417241
3558573637
68456398
922784748
3829698559
1490051227
3859590820
2085487452
138593447
4036568251
2045362347
1844227378
732144367
1006466709
2885623246
246360240
1884353411
1966060290
2888984184
844819733
3759602556
1762580011
2660440655
3296379810
1498057778
3278140326
3180828074
2177924198
918682437
477121679
1769581276
2758331063
685294733
2326195099
4119172224
979833121
1083543979
3418095365
3205849081
2182171318
3749384165
686043170
3277774801
133941901
1500642824
1242203987
3881216403
875538818
3501649411
2029575876
2254449734
3700744890
169737501
398507426
3205309453
3372406554
1145630387
935444636
3275987066
4291947202
1621183648
2191219190
3065106470
2707105518
3994742295
3817617590
1193719249
2495091717
1096188108
786635759
3878846432
2208667906
1601691546
3962388622
3933942091
1771313510
2058720707
638700049
3757478434
2688116
3451148251
193193660
4265785735
2021289776
2560659906
2734344611
2834009342
2601432196
3236451626
399118932
520658616
1578841048
4040069772
1062811972
3683795573
3034423487
1993499879
2053108127
3327874984
1063479034
165962691
3451794238
168694357
3353740107
2959029855
1569679400
4085918563
3071371897
212776276
1365950975
3461086229
646343092
353591704
2413545880
3734800915
3366309759
2340273576
1438930270
4007318683
2881740065
2170230561
515251776
3991986505
3331051165
2065146827
2910266833
18033509
4018239990
1866671923
4038730272
2689468427
3462629046
3086695414
1267933927
4008592336
1801965704
3340014203
1662734739
2462669694
1970028448
1211539275
868252595
2386470395
1705885068
762967536
1024503982
2932311305
2015471512
1841909929
245039846
3218822709
1513172303
2230144015
2049949300
2657009829
2078877978
1760443661
1176022517
2899772255
3370815001
2878421593
2652734736
888239403
4209467794
1035278907
258892236
225589097
2928900679
1873694691
786685334
1544963383
2992706687
731850786
2696672039
1549324720
88765697
669907579
2112077036
3271856732
609934623
3707052884
3755953137
1269841911
8891112
726793606
835828707
1150036085
3500408371
1522640663
2142157901
3929170227
705039956
1035703096
1559812846
1199810272
3546398955
187485261
699112924
1727896518
174097446
3465648795
1446435171
2923305958
1086585465
630929342
611583364
3912617114
1107144724
871474014
1369477898
3312228092
3592918940
867644638
733134773
3585375069
797953862
1707491607
145621308
3408593178
2407223241
3096155123
47443984
3770647808
707535898
603671129
3312758005
2415028246
3867378455
3544451581
1687264871
1554972238
3176702014
1994730120
1491919192
3113187235
2187002740
3025522322
1864622586
89001073
2138496577
437233272
1682945659
3621703183
348882746
980110100
1533423735
2566907598
2370266777
1767744755
3658980328
3468229391
1917316744
864062791
1887358238
268297287
4222770353
3161751448
3744890802
3842209978
2410743820
3978183957
971951414
611809023
1248763965
2649234637
2234154668
1715986784
3488057551
1522760569
454997899
2125473138
411176927
948172189
486756420
4206206351
2665106930
