3703323104
667658707
1236253647
3783424024
1910854246
2216514058
1209135254
388072336
2045795592
1060008635
3163254542
2862707972
2361558502
3143312218
2883634518
850304189
3707100454
470582272
3713297025
1770154188
705715015
3166263796
939882921
1979516463
1061675195
1756010274
2477218213
3031649753
2032252106
3136906715
2317182475
2003095071
3095329215
561052400
251845444
4097711081
1887351518
1680371398
423739698
3913629430
1571326131
890265323
121144794
2298854620
1630593750
4142433830
3828366197
2557601438
2875530805
3227137070
3551418273
891550200
2414481491
3421016787
1091425208
3367781952
1394400034
3915644596
2978596063
840441163
3696076913
1550877528
3196753328
3348758741
2907210636
3848302119
3127507981
968972260
690944163
1605567381
3942240706
160823959
4119724178
333001606
2317610968
2509891722
3774215666
2076701503
2074184303
1634913466
2244135877
1550375839
2399067360
3872810239
1769308656
2375494964
2142922618
3448634311
1647326179
1598567594
2487346860
2945492375
1413354649
1510386776
2703714573
3270680371
3566795209
754183824
665366567
404729580
3896079495
4123443065
355739834
1953435758
839660268
1636512956
3447695216
145928791
900544014
4120962602
2418091263
1497020329
3025171905
2655203031
552597636
606130153
2245324262
2036654755
4178042330
2481470102
623734499
1599006834
2037138509
3576440070
3555029816
983007758
248226667
581409279
2958853320
1078507265
2657246783
4201517117
3100321472
2874448914
4084652041
3635071693
920329326
100346877
969969694
169450708
3926924904
615176066
3195443647
1573271144
3759268306
1504106995
1009846433
2851852802
1686372840
4118477388
4249251756
3489654330
648197834
3928775908
377173771
2923382482
1015118281
1292125556
2572677108
229348971
1831225751
2226821373
1211484685
3014409651
4137406974
220432643
3589008767
971409434
747090941
3083162122
1681049411
1935444837
3220749164
3085143723
2016076939
53242769
1147389700
3198092485
387544967
1064686141
1291959472
2906133104
3026712451
1490231409
2893687270
1722238422
3011158322
1556963205
3343427635
2690253771
223158265
2782997207
2532171357
2657514867
151971794
47844759
1838812707
2413829702
4215850780
2081166763
174948276
758746146
605045454
2046288553
3589272125
1759699768
1148503909
612269588
2847908156
1652277042
3690082099
1700861808
2325120896
1006096847
2693409256
3360182858
87290277
3932030920
4242281192
199809829
3640907802
176980449
4223577453
2756624354
2825479134
604172536
1701991304
688213780
412181334
3982678927
271539422
2181788994
3786353110
3325116150
3288807026
1795259009
2689738843
77911033
1968213951
769335328
91952103
441024316
3355819443
104759172
3636602339
3715208418
1968540903
1461001895
309453259
4142018765
1076702778
906276317
3501123582
2287954892
1776056086
1325072632
870837916
2725369016
3265266620
3886072081
4079795023
2501784650
2754631611
1311194085
3817829762
3724042353
460735938
3659085668
1476952852
3365069797
973749041
2211466049
11392129
1754127481
2070130367
2431434886
637166217
3539767789
1191540343
3567000973
2545161509
1787365459
962428357
3999125397
3138600811
2542249919
3956827716
2156025607
22755323
139656829
117750930
310854317
3281092823
478189332
2139598338
2665686290
3356278001
4223214190
830678339
2662382112
2246041336
1519292700
1270692589
2534011540
809736473
3483377740
3783267286
1474415052
4203380368
2419604771
1075975389
844908013
8177458
613289563
2812883142
3019926180
3750997847
787484651
1739919101
990854655
1465234248
156649368
2065130073
3790805344
2818024379
881299767
1737433550
1783099180
1211729099
590261322
368506230
1348119196
1302160882
3686956071
884466320
4208470417
2088315425
1948799384
2107541911
4028814575
1317977781
858037713
233102231
613419254
2257987644
1610977039
2233886230
2729798883
1266803732
304165568
121702352
2712721962
3179465971
1651869741
242531604
1781919869
3997913687
563495286
4073929038
2545414139
2383248592
1496379122
74391903
1032378588
2647751694
2031863180
765258887
4019027341
1220147787
242256153
3481120474
3397403962
1237610990
3309163066
2570718523
213983561
45232353
905529963
1953728315
1878600622
1328321110
3608166604
464696162
3124951601
5759052
134097516
2388939960
3442371719
4114511575
27498568
2908531874
3554514956
1063195371
894387132
2453178128
2778080779
2284607970
1564274891
254840724
4137292269
331635278
1512646055
1155713282
780298627
1825383302
4051268844
462050009
4233471694
422494629
2292247431
3814268386
979585701
2723591111
3375952845
693910241
733768243
2339402825
3759429158
4228738054
2394424727
3246147872
3964438648
2073161141
1313915640
3154925008
1995084903
183359171
2216231148
3546928761
2925500192
58688416
4034649736
3547460413
4044615696
2043130305
994783449
3771546133
3106743923
710584402
1131330740
966013824
2601170737
3221330022
3353136845
426040025
3340401648
358388512
3218626696
3858941662
1791355424
1847412565
2117953884
2157088117
3806229678
2785881733
2058935281
2446549719
4180574863
724253344
1159278641
1350375840
701755252
1726466693
629100996
965271311
4243002753
3269439839
1613125486
3681239996
1645068799
354728083
2207559630
787702008
2530302301
2332862728
2646912498
624456495
456000965
2552698815
2708061906
2642119814
520503399
2337553600
1748510259
3194507962
133752198
3839065686
84432145
1344039575
2920130455
4039791207
2086996101
132157810
3676086567
2776570418
3282611263
438640220
272107900
882907640
3386265118
3597939875
1504893762
132226638
180949638
4114831328
2464596249
3596081370
1239492562
2805867875
3217861669
1224524215
113765806
1618021553
1319379004
4100536213
1545482328
3213421433
2450652526
2849244984
303852281
1166841880
343584855
1029380267
3575946480
3988990799
2310445169
3835458813
128521210
4046658511
3989320973
1096640630
2330033856
2660135925
2647043697
2825126580
2242539455
1888742515
2348130670
4291712116
1467064694
3828089479
2160070653
4199334698
1580909590
4249722074
3195178707
609319248
464434354
1255662331
1642932102
1356879173
483043702
4088786630
2762725315
1134657729
1122983851
47894790
1964005881
3754079965
937040468
1789165492
2344227547
833280065
769794756
366603181
4130762549
3138161359
2466951708
3502640840
792711302
1214593342
2632220074
4030936231
1550732362
2285023530
1689285279
1406646888
1770698423
1542711254
417713342
1473282411
3669757116
4197779050
1086335605
2666843375
1348604614
3831110203
149541912
841048527
2852629197
3111541476
864876590
3694119320
373589978
1278312164
1841807922
1655075250
2021995078
1345509004
2379695441
3893881126
2411558759
1745838026
4070892621
447802148
69121128
3253210381
2782266905
3735988906
2874996276
1650374328
3182384932
1395270181
3823012703
676689959
2401205543
3150906855
4158466531
4134036890
1008646882
1996784023
3180872360
3475120780
596943388
985713924
2484847706
4121133188
71917260
4117087889
132564940
3315567133
3149217714
2835211068
3542910726
3571740880
3813782181
3755007572
3103624162
1153425409
4048372457
106762787
3280621117
3695126038
3674400433
487254851
1644736005
945629637
3185386077
3516162954
3464904982
3861279295
1598921036
1682680426
3356751020
1705354358
1661883981
984454699
602364280
3290527718
2544767584
1703856368
2631687634
825945611
1645966443
754081910
2933772230
1510656687
2448296119
573881924
3729303467
1784563385
3327356087
3943126330
3714147535
4037504911
3137884898
2685485482
2058059038
2804677406
2189007557
1880747608
714415746
1176855490
2525433124
4058162850
460156972
1586866247
3909756234
3372411542
1111845000
258103256
3776753942
2104501445
2321823312
3057780683
1330905524
1569277357
3865740632
1185051018
653538564
1667556508
725837717
1343909346
612191171
503710576
3189305175
978865409
1294952972
333416280
4284284222
1277714576
2230688001
392804081
2259818688
2359136345
395176627
3958233954
3473330301
658129229
14353431
3363730522
3598265055
2712175449
4191207917
685728688
3109728253
3631607251
1695463321
3206697634
796220995
4035442287
4083242022
3055917100
152332017
1381384834
3975818355
936883172
163430028
2448270885
3331485139
209372013
3690037522
2382713718
946289224
4047660513
523668217
3397340103
2331465213
3324487635
2795202590
2417543159
2285306194
4289672640
656883894
197428449
3813152352
193776416
4019919259
1260850352
225539971
1122104858
3888867651
1169381611
1916938213
2136579105
3970461364
2300606475
3828788632
172957950
3011927064
2813717262
3630188712
2541951285
152604160
2416094438
1458638246
3757041531
1265236482
1760945635
3988812695
268181748
3564399952
2054289174
402331906
1446658924
3834099123
2805866754
2079793902
1059754000
1714674973
2759747039
275966078
1081946822
1727287232
2526273750
21329
943749490
3247661810
2329441921
3542505399
2911755023
536998567
3507528543
2133905616
2131392186
2460392713
2508283564
949527644
3647429018
4010548167
3419484410
2512450085
1910070728
3886632905
1567991868
1409160045
3544543701
1643847592
1627010032
2512875556
4151279042
1750798025
819513456
3445246788
3600466083
3851646270
3638375576
1386433099
1000063346
3432605481
550289086
1639205199
2197295757
2485305902
1418735836
4072418963
418319684
3455266684
3251695158
2790018753
934411784
1200982296
2703795592
2537042712
139648068
2752080462
3467081269
4273349119
3386176241
739785503
2150555217
801542771
2666203846
4200500255
1983683811
2762762451
4067616484
2292334904
536646206
4233047820
512622896
1203113964
4169601209
705113481
738909259
2761389817
3894006948
3140564718
842976839
3224009815
4256570749
738379508
1988485899
2138696119
1619336598
2340762337
185806216
1167420868
657534044
1889384934
490881935
1447014599
815445073
2429812778
582741303
3152735679
2192787627
2160344944
1681389394
1732240794
525823372
794752996
3897465514
2608607905
1245561016
1295875404
3751962022
1717937576
2537672567
3809310063
3129181624
599721273
1826874565
895536399
2561238158
1089231121
2469866099
1366782042
2442683460
1419455005
3633758228
3361632830
549822817
883891056
1486003034
1811929135
3358446955
2440513087
2832128662
1328729875
3418546953
2724330241
2252298103
1269684488
2114246311
2803683278
1586955831
4131203796
1160517257
449151956
2553610367
2909603768
2767865524
1901297558
1498224227
1102636099
3064165543
1876694884
2910568917
4263570491
2818262643
2858218123
1869936611
1821647050
3109342957
1407686127
2498258796
2679079239
2805323571
2949105555
1511081838
1901088093
3978341244
4233389970
2084293009
898055803
4075051721
2065068328
3155311729
771261520
498943403
50650612
1536314483
3310042698
2440185317
2339816021
2212061568
1401150125
549432193
1382260276
3560897635
2077797403
2159618370
3918226034
1302948539
2122417924
41507086
92815950
925773768
751305668
2861128653
3484886607
2929130726
2018651454
1544331793
3205423737
525284773
1759760940
854105971
879752994
130592050
3865808151
2385952167
636230125
2039306916
2419582376
3483566381
1212809658
3288480377
2182692232
