2604876313
991744361
1562469173
2424004520
595417774
1427147406
1635277329
428832937
2625122370
3103003791
3256032130
2564270473
1535405347
3350618614
3256342671
1213454643
3677427364
2075903183
4213476529
917670195
1644221931
1323922930
3656821363
4162331089
2033700884
1260944864
77762179
2998167859
2550411778
1876285265
2372010340
3828544326
1744488310
3735807649
2242437127
2859127409
568671766
1230631246
90058091
4052365332
2418047197
2535536097
3864965764
2617925586
3321852429
1595065461
3120450010
1221112500
3101424148
1540756797
2479015240
152062557
3043943607
2610548661
1299669296
34310811
774562446
4102876072
2350385217
3145003890
1336726594
2214746536
2392747363
3165268288
1912050356
1189646211
269173539
1195206459
4170850053
1588190885
4041005202
511376015
2576617264
3486019947
1189851763
3978938582
1495055724
4176819700
53545157
1587786322
3905807347
1016368518
1246056134
2989954180
4235330582
1709885567
3016040403
1470503263
3975064953
2477490694
3343615377
3283420457
1496861315
3906821719
688813980
1512222255
701792989
357999074
4042383821
3235007390
2951283417
136305840
102557285
390756833
907257108
3607725601
3320709859
778758178
2663649260
1009879166
3066666990
239970125
3811094262
1147910216
3740554659
2852458856
1888791768
146104192
2038923774
3821752163
2021650177
219820135
3277521979
3831509906
3461409078
2986700880
1857675483
3607965247
2030000997
431889602
2878032810
2140012485
1376712722
454490162
1399320670
1388957347
2044424504
2180782765
2395837577
2123317760
2076911367
1656196158
329803861
1714493121
778891120
653253282
1125856737
175597554
57854692
2028683817
1835630319
2988902548
2652211906
1158659565
1426574422
1188800314
3047978797
2567176625
3161479984
3996373604
3774533678
3375021032
365318027
3959317443
2160399382
1172206758
1218377650
765658813
2176546662
1750186190
2675348987
2924593511
855181834
3856291729
3072534081
3363221285
1088948466
2791198104
300176667
3146411278
1489507705
3771100792
3589388387
3658499488
511015017
3230534520
1431389668
3788659176
3528043553
1732967055
1912624347
1445344743
3271493385
3100989117
866283042
3285599414
4108276030
803859361
3599243931
1743116844
135293205
307802762
1053774520
1008739035
1499113401
866796882
1839093931
420125100
3851220681
1260075831
3880074926
1375760790
2945659188
1810048007
3669337158
1836260460
888677656
1067864088
1158993834
3967424246
284707318
4099104521
224687507
1176827135
2835921900
2190339351
4084467669
90968266
662738881
2145816889
384233318
1381887427
3228283865
1201005596
3689397507
813426766
2675190122
1144705997
792906109
283542305
1261418094
3000760921
2863013593
4123088925
1846971706
3538291149
2563338973
2399218673
319393882
2341851129
2363989620
1673905530
4253735256
938132007
1709897347
2888144674
410770604
402230320
324486956
1242941395
2507920112
3702627146
375522634
1640081374
3589899753
1592596417
1680873606
1554677261
2733139168
3848440795
2413476140
1243559413
3077068263
2136121045
1397789850
3807247132
3909364301
922834713
779183833
2853604513
1354524390
3526703332
2030552811
1634062644
3365375688
1639870317
2343601375
4207208261
808078004
2728796910
187161364
4273701203
176807072
475907845
4118179962
392502114
4065239816
1583935565
4088859736
1120889518
3114174877
2225198999
3201910467
900595303
3204626153
3340773008
435327725
786920092
655160599
2606627695
739527194
2521849309
2906941488
201542716
1244477347
3210917618
2185172201
1552882648
2084787618
929288798
597550655
2697967285
2034978869
1134025014
3090940845
158628900
1347115805
1696947276
567867465
3456795686
324340965
2687868613
2176965981
1340013472
3132660713
3634441141
4111267753
1780332864
425482498
4273353110
4189052919
466078795
572356687
2524460201
692376828
4233470145
3084048538
4286008464
2832584048
2793463184
1099259635
1324586762
575816432
4188000397
3190348827
3876655519
1400257535
385373605
2836497012
2439851756
4146973840
299216441
3803568143
3434677064
2586866667
3422431051
4068227568
3645980861
153494143
856947933
2420277364
862200982
2732287257
2795239368
795301821
1174138506
4267192410
3429158581
1861646714
2452863886
177756207
4040772623
2742131629
449628441
2025296644
2927372936
3089208041
448587331
2248423623
8978672
388712117
3854237657
1551268227
3587097321
3663861863
3138009202
4290107660
3598210854
1435182073
1127058640
1557845424
3611228622
1237452418
2672554493
1811790673
1442482864
1910681553
1217824669
954948783
850895552
1247283761
3354874509
622587937
2524432954
903013805
302975747
895738951
3929593566
3373527114
1646303904
941503821
4101557238
834800021
2564692624
957786920
3119602199
3924259276
2935797721
992335029
3950369248
3061872426
4192916841
3031716001
2461136393
3263796633
2969877632
1704234413
1253800194
17087752
1787651854
2603531842
1751461885
2831556625
2945867508
3604674807
815506369
2668374498
2154099182
1811230343
2103806430
37526234
1604515229
564915177
527494725
4277538262
648431491
2704637973
932537187
2061435199
2763328877
2706244640
3695744432
2566440773
2930390881
2810545320
1083346615
3538462122
1039626786
1250944250
496030419
51349746
483105404
2609522152
3767631530
766963251
4080931135
2910938460
2692151750
902307795
272435482
2872070133
1017820902
3587341565
2434188887
2887615735
2596629683
98662120
1099284732
3648353635
2775132896
979093174
310358661
541965530
693220514
1161485072
2816201441
3702310528
3005081364
2227554565
1457019319
1344142438
1484205355
3333088727
2090804257
264526504
2802118888
2840708400
2415105414
902145746
2911571744
4159935969
4026338152
2391898804
3330760040
224163495
3115411927
4057271674
2552930603
3825654783
3452840942
830847091
2783618435
3815743137
362108870
2187812511
1323169784
74012530
2922761173
1991161859
1213968755
202490501
957823223
1790071970
2310569019
1067107288
3580270151
2682075980
135987370
1928708777
666876273
1490628124
597163090
1849525254
3798867428
1965162928
1660195674
329058897
2730971889
2298412643
3620231633
2194598767
2866529568
827965311
3021160222
787990852
3157454765
2857448293
1264010650
2309717572
3607618176
4257658877
3629786673
581340430
4105144877
2798838332
724244584
198710670
3048954546
742581922
3299312884
294820146
1072028747
1480575340
792787215
2708910199
2606734960
4081272431
1372073201
738755213
1163504789
3863410892
1581849868
29494780
1964251662
1231877175
2162175761
3555157226
1870164179
3196776021
1868138389
2959418974
2850141282
1432962585
826254343
3668472283
397094335
391754118
2312075919
3013373211
1232348806
614278245
1553236450
870612539
1320914201
4124858202
3708951554
2176836341
3606072163
373307528
875836655
3290518834
2124943372
4259149776
2709259173
1946647668
2393569133
339166322
2139205221
1496459506
620197978
2302487919
662847607
2170689623
3576031532
607608262
1338445796
876849878
1001164474
1662308838
3778423232
833064132
3128071543
2211263014
2066373328
1494054895
503953807
2500561318
563815454
2099229014
4150864694
1861351307
2773775839
2475968218
1211939585
1367346998
2237003183
1055872410
1747988042
367179180
3515895977
348214011
1944131411
236669737
2388130237
4101464065
4142282411
3497675648
3471892110
4288816638
2410582821
453877711
365145387
1290376699
401085546
2445532702
1524965440
2937388366
3448386586
4189519493
1763421411
148196162
2744706744
321743511
1680878179
1661737800
3904035379
2515497538
151728880
1480984770
3105245636
1602999303
3439804756
2460881090
2284333569
21331078
159569090
2417062395
2599992482
1686083064
1876220806
3678146303
228240601
3892357377
3467713141
483496967
3624829048
3051018525
4146842075
2995139542
1018330453
1787984196
2005595135
31794352
3106088509
758457746
1235531565
679941874
3818445095
350323405
1126370934
2995662433
1126148050
1747331910
2667013045
2615470563
2072059099
3148073600
4175725851
3625155417
783650808
3830660155
1667892568
1777715671
1778723512
137127473
2214419577
3822990434
469704646
4103794302
2159511893
2525834703
3906993650
282856507
2388659230
2357779892
3947304270
3517860085
3636902970
2272416204
3265108516
2010111166
3376644472
902164854
3649093618
2519300744
3679623788
4061370114
3015837794
3792022263
948979494
4120307302
3138299053
226328140
858007841
23891101
3009889171
1992356392
171064449
1841512683
1159703870
3922726427
1852092251
3081953576
3379385635
2547658290
3533495214
4058184830
2068745497
2751471973
89601960
2411920364
620700546
79094945
1722507999
2876127785
2350322165
2470867539
4001220446
2123221535
1353375702
2253527978
3730331853
480371010
1276917524
3851847069
3678674625
3155240430
2286281458
642014103
301746958
1180699374
631965467
2403235574
884481010
1936556770
3493397493
1269749746
678581286
4019633806
2326274089
2206367776
3400065163
3319723887
324635464
651365740
1956253859
611818985
3724928229
4198310601
267334508
7799234
1452929286
2280314606
808447765
1183859459
1634423015
3318333558
1691979718
3647340597
1864049452
611647612
3567244332
252850653
1109832676
2478390560
1500489954
1990245788
3676736564
1342649620
2858721578
440027837
150885266
3665772538
169211392
4193096343
3907449217
2960742597
2019451355
2310882543
767662748
3196996986
1008208436
1170441703
129102059
1180144710
1171242694
2854874804
980117845
1401204966
4272545178
2136805937
2723322534
1487413149
1756947406
2925302895
411771197
3150207607
653896326
2073351735
1578702097
2470783459
2758037901
38527847
2130637405
1018673099
1846718253
3605941456
914238996
2368169609
3032619457
2716042431
1945375251
4280619574
1425941117
4286912095
1558759533
2249798903
2787120467
3412859199
1461613209
3359464888
1557778893
2228868241
390612047
3659505742
994783539
1435620384
1210786865
1869061192
3046342399
841010245
3052046707
3784295773
1803989204
3928193472
2800645789
987940765
3211570679
199407225
927432854
2528248316
2045793590
2164756288
4144636409
2417566877
734777274
3121655631
2483364569
3006110787
3947188963
2961854877
1378988115
2530770682
1989336708
3931090361
1297943277
4257516132
3007086487
2400504310
1656761295
3653260169
861384814
3299901216
2261655694
1248239226
3006590771
2520089570
3647573941
3565431801
2191026839
3729804383
2817066663
1874977390
3623208037
1722530418
265108925
1377208308
1449415955
3963901291
2314359007
1191192232
406499614
1843249059
4012461525
3507321018
3973552816
2422101898
1271332245
226155688
1700237256
2407703131
707877242
2529252691
3568449542
4186121904
903050725
2265018395
1563652309
661412422
1938312369
2426445171
1474430415
1856063201
3672531499
246151570
888358974
1294154270
1053429937
2340129944
2928480739
3372127719
1831564679
1873809231
2320738723
4272890363
2363805111
738838723
482482326
2516960586
3392068607
3852558741
1891196763
951151133
1457840947
134113701
2093195074
1185963386
2051075589
4095490732
2319115312
452814743
338835526
2259592576
2240740696
3945422142
226745247
3671481127
3290573454
1452588278
2170336923
