2474597300
3087278028
2828778583
1261197556
181345121
4226330561
2774437163
3266295722
3065250311
2442578693
2167376240
4181905693
2645869479
342671124
2793490716
917769348
1344605552
3605403161
2945056950
3267363122
172956489
670114624
3979572580
1855293021
779397756
3996894120
2591293672
2458500182
1759444113
2545325325
33691865
182571910
2342893761
2514836556
1977911795
1654777681
3288693829
3034014135
751939245
2634062075
2296957773
1069107640
3416369700
1025942936
260682231
3901220404
1930485787
4190585474
814374576
665509760
555649893
997382623
769406009
1109281886
1201701233
2292216827
2370634390
3364642934
4133746285
3834874467
791670680
4019317525
2976875059
1521183832
3134472350
2482288581
3919182390
848881651
491289272
2050394652
72905959
35338103
1062648714
2084952318
1847784486
177700281
3922615077
1881474867
3927326301
984950049
552699480
3617070244
3360693058
833527950
1501752607
29982846
2203917063
462625797
3932732849
1487031530
363849940
2599583470
263094187
1267772334
367813914
3194417574
2752360973
2130714765
853293455
488963927
2136091615
167476066
917186579
1437909948
2018837082
622715791
3002724478
3379962231
361228260
4090291335
1434564761
3626327158
3149814218
347826299
705977034
237473471
3520165719
3906669548
2254933371
4169715586
1693080632
2132597621
866382517
3709886681
2982149414
2161950482
3101202367
4147711977
789351566
2147201543
1840793916
2296958583
3029943897
4279133324
4214179851
2353804818
98884984
5766420
1917015782
2442517486
2051849579
2099166029
3690792254
2334652843
3039721251
352445958
2960248447
4137469425
294974622
1458285602
6564409
2814359695
2208338798
3728219488
1540941976
254669680
3438658549
2234626142
3794111981
3728331693
2363997971
541877451
1679530152
3772175572
3520100461
422756099
3190422345
2522560302
3415914532
963018633
2278992673
3836497787
580947906
594290385
3520585790
2639084309
1130725927
1301304344
1762084091
2069476211
1414119925
2051551927
3686772631
3109942037
3652185449
4095796031
4245382224
304955540
1941035151
979688392
1599117954
4011618716
3717093165
1225979301
3543246760
571426147
3576824979
3839678476
724050084
2697516565
2254529479
1278422652
3572410981
2983215292
5614691
1196687988
405765975
2350323051
3530644753
776694449
4239273514
1247859993
2796137354
3262986022
2457815613
3714164589
2393747634
3934094918
199127813
2432441910
4195068927
2079494060
1522185214
3771993924
4061066803
3277029630
315080183
3159486685
956605287
1361600774
1425075265
2874689874
4144612908
2838814818
3471451112
3751714378
1953166016
3141909218
1799222156
833854249
2637014442
1945196042
2422066285
1785793781
418347573
1964932441
2847093786
2921445590
1959811461
3529913589
2366960159
523396547
2881747029
4223262991
2530122958
1523129018
1185014028
2568735509
1852677071
2814134322
1767388679
3724508380
3731846199
4054737127
3834729409
1409397190
3812609617
3901315959
1175874086
895718426
3295359495
3466154398
1040466692
3345997486
723354346
469046405
4177933347
3681760475
1106180867
2762419432
2141866459
3227020722
879522817
2809103588
2086394649
27572867
1537642870
961992532
1725170150
2012382871
2251745937
3877899460
2663584979
1112509394
1136197266
745895744
66213178
3686963764
1238797264
3874935692
133891660
3960286992
1639469676
1862957047
1394517637
3304386831
1905262703
359162414
664382579
1012322288
386799419
2501394898
1331267970
3310456726
2574659687
3563748302
2270149762
2754547999
2609271696
2369363890
281713835
1947689207
2307457998
2786577435
2220922856
3022385860
848298833
936613758
1699023097
972742935
4154020776
1853512806
2532926927
3262109552
3177069503
3857784627
352515711
1290809164
3395051838
2128176195
3740644666
3989186446
2985642232
3146570738
2464773266
62420250
129590514
970958458
3564545256
3856508679
3441708895
1798828147
2892950667
1542161746
3789411483
1480454738
830075581
2977296366
1402221629
2986512745
230749255
4228086379
1354314650
3787319439
802755237
11037234
790177251
2852609024
349652761
3665514858
3464974109
1245004424
1605379315
3143611677
2696427233
212835085
2697104919
465084355
2009414812
3958585368
3745463271
4240923253
831291834
1750757163
164261738
1426261785
2518170800
716150187
3306355683
1815517612
1248093791
3459763648
2826620333
4133507533
2018717197
2721063597
2951344310
3010502729
250847512
3510332409
2643970547
341535323
4105549991
1278119762
794109116
382091183
4199876743
3604743554
4291972082
2345904488
3017463335
59218728
1405924007
3037814131
922377049
2277090674
2662460781
465591799
3775739984
774187393
523299037
1221037190
3895920402
1301118990
2243348315
748180940
1282083941
2915814919
90402685
3064809828
3970818345
2570715592
345416351
3111327411
3507587035
4192783547
3492890435
884044733
671023636
3597227674
1237025704
1712094966
1782511779
3014422554
4293905930
3253900374
4182162093
3873449867
595649636
944896189
1467804417
153209730
2208226238
1063643468
2474388247
2103429085
2442709107
621097142
1955586856
875028427
4227948938
2718722406
987540478
2300389692
2890776892
2054235983
1787898541
2420935476
43011479
3713317448
196616593
192203582
2509886288
4242904709
1345593216
3102205445
1945092447
161859295
2595488836
3970519216
3288474918
79621436
439586254
1806183285
1775726893
3361299920
259305398
113323219
2684850885
1198787176
2313201345
3708796502
2820096725
1025686691
3383810238
2908233154
738253473
1137305647
608614988
1739980
1623088825
3503031723
2238261766
879487826
58141026
2995321564
1523455581
343467094
4257716270
130334329
3776555337
1890474482
2492476415
2190158025
1008405117
495830543
281602370
2428875526
993146830
3215095864
4017172536
856203263
359936158
1156853250
846389791
3784159215
3777266233
3188045067
448420863
3748424969
1279863541
1603647936
2797938603
3286144590
2223216960
343815600
1756374999
1768059300
3950766623
4216098815
73720513
176427780
777311345
1736475129
1520803572
1807593196
2925781681
2752041317
3591539630
3505474885
2600070048
3629874394
294712758
3138294281
102178142
3535877628
1894851463
3841462208
2274004650
4048750231
3268207758
280832624
397119081
3829063730
3335669323
1411766937
2451422224
2975186593
4103901316
2523511386
4064582380
1941867122
4289258071
1842674704
3761062587
3067610389
3266425078
1728726529
2529526211
3047018268
2543743537
1550278949
2511577114
2579872180
4031359299
725537944
2207828670
3998304272
920959658
266755143
1900795538
3248823296
3748636710
2565409395
126322852
1481918783
2538284754
948138279
3812633610
330392495
2443986433
3196366773
2330880219
664952912
2758525666
2479954429
2271011514
1047668025
1600329778
2064127489
1515429353
3219201853
613144335
3292803075
122509665
269448965
314036351
3086463994
3410518689
1562759834
541569449
3521075416
785222031
1642803675
2349581048
2848234792
3825623397
3782030000
2282805417
878105651
2811368795
3538180358
930990308
2091091453
1033169778
1905994034
2733452365
590967695
2192338458
3696446482
2904116482
20267160
2024077740
3690644749
2702525337
3868458335
2545460254
282696065
931277649
1110619452
2199182416
2937962409
292727623
1027402410
3544600321
1874756811
373937939
1577038023
3859081981
754757541
368757614
231034939
1727047506
1082368264
2380460952
1777853032
33022944
3863460494
2078753269
2536926365
16461806
4005796602
886409728
233361999
341361346
1483647749
876475999
21839311
691149012
1097747322
1602867885
1081647977
2845429882
2395200271
1906101773
209422490
506008783
3383723369
1682925541
3507178464
572823851
3443192885
441448396
1901924051
1677873204
85848652
4212165886
3053130658
1176450622
2554472596
603172838
387763920
490817281
3285207578
114097487
1190327336
295515324
2124640517
1974927147
1512339497
3274199013
2651785394
2316943317
3985735189
2582610702
957549227
2811209291
890320511
2960697981
2229155288
2923411579
3594109906
219347409
1610557039
917658484
873063084
2691273067
2506349454
1727831274
2621349213
489059203
1015064482
2940539464
4261429662
3226352669
3473947374
566676385
3034638737
3963255961
2334832484
2980431089
1945680713
3750495168
3443956751
1268453836
3188378229
641576093
3073651006
4246900134
374531509
3257712135
1377977513
132311792
2718044855
2085099628
1467733293
3417559369
3018234671
217402712
1760061594
991332202
1091754326
1257736321
2737307750
1347196087
1222059476
1643617703
276909679
2226285823
3069191054
2927340131
1664348435
283466887
2853858482
1252949831
1015796711
2632098088
1257420496
4130325814
1787600060
368447650
4055927029
1555124430
4065387527
3720749734
3217721432
3583658169
1490910884
2426138024
2459393515
3395082561
3883223788
3668806579
1512539662
550854691
3324014861
2831382337
2654913136
3779887164
2817556424
1715647484
620121800
1915108497
2300113179
2984710131
317238725
4161970977
1364086828
1862802035
2433225700
1442664257
3639499986
1653818028
49451124
1379012094
3794403121
3537668951
134604093
921180389
637253372
933811462
3280476087
715817674
3010572588
2986441786
2208102999
2470096715
503548891
2229693478
42577957
3462036030
436103066
435867998
1852213544
1833931922
2154865596
2396698081
3741947658
259391203
1267304982
2908812030
3267152260
2483874192
2886869463
2831310922
3344271673
3442556554
1555151642
3350351865
3900775715
2888495069
1693751989
2317893608
1597351190
3806730132
3329233941
1090035559
4215847104
3345008594
865857
10167106
1365484553
2878900097
938659167
3441034158
616499386
101907717
2829469251
62552246
1188233287
1290732565
1211342615
3095904441
4179308551
1510300047
1261037027
3946062836
74974788
568422860
429393934
2802833051
3399712642
1774936310
2217182951
3900277318
1630235444
4072606427
2085901904
3570172459
3642274204
587798552
367089759
260282094
4222086355
171966192
2114494064
2121561295
3944558810
890812424
2625738781
1959787206
3116647804
170046237
616478895
746470964
4050087114
588018999
1953417127
415200561
1586394622
3941375987
75717448
4018243576
1476541120
2870200962
1161630195
527922773
3050876990
1695555036
3095887596
91619641
2814502417
2076817357
4120268773
1177660037
3502346583
1718325690
1770029483
98912169
179090789
3281306932
2238781460
837239133
1063323929
1066094587
1028305128
1701284765
3622421172
2264824078
4199292481
1205012077
1264701983
2133978058
3295455082
141446323
1428836790
411597337
1983390512
3300579560
1507812344
2145882539
1073069299
3771344215
1662643928
2949853206
927452447
671809411
184394779
3929032022
1310070126
1772795556
2088555280
3858576570
598722544
299975694
1978934103
652289907
836075586
2183983874
1962127062
650867040
2020596590
68029415
447698551
103255837
77256256
783453649
10647210
2306770492
2341410008
3399783671
420729576
2100400338
3226991374
3048270700
2307257691
3470373778
1683720485
3597640563
180736810
1191242544
3965770533
622693391
1856209238
3662774554
1264387452
1160728480
3749689201
2875842719
358708080
