3620923121
2244447256
1284226206
3232226248
1494118009
2461097519
3047959386
1495886395
3963950758
3542207031
631243411
3844804101
2385159070
3767987046
2520045694
869446252
1010283110
3281812518
3194909361
1868256281
3845120612
3234448777
98198452
2498510122
1399915317
3341208510
1713582385
3801160516
97051252
176076788
3550077701
1644812312
1542368312
2665288434
2725500804
301380995
3333621141
2896558130
2067349018
1283354428
905559406
3201036948
548184831
1708941224
1599903898
2132949728
1903354139
1280194973
975853442
2693206107
1684235660
3377117720
1197597661
2187744904
420677226
2026237940
947783562
3657938867
596251231
3588728378
1836848095
1029728708
3976154277
2453550874
4064172722
1024472943
2806018475
321366408
2651201429
4119079299
2949905962
974843522
1634938859
1112815827
2865594406
1542313137
2062620590
2852647106
294211046
3149800718
23367829
1853578626
3690901561
135029659
2597620500
2538647059
2794837220
3987447219
3812630540
2724009452
2346700083
2699874291
3340209263
3960678670
113639698
2380489042
1632285963
2131082946
210855198
1141332729
3975164342
1233509396
1143735622
3333564909
1202421151
3552205063
1048725905
2439603358
4281207957
3315243191
3218060330
951715142
659073111
4150000767
811558019
3618290917
3523044125
2357474478
1080125915
820569914
4198467613
2655295888
4125165630
2090416539
3351681527
1737366405
3270898220
3974494372
203073972
2564995194
3788582780
784809
2694306075
4048619394
3407366921
1158320159
1951126293
4281279549
2141000694
3144791790
3451375967
1748754105
2385563642
2959514012
1022366284
546962865
211853247
3961910256
3647257861
1604163809
1004884989
3703978125
442989477
39820517
477742818
1136080526
2143570293
2241498828
1598015383
2863907518
405929232
3996523518
695279825
3896105177
2288357026
3482930309
2224172707
2291804345
2226519407
721757491
691075095
724052186
1865526519
709046693
3823097244
1150437945
2253143357
1943042708
2744980596
3275748105
2844503744
3631036877
2578433743
2612991425
755988635
889506201
2183939758
832383173
168414669
2909780628
4094618219
3104299598
3820811653
3237511645
3955230319
927637820
2136214344
3433969878
642821226
3201718559
2676560697
4237233058
321741993
117802783
242106442
3799140448
1464808947
343325824
1323595199
1719258032
1064484892
3466946841
2599088221
1420606085
3422228563
2305826745
890580244
3763246131
2176440235
2571643413
2720602014
2004443370
3987159759
4203226541
1636434763
2521505050
2490073671
471659092
3031468187
2295808936
2728397965
687259688
2988586628
199333249
4246627156
3028916290
969858051
370507746
304764971
3964016854
2698150503
2734392418
1172268314
1939890962
2274271120
1234681898
3644552724
1834935231
3056048386
3495979582
435869130
2808029430
4101364559
1315374444
1059457982
2228848421
4205386716
1957153629
1793723230
954582888
4105989082
1294664666
4218518556
4155139618
1854140567
549203346
1361684136
2265240840
2505875159
3258398404
1840533427
3579803687
3440388516
2745944392
3297255103
536634261
1333500480
1836098660
426549905
3480315436
1549319951
2507504670
681454855
4008341464
1191768563
1688865668
696983725
1094426758
295829101
4009108361
1015187701
2229331340
17444996
3837086622
574041885
530078807
548696666
4074448098
35956952
2912722201
332487974
83688209
882107869
2418219701
28833189
1833335992
3547202274
2930696867
3461978252
2047983618
4066645703
1479713990
533128985
3668532302
3860316497
936398054
3948385350
563126732
1834214636
494684875
636215196
1950234070
322586806
260017944
3822471453
2798366676
1087038562
4216894002
3834674307
148266709
3554625185
2137826904
690192754
2019349854
3074164650
3733224598
1399241484
2564433542
1054214705
252082487
2247787734
3823369268
1925072823
1931632793
308897851
2143656996
1654032578
3765802624
2725253073
1586440094
4181874743
3759608555
899046543
2402495648
2054757742
3682171047
564635011
3079753471
4198918081
3879054662
788376999
2004273486
362522470
3458971287
3114835352
1184867625
522239189
3412981731
3579273175
468891724
4223546575
2921625247
1932870941
3908651209
1789713377
1062847169
4064609310
652455124
3893884949
4022484044
193604236
267924792
3815775453
1031824842
435604272
1475415740
1883760467
1414200004
1425849680
1275520975
3404110049
3855731789
2543433186
1183813432
3017670348
2122711226
2493634633
4030286366
3010735127
182403099
1691218124
3607365285
2546891755
2240793577
3286469700
1210729330
1278518187
4281083502
2890178268
2609001027
4228488642
917083781
2499134380
3948366116
2563674744
3619257903
1009467687
1652530841
2688739501
3197943703
3499488675
3958981317
3274146376
661267293
1423580504
1759332356
2752742106
2512128590
1614449315
1640905865
787814741
1531978132
1304100734
2341857435
4119317678
3514433756
1420239452
53330065
2725912186
2755530169
1180268928
2026620641
146418841
1767863874
352282526
3691103079
689970995
1870281672
601071514
2130152262
4005108558
515395569
2277423868
3925295395
273811455
1948408697
2854812839
1872130573
3823463918
1282535630
660434587
3095756675
819680747
3044442893
598512542
1821031862
2530943934
2940379684
1070071286
2673978679
3117208414
535212168
4003697752
202178209
355290462
1774296401
1106960141
722697738
1088195101
3260461036
962254294
596928468
3120099510
229326535
2495333636
2530082568
1415098326
2537548148
69769173
3940460653
2472001915
3684264633
2233659122
2272010408
3929278110
1117235928
351570153
1513913309
2500787237
2464060507
2784459638
3219298199
2145086023
107934768
912120191
2631328343
2132422101
1540840317
1527709919
3665574635
1899742816
81924826
4276574731
4289095571
2440146716
3699067084
3430454567
197952000
1126851366
3408122809
20937053
2394547742
3366707072
2609059499
1182918234
1581867242
1561043656
3524301274
3806822924
1586548608
2533453748
2754446691
2316823162
2094799486
3300084110
2356986529
3688660116
2101166121
3306504155
2428539031
235049325
3832783748
4205004591
406231740
450846470
3064316549
3874749703
1550790164
2932075561
2611906542
3351473526
2086900478
1352580031
3246037452
772069801
2526362312
230025125
1981284983
693521381
2709888354
2559742666
242757574
3962166737
1292111972
2343034573
2856682677
4072769485
2848949635
3813722277
2175691569
14180075
3575390826
1201897844
1568531971
3040365813
261844906
2954431145
393553553
3573906264
4196676531
1445314089
242069502
1565194271
4080838832
1476298973
1287151878
3568696827
194033705
3869288639
1143357390
4285783395
3688913254
186604440
1398512674
2182706875
1793523066
1775838234
3879303636
3649879056
4273477275
973704612
2235334796
1433551550
2382183253
4128160249
1311744148
4097098478
90266886
206562519
3764743098
1352672828
4113070981
1316233058
624863395
3545971101
735751499
2403995689
876661973
3598793018
4213348182
550204428
964051637
3558943358
1440996419
965386752
180876840
3368014369
4118059398
3005781605
2857560782
2777758781
2338504904
3183892979
219885911
2239212359
3061258482
2218970051
2654266050
1475481829
4102328242
2762747239
2576189834
3641263739
3089354323
1588951719
1273026843
1028777393
1199580249
3927917188
3967060296
1766837692
403394936
3109700269
1679400527
2038349515
893273336
2112297978
1076700527
1512292116
610166494
3705991915
526478743
2035631532
3352046118
1219546092
3043163470
1201803449
384290124
25787972
3594062313
852626240
3345987607
1382723441
1404717396
339530785
3058496573
1207803806
1716338560
3387516983
3294535515
3888359934
490709741
1936469383
2852013420
546049225
4112046778
3185895255
2406907874
3805179632
3160922830
4188340208
1582127012
3567369308
2738950973
277322535
3725092
1968105886
1339508093
922369017
3485742745
1712782823
2951559464
3282280253
3028448452
2276333916
1427058227
568451864
1664840004
3640865575
2266323128
1042098172
3184412190
1491641242
2165488945
3775615233
2202603543
680859789
3058169276
3487842979
3523812618
4259405946
2561519262
2876323545
3547754738
2681444757
3738582870
4071491113
2713725949
2784457726
399717682
3311977332
1287730728
392514639
2931383307
1585012589
2709547567
917407809
3678988247
389796406
3678346667
3913259457
971742368
3472032146
561552545
891029722
1812794199
46027649
1294240729
905387567
1632549858
2513300768
335276993
664352753
2211768613
3207666203
4208883927
1106654471
761167907
2901707776
982532033
3712884519
3482337448
2155928317
1347262269
2041447860
3309377362
4208530514
2649561286
1737759445
867891794
2205053871
135792163
3505716144
2129913933
241531429
1485437420
3785967636
1336761251
1231765750
1068133651
3602664388
2624870051
3942178345
1656940609
32608588
1462466242
2463509459
2010709306
2419570935
3267999080
506655388
2926395729
4974481
3445139095
2526584032
1168543892
2335325217
1760419479
3862373266
377996002
1635567712
1604363496
3527649461
3304686625
3289311835
223494643
435312178
1792096067
4223296731
2804213588
1473086923
2720130710
2607199241
1436824625
2033273855
1764204611
649903514
631099657
1155080037
4187234240
1744792859
2023117000
2559769997
3114850004
4260461892
2821976343
803621417
1153539395
1186206308
2191835318
3158538328
194158366
735015987
1947999401
66600501
194944597
640064361
2564066860
1339479087
3961826165
1537335431
1893258823
1293567251
988528537
1075168269
328409460
977032671
2842029866
3600032192
3669459433
1821437896
3259410604
145945047
758037701
838128515
3474542681
3243278734
4123461733
808300321
2095310730
172005370
3250211292
624287305
1314111454
1732172989
428920189
3518546809
3937787915
3814801970
2997802674
1713419528
52385032
2212197298
2150831823
2536492923
1989970001
1839599383
3752231309
3571504944
2108124587
3859631405
186627437
3722483276
2450480793
1075346043
2638212003
2247588959
3415555601
2083533290
1737369694
2194888749
987548023
2058670385
2273727407
3337201020
1791557561
1765101937
1077779
292191833
2433087577
883901768
202658741
3127762597
3662577677
1818432950
3310720992
3812584359
3657223323
14286895
1378409518
1915060254
3342257301
471813242
1114271521
2011742644
673636833
3402033347
1140190088
1948373033
694195164
479923718
417477047
4147697974
3235909214
1808230045
1736426573
3440416743
3298792798
755999747
548699084
2005519949
3454923214
1427592681
4103838636
3275912478
1486170766
2639703292
89765725
1030957955
3680335275
4061933608
523374591
2557716133
4256800704
3418781016
1682628313
339889836
3739416972
1682524426
614424193
2871830551
1497356676
676139435
3932783386
1466730587
391707787
130978720
1532404855
1632371522
140534905
3726247937
4073678635
460445499
1508900684
1470811578
680355068
1147210128
615054246
3137675226
3712498354
1816256340
1839981248
1933679808
3965995125
3560131089
2729076624
3894669620
1351679831
1740685320
1184369966
2397055649
859317313
2287507751
1077860455
326167754
3106098917
2945678870
1552413796
2006153453
3884332941
1658920529
91775724
1538028824
759486441
1987033402
2447631816
3598694520
2799956784
161089376
437524273
