2582121160
4132118497
1732092905
2036191039
2036274378
1189782893
231868997
3975289461
230486234
1663124237
782728236
4123009197
1045158943
837160125
4041519393
1463209790
3462135616
2092164121
3853342918
1624332399
519361817
4261510519
2222390257
3462906544
3710657431
3331821966
1121907038
1333327662
3335739691
494527514
3192719635
423277833
1013555454
2296844141
3169032740
1252381802
3758453307
2767498972
698480458
3729323308
2089066040
3944017999
793432447
4008742980
398100560
2952701339
403904184
263120329
1538622736
4193847945
1440456308
3993534062
1185173441
4101360273
3336599754
3209468713
1058049060
4053373337
1181524107
3308280983
1476789706
3769794895
2813095779
829764627
3136074216
696837599
3845590837
3410606319
1617068840
2276326812
2071268987
2897769634
2600588506
1254914180
2698837479
3154560674
2551213663
3885149891
2448072774
3818431885
560130611
3226081432
2834203347
1264950395
2729484611
3523233029
1471129039
750547950
537889347
576958844
2457988742
3728797436
888263877
4138394476
314142399
2726955233
1431186906
4237311216
1582871224
2967723117
4024191786
2528967609
4163978112
1288233186
2241034913
1372858095
3448864624
3866464374
2413524141
571786648
2748818185
3667340039
4246043513
3720903182
1931559562
246142561
843246277
1245491413
2536812185
3224828478
1733931943
645036747
678609384
2179442396
1258307133
3856330627
237754696
1153159875
924502005
3141582327
267771707
2464136074
2579473442
3640969953
1457674073
489189774
708234743
734231577
3932768707
1663278506
3294336980
215467672
693836503
3677243379
4049888328
1521110525
3253175467
1400123035
3689069835
2867301212
2155129341
2622585566
1915330872
3118984397
4192787846
676050667
3594375860
2452950047
15653807
3038717146
3263196018
210774746
2578528790
2648513552
1467491506
2133639166
4241260685
659598214
1264312004
604775902
2252687551
1912788244
1927842391
3242670100
1766684776
786047308
3426823239
898297906
3864568884
3628203198
1654646496
213823910
2878853160
1591773144
2379341656
4163073505
329446752
366441823
1539308612
2867144031
733358492
3699909158
325191141
2448375879
129054662
3876191220
2895816373
1438603582
964946035
3095211737
1775759373
3558729880
1256522576
4240819680
3210474008
105586965
1115277989
3091106654
4111185606
2275131032
4162764312
1345434366
1105424884
3343980725
666570145
1481210848
1661674008
1344429677
907954193
3695222754
2658737849
2689931094
292398747
3478174325
845940043
3639380465
122838900
2645646592
2870143046
3111815631
918868193
3964008288
2263815058
556238492
3551879645
2879445915
3584849656
1647531145
2880502316
143610690
327595333
2681009780
3816920020
1482609373
3860600033
1043917662
2758350183
1073136210
1489902558
1185340594
1411053179
2458116662
2056425296
1845486133
3606265250
4040537401
1521393429
2559717631
1170185100
2450685260
2005437698
1499841572
2313012852
2153749460
2820891012
2560970559
1287276658
2071215909
2187793742
541489892
1650560519
1464207777
3975548218
303097452
783632012
2290569455
3894325501
3319516262
3482432474
2355408628
3009457238
1393175785
2849628278
3481247275
2213345060
3209705610
1369516708
727034416
1275351333
3495312045
2982579482
29124371
1667073988
1783656980
2022817137
1118605634
219556798
404722597
3892792736
878495446
1046490646
2319180247
2851812841
2635107831
1627889558
2725359178
2121694520
2742999558
1988739766
1912518927
3593958108
505343606
1746286383
2965352854
2843510573
3477434356
3383359423
813622593
1644977906
378933059
3222835721
634896927
2164490234
1224271194
623369213
3345482688
4060902849
1084152916
3532439520
80658712
3828333459
4037205026
2455123282
2383144624
1007729720
2752775452
3144353822
601124996
632857762
440500878
1620571010
1145371712
1440215580
2316554127
2536741664
1100605694
851501686
617569303
130532248
3423563693
1613692029
2430213806
3011187921
2395395721
2456032947
2653542153
4208387753
2410636467
3103449434
3948674354
2920088632
2834420808
3755490088
2222431634
1321696369
22606720
1885781718
433781279
1104360615
3475847278
1459751265
1171218961
1828886755
2799544499
2815958567
3273129157
1744565696
1684520044
1774239853
3414791230
1078369955
3084061000
3888711127
3565059515
4066214516
1665884585
2471746797
2061977485
3076531686
1300490043
4003294559
431205920
3692346989
4037165491
3114734833
2188889952
911183917
4275271350
3256158732
2325217977
4130533419
7237216
2859033175
2467153592
3776938487
2324468096
1064632560
2490212315
1051775602
3664880659
110698603
1139888299
3357798332
797166387
3478921891
3276765150
855707992
1731159967
3895124857
3171169505
4287423359
3123550711
391336913
2167127395
2905943360
2668009010
1680665254
2330466506
2225019679
4239578386
174923592
2571028975
2059871152
4262957372
282536585
3773479884
1983783326
3431969631
64290269
2357116603
1721724308
2011108638
4274757881
2589307737
374743146
2466619984
1749771120
4268229630
1049002720
1232356254
3280611664
674860249
2523134164
2187690158
518640978
2575489655
2163888967
3941121147
232476365
1694989435
1215647177
3471227003
129236011
1372508552
4185281370
1170104983
490661594
1310682732
1552306449
3549669370
2502824259
4111084438
1688604915
642019283
1500078971
1768078134
545804336
217489480
2050132358
4202405405
1716010341
24557913
582091861
4061681421
1992996182
310281041
935269546
1343815499
2239780453
3615828223
1867746661
1587032706
2598049752
3325942787
2474102615
751018234
4180730251
2899135103
3412934461
2176095823
3875234789
207757669
339341409
491205859
1056763938
4198054306
2107133990
2264284967
1782870843
302524577
3827665368
2385789271
1850814970
2530645761
2891110069
255591343
4279454892
4052547627
901543860
798634304
783010166
1959213303
1172846150
2881256923
1559432106
4107610188
338364469
3269041756
2275498949
1243076518
2324132831
3837254183
929432771
2514686328
2298407553
3737977393
399124341
1162504383
57816018
2208144582
2441539895
822075768
953744105
2111202941
546149064
3572518443
1915232062
3006990179
930143374
2456225540
173778274
1064445595
4026514142
2296685638
966490658
2605525
3396219341
412274858
2481312845
760072472
2028437525
2066636120
1532376702
102976499
2289691556
2732602431
3551015090
1242897047
4291720297
2475913127
4148757671
660219179
4134995504
1014276842
565895612
1434415207
568198290
556418177
3146954691
3473434363
1681768634
1001199589
2394871001
261205989
4020709415
1575077266
2045050169
1857129718
2806413469
690323960
1912725786
2692481123
1134522385
3206341924
3760344768
2734605358
3256303960
2458898992
652705385
1480379560
582088219
2112011825
2675950930
3040562538
4043641009
2832629964
2358317649
3099424843
254940254
4255459058
2019974175
112816612
2769470582
793631443
2432879785
1601229787
2097419055
2214448319
2732905783
3409430381
3177090938
2900226194
2370493889
726780295
836037275
684545234
2817344210
1842847532
2225150671
4105558204
2890482369
2315757778
185577447
3730229037
595713374
1253111994
2777899649
4178281536
2729035130
2377045858
1538500501
1372241251
1201601797
1588996668
807246877
4025856454
1857531503
3424930586
2940714654
3619636056
292146990
294617747
2456056203
748761172
1560882474
1333627150
4195380677
566137151
4280958538
1842904514
2643254006
1927978303
3577516016
543904660
3686536046
281580851
2425714648
2886238144
3621051733
3880398155
3694527582
4056495631
116498501
1100344898
3157648674
3911730989
147831327
3208870770
3297972891
256724178
799298475
2802781576
3809580862
4038976147
3987622493
1478365887
622685222
2655462812
2969218402
859779404
3433439182
3395182237
1966037827
3267006075
2445163983
3617540897
1281127317
513291815
2658512282
2460966397
2557489000
1132098949
352944836
583376948
1789313392
3827791177
2262263666
2693623418
3141601573
3992086236
2552239674
1073508900
639824351
2699327637
3482496082
4227030832
323192416
2587288107
2647457653
2728993786
4053020879
1609111425
3325488409
1669245963
743394447
1169127693
2301618013
1339572039
2421117614
1728203597
1590246818
3292850636
536033952
1254595791
3228523593
765706840
1621297545
1327949526
1492108535
784635904
3931616782
2403895544
251599199
1516233245
2008126303
871916703
3696414994
2759610400
3002692256
2265504164
1115478533
2381863830
1558952290
1985461368
3803950334
3431484261
3039953344
1510757444
1948732920
3104413859
1546566054
2859307312
609592181
608571338
2142799381
2452351944
650554900
1727820544
3631093666
1927496543
1628153717
4138591071
46152848
411176054
666704510
3237929476
287270048
2910103627
790730415
1572736549
2400442007
3803993757
2907186945
3997005924
2071977514
1462764072
1539682435
3681823622
1523274007
2980529103
1615172749
1362320974
2112788255
3041484857
2352307728
4183643976
2458566550
3232853195
1803019144
862020492
1847328452
3924207124
4012916616
370870858
4273762546
2117470410
2418457339
3792143947
2394152576
4095983556
1701760885
3742537703
3948296919
2787808027
1457787648
1815810570
2979364106
684697170
415505225
1637843119
1506578500
3519265690
2756645377
1723270339
206592727
3062302263
956617412
1956441530
2976455200
3187758680
808725987
2255125187
1503269489
3350347874
2370640354
3080222249
732023198
3511870626
989082975
4137244255
4181978229
532527951
2681154866
385506930
1445014141
1018941127
3522225133
4213421123
182997990
3823300813
2342157135
3168318694
968219432
1757762255
1629579470
290749857
2430335146
1441940196
2581770979
2445257256
2832698421
2569960025
1177928051
2530436852
377109184
3876807250
2285314963
3817907680
1075954603
3701754085
3427843543
2188972965
485547100
1315771302
2553319090
3925443429
1594325200
3806398982
2939077256
4184918617
3205330560
1666319863
3163127690
1969533361
4078989084
3001906885
1772265701
1695932685
4047723800
185255835
2933275633
1912721577
1674530200
2842518567
3784431778
2887516725
4214921313
1296921638
558709437
3356003726
3266599630
1494510815
64638425
3297085517
549997610
2438142122
359996732
320094374
2444601575
602064050
1818317594
3753819855
3336205479
1487127050
2674494562
178729346
1054198169
2063438960
1973165554
474146230
3248654667
1454037584
2526021590
3058076889
1245333875
9327410
4066543899
2288636337
3631785305
2286221205
1451620058
2702294278
302965037
1060868414
815147837
3833751424
2201451376
3667607973
2811253622
901409181
4134965015
3460223463
2565070880
1230988859
464559220
2132117120
3618548684
2793125190
1978113762
2789467232
2070855357
2012918545
2509735702
435559052
1702112432
1084703974
2291040644
3392131585
809764431
3691646190
1213856232
2653790587
3893222708
1859716735
223734599
1081214405
3834124308
913691378
2096011862
1509391213
1682401252
1099426399
364775006
1062355548
4205888522
1340315017
805523517
2751149515
3534325321
2752702114
3654053212
1124093491
924725
2067720851
1435357271
4212637044
2507931433
1230542596
2164114167
3323742676
988671598
2872454336
2243086177
2661232569
34983438
2814065865
459685300
1582810852
682142524
503885617
