3879773915
3420024978
2227445308
4194144143
4217548321
2822839382
1800516327
142383784
2885560861
1267513789
2327195605
3252405208
3946522839
186268086
878348484
3252118796
1444628762
3681677005
3091686203
2810442909
2752673687
1680717324
3695778409
1483956642
2122865913
1505232366
645306678
115526088
3970304167
3041867
4227447797
1349116777
1202921643
3974043690
1561369442
905452718
248642046
1555055837
1502620129
1288009415
2463864751
2415752708
691633044
2054314754
2129054715
486415111
4212090331
2869520923
1687588061
1412927765
3457369650
892266525
1445686609
559330676
21390798
269848344
3902483714
2758939177
2743465977
708493910
3882579715
1115647432
1853113938
3673053980
3492546931
3243031168
1487279587
844836708
1090085189
1550592970
2325837848
38507392
1592835696
3950275890
971249694
3507135814
1561634650
610447245
2887278713
390789648
3180055349
2840425110
2933909327
3183545925
391696206
4186422940
2194783277
4075789084
3312921004
2361842186
953554164
366735506
1669812795
4237410876
2554937452
1726173097
3530571745
577761924
654164235
874879507
4111861612
1342938610
4096026364
186411624
2122263569
142173112
2620895706
1687215061
3526896046
168804253
186788256
3050947474
1224312332
1226778117
792142635
969314876
3371940892
2229773960
2505961837
2277901905
2649004154
4111251438
559924950
2462085734
2746390889
2764368641
1704739369
3095226121
2684561708
721878536
1978147570
3460391397
1840684065
3403635361
3643803902
2237472032
671631548
3871540066
1022699508
1579948335
67648795
90235776
456811356
1443736915
224623254
320995574
2778326974
1946596131
3771654117
3533943384
2992907227
2983784391
2565501519
1622020589
1366758014
3005275539
274591228
1232511766
3027225305
1139998946
1537605344
2664924879
4189887048
3853829002
2750643375
1872179132
1809506821
2756146209
2103734564
2414829743
395068977
2256927249
1248017189
844132885
3360767548
1445973170
3032561633
93732554
3400635967
2272684319
162183024
1562607076
2045137471
4212413019
2313529683
1846145646
1588776433
4139924059
556573773
1637179447
1274187886
525657473
259305425
184126143
940629583
1781702500
2423278820
2466504521
3769035029
1628353885
1056634279
2295228852
2364083455
2726276665
3835214547
2470059301
361941985
3076371002
1940274201
649579986
3095854544
4279441803
30284299
2191245359
3457691102
1404991146
3769318287
2971908120
1482596789
2498439943
132989840
3812681683
767508988
1992016928
2298578205
4251029329
3799961630
2080789290
3247065183
2376058607
1113820216
1699769626
3658099625
527800182
3587874991
3495433968
1482028416
3425796560
2301254831
353239440
598824776
971973822
1911106825
1506137197
841772816
2935821127
2189184497
843295340
425016561
1129512113
807504830
3259164227
2558064598
3992984688
693932092
2333298290
3601232984
2898658475
3674341994
32124095
59639255
2250958335
2191655639
1994443966
1755235650
2537380783
2823252430
2945180770
2038002791
224628641
1759768821
1909493326
1072238178
3449920631
1675377131
990883917
1957731009
2100744021
1174394407
2665549387
2034711659
4162061966
3493924966
226602305
1714338340
1619908152
1627550733
1039576076
3775802490
1704694497
1097689938
3493838758
2895832451
3467777404
1773286690
2126219216
994710295
478839045
80872343
372669403
2980078739
4036416183
217324712
2731477074
1931982226
904266874
1714903717
2074820386
398279566
3893003720
358121870
774576084
2683674019
2380680307
3691529525
1159584587
187024385
2840338648
3944152643
385878022
3607936482
4141566999
2337550692
2575909012
3819044750
594850174
523996767
4124203909
1669287343
4201180730
3157949839
609146804
3452952903
1235219611
293380472
2264186067
2098867682
2079082757
909603799
1407842901
4006956114
1137428624
642908006
3673552700
1840210396
4169616893
3138818710
1415478195
823152038
3298381849
672656771
1021829818
3882259660
3782358511
3012161269
1774098325
2793585163
1374583236
2347894334
378819484
1645304030
2364097924
591441816
2004604151
74799816
3640852033
4282413434
389191237
3971638248
3305532009
1296257928
294799628
626607908
4205199752
433885737
1209721851
3976885570
2960790126
3360903446
59691665
1451793662
2980844689
4244342959
3880693030
2867051181
509443186
3324468457
3214211642
1904035710
118873834
4229826992
589908399
1756327782
1911861159
3494915428
392675716
2534984227
2949896853
1644749657
358754857
4181719500
305720208
603401543
2053135874
4273306169
573218833
3861599805
4286467630
3117856646
2092774317
2560291474
201473987
1825187156
232773065
616820495
3383164122
3477651341
4121034051
596066011
4285615109
1844753423
1124794613
1868359042
3663845660
2352311129
1920351979
2988873248
3784054737
617775623
2577772545
4254456861
3399390282
1819174092
4043888696
4288267806
87784057
2422768885
3328834051
2999551921
2151096485
2443318826
3914098359
2935218624
329876765
3161548486
2074464118
4275558184
2707975958
3474735077
2964278060
1555767787
488939509
2070681915
610315898
1289778775
584742377
227992700
2371088528
2591314438
3784844609
135027940
2101786546
2265498060
433603993
390646840
3665505852
118378708
523669212
2631450187
3166488697
1001220873
518913495
2885238364
2583957832
2093839490
1137994572
2410279503
106112143
2073070054
799367309
419481545
1388005547
1424815408
2569277989
1705310972
266063567
2065852487
3383722004
3230540022
4274499722
3214429517
2449679656
1365045100
2666605348
970150335
3011308902
2973185362
1380791832
2984268275
1151212904
796774670
3389445910
1661909112
1504116243
1462848680
1300572400
218645813
1107130153
2520878004
2252626468
1744619712
4050187404
2868411028
1361235956
3987522698
2439403603
2562200447
533978201
1723055164
368843538
2823296387
284513051
1108663405
2445059364
1103213170
896280730
2300724060
3655447614
2508286235
2300463756
3538271994
2900994691
1923671313
2018733945
205228366
1326614758
3445833361
1262074769
4059263756
70741223
2909502955
3031648789
3238482727
3969403168
1163764348
3701740690
3591902295
1124532632
541523543
540134737
726202413
3696519608
543588236
1998937446
1668256963
513039505
1434144836
596089387
3054572714
3837775470
327245830
229407771
2947718613
1301650263
2318690119
3851528977
1528345573
2942191749
2470059190
1438155117
3717492122
3213109775
4287286276
925237301
1830044539
11176569
2996102311
4125026297
75338103
3193145146
2576244993
4112346642
726356871
3967365336
4043262956
3651110544
3811485767
661796089
1119300830
246421849
1636142266
1119760280
1974506215
3364294149
3475122647
3683257562
1358481872
1688984803
2468131200
1573422636
567037777
1477174363
1482244634
2652931726
522562650
1532190564
3813342903
3222349619
3913998992
2326516704
569487673
1330330055
651051375
1718981651
187535783
815740597
241843729
1259358362
364415580
2238774008
2933186627
2967111451
4015372741
3300066241
2670839773
1016110774
427929254
2120757100
741958708
2298580778
1021713335
734616868
761883929
4051386793
585703142
2267057031
1229768080
3655073946
1619572569
868861566
4078651116
1511375990
2511080179
305753567
2466401608
866823956
1068691092
986343896
3611246604
3780857496
195435269
2307515127
1429128118
4097502548
423076760
2996470268
781436116
1169944719
3857876605
761327735
4112192586
1006536839
3132218889
307297926
3896568697
1514441430
2421044736
2718241524
3709468930
1898035832
600577045
2366397937
4290199487
1587398382
2645488154
661843409
3784798383
3051690914
2090273363
1578954543
3469364148
2469088234
3363609223
3376318629
2667288560
4072143028
2839118512
1793359778
2046332089
2460255856
2459035310
252507376
2800460629
2171251940
4241158190
136179400
1727164432
566697355
3492652649
700661747
770657510
3397747315
1582801693
1192240779
1547715174
21754098
4137635542
3214554267
2085073196
1809054947
909046243
1716450961
4183306780
1761812287
620115888
431361568
1846677894
32803853
1112815106
3090479356
341883998
3374056597
2646829616
847562520
1055028083
4047322516
2920889033
611782445
626334908
349734640
953619953
3807394877
1848917451
3954484769
356183678
794576434
2719656841
3650777984
2355215246
4183709355
1055440260
2918135611
3127595595
3137935227
4114153405
1498367897
3992236487
3477013057
197099552
432644582
1646653724
799223549
1396128474
3167139694
1341038519
653558139
409095914
4123900837
2775504862
1701464106
1912808529
999081494
1715133617
2453392301
3162919399
1091487845
1208992908
2398180087
2472399012
1288696418
1312598841
2238164619
3717120891
2803436281
361154715
2949917473
123960891
3776607966
3947603759
2870392128
2758406327
2996840540
4089015901
4036331390
994035671
3668772505
3414674684
1525237930
3559633173
1687880975
2190275538
1864262944
1621236851
394001372
2735799156
3281384489
3736936566
3660404480
466580180
3781650117
3710909328
1700774419
1282864159
581668095
3726642831
1193726342
3383571867
3218775054
847839344
1302293634
1222689191
4162200951
2035183848
2948889823
2081556195
1462841184
2120375093
597400870
1962787289
927400052
191681482
912396939
410201959
868313041
2502147740
1672533220
888094761
328101275
1744129305
1926241357
3262459529
3316148605
1020779286
1131734010
152856415
1079833672
368605256
3889221652
2860401965
1066704242
1823550235
2720833039
1932594167
3838596562
1988083797
3628493454
3962416371
3419820076
4184781433
2494746200
478920676
52692089
472330972
2842917013
3223391001
2768064601
1701584150
2839199381
3863814601
519158058
3759478775
635331390
3996213077
4042431951
2514332887
1521186305
3443339944
566679700
986470199
2074339926
2865094468
2022522625
3482542551
3218306296
1478960155
993870604
1326196269
1891911209
640117237
4078335690
3501676026
1371439045
3038403106
2213560451
3281056637
1679628246
3829191400
920722033
2848341213
4148900129
1908030275
308040771
2293773569
3201838981
2697817047
1000453902
767869332
1285634033
4188854762
4144637306
1589117163
3764036204
2217354057
2548388275
4239377812
4071625885
25813571
3575028540
2038951169
3209713244
1478848186
2851879743
355944200
1281735068
2310638937
1792245404
3224600492
742864409
2214587656
1400102138
2026138426
2655847475
2290213158
1932184667
2015705528
4040826031
3218713638
1039042337
3930754541
4101019813
1965216734
1331618435
645873719
456435141
529463408
4272094202
2310849195
4125363979
1523103272
1469131787
3066876353
2728054170
3427310438
1698938653
2896000722
3779897442
1966866133
659941119
509346838
3558265618
694828136
1098516
3351403637
450694307
2811443438
1734760073
1979791021
677058827
662113713
478809455
595530514
895705667
1484072757
4178755250
3973813718
4245349347
1215630606
3615268259
1615931708
4215735353
2388061737
2436256460
1190829422
3137162353
1709744572
1690453134
4039924874
3165628375
948995830
3220934775
1340263721
2736196043
2858032407
3755758538
1633058143
88777035
436793964
739888981
2793931047
3483086449
2403256500
4285960379
2136071399
1548563921
2356614824
678716432
1756035463
1164673787
3280522213
678927046
