1137781736
4049655410
3344181420
1640236812
4064134815
38825291
3248570452
24930381
2174438514
3216070580
3559727082
3692482862
2880537702
2757444353
3800425328
405337195
4109142881
353226481
1782428803
2017216013
1028119921
4020954343
3713760712
667384765
901204546
895486177
3254610488
4074890325
3943896336
1227034471
153657610
3395850076
3358697160
3617789637
2436181691
1763902521
4147413824
3912372030
1767951981
547366361
2362314662
2447433861
834988277
2908467257
144760621
125632047
3580881394
3304347356
3311448689
1094818090
3371549426
2339348341
1660178514
3311961039
1354174747
3705276613
3384883097
1529482253
1019832496
218575041
1548310987
662639999
2158209069
2763911643
813322168
3595965166
4294395367
3540764651
3463941869
4167491583
3171861101
2113595074
423425016
1885729422
1813840129
3545928576
3252822976
2683145790
4203592622
350995240
3929964506
3977275878
2397121296
3697283096
3016954459
232612650
2432334159
280427868
3628692127
2630795098
82777679
3819158736
3877802634
637526104
742925384
1380369231
3644130825
3434834502
4098616215
776192812
392864824
1594690870
634164254
1484779824
2879479368
9043954
1909883741
3858278149
2572937317
3804419952
2549387454
693017140
3524028137
2872843666
2209934016
2941025678
3025356615
4077832492
2610321104
1750898148
4088872750
1511961080
3371718073
2226862908
2193735741
2082653048
1038254727
3710161381
3464560635
1789437737
1933624735
628903663
3680431327
3500047205
4026127952
2825840776
1603175156
4154853260
2597968982
2430025466
1671589113
1310905134
878883727
1247820930
4137888644
1921731336
2720660467
3851638493
2053356862
2680803962
1029300088
556486028
3802999503
2832413788
3079091314
3981638303
3907036352
3786212921
10036994
804150334
967708442
1648077267
3338941643
129555521
1618635537
2184249674
1937378486
2757617717
1464539916
594353006
3768598211
3580145713
2247186906
2213734004
4222554346
3057263992
3438577700
4101957833
3843255645
2637709148
2230718985
3172628491
981230188
2633203606
2961212734
1087999310
4167890905
2528159000
1460726735
2870389361
307899912
112898812
4018041461
1587692520
432498122
1689075491
3267213587
3625917169
591309872
1059916687
4236176298
2201049403
4103018579
1087206911
1940804390
2817872182
1310983211
3364876525
2351309183
4264644902
706937653
1794632112
4036232093
3854856822
955969202
3702531267
11290154
1997916774
1091363628
612021884
3203842931
1969751441
146822546
141946482
1884110723
759567313
3515512486
955070410
2258060604
2265382027
2613582137
451877603
1036634494
4152547400
2531046247
1746730156
2223072675
3731562780
1061225379
1009082252
2182231822
1769925129
1520591457
3338119822
2341515930
872704288
1239472169
3440015226
3838719830
2304124116
1032208650
748953363
3073962955
2176970694
1255577644
2529771659
3766451856
3996962320
2750823237
2362485719
168712558
4066200794
290673101
708709093
2210650327
3409308495
1017130224
177900059
1967895734
1866573444
2818803495
422243991
3681049604
727421757
1957375324
548924319
3766466606
4095704486
493192681
3993547770
963941609
512051473
4284567171
1502604471
748717162
3167756541
1148426413
726774679
103251356
2190018798
781074053
4113299326
1680084794
1871592404
697317225
2529778632
2312764639
1627223196
1871550187
1809260987
3186992260
2629528550
2161569387
3331541266
2508521934
4223956281
3448569549
1740738739
1206032166
2324535019
495947051
2200544385
1554242791
2156383545
2750805477
337709028
1044756299
3574328852
263471590
932234296
1212251235
2648710756
2530592617
2099375219
3263543514
298337774
3996018888
2872435572
2440429788
3476074862
447038295
3828280665
1009615024
573276236
3694819310
2321317506
2721685611
1703355971
1552881105
2735313043
4146114864
68684721
1848762407
346122504
3979703490
2305825226
1433194168
2910067778
969693925
1778062682
3580175986
3325728604
370380117
2135383305
4251922620
3519989726
614378269
3464337683
616312013
1941604588
618177014
2664298726
2832538453
2320802025
915469768
1265334394
733368418
3251810609
3161000420
2175232611
232308940
3030800235
1305696316
619567260
1057736425
2716021865
922189148
2469236894
3533778367
136604559
3465117421
2435693677
3373873328
4279466003
1218248480
3156559191
1662849435
1844755866
1694930379
1238802340
2068622860
570468581
2828897178
152181545
1338669972
853893717
765836592
2789105239
478054944
4039310945
2180907479
2820186031
432242116
281723112
887761309
486472461
3760298182
2485319337
840242510
3123505351
1684724334
1637295416
4031928190
3214257276
2245168644
3722212978
3184828612
2029038155
2116264802
1626324435
1248247923
1823957326
2814076978
2219798174
652523495
1728926484
3376826767
281849202
681229401
4113293166
642969079
3924950459
1892435683
2184848769
3129374426
542706591
906260389
4176718381
812585945
3918384735
3220240882
1351963003
1847718821
3051600395
2630772310
2800877225
3051311403
1148792854
1939154506
2735243545
3016346783
911250685
677651828
404594958
3686518610
295019030
4247289835
2941632994
2374793038
4126483941
337510608
855898253
36505959
3684438415
3914116039
141122690
3962729390
3693745394
1567092430
711305628
2911972490
3900452373
3175645205
894964436
315293255
2198505759
1611077750
3152013874
277264085
81810643
4290337404
330527776
2918327490
3035502687
220218220
41416009
4234431579
3850672827
1834391548
3173745478
3251091886
1156045276
3072578097
2430773030
4076023384
2582096753
4098436422
1901705519
442553270
3309968830
3337091812
1552064344
1245448909
314935637
2675466462
2428804840
3727528875
1682819577
395527324
3139547752
1351224974
328142711
1147924220
523002865
2623350383
1748971343
2317930132
3069627966
2132871838
2188616943
6505611
928740425
2139221657
3212124358
2060562318
3499239866
3454608712
640075340
938118233
2629144130
2178387852
2624847777
3014910988
3937654685
3250994934
3441756067
2500472211
3294962540
2772299256
3533432774
3118467895
3534626595
3653149908
4056857589
1840115000
1839516419
3745617670
2581447805
1738424746
3018251644
3348547825
2357459948
960679868
141165246
764854746
947064258
3516210674
3451563153
2733302204
875197892
2640779240
3289190536
3591730725
1479784218
43210544
1037633219
1018675131
1447749399
1708001655
546373679
1720534345
3236179697
306858306
543760415
215831554
1788131925
508395754
378998934
1255398460
3474148748
4211712731
646011135
80207649
2457826486
3815129613
2619689094
667523730
3426244416
3047938171
3788479484
894192880
1873450192
1515486820
707404659
2385940383
1710157778
3063932698
539912572
3732130809
1008162830
993945004
2037481791
416833254
4105766780
2853707426
3868220731
3478236610
736600453
68310073
1161024140
3164233552
1807226987
1116848294
635795745
4237632861
1151876499
3672881835
754323221
417004317
1112019586
325186729
3718290647
1137183889
3328602235
2712997103
3004694884
441680824
2211669515
1800901858
795111973
3964369665
2811572530
1016368947
2085346112
3237842529
569389300
227369279
2139465970
4039618808
3818203033
499409915
2746015981
3994631427
2119869567
3803095597
4175139526
2684468493
3344864202
2872020464
580112854
1236034394
2032473140
3438290775
3378266135
3187524996
856364325
4190642964
377736941
1192488107
651711259
1420495083
208647134
3162039959
2822508659
3344161714
2199753247
2455104016
4103461895
2292715384
3081529561
969654729
2518855112
2798486076
4271229290
2897517687
427121179
300687720
2050384889
1292576813
3471770367
2203975248
3492798572
722881399
2919320022
695453136
2837866052
4248907071
2638580331
3765176419
3254099106
594804515
1369896113
3436103303
1205193357
2480314732
4256205653
1956564804
1953320406
2424486090
4048600084
488669666
3198037974
1578042949
3295877489
3469964938
1944924565
451118551
1284476099
1830762546
2011558157
3717548169
2887458445
592701669
3336670099
4078347079
3299116463
1303787372
2832372760
194212415
3199994462
2668857931
3038263366
3777326548
529066977
2803150372
2425005756
2410924644
4214524077
524388455
3224936004
3100092361
2493818789
4019700619
1182186295
3070264533
58564082
4212596936
3057395302
3945451994
1932236609
2632579448
3231819643
2419466997
428590034
2608876261
3712669430
3631104730
1649200802
2282601066
2723825257
2406549205
3908124752
2681755845
3332162919
229847816
3276955519
3037751095
2004422541
2095182651
117011416
1032728015
4209495582
164882704
2145678766
4022689710
907242159
1151054478
1077892867
1168052550
2389471286
1837751012
2665056498
747149074
4011603254
3484396963
3767976446
2247183537
2413599883
809879224
1129555300
122644537
1319686348
899432949
4201694451
1637997220
2804784674
2604256541
2120182720
833195306
3557825028
3703957084
2520405678
4028597685
3623050359
27373550
3016879910
648415471
3950348154
195832152
669875147
3343702846
95947203
2997133802
3570342351
2087012220
2072255176
2939354936
3495677018
336905318
3380446029
1679861338
1644135898
445376930
407735719
1788269261
103752523
2649386867
4290922856
2296227881
3753753849
3821304879
1238467213
3557737675
1622585305
914388106
2658107193
642737399
3995132296
4001081256
2542666285
1055378271
3818763242
3054924527
3422637033
1010134911
2586458614
3431061500
3985881400
2856684008
1892874693
3342545101
1454098260
4283907381
3876488880
3960478310
2822950554
2441295451
1303095717
1694851177
757855637
1589484179
202681040
551367536
2490373443
2626608451
2977869418
769926695
1447278708
3387489317
3508686813
1944094105
2739176428
3567808740
4189198407
1274723682
1849897854
3907525330
2405356028
2664039246
2980894271
2753109782
1659667530
346562090
1813296532
1749400764
4069649246
1473959534
3530331276
872866257
3200213841
600322370
2265840986
3936283688
2633063734
1905024362
2918509745
1620138513
279277277
1497185080
2403544944
3536467766
142637583
3466366449
3683618679
3057131292
3686530796
3234959726
373712957
2256506915
2487806387
3450223536
710350561
1666238881
2980356366
3303890408
1371480471
3370539194
2073439412
1095445835
54318100
1372072896
3837780612
3352487971
261450286
2830962491
22912903
1006780244
1495810929
1836503483
1841788222
4015528923
2392885671
2183413203
2233068851
270084213
2432667505
3357310904
658787083
3443898700
3990942410
193305904
2539815545
2660242391
1469040632
858088820
1476560441
1360289327
2184489383
3541037239
3455551239
2251387415
4240693388
71360858
1386089383
3737801683
544448851
657181043
1890457
3416377870
4089932639
2715312650
909771824
1415272425
1783953253
2568780363
2766614885
3768233848
3441416790
2886129810
1183746546
2688720507
865714123
1512571811
2210646875
3046196476
1814407236
3972717020
3360460317
3252772240
1896213129
4288552019
4085413970
137727839
1359594160
3909853408
1614770605
2826062949
3800279114
485714050
1794294393
338813032
1835598219
4241436163
1052275493
2581968290
3324271526
2540630924
2172857768
800645610
1568656800
2302411715
1092393033
3596330730
4197323405
1165610134
2917407294
2038835742
110430676
264356157
2022834348
