2094543615
858465446
3887727973
1918484968
1976098764
892780596
2313042020
3545580275
4287950267
1570860790
2868856063
457049752
692193278
2070163452
1676892092
495958868
1314790568
879389419
886375730
3589895517
3515063064
1597085407
488940198
4024589635
640989549
1146004597
2309819408
654213168
3307713552
594001774
2549369014
1405889569
186258270
1695633271
3992439477
1516371604
2013469010
4146288743
1413489058
3579102340
1526305112
364739795
302763415
2979956849
31103443
1896943217
3797100286
1177123023
1868066402
2472932789
2265696863
2808269702
2549072855
4092564034
4220913906
3092346946
1995088207
675136964
2137298994
3140173444
1715351224
1026889877
2039722486
2109971799
3593052020
3733261734
920817769
2507344746
1378675786
2766754298
2355128198
2139451361
1307823874
1539528888
3367840977
51404444
3476347072
1587497386
3596389537
1313215086
899453609
2872766442
1384621576
2414529245
2124087981
253105633
2962887340
310287990
3738555624
58698313
2737018826
4278510845
3840217518
2797091142
4043088713
4047671690
2685586356
795471246
372840240
3751768956
1577322176
1792204024
1272387993
1056235144
462125547
101772114
732047168
4254301580
3615621264
84485526
737435529
1884688339
2369038893
2923481561
2983813642
1387967685
3945760570
512867824
2280193580
2570518151
961452424
2820558365
2074644303
81884747
2140860138
505645659
3207728180
2314980947
3261114960
2264489653
1691859659
449604243
1251617542
1268022198
3137655105
1393397189
3318385460
2113984010
1390513734
1991188600
992182526
1984326751
1302546600
628579796
4174603865
833614167
2885798302
3109235212
558243830
2635945107
440024539
2516790854
3842681001
1169099065
2255804546
3075758237
946525595
2860540517
1312340011
1792339478
3044391363
1620108128
4020275131
2060676861
1332414507
2940670199
2365855641
939716942
4079622925
3362739069
3154375740
4239619779
2020501330
3533484193
2050170078
2281726008
3545399229
2962161277
1895585650
3042623245
750191580
26313093
1506107893
1679591103
565950412
3745791875
199029846
2040873859
19582476
735856751
1920174799
1003374205
3834927421
2890502988
3979964425
2291968355
3466777170
674602641
151235157
1619268808
741098307
354697660
288480405
3440145414
2415690338
1358000358
3391298347
3229837177
2997051579
796479101
3530816080
1142558897
2225134284
560518856
3943844870
3397512496
1111792498
685429861
3512917041
1407100730
2828505413
1489023227
462859580
159249844
1171661703
541705870
669208475
1725013241
3978842354
919141413
2064980313
1561365863
3748717768
3242959434
3218574981
479669023
4118275690
1971597656
3461983596
760666289
3020201489
2339148328
2934971948
2652030186
1989917505
1514439435
3067566764
3489205196
1925536575
962409549
399497266
3651374455
80066843
507691097
1931803954
2833623572
1914739833
3886709843
1012753218
3890986110
262984357
3578599647
325727658
1875956126
3714790596
1943534638
2080108209
1823273623
3696827636
2709810660
2279491705
2139238917
2905250913
1321433025
51175049
3898137600
3304170287
4244438890
2600463500
2583232367
2246670283
3596212813
1737382924
2667450358
882827818
3695072255
3554342210
1533289664
25261169
3948061359
1333495255
1856327621
2501316537
1154894780
351122247
4234201789
4171463673
2070891772
1855220198
980300423
1592513571
3346566637
4233057055
1603356590
3045078051
2988696021
3858351621
3888306294
4063562005
1537042191
902030454
1983081529
3279822641
4096379669
4022273613
14072631
3757123090
1114941419
2612152063
2053638718
1070164507
1785564713
3640590970
1838310886
4166640072
4109793114
2718707159
2050656606
1173491305
1560062945
1613669217
453606946
4261328639
3549411732
1523842323
1772066971
3910204682
83279284
641999067
3308783165
3569883254
172182525
1295616419
1642851657
209982680
2872865508
1143788919
471023311
4121428972
569311996
3051141587
1281698168
3712056269
4137096150
167790069
533206777
3727966417
2418684011
2000300277
704153837
1371203807
2331453192
1813753942
2192481240
1143465815
908411962
2302948872
261109152
706200104
4079753446
550544785
515905830
3383926926
2290914577
1386737508
27531436
385673152
3244239785
2440205669
4058215930
2804664138
36981637
1382010147
2196515042
3858925589
2968946375
2408683985
992656128
994832343
956005218
2317285080
481378949
2195813666
1455183079
1518102483
4276404740
234128946
3544918983
596006970
3633008214
651488406
2157269566
666033843
2628585500
1938739418
796051554
2809017905
664243570
3693783029
2208562743
3027657189
3354314631
3217522757
2735030995
1408050191
622898137
2550472354
699818160
971493978
3197759030
895318420
2094099812
2311687588
224268146
1389981465
1131039494
3214107434
3331692202
2184056353
2415309877
3143154658
3280859894
215382200
2396662605
1477076133
3141529778
611128644
234719001
1448071441
1612654493
566237422
3619706390
94454191
1026806913
254292775
2410168770
429364104
710988349
3649713210
1345074151
2164926817
861294494
200650575
2186177880
2623565814
3209182089
3370158663
3095624512
2248151331
2029161954
2908656977
1985162441
3726107720
1713012650
554718003
301461905
1955397321
3164681744
1797089404
2652763526
1512331420
1816954069
1240415281
227796594
1657747088
987289965
1706569971
2786194123
1969733287
2002449614
2905576057
3186730603
4091247478
2101771635
692189618
2593328613
1957398125
934773622
1982389388
1326326524
670313358
2268471690
3695801618
2746851454
1653845914
2897816588
3622477353
2244926951
2099684626
1882058685
2807519381
3558708246
4033021576
691646054
1633803659
3728338676
964572495
493663485
1610278101
1561184597
3758140780
2262914985
982231083
287126199
3396496630
2288672660
65953642
1071224033
1703059152
3862936457
1421938881
217455398
314187337
3029481067
2220349912
789048186
3859374462
1877612139
3610192965
2294862570
107962448
1426863993
3195018941
4291817016
1364280232
1642962648
4284109494
3531130117
3067554903
1141221367
839813569
2105142069
3847666008
32920326
3869001751
1297746690
1647937117
2446113997
2737204673
208439466
3341050872
2086657822
3370044764
1523583620
3352339776
265127637
1591478010
3801581291
1139775976
3607536261
940827669
3602640886
3275974228
2351996079
4153986065
102316971
1252210804
1500882075
4240969380
3743590745
3142963470
1441489476
2009900957
1895053217
69393368
3811593623
3707227924
2635509115
3184201516
230317490
4009253987
3325867639
1817178640
1297885197
381831062
3923784345
3309628360
1550747647
1836512015
1115426892
2454272391
941769813
2884299952
976213681
2428247205
465923457
4046903565
4083066886
3290577177
1513431732
1331684054
2655891256
2752291596
1360176883
2125364848
4115326763
1996322812
2183708097
1462063294
3328315750
1980793933
3864653819
3501195417
3546576829
3449756192
888869611
3078584513
3229948346
2088067334
1891488673
3521385359
2410961844
1366463970
3803663602
603213893
4212670657
3834346508
1483444174
3742500499
1602684420
733734071
3806943311
1140924635
625040799
2522542473
873933935
3468904440
3003241250
438924393
1797128993
1260826159
3784271465
4134355088
2432660411
3686973738
659654188
2820616019
302408602
3628252658
2318175115
3867480470
404710389
2865479241
2155752147
1410453897
4131998646
2657077000
1570022593
3109825615
4104538308
2189958385
4025780797
2242988777
1787327445
932936832
2914372572
777973395
1442900582
2923736581
1839681652
2186350576
4156949694
3057576993
1997008112
1795776597
2377665279
1437303655
1476347681
3138441737
482647285
1609903701
3617512347
525429387
2877222261
1936990954
1457276796
2566452128
3444524230
1061499144
575105886
2287880793
2748754537
1883914194
4170450799
1669045816
1476466007
3001757053
3100699472
1205086795
1658397112
3744972947
273309696
3425340234
2778119465
2977785087
907931384
424416475
2377389056
709515765
1674731390
551739625
4026390988
3058028714
3865657468
304486834
3877635742
1821640112
1184329760
2645796356
2127774340
50455550
2931072369
253306682
107818681
129175839
1594675674
789956558
1963470769
3480528765
961842738
871245479
534622085
3653811483
677057518
3088782515
2678398499
991015503
1249839584
4282095685
372509851
3652223201
2799850747
4180649150
3168773539
3686437084
49302282
3840851495
691333823
3184493771
3107034928
762222788
962109895
1821859649
2428724428
3725791259
3471328487
1686775089
4109608162
2281620404
843640089
470172317
923839984
803519767
2518369376
1820364373
1397611557
4228535733
3951707799
1981117222
3013436060
3260654600
208198404
840497662
112948701
552245845
3318974188
3668822390
3970799883
387019775
3053429547
1896652506
3958409690
1882747784
250859905
651882408
1847531950
2034180496
1203749750
1259510628
1475274373
26974797
1318607732
2139732858
3548290386
575694943
1560921171
2880840252
2535339798
584034969
3081832794
3204095481
3492182630
2314504444
1322193514
2591829329
1630553212
80708240
1686621731
2325451401
2091826600
2458209873
1331240346
2395370791
786265345
3648761253
3503665708
4227009733
221490113
1137733936
2130297
3443256135
3272123017
2730548730
2320573336
126014670
2913466093
106293437
2157733306
40427049
2242157044
3376817331
3318632403
2147393209
597266797
1312639560
1663232297
367726118
655795179
2878111236
1636234689
1504825781
1752086921
1241829424
509790245
2808016591
4104708191
1759101203
1127335957
3904812849
2179803862
3251261988
2666564285
2709296303
638201383
1880867784
1477297644
769477244
2108785798
294933972
3329696697
1181762733
3029458763
706824206
2778021796
2397552329
2488638857
1193477667
1023138997
3955784663
2052852560
2340187640
800627376
2364232506
488161773
529167177
2322689808
2913310365
3440316702
652909665
3209393203
2489071184
3903839602
2915027902
783045247
1568538255
3455446443
1754387733
975233732
401267277
2696847582
3520039838
3534376883
497634436
4284857452
4158138799
3091893644
478404616
2813499207
1553957187
1837199787
2588741439
1392758204
2502000416
1203539169
3342540988
376722732
687782336
4129213141
2393159866
231474691
1913962544
1126427316
1661780821
2958046648
1226812010
440712588
2603650732
1297912949
688000174
8565004
2980439436
4014381972
1421522451
1089592820
2548824989
22420804
4282033172
2444510981
2430157878
566520718
1951604515
2149453298
679660873
4282969041
80473759
3291927283
4053991768
3128699515
3051567003
695334641
3119051338
1275970617
2731599817
3254560353
2559950743
454172174
1429605991
834402524
103131007
1610698762
1916789608
4218215978
1283576154
1484521184
3548615495
1222959746
3706580691
2349614030
3545635503
659719995
2992681156
1866812944
2546819533
361948158
1903583135
4146689037
2223938987
3178178185
3039837411
2796906050
3479305316
1276816474
3670206561
2455811608
1142455734
4212335414
369974196
803712770
602315245
3863948142
2459332601
3244541690
2096711327
1335443949
1499574853
4162329797
1075923252
3221894374
3460701863
4118658749
3959381129
2313437215
1102398027
499138108
1637428016
945879756
685633826
2326103048
2473562077
394001907
