428325007
1170889782
282210492
3069310428
3085204963
2976171848
354978
4200795547
3212219548
1577893908
2421342944
2222738953
1810530071
2281176456
1285703474
1914166157
86481864
1926523333
4002283913
2758236498
3477213909
766791361
3715736049
660895052
1749702685
2829533381
1526346032
2451273014
906173292
3215236985
33722852
1963023843
792068462
4212534014
994151109
2735190589
2672048114
3562215669
4125893567
2601666453
2789709995
2737421297
2978032125
1931926714
2861570519
3987344939
3732894528
1523961076
861501438
1320225920
1755009246
119819310
3855669891
2938952548
1607418018
1796485185
2755633950
871782545
1869175549
3691228556
3336129634
1230312378
2416023921
2638612702
1771722065
20382699
2997676434
1674001462
3639923341
671137885
1539194833
3446464645
352110107
3568573269
1710393064
2866006071
1729865570
1564047048
3803458105
2645165906
3782251575
2651809279
1285619007
2201753799
1715247629
1022714010
3595083253
1381469499
4089717254
1306543664
194455058
2042623944
3527737177
1892541957
3021264829
2011651160
3468895746
1159257107
2816589204
174468991
1748603344
3906539282
4231072480
3754596821
1792943369
1583012921
3425239404
542674667
2523924231
3319633071
3088297184
295763595
1335835899
656361563
3347597413
2942033286
3524464830
3351798217
2699992952
3928730825
470815426
2465602108
1184571848
2302599800
605470361
36223182
268153257
2900142616
2885124819
857747134
2079298442
795089226
387177507
1636087070
1049286313
1469378463
1801699885
4263210887
1363459174
1946019104
3967396379
703217244
2316827130
3547836628
2632099927
2082355874
3274409640
1166992532
1643058971
2196875971
2265539654
4089783884
390833709
4187543832
3138582003
1847902441
2575310074
1959697251
405040081
2933318136
4010273964
45368935
3520346257
185678248
3320465625
322930965
1025839631
1147976918
1038203216
2414867055
2371464306
1902826519
2805316175
578670324
3670985559
2665461973
1630947940
663023683
1040200091
3400489334
1832943960
1162809753
2391262795
2618951111
1024095628
269238118
2941352033
3883962001
879740654
3824361275
2668446143
3211404776
4014517308
277719845
2994198324
653143395
3106559473
3641936884
4265772290
3777381630
1056086676
1819464265
728281384
937526612
3179456255
4151830184
3974056342
1297491999
2775321952
3345625210
4176120933
728198949
711558556
1629891352
3653395301
1606168805
3187037070
1793642900
3844451049
2269123509
2152457533
3736561315
2701495210
744126256
2158042386
625660647
1004015675
3196312131
1060044886
1858144081
3219994921
1769728771
3195612367
2302873760
2501312834
2037877278
2277235281
3362315223
20269723
4045609845
3407213532
1853773873
3846410982
3621332067
3520888238
2645151516
167426399
1316884581
2942870120
120105198
3444151150
2268158819
2926327181
299846479
286368041
1826688641
2532372431
2321024660
1586907836
2062330494
1191935167
2780311101
1039160105
3095386910
1947191172
759340463
1231521472
1534395159
3369508104
3275299516
3364378681
2024228738
236208328
3354733724
1139562886
3619442486
555534728
1047847477
2913958993
1132147075
1164306215
3657770394
227387915
313144572
2511000980
644993655
209806269
1620045008
3352337055
2828344558
3138096479
4150617476
2023400817
128413467
2528121708
3431352507
2720537591
3368399449
1274409967
37954738
2414631979
3871739482
2821374632
599756430
2150791088
1142806503
3717074560
3508307583
3998396710
3949161035
374952902
1707829952
604132404
2355599989
936994913
3903984658
1132450554
3549144279
962158270
1901597780
4225240285
457983680
1280473764
2180496639
4265421641
3866234554
3603589298
1737593199
3785759896
3559620400
2512370128
2953507894
2664521917
4215998534
3872186105
710009433
825783052
3954383577
3973888233
1617778532
1580436806
589795693
1738166259
2608596899
152736703
2491368087
801103083
2465454195
2794376876
392093354
293686610
811945794
449771265
3625235014
3254944653
1654851940
33769550
3189689882
2323363079
468063790
176335257
2068183247
1081073893
1142044268
3932390715
635727112
824659081
2845457665
2274399935
1359914969
1904698904
1699755777
1535743327
228094961
3954695712
1041712275
406680773
1703891877
644169839
3316694455
748445964
2822553413
3117801775
1486946233
2164738257
1564446611
2148896315
3956159407
3254048990
3707960847
2988617597
1316547001
2212523664
3934262526
3913138997
1777959865
697272275
3047765191
335336012
507682546
450392767
2235908839
547791025
4120359949
1497286943
3994535405
1643457102
1409955036
1187344869
355998677
1346524429
2354319876
2100779183
1247618147
4213374823
3927303360
3733014173
1665691883
3418353717
778481806
2350656511
3460441440
1767748951
2213603514
1916904263
1598514335
1939757918
4239097203
2301540693
3752982959
1233978523
830651285
411348594
4116078743
1499686666
328625067
3884914628
1787141508
2139852608
3204614216
4005778516
1399057316
110279749
1401476969
1675884728
654384306
90340422
1680150264
3533934628
3743419074
2543312246
1143028734
870294037
2989228197
1190310847
1265071281
298160701
343809692
3140094361
1521471746
4284338994
4252485621
1891278286
2009217730
2807485340
1087939097
1557495338
24884327
1905336830
50402443
4093551034
1154251035
598046607
2737695828
1893569990
217134243
1342704404
2860734760
36980860
1623076434
3737537205
4015780986
3609456249
1432111672
1167902942
699304487
3160475844
1033394414
557756925
3524006688
1631367902
3235020509
3523249112
1237818841
438142062
3800022210
1402402159
3945292112
3471468771
1559539992
1743895224
2533816225
1962122196
1254567072
1972052966
3964374209
2008890913
3690465331
3822459758
2704750074
840292149
404086720
938875622
1710945267
3316832947
2559965877
3844535327
2695491601
2060488187
1095629421
2724539818
1203327783
3668580708
2245380126
3535991475
96232038
2636181503
379300266
403268817
2645797348
4193421274
131754159
1869372477
700014290
1794713361
552051536
1814909389
3507961416
2391570762
2567347152
1779613274
3115128100
2854472595
2865172474
1351050633
4040635884
826166091
1507613261
1259822686
261142191
2632997984
3854757585
3715519981
2933781952
1128617281
534840316
4018406659
2229633615
1791786896
34533066
976924331
853392673
1309404551
2103617719
266710622
268025104
2866418716
113600601
2980092836
2228966549
238570354
770483749
2819941384
187327169
2718159879
3627711923
2285024946
471207116
375261236
1596952585
487838844
2128917818
794614781
2445570455
2095524542
2099221998
995988897
1208116314
2840990404
820877033
1943043644
1505353386
3561292406
4294343067
1385768417
168113419
124423635
2988040152
2436493010
3743884827
761983595
2770679079
2168104350
3688652989
445386332
3920718570
997750085
1680199387
1538545991
3132314497
3474840306
1141455349
616620435
3428709322
1120258578
225920534
829275605
752157825
3444745549
3640707364
2701027330
3779937456
1474757998
1306320795
3318181306
4144160257
2685172475
3493910948
486403013
2613870213
1990846398
4128149311
426526250
383477820
1095084492
2731479467
632423269
4080560214
1069211151
744000407
2678878481
2954829686
3037036139
3032111921
2060009788
1371864085
3831914041
3535541896
3819391162
48151877
2251846654
3058626313
468326356
628077171
1613920297
1554965149
474365870
1275046718
1699298350
1820901547
2308257604
1195493864
3918447261
1562444941
2499022330
3490027583
3785696832
3082492742
620871407
4151185398
1356185760
3890152
3430908315
1955314519
643218108
2080462640
2691342135
4269562036
3337582371
874961954
3399489307
2084010294
1626638948
990482761
893526130
2784438105
3193448149
3120274146
2492889135
2130511246
3243057196
3250576274
3887561458
657805578
2490965203
3963419951
3166693721
2148896899
370353128
1475367378
280283195
1884499536
3262918789
3046936289
2814383784
3264185423
1627653971
1390834280
705549370
1855425893
1040649919
2574671258
1932830234
2611445929
2875107253
1423853469
2343239020
1394055170
728695822
3673819811
3647845170
2818149552
1762637659
1211982205
2391248020
4247820262
2993404751
694930544
2155752445
2435587972
30998392
845948612
2257213829
3923966741
1159424940
1622868279
1172498310
730643247
2715551047
2514201321
4283414781
644423404
176873538
339166635
4117815886
3225371432
778589875
728048316
1145351852
605486750
1499992292
4030343978
754739860
2733213516
1758878374
358603959
2403146674
4203478170
3295426383
3428232637
2000027912
286914930
2049510395
1214291994
83789302
3619810972
2229365359
2385801002
2217916017
2299488439
904240478
207281839
3502030610
4173093272
1473160467
2121739577
341190769
4192120776
3049739480
4065282941
2562602204
3630848206
402507720
2426443690
3886541049
967939134
1821340152
1053150020
2295672305
3558001669
466235738
1384732884
1417015725
1150087472
656087580
2520976121
286248941
307496293
1567390569
3983043040
927572148
570566661
1587572384
3513718035
3361352467
1289165321
2235441861
605934194
3211702175
2745856007
2102576529
4025185214
2250331848
3320291916
610063619
3966394687
3566101375
835211722
1686736871
2892174303
2467095713
2664985272
1315248175
628275773
2972769134
3016197807
19800616
382006878
3234861898
4280040759
151874317
3885404498
2859207158
2972978626
2135242278
3568330527
2765283714
403934783
1768751757
1802127492
844201916
922801017
3103035536
2335137526
2613320243
311998475
4029102366
2445571259
3802125101
1126975241
2802992727
3860653032
3943142465
1113368500
2763668208
3373571584
3069446979
563304721
174932637
1113511404
3834291458
2143525927
3164520026
3346928113
2147934588
4278125910
2290326983
3551201898
3870306736
454810678
256229908
2254237841
1174125339
3400934296
2210591673
2755324767
3719300764
2980445035
1124098877
1571818943
1501897189
520751091
1223860855
819374182
3805361473
1122360927
497428429
2523769341
242057913
4123723661
1232827902
3576201070
4095709372
3028474276
2741858348
2220972656
1163111766
2717340527
1121916109
2053289195
2469446352
3249557918
327565673
455330045
2334263613
1692723849
2311558640
3209314915
1874021241
2633418666
3833437341
1502428606
2838818511
3050579445
3839579486
168557400
1069912107
68676914
3162341374
3936762703
1315535275
1926810321
3063680712
182340074
1329003452
1616222469
586385197
2888123424
564717914
1748889311
3488187162
3091421188
2292620122
4088953977
3252556038
1170707126
4287983852
3532600994
3570023357
2306406926
1514437277
3351146614
2115357211
1730048644
3247731325
1128635931
2500217338
4192651581
340784054
1532501285
1699493098
326661097
4157051
547524966
2793740356
2046902275
2927773782
3771021675
3617721689
3703150790
3959210129
2903221373
2154817253
248499872
2154828266
3466287445
2513421
3520202142
2669430391
485904065
1297707574
2984346262
3068917962
2362308663
665046463
280551604
3105879000
1831596713
3101279978
753855937
2829831190
3998389574
3998141303
1908391795
2749445106
1084682845
2204828431
1632470389
4032336176
861347259
1107138201
3310509583
907608259
3203487061
1144001710
168189892
1064020426
2237445475
2010818177
1626010306
