2948589857
3339125187
2658091165
2091566603
306259097
215994684
296986201
4046961254
1210223690
3947113287
136592671
2681339919
2791629659
3756740586
3568812492
2571110504
2245068657
2966728281
1723678642
3532677820
2530233005
323086866
3100708966
1488495682
4176846436
3330830854
1059437654
2136418936
1894193527
2397886050
1312800812
2005227273
421826484
1899191199
3033662665
433562788
3827866891
4287311797
811616041
1168953117
609569560
1171975774
832086091
2318993040
2125250540
2326065840
1985481837
1508199044
611260857
3341577366
749118149
4228234367
454652400
2765545640
1673976624
2824321500
1817916200
3999477254
201391544
3808960083
2713942262
3429567254
4006885994
2698718346
36750891
1722942898
1478239000
608297530
955139249
1061547566
3663764124
3122490080
4236389301
3966165942
1507451059
1188734609
795971727
3195028017
1797670004
2736119989
3398008089
574984024
1729457015
913305944
1314787125
2328470882
1795485152
3912419840
868112816
3860584308
88450912
3233497824
2568131841
4079955349
466728767
3631870984
671091942
3091716409
3053791505
1739788554
2305257265
3195668351
2264917535
1365275145
2962525854
1116345401
1443693994
156864580
1996059866
162983834
3204671604
1520764785
249257198
341831771
1007954776
447315414
2500725313
2958933038
141608274
3800594506
3867142707
1196643890
867538806
763923295
1570098659
1057216644
2553213248
1893523126
3358951928
3669624489
2518844299
576375945
1166884760
3161710779
2896128038
213658118
253970241
206779188
3939654316
2020721713
3412471039
2751704412
1365480558
1415420290
1175399787
3189084090
4157104568
3584800569
3696101308
1865564489
2655327608
1678236583
2804068500
111684559
2810930307
2088403662
1321839551
3517848807
2791556347
2161835468
1176644980
3987639268
382234619
587296768
1072375280
3570164004
2057467768
1153383261
475144206
120176282
3412644085
2679946394
3297330524
845576018
1199279430
978127760
3165132090
2366877597
3618032813
4211014665
1443209484
3301676891
3428452439
3586439536
359247465
2345263340
1934078091
641384455
2819044958
846140263
692762456
4029486647
3467842514
302893439
2882321162
3344771582
3972592240
831347298
1423003783
1546019070
496310203
163516017
1078366630
849168266
978180905
3977934662
1254869411
3266818779
1486666588
1142606358
667923338
4087029142
3702884852
1986658785
3723091819
2241250345
3175074736
177581147
3450822420
2633694865
806819008
1260892028
3768493770
4031319954
1809002084
1752862293
1688607957
1977240878
3791493967
1939536806
524295313
1645842560
2693943584
1151665988
1591602425
3104297416
3913440113
2851258838
280399978
820305581
724971987
4020239049
1750593016
1403818457
4103958221
3906479057
785790423
2005349720
4184426017
2091462238
2790441635
4114527109
1550103576
1761669347
2102869416
2388278255
3479096656
1407731821
2021898055
3191707853
442993420
3224887943
2077648836
1906593680
3434807791
1163891807
976309372
3304970306
599052871
321134318
2205860019
3884403017
269418219
44071669
1193406702
3458963650
3416896706
3496174499
814869313
633153202
3611172595
3353012079
3738295757
157563137
2167262289
280816024
513190419
1949621267
1477173045
3455286231
251959132
58736158
2822185930
2955249452
2555336875
4174701587
1187447811
41839633
1116453787
1544544048
2374760435
2018339789
1579603935
1209056000
3566987152
1150604810
3624911112
2027123153
4156587462
914829550
3187459937
2116717984
1730643129
2635295548
3535410332
1031824613
608836654
548498062
2913305608
4284883267
3582508761
1913456076
3848434585
2707527482
3643248534
3253092482
143920543
3705563855
2433682323
2031694350
973740817
3725141575
1225415738
2162132069
2686235371
893892764
1050293822
2939347498
3417942415
2207021695
2611365274
2886833829
388531947
3475481539
235581866
3939325150
826220557
2209534246
1858321683
61950806
2698558077
728507748
46756701
143566959
624691493
1290087698
4022688748
53533745
680788743
1378883140
2864933706
3317721553
1344401920
26030563
1199903759
3893477387
375939930
1753542455
3888318148
3442761943
3888066834
2523481202
1503339429
4031372717
1737595121
285378714
576352772
393119607
3114331630
1360206460
2586493919
1952071834
4072238564
3205981971
3777882542
591377384
2803741175
2573239884
2996434429
1623198416
1471249089
30001018
3341081313
689326101
2267643143
2655714299
2153700518
797844762
329549017
3495940365
358870118
3561617011
2899320990
3164802429
62543574
3730539307
632788847
1328573067
639960977
1991889643
3488844916
520560250
3805318471
580458537
2541238896
2795545860
4116828237
2990455907
3861549350
3919975927
549274912
1546989991
1604546472
1519833962
3929294707
3598712305
3884558008
710869163
2364207997
783357064
2784413638
3907742098
1931889035
2328483705
1254200566
2267685566
2548917030
104456967
4003192331
698443396
3761191913
678403455
220116030
1832618037
4148328513
2155820293
3564097900
637213618
414586740
3960342991
3109546969
2044390483
922448052
798930413
1300774596
1925494603
210212245
452067648
466829369
1864097824
1411752162
1350727688
3372845045
3206826652
2033506871
4095615239
1001974881
4250331300
3954476819
2427386843
2656046203
1164169944
3534486519
1034560142
1048398560
2406239459
2964199572
2746205284
2080570758
2455534762
996157751
3159417731
2370337759
169903448
632674813
2889580264
3237074949
1600536451
2400590279
3613545627
3412362816
3717636280
925277865
1286838554
3931600284
1217642794
383942800
661883451
3126629252
1454136833
2877080687
142897370
1696964691
3419235506
3792925326
2332745949
900156090
1223923963
1564945684
69344938
3634257588
3125778076
752911386
837032470
2915782049
1975769127
112851793
1877918595
50062934
3834434065
1542900598
2750031323
2568764123
3202201286
505983414
2610502659
877106973
2026441420
1213647676
2569416227
4040985836
1840972302
436639544
4170955177
1520185208
3050648899
4150468549
4175837944
285429181
1802798322
2569616226
2414706009
579374035
4293859160
343986361
836394514
1345953020
1097796749
1276107087
1042472567
1947854539
1320898886
987422191
522300084
3188239569
1647005464
1122524257
2462951520
797006666
2586094377
343051431
259760184
3810896593
1771366068
1356337121
2387269639
4135213637
3037699578
295369593
23260670
3106102336
2493783029
1795280549
310551573
910906424
216939790
3010857511
1287881199
3081958050
3131145878
2469669141
508500314
2325146052
2785262381
2170147819
517079388
1595460573
3090317877
3608877383
3135066418
2382101187
2408345115
3476126504
3059851557
2578250873
1604812421
2867811229
4122125612
1385529624
1799650317
3980396992
3497589661
58264303
3964642300
3317812502
1866678016
2670073692
2625463039
3700161370
4137649591
720236694
3557954443
3061122674
3310313098
647096034
3978970995
3186642773
1519789476
2650823398
3299467942
2611278559
1132336417
664107827
1609801580
1025298932
2735303073
79900371
1798519253
596905254
1314054431
1377564951
4019549360
2595422787
2509198815
757543859
2420987341
4215724241
1220208646
1394918373
4001204962
1490323976
499539440
3401504849
3833412615
1589054343
3953769788
213352324
1135907468
1704848333
555470476
769458004
531999863
4041081058
1224941399
2739669160
3332385879
353818673
3061492042
4090963379
2070258686
2420057604
4268910378
3324568017
713939451
3847779342
3201056530
863946988
490844701
3895526086
361475613
3664256736
779290601
2330192492
3547986551
3121060193
745004864
1360905531
2487509000
3787924026
1833713411
725661321
682321848
3989976676
1673314884
3910779609
4225463735
1460166422
1630396579
1972442826
3819715128
2142777858
2784495274
1605069627
3804440645
159827949
2374618153
941800275
1350790916
897043448
853879196
2780815296
1304631811
1746854239
3443949033
393403418
2016946795
712682333
3411641741
202238692
2489648009
3073104287
4101568113
3905290965
3754287858
566038021
2978250222
3193350485
774849637
2021149841
2912389894
1082041697
468652351
1248192470
1122190644
3094932535
3727126199
2971101436
1079348213
1080814997
1766804522
570068753
271121164
3467851069
250630850
1229198701
4141057350
1956103040
3816481549
3289766444
4120278710
19099399
2183610129
3919819915
2574748285
2102933953
3261160725
3976790660
1664700254
3432793535
736911929
3562537429
4243403931
2200874062
1686789429
3506313948
796975224
2964075181
103439364
1507701142
3828973153
3322862587
60048318
1860958163
949817586
1955956074
2352230321
4200514545
11718947
905386786
407899949
2712470055
485591635
1693422864
2467825883
1099356579
2049331097
1444774281
1126628811
2742646441
728033513
2337290809
782994398
3496236976
1429191254
1066915117
943935908
2389644444
3698631541
1570583940
272170926
2431884661
2719851848
2836818214
1866757172
1109464066
3142691487
3020601325
491706991
1009150767
3431956451
237500877
1643396077
1966851745
2035927764
2448380877
864571674
723362122
2616004155
678936914
1326258854
3119164702
2660673685
2942064834
2511447838
2955887139
3440459984
2499198674
824291704
2734028979
1737381110
2235071452
3686129151
2193123043
3681163207
3045299847
2014288201
2876765314
1781562449
2770879666
1263653856
978101384
2429223820
414251191
3362046470
2013228258
2614123136
515266748
3360402585
746367572
4023629787
3790436590
2328327331
538264878
2469003508
1879556918
2284445968
349423836
3770731530
3598472512
3003403559
2904118204
3556821209
2132261790
3315234011
2169657629
2486326828
3243240317
2838770778
4272919363
2239949231
1365041216
286580340
940624369
2781979880
1858755268
3662247583
296335236
1437193257
2514023826
3719746507
3922774489
662782041
945823486
2062719934
643062916
1711360295
1965043647
1738967624
3674567421
1369756219
3863249775
3765709725
508663455
2778716537
2187458635
32059485
3829439876
2461374175
581219939
1999675976
2179515894
1607656866
3686253433
2991086282
4289756782
3794047108
4143171844
752613406
838910931
2872269494
875665951
4284048762
1406599052
1804906644
3715400945
504021724
255690083
726351425
733210128
2007329625
2061895638
469571391
206999529
1806344072
444750375
1441222082
298536629
2316757382
3227196223
3890288973
1500547733
2859418329
4008976043
2437908308
127461783
3750567856
1028446313
1716329226
2238266370
250249037
1965492748
3618938061
3743286326
2582735894
2123672887
2394129204
2992179812
850784133
2611691857
782869168
320912377
1895023725
3527230605
1641186294
2291476278
2148932179
3235011614
45558526
1009655036
2587179415
4113276293
3628325591
4078350032
3619152746
1307656776
1101370591
270905590
2326199333
2918128024
3846109974
4032633295
1415956847
3061402335
3984249714
1200486308
906334272
1139047810
2050960790
1650194255
3799026196
300568701
158648788
1409453008
3729077184
2270093329
1461785001
4151043337
406097930
3805643931
393976714
3808235967
3868769746
1299074501
2391433375
1773727118
191647914
4076336246
1434636685
2048741980
3531105254
2720398315
527211516
3508844642
60401708
2148339584
3613405574
3196140081
818801778
843113096
2055337922
