2103729118
1051166123
507202139
2394298369
3550475217
2888786054
670771815
221022438
704153396
1103481282
529961307
3542082823
4188281597
220114393
1948283565
2191678690
4126792941
4288003394
720463774
1087626366
2242985474
2073862576
3030392178
669274375
3228361375
3367623875
1513172823
3468954332
3013617938
1082575020
4275841433
1770349054
2104734591
116206310
3094258246
3780589766
3262822476
3507343608
3205035813
2198076550
3356620247
2729112445
3503756326
2266700681
1230688537
2799360975
721590906
808921867
2240384841
4049794407
1813463184
2446109444
4220655703
1301565465
3966841977
527962900
611554432
4170289433
3555189305
1517529472
3192700057
3135719224
115411682
3701251011
2293837855
2552340293
851378558
1130967419
1818784
3034950764
301645642
3679241781
1698075518
4046860963
2100563982
1251211048
3865927807
4050179258
839915719
2091908505
3891422237
3198800710
2083319610
1343171942
3535654035
682665357
3402360960
3006495079
2059442620
460177538
1925360772
2649928028
126637652
2021391698
1483490356
2889710515
2848723008
1378231197
2755006961
424618975
3454396376
2550232972
333107440
361799139
2291270900
3479916148
3177631540
3798481194
2674360404
3469396571
1669204709
626592129
856626362
591452519
1151659928
2190680996
1401833462
2743842752
969227398
2252469174
1549847067
2137667123
3482699862
3131003746
604349614
3103746160
1216275690
2322680773
178520130
2046544534
1593136497
2021528115
2039586000
2062180683
4013361824
4049986913
1594901648
339053722
1952547473
27191968
3173446929
2881698207
505795602
176193330
2644873757
2270692230
2402321450
3536989593
572878346
474584982
1915927143
1663063828
3927712415
1144825367
2096344012
1578642122
3399025621
967284196
1085273147
474102402
1898247647
2609700910
982061675
1607671703
4180076358
257353092
872969522
2659967751
935383333
4119501569
4292637977
1342181907
3148798842
4242778936
1862740753
2727144707
2587334597
1987176862
806277599
3788038453
2252143701
4219630970
1122550415
1181119185
1927814327
1760124160
2073591491
2141112221
636089262
276079638
888875163
346934339
1644757091
1204457453
3231455903
200036017
2843103661
2876226556
4168361195
3915391851
3980377443
3185252766
1018394512
3545672971
4030654496
2022668265
4122285710
1904403052
719445323
2961272734
2694295286
163311983
3945675918
1477308946
3920992996
3595318334
3894006286
3185047194
268709905
309770361
993108649
4228333107
1244814438
3173847560
2583345301
4181212038
3108738914
36574703
2649166939
1597358357
3733447350
2342983435
1761017778
3478290882
2705040897
413022975
582841344
1971543722
1992039883
2141855276
1190591817
2515182766
4232212153
1103052282
221562313
1857170839
2476977288
2048699036
3347941714
4285693790
1745555629
4093319670
3929308476
2240195852
999339321
4174358820
602240524
3623071021
2414558300
899770165
701739717
1827110706
231110126
575630778
251568572
1673236906
1018777026
1817731452
3575369525
2301556663
2831901690
1956709806
1024996134
1259928823
3265459210
3257028506
1441687972
2151133274
1179783549
3554562227
1231401452
1206773914
2127913940
491225315
3313133273
2390007853
439697634
123193955
2479671327
1244391290
3470290952
3849545820
1705904666
3514620192
1382193101
4230581997
2827526145
1337347745
2683720810
1305844952
340920879
45469612
3864563959
190729670
2435751931
1094699510
3387574454
575996751
4081389969
2972928629
891623147
3677917050
3596497716
2123665384
3642573692
1101557181
3066788851
3935397746
713003709
159071086
2272865900
2156566506
4229370193
3617336174
3699848270
2741948093
3933622422
101335077
509256630
1713489088
3131872107
2978608108
413153132
271710282
2068660225
3184308086
3177968469
220440630
4049878809
824054935
381552746
3388819006
1576534213
162213426
2038093031
3885582611
877041166
1735160597
3716202757
3508775171
843453611
1257482974
2881883671
992565321
2348704729
1144976024
1009188642
1443890329
1371354918
3513653256
603845836
2467066717
483769610
406068148
2864139332
4248401474
2537428601
3420232741
4259309350
746901612
1623864225
3896636553
3929142360
3138370425
28523050
28717814
3311404714
490907843
1523875043
4174442066
2232647151
3339422229
3938043396
85337787
4272524362
626944166
4046099530
653244596
4022278593
1908069270
2672821401
2283562897
916282380
1515665809
1861888092
1858856718
2524003876
4196990209
582413253
3186460179
3588674077
1773309186
1607049882
3621175551
2208753930
3024963818
603405651
3241631110
3926061655
3678138180
700373822
2929679824
116190096
294995867
3908876278
1481100199
3564662235
688853211
2637577844
3217371227
836737274
1517245417
1837249788
74929501
2103332679
609837891
3912160105
3065908014
4078662198
697343769
2326521330
2827146445
1926345218
3348785303
3677315847
1840704128
1737250766
3975771578
2614951763
18623893
15706079
3838212349
2153933933
1580267646
3501022993
1716200496
4237041066
1655406401
2096122383
450175810
416111304
1099872651
879948936
2489979820
2136938478
224214464
1291152038
2615924783
626915787
2813144967
649021031
3464426117
1596683293
1956143638
4006516554
2948266412
1414024187
147983264
3330552026
3986064235
2731950466
3121609310
2039732245
3370665086
3852517477
2229361669
3142684447
1593989824
206959764
2177625070
2753864369
2700591916
956003000
1026152785
4061651859
292858243
2382007563
318488492
2649011982
3728369231
1829061241
2752335360
1013597066
564988665
2426533240
749437813
406647500
487759395
4148392029
237223036
1139520638
619007326
2679498341
3884744964
3127986801
3949519636
3557928189
2490560391
3926392775
1874942566
1978256210
2842836128
4185054486
511369437
1527614603
4198553189
1128619893
2980444557
372479752
3299784981
3492295676
882448743
3702785687
1086846775
1975949477
2007191820
1858448236
2236797437
4229761408
1102100560
4097108032
3985910308
252407746
771261586
4283909952
455084293
2203311359
2883705588
1213564704
1784282925
1076636756
3080238325
1426627753
1610018769
3432756303
732439151
276971163
1143501823
612422171
168606095
2367992250
2982841953
1781787908
2970419291
1368883840
3283571092
3379221117
2016542629
1927268811
674694515
4050452528
3704116452
3877474691
621163310
3798261010
3409057549
4152062975
507859010
3468725851
833040453
2010548612
3395079049
2281786954
1826671792
2796941720
2913411785
992071029
1344583627
2753913583
961002228
2294331489
3420012800
1172460506
2773881592
3675460808
322679776
1926852679
3840432184
3035077684
3494552948
12995581
2987722692
270360040
1668285699
62577687
1744321198
1079057763
195280473
1847342822
65870479
3458315537
1811294401
3399653283
182501948
617270292
2514560743
1236901728
791768877
1529203426
156500353
3376518402
429308718
547102024
1167793148
3748596206
286100067
394789625
389269316
1855629745
4165599501
3536238758
685786056
2992023049
1105339480
132421067
1177445583
459624747
4211354634
1043594683
3681924280
110766065
1469720619
1386794843
3625953658
3025247687
959493353
1334627491
1866507479
4002254995
108678621
2384765408
3020122716
210203243
3391850447
3269969035
3688103282
1176829504
331473885
3889080942
1158921708
25119929
3678776930
4120554454
2376253539
4259045651
3170082503
2639561403
714346063
3837556083
3168624880
160299042
1347357222
3139784156
2179124596
866754096
67156796
3978093002
702960117
1981994122
3402700983
575089457
1884310840
506069975
250234312
4152466910
1225347681
4192053185
2861759811
1233960694
1995288285
982150569
2879852653
2502553580
4046214000
2880280725
666734252
3452782444
3197659980
1509362821
1207633888
283342043
149911486
3968882940
671016694
3605182150
319646952
2094051289
4159913758
2418491968
4119549757
3722021006
2400171329
2844466660
3284502797
1319954101
354850976
3974530370
3901504255
1303364788
3427695251
1898417747
2295522375
862996451
1043726523
575353884
2170765528
3448910774
28606117
445665666
1461689467
1957763549
3428504663
3477722101
2367309036
352114327
1080953588
1201148878
3029286912
3044810123
1182521004
2637811077
2237529851
1097263346
719930047
438548151
1133780375
580347516
3882858472
3232620721
1849511361
1967585163
52845179
845674742
1518853501
2097789395
361914085
3218212025
3209460791
1897384459
138907038
3694659476
571705589
2657406539
1789286038
376555359
1600193580
2572289221
3290374398
2886624047
3314614749
859052241
4218101948
1424937629
1832951898
1165074229
17956838
4287471652
1144031610
1298179817
1137759305
1110224642
4136032505
2097744301
638500519
3493435036
1159255310
548272491
2025963681
368995770
1011695810
14722762
2118421662
1070157210
1925279724
4282203438
1195189098
2669281969
3208425336
4199887084
3254650849
3662162481
136405235
1530772190
2581135188
4177799158
3748826950
2848841975
1899733224
1243707169
4127948920
1671379466
3833044690
3415700847
1230336041
166066824
3236588082
1286229899
2417865179
2091198733
2005471966
3345475361
1371628950
3813947409
2942846707
1134499092
2481480434
2178127862
2805816124
668238844
936608706
3489529513
4084707349
3210834373
3642126384
1882571443
3377123285
4076760680
2421977179
1266161911
321096490
1308173909
2483700887
1487045209
2671038610
2364848172
3716402962
1324254325
4186262576
530699540
3395615385
1992070785
2135120093
579202420
2100821922
4274406863
3401184826
890570760
2350277492
466818755
2335307009
1551243861
537290762
1963329816
2848303315
1495640992
1692592896
2383803715
1565183618
1763073032
1423426285
1875901115
3185371921
2789101630
3001240856
3596149144
2510818054
1878868118
445249311
2140492324
3665550526
674008877
125444410
3345639754
2032302003
4068656981
2884463054
3721908274
165144986
1481815707
1576824992
2526319578
74644678
517820290
166706610
2052774863
4222072659
3269846550
2595051685
4022721640
4007965011
1465637912
1936545447
1673950664
1723207340
2621289134
401735769
455693583
3112928446
2136442403
783233593
1018165149
1808012452
2083167339
1276170015
1440383152
844075208
992483994
1107911840
459266079
1457443370
1139329385
3376103917
750759686
1197022033
3739961650
2833742465
1740116090
2891122930
4226670451
1927349188
2523710884
350159067
3679689074
2525034735
2505093851
1957819530
2085035817
2639145051
4193310125
1893622409
993953694
689267391
3785751753
2991985076
4092452874
2976292252
1064818308
639749658
2342814224
1492775135
2124614659
4028155321
2778893297
1190031706
3402376209
2373041716
1900792907
3892427720
4238509320
3598247379
2213311799
1954566253
3651947084
3563417556
3189599806
2599164643
259482070
4206229327
2104368232
103767403
4280038447
92093201
1588741468
3055173038
3748927206
3771333408
4126726628
504168374
1771796593
1859804932
1467418593
2619288055
2380737875
3933443569
657823022
2360598748
2495325177
4047955109
1587585895
3158840429
2937030208
1938893700
3087593788
2376467515
3181609
2341352386
1411818352
1361899025
1876256092
3531818302
3265005151
4200205606
2238861188
1206499048
3660842339
1210758283
2005365983
3923576159
3471706369
625707547
