3037707766
1787756688
2591643178
734531039
406419084
4009167260
3596628845
3872300138
1011604334
1238977652
3404410975
1324460329
3532150209
1888443241
2352188954
833616591
3449569876
502288119
3670576747
1306843046
1970431947
2121292753
944234237
3346068726
1953114699
1381943993
2374280131
748570288
1272458243
3433748801
2475665718
2798227397
3030000516
2796101091
250125215
2041326479
1049802648
538733689
2795561910
1701807001
3938729499
3525079429
2687659938
2381127872
3269806268
1623021333
3734633607
259156920
2468829803
2611693753
2882499364
659957704
1870129327
2346457764
3973427716
2479352793
3855957390
2775412078
3614464577
4107607943
3878884585
2083500450
795923343
1477256733
3774659547
2894732666
3997557197
2472025382
1534607330
838243021
264512238
2169892637
193249155
1193509420
2672683834
438963356
27825721
3526435049
2988798045
585501625
1446799944
3349491617
835481140
2863912140
2928685655
3386260188
1233307828
1319665431
1087636267
1556216
2768874374
2449268970
4124998162
1809730615
1424756162
1801929668
4137695150
1282624977
2550340124
880654824
3675261769
2512446924
706853810
2754065061
2316583827
3894437045
2146214113
116574910
2309031081
3240540939
3478990049
2442074947
2171165277
869367370
1092093372
3147307276
1148846073
478670386
2520575110
727782475
3940773230
271378459
2490282772
634229451
3785425871
3985079580
1824755580
1371464447
349651587
1878921709
1035335381
4183262691
1159138102
1266868357
4011862717
3875866330
2383837880
3909803216
789625076
957569822
1724801643
1711554053
3293809275
1217079765
3477091491
2381874804
1079881448
217881162
2679580049
2572692978
1780268143
3190287861
362894756
1773099728
844984361
1066568748
3245151759
304725274
901372470
3482872036
1339924539
1919780155
4090132341
1352335338
3555079513
112097920
4176810436
2221386295
2897787634
300643346
2790414769
2666946885
1899721605
676883551
691576545
3811789265
2313230161
4102904216
1014926645
3038780949
2623572603
1567116405
694133009
2970719531
3480467511
4116438838
3497106911
1560353638
487528315
819408392
1117546594
2929081047
3882092550
1631134190
3351412143
310331559
4121281782
681073401
873458122
2637389544
3668922830
2277442331
533639603
4196908061
4064926869
1788597565
168292867
3682486749
4062610582
721752519
1154531217
21659272
1932485656
3795752877
3484979847
3705333168
314310641
1641999129
704332942
18476813
294913959
2562937581
415440375
2112853734
823918412
3701310969
3444127988
3322300040
1730803478
3821851225
3719986168
3841509915
2166934176
648565729
4100597611
4002310036
3541196778
2299537003
249622786
2303472295
4109126487
3010822142
2289728504
3044435079
4194025949
1468425866
3015066213
2493402525
42427324
3828577523
2958382865
1360147274
1613492143
238357279
1673412254
2180899767
2230144376
2394903483
2121757543
3260318216
1283546143
759254102
4122032478
2764165213
129503960
2855651593
1379252974
1228641640
1129806904
4260457597
968877894
2698642656
618899937
472782286
274511112
1919623256
1429723770
1192861742
3746690288
193852628
3634930544
3471862911
2997715451
2674684202
3576255097
982080510
3930714772
2249582032
2469594844
3155023860
3182034688
3700173902
2773918708
2399145206
1517969229
2879024349
3277303567
3965312358
531302705
1801981062
3011168199
3849512789
2952194340
1610451492
4293817449
1520355537
2253784058
3628011574
3104315991
1237027079
4075644381
1099960063
4175422408
1504976749
2218564745
204262174
2518221471
864717471
2792265672
297336996
4186788249
1111759156
1308803991
3891253291
3164266946
2246386589
3910142823
2627545390
126619025
4098119009
442052113
378762184
1724461097
723113442
1270155793
766264760
3782021768
834074795
1467160633
802749470
3869698593
1138878889
4286085836
1413228240
2565843689
3068775565
3908706136
2028153017
3723041998
4190420611
1693481098
3727351909
1630718546
3075578547
654806966
3952762555
2877285824
1567913456
2076824809
1576880092
1597399431
970449740
1902722856
1368824102
516653556
546338675
1326667548
598624525
82951840
3770196573
1426205985
152856226
4242868921
2929802410
2740266752
1628349224
1673927258
1473183511
1520142406
2137538900
3361655528
3391910168
1769555385
623169418
1310417529
2666843977
3898137176
1664568191
2336732307
645810778
160475961
404370448
993371445
2632429155
2313779680
818897796
1427347597
1102396730
2356411351
3485921700
3805411364
3715278747
967523263
3857520597
384755852
1410222198
4211732130
4099757662
3255311773
3262360888
38132442
2871557024
1287202606
2021461198
1278432360
1762209352
1151437133
197193256
466784068
3735370570
101414765
1948802155
3089064870
1286417941
3613742929
886757630
4069102693
2506236194
2128828608
3490487087
1429177476
4162594131
82838731
1964975115
4138175512
3993351952
3644080738
2414834883
1785544874
1072444532
584669114
3047670994
2321469473
2804170523
3981730703
70977253
1149868875
3865011229
2841218738
149933438
3742596346
3972809680
2157041199
2946754891
801539423
27468187
1985697698
4150670195
1303241940
80897091
2949825513
3302652233
768439454
847326267
3524489232
2453360684
2190427464
1080375249
1304251556
488375524
3092611165
3892417407
775464350
1069209969
3708079669
1157615632
1871897007
3675015420
825805451
1413374967
3630457608
3782240407
1920316630
887513231
3241201070
3970067464
2334184203
919722270
3293898966
2011643749
2085680633
2041434606
2425329992
925709957
1177054419
2326615584
3827072028
1686111509
2694535107
3715543821
2755557895
1151362235
1040938281
3289149462
1143997374
3677212562
3364418691
525727064
1219017218
376483093
1985949773
1610635267
1560162427
3800752879
1005161507
2028706702
2426411869
534173967
3108448734
3534944709
3829637892
1134854174
103561032
1968927502
2609821196
2359362718
2185459930
3498640332
1328552738
3726597178
3028897199
1923991703
1469188383
2506037004
485983040
3389407945
114673738
1914427959
892501333
1614887674
2475170410
641008808
779234096
3409867833
541413395
4208095197
995907791
2271098928
1443872785
2190212161
3550580043
1805336722
2129657706
1164166504
1283990604
1276074483
283087844
307417988
2912951580
2826169963
2678856187
2206951177
2037728139
1252841764
2759431582
1159924119
794571009
648428038
2592966731
429438427
4012210064
540298565
1497346343
4177388805
1446687904
546822138
1982635878
3467912552
2589426126
952842087
3409313110
2150065855
2688475993
3666342723
3475396000
3485175996
3619921787
158364555
4283158036
232284313
3802983301
1955278416
195496195
3455081117
1275586447
3367335025
1816302776
3968977320
2590150111
1546861222
1602561734
4173390702
1099086159
1286724628
2710080511
4117925807
1761368
1862858639
4214687132
4254767769
1781875681
1932187133
1414049008
894193618
3689878738
3204025791
2977402921
1509073215
2812786780
688813668
2542687824
2234698873
2597283093
1263768078
3969417883
851419862
1131798270
3407993597
2522766317
916627673
1944492595
59127758
758200592
2260913565
1685444260
3590335769
4222438170
3757595222
707629520
1405460998
774624929
3228012614
4194186000
327464139
4220430766
2070914890
1260913281
4258521056
1298400553
2729652241
2476842045
4270638949
944788679
1078478765
3755739406
1218149016
1348910585
2109948967
2883613849
3267985511
640818146
281200633
855674694
2140885429
466093316
4121451360
1235580529
2984103180
3028824041
2241140262
2452533765
4002132129
1944952779
3858576353
2088835822
1462901892
1086234476
2167975327
3597675557
798987346
2030123872
166085171
1303855625
3093848172
3101341667
4085931946
2593646016
4183500365
316989901
1861398810
1348190188
3681355122
36927588
2025619609
475998138
416731666
892460030
2461659544
2844884775
1407328881
2675966514
3562612859
3684665081
1484944556
2686842166
64057021
2432013505
4227916342
1160688169
1752946494
1918296116
3729290405
666761993
2073707885
586902021
1078024929
784406400
3874050733
2736670458
4092747474
625239801
2325401020
3154731954
4261123732
222395337
205407724
375044365
688994971
3498507544
4132987625
3568659276
3333601763
1093823594
4056309753
1824120449
3339014662
1148733560
1018338157
3463030863
790880560
3688234062
1748250254
3702340044
3845330176
1772884304
828046257
1805664491
1842843313
599966492
3009524595
2353489909
366624842
985943614
604787250
541112283
4212192958
1050813362
252834033
3334541503
2235534038
698159393
634120823
4235603165
787345927
179986830
1307803134
3493625191
3475788123
3170600561
2884847294
2767094313
3674823343
3213999010
2919402603
1725934282
885447878
1056848631
407898658
1475213119
1508461519
2089742130
2763817333
153976310
2468247680
3310836527
4019021542
1723809776
1421984280
1990824165
2057503218
4293173059
1162101958
2369836279
2598453897
1497037156
3400899621
306186462
687908419
3935536469
2025590294
1558512590
4266686016
3730913345
2162212982
2933106169
3800666444
2319014367
2850060708
3575485094
1532485048
720006015
253812596
796499039
3173468909
2125368581
923220969
3510461729
325157764
3077835504
3660369428
3175923223
2833489398
2987988793
2680680941
1173863391
3061638408
1926834020
2405364180
1638952076
550111624
2992607742
22105360
4266536353
2329122457
2578995033
1692066062
540018340
1182625852
271096150
4237607803
1223010339
3681413643
60956296
3230580842
2676290600
2901079395
2023828554
2742260425
600681175
1595261179
2092512632
1393419313
1582288380
2042571815
766719033
2828085421
4022916882
716495265
234720373
1559596835
1489363632
1806765802
1117662435
4140972778
3777171556
1982555491
1088659107
394284830
3259870401
140840139
3076360463
3271991163
3009837514
3737647709
3311573653
3914113129
1541644084
2912800210
3628218683
4070569533
2154776672
4259208311
2672883412
3122276994
4280283222
606731428
3966073557
3688346857
26003712
2986585516
4099511143
245689379
2500740633
3369192091
2722592839
2582779941
2481754575
2426776682
571753123
3015482734
2056094671
451860251
3522413165
2268194624
3445050703
3460700365
3215616887
3003022638
2265001746
4061608384
4194167804
3984541324
1741308644
4202839386
384301773
2875005239
1142225302
2143870879
1736010900
847207041
2657252756
899064180
2461885108
1333536260
1885838594
2414044972
142811502
2653022074
3770998075
2216029321
3860684086
3852412826
2989304910
2208131105
1836443986
68759251
3979183452
3903956694
1852110839
2721942184
2182683176
647657347
3626457880
4190810866
2187167586
1341806012
1821971227
39831094
3689274894
992775661
2341530283
3429679669
3576499346
712272989
1592192683
3377803371
634712947
1190094719
651334199
3661564770
861047585
216509377
2050006545
1344664866
3140686009
758981895
911403165
3842442125
1932760583
4176896766
907024006
3834567516
233204597
1606746357
2988106189
302339312
1193396602
3745155840
1380056915
555741905
2646944460
1479331314
3727458749
1574994771
1566816626
660669115
30931559
137392546
276894017
1197741005
1191603972
2958553667
168958711
1984544642
1860436580
3336807589
396454998
3751839688
3190625204
3446898476
