623378005
2401981915
4219587673
1794834820
2517242889
1534319279
3471129507
4178000312
2986036392
364517897
1195628520
3642582669
2258284716
3593041422
277064161
2539843062
1642964157
3259960287
335808948
844022426
1946171815
1928642566
2504762438
1738614251
2659463866
1366575845
1965710213
1237752274
3286839467
290764946
384673263
245384014
864985786
1696086631
893534670
3535261687
506378289
2530779775
185492957
2849685047
3902641608
1036810241
4128208456
7462603
403208560
3732156231
413399480
246290447
3003301229
1417847056
300209508
2042618138
320424451
3127019868
850267578
3638715877
3230634880
2975276733
2645142492
1270665121
3276180677
2123234638
112265174
774869923
3907043104
3625016669
4181834775
2729918792
1932203186
982357358
4021289714
3461759392
2599525157
1932590009
3829311855
2362668630
3545675005
440668426
277986047
1287744275
2623311080
170864804
1808164168
323314168
3639013529
2372603347
3015054850
157943502
3854805666
3745931190
957121690
2161540827
1100324556
2689328088
829970688
2594486663
2396738743
4076337826
2582555740
3476819877
1438541169
2699659791
66720078
1421664517
1003466291
1343374903
146091341
3001299465
2168112843
3135063680
1378268063
1167963871
825675094
3013157427
1813591555
704329795
1312046575
3527351497
1366998288
3120671138
67964747
3044060571
3809940851
1343958867
173225068
2160010221
343448266
1125093706
1790006773
3870989954
3634345417
2952758685
1747200772
918103291
3319391273
4146903401
2443535001
2305085998
304236557
1876600187
3777012641
2064581181
3888932479
2819317485
2696708222
492022371
1347083871
3986329458
2497223844
4250307982
2090464488
2184289700
1776754334
857473425
265342647
2052545380
15548661
1345853277
2694845073
3500185626
389174493
3135978658
3511973096
1816069935
3557427563
3915897589
264991017
2675686412
2874650073
1826695587
2736222189
2866520464
1452328953
1828718027
233563274
395849054
2043764509
1072513989
3542654148
1600750706
2030701266
1988605078
2107444045
1708175619
2818739361
600328619
3138447128
389313392
872963283
1514355691
3621770816
91747979
141964131
311520902
1891180032
626905194
3299318119
3527165591
3537383550
3989245298
2938809125
432672069
1446766005
1129645967
226684229
1239956560
2507975827
277051984
2708262035
1194644771
2264436058
3554741696
3465721087
3284974343
253868510
4119525392
2476720202
3886600045
2968277983
3029552360
4079158397
3543208734
761631254
3493038686
547485957
1979857841
604965045
1406171960
3985571561
3281690595
312158021
2727093067
487542215
1838505947
2765176404
1598401230
88786651
4119867814
218665630
3899318260
2227180573
3846957190
3167630870
284859591
2254392397
1240914182
4146475075
2559341430
1876762702
3032010017
3897673044
42940944
698633350
1876313019
2098676966
2794429955
2551434927
3649535378
2164373385
2885959430
3684039969
4057370642
973332885
340040877
1625710400
2169305125
461786755
2673673776
3820636081
3857581609
1213414950
2830666379
1336081747
2530784517
464187193
4248209057
1568514960
4078135578
2140914115
2743115191
843661828
2305582843
1451358219
2157147835
530355161
2018610274
3030728826
2922177912
2570536146
3393366224
1621979670
40665860
3462310750
4274467794
1198627197
3372324378
554401674
1746544345
2616901123
2466850378
2805248946
3792833192
3425763112
1639826048
2724602764
2033535003
1727421428
240848749
1849606959
2697638282
604870045
1348988659
3559236966
2926211139
337235381
118263058
4271264774
1002863110
3072114637
3333755501
3116451002
3036354687
321423411
1995062326
54857770
3572644556
4009362657
1910403878
2994982180
4291680867
2696168569
2705101020
1857022480
2159321468
2671086246
4120995549
3805911196
22449039
1530174926
3927474028
2430812380
2918127152
3187534963
2285778670
4000957027
2530387416
3335857487
737200981
3855526608
2580778678
708647784
3511048389
4065728457
229738087
880161437
3405102554
2729310106
3963917608
4055872640
1786348226
1245587188
3948661797
724277632
2503242843
4171969740
412647474
3435020272
1169265802
443290328
3397337764
3701597015
201631413
535875151
3598143394
135684175
3124244671
54591839
1891041636
787224553
2366209655
3110018022
3118937143
2566506666
3287120786
2995642229
100861207
2176708195
2296537645
666126992
3567796446
3539106233
2506263700
322240482
1322775724
1089985546
1720210718
2526128072
4153560417
893540855
2112187924
3744539149
2068363248
3234524274
3827473307
2537659821
2251261265
2764803574
607346994
2880273111
2719433505
3599899038
2053030152
2948193369
303443225
2157503199
1992863137
621082327
451523856
23632861
326367559
2242692312
2232284875
4286949196
807908574
565127535
1087285909
2904857797
3934424973
2790978484
1989435271
2433317441
1026104496
1157577758
3195886302
3992305408
1077676025
2430085508
661624028
1990065147
2155411273
1422108810
2271568046
914594382
832779834
1672418377
1660969639
685169814
2771704372
1614424984
2063201348
1155230608
308873412
257087487
1530894822
918407961
2474261006
846444186
1362396461
1397962329
3340151040
2033608628
3167901070
916586093
1955539904
3642430020
2395136770
3038880283
3464006090
2391779478
1602723644
1272550194
7298022
1013939598
2069345217
3161086688
1984926906
2676178792
3763774792
2453908209
477148902
387733877
1111300224
1686405738
3751216186
936395984
1202552035
1127911635
2040438908
504301606
2370486376
2806576516
1237344967
268242854
3729447493
3652381560
1601344907
2960122933
4025401710
4037550972
160692614
1587615676
3364152101
1961270677
4011977287
90682379
2346716355
4216628776
914348020
4021827554
2890249288
3325818442
3372862329
3676279530
4050559076
44517905
733715335
3119663686
2428950892
3390224466
3403421655
2661102773
348383867
4277118631
3103291070
3430103998
65695991
1199979670
912533920
1267655871
1335693928
3562956486
2052716464
4227511648
1338341314
3164675363
340551784
1803149194
72754332
3629098105
472400426
3578628084
763070654
3417966030
1714658408
3837707970
295628253
3270838011
2917786212
3782228984
2650233643
2222123350
545667491
1600041160
686112368
2084793568
1940757403
116889357
1626692476
2109780204
560657309
1784103022
3666912761
632120593
3739921005
1321208359
2714709963
2564101320
485466717
3190952976
1194952842
3046322621
1099367782
3705257325
3732027417
1457036297
1514022034
1206072472
4114983333
2502749641
4270402743
481978406
2941854928
2218620892
2205085652
1772184287
1873012062
4232847484
4151179082
3195268887
796060421
3757719731
4117203507
4286691488
3835515918
450936701
1688270660
1904980490
3014074845
4159104151
3076290073
2637513521
2661753981
3808504316
4069927338
3469450228
2024920258
2456854560
1011749539
2649401695
3515163669
4022421919
3887312726
726665663
1946364668
2052596284
3107885467
3029922675
2629934578
237476624
1214565849
3292253483
3095182046
1330682800
1346416095
1197091961
2479306921
792123100
2539104069
2312602365
1978755791
939399322
3384369493
4038841391
2403066025
2069388445
2811717962
1731156018
1243869198
2568011617
226040017
2334820468
1553562625
1479068025
4110369543
4103780892
748278165
1289202397
2799010603
3905242721
429034599
2798498619
4184296740
3909099322
3057874906
1399971964
3150683177
3134997750
276136834
3669466406
746946277
1545905416
2831226168
3834666002
553441344
2061026819
1920004227
3922554576
2294582709
2140136389
3941673033
3455311962
1989898513
3357711534
1344843984
2431651466
1469896461
2247822331
2529747406
1385313446
1532080102
4184303648
1859838618
2204381532
2873322256
937949558
2400353365
2911329988
1306684025
437955583
1613457702
4076205022
3351416024
2449641643
4257794842
2181034626
499920449
1648224859
709726559
416728553
1053329261
2859954340
355617205
23184722
3084261952
1472690938
1926662455
3770604556
2897399614
756629577
326005956
4267824229
3683324280
2818738244
1537638935
382393697
2086532207
1564714366
3301840743
2841767290
2557547480
1145062561
2460922645
3074822106
2347687609
3287508716
2203492680
2013430288
2320800494
1313717801
3957436474
2591764035
403010105
2446076140
2905036211
4005312125
2376050068
98435734
4023715566
1284506536
992834231
2099596182
927999871
563138545
2319657730
1074852781
3030816786
4037088639
4049333462
970310306
32945881
35426077
3188061281
2530731588
4033195667
2168298702
3784385422
3845611161
1614908437
3313100164
214635900
2430014763
1380307811
1421135852
402307739
777937754
1275448335
1727911585
485329545
1110789870
3209896567
3857232625
3930486092
2176438686
196410338
2399768460
436061646
2862952709
810383412
1215803410
3463585371
1281502036
1418380537
2468482877
1553576985
4231951871
4005987538
2170684359
3140417952
1293012820
3620368202
1295337585
1766719407
3197926083
299900272
846137345
1192290468
2566624931
439899664
2184599486
2702672303
281893363
2042191547
3824033936
465419524
2863561421
864644353
805185736
2120578628
1983091737
3646226693
351296096
3805295561
1145374887
4101375702
868049643
3814059304
3325568186
3070070740
3867962073
189876727
177050659
1648945143
1813132889
1247913352
1364603627
902996700
4011874996
4176619650
3216866455
780212487
2490534744
3172081378
2533948230
4014344227
1460293250
272714991
1268864388
2771702364
195720314
3525859199
2897196248
2077036972
3896387964
4020840546
2260543261
2699663039
528439401
2880787876
1054616603
1671151031
897499935
2703158566
3373437762
887957424
2604772556
893185520
3193784422
1062345442
1613020299
623091355
3240965532
3373310674
1891735531
3992420711
3004173552
1195461735
600067899
382735558
616628258
4119044466
2056036569
1007084726
3288533733
3372847604
3762891800
1265475627
782151955
313621603
3266240303
54701509
1737791112
1704405220
4240848265
694420621
1332589380
908762704
3673156738
2171765830
1458831344
3034297021
3071493453
2356646533
1443811071
935715191
1174314056
164371645
1828562847
503086113
2406980756
930154661
2799020968
3715987540
2799394822
1874383417
3999872707
3843190140
343678720
874310355
3461353218
3088418332
4150100732
3696660086
1822830223
1722372286
224035457
1370211855
2692969745
3846431321
2879215268
3140221159
113357310
312918984
409750723
4066915449
4166031043
2511603692
1017434485
2003156723
1311742146
161875901
2062304059
3920854861
2223935519
94686018
3975537687
172268593
3827730548
1682103473
3006499960
2334860929
1520978042
1952867620
120511288
2013866635
2550714941
705664917
2453094276
2935447333
2587493883
4018837315
2371423582
1709672777
1278939889
1214080582
3901444098
3289323921
1143264882
273606556
630284885
1932054761
781041804
98803642
2074367995
202461371
3433277748
1621423792
940776201
236119491
2991016685
3495535637
2558541471
2866649171
969059065
3274898424
1490356026
2112437232
3067197042
4225950091
3675098134
1060410089
1073347649
790398092
3147838241
1984915664
1003360099
1195348858
2332309122
1909027865
1632758038
3402284604
3666248806
1682995753
1755944303
2254317527
846552565
690552328
3139521297
807534747
1443426494
1088223205
