3078208976
1043445275
1213711094
1282805211
3798486538
458169848
2908366688
417967348
4221471232
3161642669
2958249081
2389999360
3071123870
4136982323
2684666142
3864376359
4226007705
4049044418
104361619
429057894
2491298488
1273002502
2861670403
232475078
1685846286
452401846
89522347
1951604550
823569568
961181435
2008421937
302691581
4173881633
1712161264
2135835288
3372942154
1998101428
3102321770
696052587
39119667
619736194
2002813314
4019362055
3009006710
3783896661
1306081357
1632428057
1498117769
3799706826
2163131698
2398597958
3200012342
3726089098
1616619862
1640990298
2284169947
2215983252
2800563325
1717639914
2588423629
38614859
2989251594
1253716454
3859080483
2634646529
3771696831
3257537872
1491369216
2295476860
1982471426
2129111852
300643801
1857839704
4081934570
61066072
1092660080
1227715368
5223558
3013913139
2909669250
2490651874
1279448755
3688307316
2083907971
2014577526
1466396414
1172608795
1579258514
3769969577
1684879779
529439830
2141612967
1308739983
2035700645
2736586989
1152173847
394823229
3928587513
282409847
1526391735
776077278
856607336
2949504180
1766406852
3618135235
752489337
1570337386
3794588560
1481672451
692014337
2038431928
1364814340
2231791523
782035604
1390537033
3769457741
2403515847
3019604717
3035780126
2206199920
2777423390
895555222
3839300179
3102292324
328305529
4054577539
3168637019
1608465244
102054884
3048641707
811411382
2992964053
2772219202
3288559572
3032951773
2308537686
3738942304
3378716504
1084578101
2730693615
1307936511
4118048857
554527249
3214482100
2376848401
15449693
269004479
167338827
725218016
4033830207
3229701427
1294761470
3423880771
701437062
2491797733
3691180166
1741502659
1571745152
55293345
3400176690
3451434727
4221886352
2430377547
1202461527
1341078752
2585496089
986022993
4103244634
3061190972
4091821470
2963267727
46612000
3600014723
2197872446
2336719319
2761693597
970880290
3861174625
2783415729
1947774848
2434852527
1473695168
2088220820
385861739
2299264326
223930008
479357474
1833722456
1355510172
1018150791
514330241
1375897340
3231512368
304589262
3393904757
2591025744
4060184916
3821018902
1436247935
309397194
2399444121
4120885874
1842359018
3116287234
728406514
3156515803
86856444
2490716025
697294454
2832550499
3060055545
4018237603
2351880731
3045019332
3761935214
567720605
608775242
2457419661
1189518473
1622842373
3473589379
3537537742
2586237150
215157982
3022692649
3654907472
2089607473
2409496817
1302999480
2954951179
3682144720
3100764811
3484905149
246737108
2473752954
101255707
902764645
1603510225
277294817
661754741
3021656837
3602887542
1444393564
3960298346
3326293832
1878679345
3977017923
4148401423
3860595055
2206071727
2196938211
17013760
2445123191
684722798
2268008395
1671532234
1950641131
2388534319
1924040268
663536516
1852964015
3928683194
2252655077
1633192681
1084609075
2798953685
3588199460
3567779343
169179985
3241064692
103458396
3013856245
2391586019
4004870253
2184537166
1323267138
1185714401
509524417
3115317169
1068171835
886720452
3783621326
3395387813
3954643527
2909204129
1689329054
1382205391
75352048
1869310851
310588711
2724598765
1268062752
3146387471
719012362
2351420704
1195371796
1634178625
1345743248
369232464
2585616441
1151610307
1245927932
1818479930
938373576
392243818
3141861942
3954106519
3448073345
658942581
2054478640
3467809826
1206503816
1551821279
3154856442
2231551835
3500845724
1899915904
209911414
1348659976
1251937922
2349537551
1400165509
3474601274
2874083433
933507113
4290690312
2645482077
2256503731
3941811243
3490049088
317670349
867413785
2048704614
423385267
3944040495
2071241545
2897267903
3053443725
1814443125
725881557
3129051321
2077958376
2005300027
1873777036
3895942458
356294525
2100983465
3908517782
2930026989
1324580130
2677023137
2120576190
3177911477
2757598921
1793917704
2886140952
3743020003
4135913423
3952890034
2473099593
1887554679
181804370
296770390
93551381
2489584520
2489187745
600941611
525388734
1720103749
3621728155
1975033724
3831485928
3621029585
1093727039
524632288
545843261
3437187097
2236900676
105798223
3042034754
1754629187
3205866393
3649551472
717860701
2885684160
707225520
2402543393
1671625728
2020369241
3346557324
2658329941
2913119723
1713467836
403387986
1829531308
4129111656
1474572619
1048917444
3333065993
4177492028
3938318426
3178174020
4032551483
3587272640
3346800054
2986935045
1661809185
2030536950
1936368884
297338431
1908771717
3421355962
3198100135
2686216163
75868712
3275160617
1450786096
1651350592
739902334
1053205158
876588350
1345416752
1680013186
3401679965
2163492041
3573310483
4027778403
2117415812
807038756
1306278869
2816307818
2273492576
852196602
4239436844
1784386064
1959902879
1980843910
2768013742
1435058572
2718353039
2655699891
3780328584
389723486
3347884740
675410172
1984775527
1006192630
728794654
3490816310
2825528700
3821066926
646921254
4189704625
3733027793
2006156099
423297544
2817507139
674638155
2436486183
2175705557
4191663434
99652719
1751948811
2107764341
3836284866
3580720136
451682780
736667696
2672816093
2288280810
2013631957
1491361199
3669459736
271130786
953960484
1511063526
1658801885
1751741265
806659743
701537673
1341801785
3475665833
2644293457
201744086
4140679521
2316512064
3606515272
949023230
2066496210
4260138179
3640850272
1989251281
834450105
791562535
505068446
4226998419
3569244995
1650574671
2539013741
2034132826
2292768577
302966031
555487407
2707915557
1178423056
4211724866
2076774522
2208800607
3715244483
1846153564
3741530475
2803833188
4122892863
1114790624
2774805688
2125051294
1705671891
2004199651
1260729298
832662389
825367877
1239828732
4096768649
3873923469
2629470531
528590979
404618352
2680231105
3393366323
3630972807
3633304025
3245370152
1531188071
723981008
425368912
2836549277
693577545
201693109
4225478120
3951187062
4199171797
3704763880
3101964787
2081950892
3877570726
1505221254
1969025763
1501000209
2419295909
113251684
1808152484
2330418532
1297416805
1252980931
3596816080
3116454297
4148939466
969453648
747804662
217856344
1332910073
4178063929
3827313202
3365331042
2045654266
1616534908
2229997002
1531263172
2470772360
2320659477
4211152444
647888935
79437709
414681053
3365845139
1608942382
2145693662
1407854008
722707079
2778857731
4185243995
2053168956
3305673695
3728262384
1376996024
408561923
970668441
1511332194
3239606574
4147647247
3121777386
1796228638
3546849462
3560604949
916476130
3963435467
1360482644
2001862902
1225840438
3581807151
1400060606
3126743650
3983750119
86658159
1686346363
3008490291
714684364
163272710
3418656756
3578765932
3158963373
1666114392
521236207
3721349560
600810269
2456527376
3048461096
2755960780
4176352994
24456015
3553249565
3180874031
1815896559
2798055145
2575880832
3264761521
1295014049
2851220162
1679966348
1375005391
2918649165
2058353306
2702131400
3546772650
4192616424
3878214621
3482409411
1986166889
287652521
733837582
2043885723
303737200
2554791016
798624559
3457800890
1647013522
1512613802
2586105556
348263443
715511637
3843955989
2770039932
4176264089
451054999
292076948
3967202971
2667824368
2244150180
3939565725
1925349691
1353395980
3790772950
486216119
3904959514
4013675602
2926573040
2466878341
3938936993
922829881
2644391176
872055908
31482347
775184093
2232677242
239760056
925428805
2646890966
30181075
2085834616
971790592
1264271740
2151917389
1715753779
669661555
2306670303
1334650450
1520723367
1488466082
546457804
2099085498
1729654786
894947019
239027886
381613618
2920871402
3796212499
3543317369
3197637115
1069497206
1446416702
767633624
754069046
206451036
2385849317
2798108670
3290059869
772711393
762696204
2042400051
2856647553
1172106020
3055054844
2109340763
3144344417
2881816672
3764022945
954130867
1555704762
1659135384
2305779523
3198765632
3970509787
3710310712
3171791854
1053116197
1550243946
3175111131
2758945795
1163329815
2692318552
1992133279
2295846895
1239915271
3334785184
345236787
2239499387
4183533930
3886925264
723509915
744330518
1600825248
3545588334
1726133409
3430837210
1490841589
2318234390
4115576209
3113590017
2152725474
2164512089
3478296848
1934980426
2086626975
42010892
1072722774
1911577495
87551806
368447398
1017335269
1088977636
2098064262
3823112000
207861482
602307325
3416640460
4231935526
3348284220
2949947702
1766233725
3811024496
2677905621
268475254
3878611814
1089497393
584819312
4102843080
934266697
2347646228
3666325313
2355571929
2555757173
1416715479
3030985433
330542228
1933244065
2905789648
1434971644
1243580140
3801999613
1136778171
1676417098
2246676654
362268057
2672055364
2281272855
2432455583
1600009923
620078421
2286225790
1078968245
3632224133
3225494303
3700086082
626350432
3708225618
2483890706
2987730894
267885981
3192301365
300811157
2327383094
3408801801
588896963
3529458585
826865300
2711845662
3693698596
1857691
1845056277
304396530
2002974819
3840976609
3004375971
3074426033
1805386335
3894322860
1917717064
3024467873
1733780546
2488534611
4009263539
3343505464
3257358431
530190543
2212822536
1067350380
3163008911
906138280
3724558834
728018686
2416354906
3466276413
2194036040
345156665
162380577
3567081794
2504552003
437401681
2296431549
4275405791
3563380065
1786743875
2534477990
3826462633
1736729625
3947057405
1316202865
2296259860
2122212114
666783994
3987232277
3250152265
1481897536
2916578410
3050960987
3652106400
1120332427
199630302
178739358
2449719660
1955363325
1895975921
2699722273
1187226548
2994735928
3054397218
2799181387
1342137317
2803811115
1568956992
3755690567
3869068719
428007780
894192071
2596668168
632235699
2116534509
3490021218
4014915687
2196868913
2897760008
2403108512
511767390
7584818
1306934827
2691595594
2336457210
1417329734
2902949408
3476699654
3237442099
4079693995
3577788139
3459441185
1509988278
5487336
1654446064
2021433276
3588063945
2394847208
2623023532
999032287
2396639462
2650530867
3897316609
2622477411
1856709147
3397030250
4170623963
2985489880
3752709332
1008880111
2914654499
481709005
327926012
947467034
2122910240
3012026071
2954706473
810034622
1810862496
2571762934
1851693030
3681895362
1542683873
3520764488
1678571309
1383240303
449574461
672117796
4236329384
2222178921
1325763816
2654547715
2495099813
2671976424
1870185841
4003102955
3127425119
3711380985
1773299082
3501299366
732870491
3518189933
3930401701
2653409352
2393679166
1106848324
898223361
2811104415
3697504757
3780849321
339584935
4136140305
641802320
2297338483
1419192394
1644792262
3501310259
3923466548
2797278279
1353032310
899104528
3150742099
4151076010
3352867250
1095080157
53612639
1869198392
3502623206
380601350
3744328033
3082323932
4235626588
2415722223
2807488419
858350818
1276213832
111462600
3407221977
2555008154
784398401
390368169
3572134515
1879515915
4236580399
497556822
4219006165
1827456566
1207435622
