2037738939
3515967573
2407442209
4048955298
1385843943
4117755725
529184079
91794543
4163391613
3951062825
3347016778
264295473
2468292979
3299847982
1979372022
3746138796
1338670013
464458654
344907503
1791892621
495549785
1808112143
1119782678
3703607369
987236355
375735680
2003985178
3753466370
1383724549
3656523408
3937446776
3601775396
3739853788
227164253
2042267301
1998130228
871641185
2758235698
488981571
3638570959
1091478212
3550230100
3925923843
2661584372
1480645515
3869169981
1826791979
2298049420
663500564
891807982
557354241
1344704990
1162899308
3246034416
2984548006
1035119964
497099074
1298207104
417640330
2718353484
465779790
3297516768
1296910464
4169418554
944347507
3439707443
3860941831
2964391023
3002150231
2676764092
520922308
1677984549
1037941420
2454133606
3097316163
2227217117
1706750074
2924268167
3459733089
1551605914
2252854055
2442032374
2174551408
4030877905
1632439038
671281090
4209569238
2311111416
1323503871
3804861773
2964578303
1627937288
1122214810
3820756651
2975033852
3978601464
3598123497
1808843910
3110344099
3220341737
2405731137
351310166
1967767737
1065654798
1110246375
1111688691
608688355
2829999876
4139748689
2937940644
1626671551
2148991991
2604978841
3568726296
2834048134
942587625
1099945745
2653719817
860530572
3375886872
1441131461
3515736907
1035108804
1092539185
542307859
2754859289
1641909542
101097705
550786467
2307588184
1948493300
1507301676
1144606866
18393656
3957593511
1733733462
2434144356
4004116344
659248218
1323862642
1322343386
2706126824
1688943289
1018465180
2676928372
120162852
3348432899
4024641934
3364284959
1074171607
2942177552
2533121894
758165768
3921789316
3449560840
3951145770
338534970
127855510
1353056128
536078252
1904284966
2863829339
1690677998
611764498
2147252150
1272872126
1661444860
357834450
2598936870
4037771873
3219095773
931180201
4114181845
2993202475
1418545281
2066017805
4113933938
614685646
3738507453
3289899497
2694706667
3885194345
3954761776
3340287369
1735745790
3236124692
2603516487
3165596067
1284227524
2744406486
1866556701
4293282952
318476112
701670730
149699179
728290095
2831421723
2048866083
470083873
2274026044
2969987112
3226850871
1075069086
1082747039
944752064
497952135
3499805749
1330000824
3892717588
1433085522
2550283139
182243841
3750687151
1858760695
2036973006
2468320531
217005935
1705792951
645469609
2403463227
4256029884
1910384051
149761380
2760139459
3615629597
317287866
3151898341
1084432288
2943578550
3955476747
3736087155
3567748839
4055543049
2638047166
1278822141
1506242923
2706577149
1338423574
2098025957
1285450667
259911889
2744142367
185694928
3975806879
4278303153
3166733261
2077902967
1877203752
1046823540
185982261
757985503
1161705994
2673341178
1244570067
3683479916
4018865808
2266761070
983070441
3504797034
660626339
1815392489
759167794
1689766376
1903499462
2627801007
2357094409
3946012044
745799820
3183366300
235892590
1037641056
1556112699
1230457987
3451746700
362904450
1170234620
1330604302
2955818481
2832973240
1192695047
1459492882
2260359096
1681761573
1498201206
829887808
3245753498
2925590969
425709301
2566170521
3094823183
167474804
1610331272
917111034
2071190920
395972117
3917856830
2844217652
264938153
3153212003
3622656716
3303421538
92772770
3416580918
2172862361
2616428703
2146095784
4133115811
253230788
2276701909
2386374561
597871397
1708363042
2989835739
2500358338
3971353274
1593295573
3994260021
3486887178
889698480
1764519217
2504019611
1480082537
2017869631
3335740730
1547981739
2510925905
2732615591
3688666561
3491245386
690458658
880146979
3820997731
534997062
2231433607
2144811186
352242604
1368267235
1319252523
59008984
1902212738
2607153930
1460633583
144570054
2171626849
3206040372
513779425
37514313
3506240279
901881217
1410938856
3494030135
481970846
2593581761
4018830293
3931847429
1121928967
190719778
1960538621
583281537
733307863
2442300547
1989443821
3500783600
4286357278
3174000089
998398449
1571749736
957660425
4242966759
3732446834
147333229
2358044349
809160922
2194148302
2383435583
2222567933
250304111
19021241
1764839646
1077462764
2665847933
963979383
791275631
3052542813
2967992892
1300858875
4029620873
950063574
3440966189
3823334816
612755533
474617048
2391033166
1066293854
3373758558
831602700
2079760602
475495378
2308829954
1062289966
214551411
658579624
2641979425
4023387977
650432427
1576575525
2933695761
3383459885
3885610450
2442695672
1940209106
2962908362
2031787592
2403636607
3139626039
1426508246
2804418726
2076209593
3383218739
3130443077
3679505269
3695681702
4081615602
3898522817
3046952319
142957929
2877431117
3450473243
1704839284
4256229880
3494569514
2312615038
1454119629
1093265727
1768836214
4104732487
3862547864
157206547
980365469
4270918342
717936755
3101523966
697430828
944928203
2354868742
3991942507
918023987
2599770784
1706342816
798568112
785728591
3539145991
968999710
1164504200
3192624536
3967323007
1628960236
1933910873
384031378
714359965
2316876808
1673669739
3177176442
2741838313
2274437647
1168319987
1336789044
666721768
3301355422
3107822032
2941711252
3698548387
617000401
2974477530
1995571500
3893306492
3387132195
1334624456
2389439205
3392723625
3630189566
869727158
3034825889
2227252278
1505631040
3930020830
265737676
3433501531
1378165286
3616126887
159613740
2709287416
2086842333
707412144
524518829
591225198
2035427677
1034541513
1093788884
3139808459
637252832
707535779
1015334921
1373576757
2538589476
3291474961
3485022779
4151631155
1374615369
4113473097
137671833
3390831172
3357925017
405135187
909334899
2348272571
2864267409
787132836
1870216889
641497555
1806355066
605090681
1748160358
1878607941
2554564009
1744267874
3997946443
3651584489
870804638
4008103690
2824218233
772859470
1418468180
30877390
318362417
1559424533
1545255012
3333242580
888315289
1439754857
2044820127
3486801632
2031860252
2506420560
2939394292
2721646847
103210007
640077057
1270198461
506083376
128001048
926475719
2746346249
4192729804
3953187278
3321211794
3392968037
158724140
1505221678
21605239
2498345734
62496465
3317515905
748061397
668554202
1999423984
477015515
887419993
3463359171
1737065673
4165438674
3062570117
2759865855
3941719250
2636298526
3244924049
2983440311
2866939091
3210579159
522050263
468879898
207236364
2166660656
3607702548
3044969561
308507584
140427302
2556953141
2638369091
2454517836
2731954917
2001543074
2676878214
281881430
113834952
3171753138
2346231936
1548223172
85104312
2178344591
2643196155
1815627336
682377218
3724656182
1544647541
2856933182
523286541
1806721016
2509899344
1038902215
2441528831
1051420885
1576784368
3806298209
3365759181
2528650040
1970651672
3140695814
3626020444
1568224989
3232026589
3181762321
2250600861
2075098064
1102508656
4253978103
3323710498
3069334716
43294812
46847082
145411014
25669417
2828575312
1394458541
3430791350
742041511
578610925
1331496616
28543631
1127854365
3064348788
1097856065
1226345269
2712361189
4065573478
391397562
16274009
143059634
590123244
53213875
105002951
4116732581
601901517
3446934520
1429194125
545195586
2509340822
1991402127
4077122275
2977748141
751279520
2976998184
3297982029
1409706867
2771176601
2139942641
971339353
1680622666
3356246003
2810596243
3348165667
323164289
1068359530
1085271427
3925411157
2679009654
246774959
2894529904
1705338503
1048456220
3530327454
1830308184
845533852
2219319394
1466378022
3741064109
3560096263
2813772065
1613507770
2510033680
1450840790
3897641540
2635426090
3349841816
847264216
687069269
3989456397
2611221066
2217258079
1154368135
2990047382
3356659912
3536776010
527475579
1330159029
239680713
1627086939
631902998
3771577058
2302366351
349161616
3497938012
594894099
2651905285
3097100831
484459900
1639019037
1913406371
598536346
3138671240
3624734048
1330560674
1852914088
2504952092
3475895476
1806167623
409157514
320940325
1463337459
2072344686
51341780
1934549139
4205300210
2546978783
2494690583
1870332371
607689337
188269067
544071798
2174595091
233314199
3210403140
2164830256
2847313605
1840758162
3002744019
436863764
1789711311
37759915
2264304221
401709493
3574126389
645516936
3702354874
3697635336
835774593
1495301339
2651826396
3892585424
553848342
1578500911
2989707464
1885597131
4192233770
3686484729
3336401533
4142546659
1290837516
3054436545
3474806289
4275362477
1624071201
2528889636
2296075734
34174372
428174357
1594525092
1868148411
2546484662
1535871812
1464262689
335048961
2629845805
2518564786
1559175407
4024008791
717187645
3941288722
3389625521
1517587015
2602145494
2932453171
2492642157
2781066959
368675847
3407192654
1812560282
3966547121
643300276
395794090
963937606
2271146156
3837557873
2998316103
4238818259
3793058228
3086415905
1455615786
1917960771
3165810201
1831055632
531623369
2670671196
1870922628
2083505379
1076091236
2587956876
3449098109
1454293423
2912557547
2145824751
3864964899
736582289
3027281454
2988640741
2716357696
2603099155
3077789671
2060474236
3492882473
2589317101
24172843
4123549844
3367464239
1290697356
4213418176
1304625544
1530810930
2983747375
2753586237
3833852035
2405431431
3440063863
3024771199
3306966389
2016733887
4034483510
3381654569
495739142
1168500598
3706549754
3640463711
3998729810
2867027903
4006263104
10493798
294705351
1316396370
3783428472
3131252564
2922028411
1973378702
627502309
4120635710
3798577158
2899557943
1478679556
2599765232
2983877520
973158043
3589297877
255691756
4119780661
1005727163
2118698419
909147936
4255014996
2196986204
2078539947
3084624287
3362546270
1112299039
2901352241
1813157325
1507337988
1011878262
3584506752
2567321169
1040245512
3280986756
1686511333
3325960770
2788203178
3212509667
85873814
1545551353
3166374604
1465890309
1747078479
651718839
3772727900
3162395430
1621818540
1827419783
1108940555
1475508886
1074613850
1261496439
4141384205
1146513573
3699937484
75894444
2317488898
584502919
926848465
1545192593
502532670
4166376802
1653457594
540100754
1104454960
2315327617
237021594
2344895250
1851951371
3827186994
601362644
767662275
2725213587
4100630211
835745527
1521362787
900266508
2008625127
3016451018
4116108828
715896930
1420034095
1423080897
235982403
2792326757
2095314924
2587626898
905710104
2560686709
2273613486
745406048
4151855425
687069516
3819069458
9365791
17232401
4249956249
4024161807
1494295496
134620857
3152262218
3131908618
2258211328
1134492120
2347593813
3288672192
2754691986
2606803808
3724187371
877101658
2885336575
1688015000
3718077859
605356371
328280389
3120496968
3607899284
2707588816
42186926
456317113
418314661
3587340375
239146756
1697967639
4043210933
1104257939
3744019631
2098503390
2529638713
372817009
1071689835
2207023622
3705878845
2833997452
381386594
1136000225
737021431
2677512406
2664520601
2989785420
2780519834
1440140733
3084059757
3378493439
