142488733
1366772189
2688977948
4225108532
4093121690
1103461936
2474705650
1730700467
197078947
3509283226
4099188165
676681184
3956163364
828025270
2924620884
2288903192
4153751990
3564071743
908659542
2988142299
4023996472
53523718
1331303381
1455992678
1107023774
2286595817
398351870
2223412032
2702368844
2679241055
3928059393
3540966645
778755912
2152041897
683003019
2820136527
3483544275
3993677005
2299322929
2931152232
1198192722
240605677
3362369191
853482184
3652166735
1313103270
3297672130
102046169
3932445292
3207690364
3510756108
3691366855
238876007
3243512844
2328256245
2112683035
3572557064
2889289911
733093371
1224637948
3627176720
3573479081
3158315894
1230798687
2699190891
2789992864
2208221879
1636269395
526260010
1307660913
1499224503
135626041
1434382140
2004102285
762234600
493125199
3891583260
717661312
1130311754
2410819039
1472694789
627338247
1691597527
3315311911
3913783223
469640002
1890539562
2215761429
989931111
1210185420
2025512799
1339003845
3055050331
1693154581
1790517439
1892175554
492210260
484274551
3861568628
1708189423
444416907
2979414808
2221246558
1219508918
2107922493
3412273906
1517379493
1252971519
332179233
918612387
3627697038
844209647
27823082
1071572579
3416606478
3611597744
2832595798
1539404745
841308615
2577441771
3623827325
2000049669
325626647
1427590915
2559306596
2513085141
1892145018
1286547382
76195808
3698148093
3168793648
2849287263
2870138809
2825290297
3868386910
1881283496
1168671912
1275959710
3855763745
1304242958
1307676752
366641515
1638274093
1598394209
706394115
3972804788
3508901375
1661600969
1873641326
1356980823
1509482447
3011499155
3391708684
4049160510
4012688651
3038532259
1087966641
3869386448
815363910
187893691
38447737
2249107759
2680490121
1431428751
2918813178
2145809358
98315715
1846074535
4123576287
2186859463
639599627
3638521741
1024694722
976167023
3279028782
2585018526
712897194
3067748136
2142442973
4027239723
2415160481
2518288538
3885969757
2410585909
1497967602
4151205292
4167296915
720165294
82239791
1235248081
3830807132
3853862455
3903743756
742394864
1363188021
3651928341
3734716167
1218982392
2869999734
2610060684
3464767944
684605873
1093583496
1164260477
784399218
3035858809
1035298722
1220919239
698137535
590900405
1628925443
461886575
1165702163
977633401
3351322837
1112234454
3092240894
1827947963
3513340021
721903908
373148389
3608913643
3512138043
1826964237
440388365
1214291904
719055985
2082170702
774406443
1660754169
1946184662
1499185510
1081105215
2888852472
1726658430
1374822205
2936861980
2404065433
1492119443
1648453240
3066438473
2691370135
2379968797
1309624650
4194618731
1749390521
547194421
2540422217
1987913313
2538046216
3734967325
3711044340
4213797816
1131866618
3185060551
3430233119
2100329293
3894750996
3040335530
1385776110
1425299438
1102707275
3158436961
527884354
1389554339
431904315
3188056816
1160447458
1278218933
1917344926
931927765
170990115
3359933258
3458220432
103257930
1139364563
680090352
1239143321
3869300126
1316840399
3337957561
1001612494
1581082555
1722268891
3266937441
718345837
414696691
1719313796
670026842
3308991601
1791744564
807434778
3300306998
2344997473
933099746
2274000726
4248075484
73644794
3158544637
3876308481
2920476892
647507046
3458594339
30322199
974800497
2784824490
269134366
2512952616
3171998615
3511464988
1428498790
1036025729
2416948308
1118337979
3583962590
3222925256
3571236358
2428604606
3393901754
1123184992
1245392962
972363839
3031465350
902499266
3866466328
4172653601
3124242071
1882317571
690970846
646079937
1008682971
2442436754
2434045472
3831796590
544096448
1397456945
832175770
533191227
3087265335
2122071030
893279722
2774734109
1991017923
2225464665
2651570037
398918274
2196362278
844981971
230666575
2414832799
3407350959
1878979813
630744124
39121879
2371917229
1893610805
3865884192
3636198845
3381488425
3932591828
148063063
286801689
4011161302
2349845849
955108757
3288914140
709219401
1128018510
1126946856
1228861719
803235201
3522292859
3795451254
2058190182
1112308407
167450401
3755074122
3901103805
3423378113
2767244890
1343178602
1822583380
2346247358
2508149006
1111691409
4062080300
4061513447
2954660359
4154857762
3365536960
2202529957
2665887278
3304310702
2477357788
506081634
942664738
28855610
903444746
1340833053
3029121080
1317074031
2638986752
4106847676
568462543
945204198
956769805
4170797788
1098041240
3662619464
2502548018
3183129006
521852281
2956771162
2474954890
978702968
3978695763
3078091373
452174311
3001792537
2948609137
926192918
3028152183
906766420
1417670822
4046035992
2506049556
2999058169
2339996953
2287153851
397772995
3553306423
2302543642
2664022087
3593208866
1755250843
816226941
1517430673
1942938870
259392431
1339988845
3909022650
1276809364
4042590819
576315819
104191835
2396906193
626673600
890996020
2217763578
2563127718
21173781
3815097263
1071489838
613714363
1475620545
3787534315
2411455387
2433015271
2286459024
1288195560
141153515
2295514178
3024373455
1405509150
465817826
973769751
3074091824
3813606944
2561624994
626928325
2830776812
2258174713
836863863
355246418
1475356100
69613754
1157762519
361572401
616753852
2272232192
1227752414
3951506578
1822281966
3049038243
2048256093
2608584155
1520811014
1372902488
2213976295
2968756204
3782957632
1527986332
2422620827
3347065669
1213576157
888350730
1441768043
4155371744
3063941401
1247730152
2088235326
3818291234
2512089356
593372697
2626766458
3597406279
3539591792
2146333566
290200252
3816627963
115456298
1934268562
1867723007
3797429837
640096972
544972219
964394714
3036168955
1621508014
1316369635
391648136
4057953112
265672864
2264219108
1780348658
2713193685
4125942464
974531111
3013896957
3922631033
2223408567
548471402
698003386
3988516279
3884442442
4021276812
2813755919
2077483465
2933869775
1112939083
1999341465
1889626689
2823593367
160749828
3405949319
283090494
130983181
118193484
2181507703
2300739558
394485852
4066730296
3736144752
3821070834
1360662793
3377900250
1992182277
3673697292
1980480101
1430583617
1148772454
2039760805
4025697408
2927626927
1178503106
1769544568
1776189090
2598099837
1642639171
3756455034
489553328
2815412812
1832897842
412999289
842887536
2134801374
2700584502
3727699941
1152846458
514740096
2994107859
2723315212
4024418640
730481493
1849237973
2225548334
4198825035
1660940705
4126687472
1496855898
3376157914
1252354785
82990175
1566412932
1630266331
11431930
601342910
4200920733
1307004803
2008244979
1910550082
953017172
1986324202
627207748
44796159
1259588259
2556719631
565003586
1727533784
3774797672
3615316391
2853627128
3846466899
1345947718
2136453370
1891793345
3922373887
2031926003
3398716771
2096669093
713546988
1881051344
3904020060
1209972961
1420480360
642286796
2987895099
3154520815
736079660
2826213507
3887023613
122904609
2236409007
1130421207
1703339390
1876265228
3562197870
3305021313
4172831722
3593068426
3437070264
4196597252
2913760505
3284539592
2645697546
2429398268
3407646438
3470987296
3212600646
275695927
1808189452
1409344719
4279998386
4008279275
2727128181
2091663548
3360191724
4087850788
1313333220
3723092392
3791171294
494698734
2792963952
73436323
1192527365
1769512393
3666989541
498556534
853014916
4233964446
1901246206
2154312346
3304388137
140847344
2863632319
2776662672
2651514128
1453610733
1285236152
1040795909
1091606720
2904424453
4004992341
2563612952
3927782914
2716375213
3353652401
1905643794
2118256282
800450398
2650600073
2934274547
791693081
3950137229
3623775245
4274338399
1269192751
1147450738
3555302839
543039959
3256513055
3597676077
3594920306
1361966894
3059089541
856932150
2084764240
1466868867
56493819
3068370454
1270074711
3864419502
837938279
612604985
1340034440
29365497
2091229527
622130898
686866397
1356408859
3655338589
1388543318
1915236058
2465375289
1233833530
1358002649
215706039
509009877
2270285182
2663598924
4060824079
1224208136
671324084
691010639
1961129227
4113970379
2328944572
4085555586
499262804
4189229292
1079107724
2896195302
3191198033
3425527973
655276940
2935814837
2115646785
2799004900
3920605611
1900898315
488861717
3966665074
3961198226
2702472726
4287514714
2452321143
391595414
225173036
3219563375
2417627494
1624362267
1679598056
2357133129
1108460550
2984987631
2386827436
1184380775
3990202693
3088731919
3980704681
1528487493
3009776660
3330670059
3648784833
3466602371
1263993832
875133796
1141643389
243778286
396217541
856970003
3492599548
271931834
1975666732
515993056
1205766996
3254559362
2301779249
983531651
2096632915
2569093479
2584396053
2561571284
4141250694
3373475959
1789972103
2313827258
3735156179
463836035
109509818
973111253
1231162
1404271502
935686772
3892852311
2020211805
1234992579
1615950776
94842636
824652759
3508627794
770877844
4122800575
1772520727
803266463
4133640201
2523588165
1883070862
1468789120
4181823026
2417036152
2994729626
3790673771
1577122583
1740698393
2402581109
3346130216
68258336
2187250378
2752613098
1270657206
3653127678
3104759194
2484457068
1431525153
20343267
150725978
543474498
1494321096
484853486
1771682843
4015848889
855929169
2745222016
963125992
3710694075
1177912484
3224027399
1687901746
2854453978
2395723423
2928947093
1862200328
5545231
398278355
666357608
2240509320
2836774937
3807347437
2217006155
2597716405
30750496
1989808624
3141073156
4047113701
490258330
4237467000
4257752147
4243814091
1268273105
590836569
1181951485
1393707472
2927403054
1083681968
1865203596
2182049619
304217400
2514207127
2034018996
2748906277
3814355376
3686725932
2197057706
1647450765
1013126335
2082796220
473150174
760518776
1531531888
147673781
2920941720
885898318
3142967373
4283641421
2264846214
683447988
172508173
1345903043
1670302379
1799148025
3591497082
3068517790
4285539042
3003483940
2379087221
2606982394
1031707257
3640459950
2510570629
1554659384
3949523070
3030574861
2814428067
1063378973
1847925744
1585789257
3533267163
2538448435
1481508005
1005549832
2326527795
829500252
2454949198
2027416423
1725645037
1583385937
4051544042
3656408387
888303327
2390792712
421002123
1233090419
2507322167
297200886
2487119343
2169715738
3046885638
3785026435
2780049402
1725745686
2498549911
1558367562
2934738033
3954591194
1300104875
3328576740
2395940014
1388266963
1222170801
316577085
2053970385
2476418130
3667579168
29648176
1479934518
2975406797
44357817
906913621
2020508010
3760313763
3845852542
3780105688
1098847097
927964396
4138838434
1270378321
1935059160
1072434254
2457618803
1029388704
4226994321
3801136596
3780598303
1692481116
746881978
2316504167
3551297946
114625670
75542959
2411424230
1726579233
2237202578
4160601
924069112
2379777743
2158334743
1718902180
3918667670
2377452554
1612926074
1541189480
2273859042
3395834366
471244910
1943843842
2836737080
1436650726
1088356043
610883066
