8960741150910435328
6848607894073461760
17049901791059148800
3225971001405306880
15537760947300571136
11421937039925792768
12594734202353106944
13077378966233137152
2295630301120603648
14982480818552227840
4235533431127317504
18080921117947609088
1686912461276628480
9336476905324701696
8267158830356800512
1036750828044141184
4932089835964493824
9119081343294303232
14127277801552719872
991274785153287424
10991583733942059008
3200327388925048832
15480952219299788800
7447434132298732544
16019715034377035776
15136345300088786944
4981694890463334400
3780892063082966016
7486683995771767808
17007742079707316224
9437578956598910976
8472954409031360512
1085549943904496128
6273366776275020800
13189028106224400384
16466320894296692736
6833159028020761600
18352042514452334592
4307437220301695488
14703689758396307456
17470329143651332096
14365985007300298752
13114917891001341952
12775784236873564160
6120704012370512896
4068370968972770304
1733086846606124544
10275809314719932416
6002469798896613376
429620746054659776
2362732208604568576
14234633106675193856
12298500312059572224
9148043004924038144
14161823762433353728
2532834297522971648
8604522211581879296
15607291728269465600
8320651905009363968
1685798686687634688
8121354577208009728
6110292913911396352
15658352027672350720
6641378357594641408
6891050538460665856
17563891044936280064
4120671644842697216
12984781258485841920
9252451898039394304
12866695487326038016
12441417524579866624
13887905944769007616
3734775088067365376
13776856641519466496
6721902419810314240
17526279016619907072
6030816073106272256
58810384527618224
9030490600274855936
4015206979373874176
14729514606751447040
15762419954294288384
17635811135495092224
8070793631344034816
6354075405724239872
3804973787282731008
12625029849436811264
12923217374590982144
16787413956465299456
14613282492614076416
611590446903879808
7102299254108926976
18002167811569922048
15339113746003787776
4812105387599886336
14531024577734905856
16042186428498587648
12214519525865093120
10290935030077851648
11835714017515900928
7966607963454920704
3626643315299891200
1871418884487102208
12183284809994948608
6611324519121704960
17596552168833970176
10324994899936792576
1380225288547667712
6949910460686681088
15970944169912829952
954901265031604736
8549768007350736896
18354803134397427712
4427596671273508352
6968677244148078592
12080417851043493888
9905597966989942784
12489830975167258624
10362083068797554688
15591625551317600256
330390204501736000
3095392378431295488
15935422892755484672
965437292607964288
7792752616101597184
9583090102981822464
7438980309289594880
9564670005469495296
17942636637771079680
13802172697190682624
10709652519643873280
9595119460593752064
11585739369418328064
14783065671134816256
4808301735888830464
10798886454959030272
15514163950691622912
1075452833499888000
10762248842028079104
13113508311933470720
755190097876719104
8770647118298591232
14467795913422893056
7159304692289473536
14058287292893757440
8923780949865086976
8323654454317733888
2908515613861734912
4489823793030849024
14304682727408541696
8659133309951696896
6672879210988254208
4407998870427800576
17972660879482847232
16058560611536338944
2829025118791459328
20372350112736580
14616342177919109120
11995148213379205120
1404761295665786112
8140105046165780480
9669440594207309824
12987632892533735424
14099559984902187008
17087288544542924800
14371272206568441856
9824598281489242112
9355837048809797632
1158612562701764352
15931464697239222272
827842461737781120
13957699250611038208
7930015968746036224
6202714741211400192
1237983275047277056
4537942318607373312
5587217820849443840
11436284731320270848
895617045350713344
17381626241860182016
7255835495839919104
6267050199422539776
1299977569805285376
15349302849772396544
2830796355310391296
17010819421421869056
9902550459142199296
13941055107591178240
15520783997471758336
2371304272973965312
2321747210609349632
14406768802311346176
8429094473687667712
15662096899277076480
18104670456591708160
7487210814219513856
10810870303129462784
7654675399695206400
7498580970292594688
5653757824558025728
12632278672691001344
9728806336511766528
10016242931936043008
11108463454674667520
16365106352980609024
10556418620838023168
17757859592260245504
13016210154158557184
9813071119607738368
12876477521713014784
12905121997012119552
5139291371547245568
17036849238231973888
2582572736724380672
18386849143829798912
1518053457556684288
11434970424259180544
673570351650549632
3324741730968840704
1837691998989266944
15835415771771355136
10002588970427844608
12313318096026251264
11364104060116103168
4807879422487665664
9153150599577242624
15430324712699750400
17115303209232435200
7565123237914609664
15793033807291238400
5885312728775677952
2765448559865999872
95476053474874048
8754507063352825856
15817181802539579392
15510225570494461952
1315735911241195520
3799414145288371712
14479488251660468224
15936811197229568000
10237928865018449920
11136543942387030016
10642406618846248960
11296753851123189760
13440610418318348288
6326830641024978944
6503944406678850560
18241319826144135168
5427777306580927488
4009476840252490240
4883265013044777984
8211261195866110976
14429873359234848768
5213311662983191552
9266258884884721664
3695451360254815232
12241412499451707392
9195774679572865024
10616712690498998272
16585046220674074624
11450329844887566336
212721487528575328
14313231821562591232
17516281840697331712
2986142400398826496
9618574830189553664
12905751626081789952
9090759201479567360
6884415505707587584
520185763851233344
13108333146909171712
8208977845537065984
2782695312812929536
9593962656977332224
14972300258195716096
8716556951346811904
11150574862742538240
5899531925322105856
11877922761298151424
5299647931684367360
2403025940456897536
16006712821536360448
3586513113901638656
2621912410717444608
1977710199415850240
11244494902719084544
11883985213705777152
9101952109079131136
2733806656172450304
11858803385523159040
18325364607078481920
7202369473354076160
8162874004855528448
2233861532448491520
5997708630556542976
17248472359949893632
4636750413340725248
7192522926174431232
5936851991694623744
16148958803712354304
7349570526453306368
7945095050794306560
4341060426781187072
10649707531170072576
3481557915626482688
8508039900674616320
14381931017418827776
3072388832154001920
17739147576117112832
4605859909501774336
16205753182504540160
17689344700768583680
5319967090460595200
14535711473880207360
17393344225017059328
17594709238561988608
10223527012993347584
15681371408511862784
6703492135465531392
8063971948982882304
16500973977821300736
1539441624404605440
3241429614676845056
10571075500050294784
2889281528978391040
6579178588738989056
7047279889383520256
5055292300276123648
2151720439787645696
4496175978536525824
8689572589595922432
7731341724509893632
5695856492795505664
6603660540462331904
1950699848720366080
13682014080421052416
10724438265251184640
469395732872237504
17182000089118879744
13330334557752297472
10637171805028481024
1797740209487875072
5664393530380872704
14536283592262336512
7063165869956061184
11228853928943632384
12044943669041412096
4303738771918823936
7445844898500179968
2761929172654240256
5257779154291487744
9017798535696760832
1224864421161529088
6076218448943836160
4830160973912973312
16547470862192961536
10669267419269353472
16920678497680979968
14205307980089292800
15233842572425648128
3236848363369623040
15611037451870754816
2107309487500408576
12049758968984365056
12566418820632268800
7030575816101877760
18086604420308512768
2101949256558074112
2330781988277710336
2611748058471630848
17045596558614188032
17420923265628735488
758230631870995456
8962815117263708160
15822287930922549248
15310412340560328704
5637865215840956416
3854121283120345600
2627112157202389504
9531484713932955648
16453596850223626240
6768451790462438400
15408909949721735168
9030964291114769408
7492863728643620864
14757546628504211456
469314117849678336
15798599676604991488
17618631471799611392
2314698727303848960
16795150275377920000
17456922614124204032
10569016958066012160
18141895774246346752
5245635169993222144
17160406914767151104
16826934368366446592
894137526558392320
4576478690659776000
9969115578773381120
6658901655641296896
6629100993455138816
10259065833370066944
10568441039582539776
6524266452307998720
15522170466130911232
883529232852629248
14502193647117946880
5810008646912937984
16935581621577795584
8180420207427736576
12322268700504221696
12276545819018362880
2372986163973241344
9764764853265393664
8951708386396737536
10096645988954832896
1223610085846457856
11541003428769728512
3131498069021815296
13027351487795767296
13758475842157283328
9313686186507962368
16528450714139713536
15554451006927476736
16880160007200194560
6832070913573683200
3698625820129290752
15325234607521906688
13330850313125595136
17565103571396364288
9243168684467120128
12036713302276392960
5927024430873189376
10768415252270987264
17853001760604635136
14146860162842716160
15436016163037456384
6915583367135636480
6461048478300938240
18428409046233360384
9234626928346681344
15139132137969682432
17818555163222423552
12569043909954060288
16462223936317003776
10353717668837595136
5987367730753889280
9239843441189734400
1224244802523526400
339087461360874432
5356666336993263616
7607711342978244608
10273963426880233472
1160324076929684480
13347773384340723712
17068369051994748928
4716313041845609472
12917751558619787264
1179785107481203456
14112924574985326592
9829293650646654976
2899464949036809728
8515682939945074688
16724932470393524224
11577304049664894976
13989200149167532032
4324714727219479552
8448513794200739840
3138401406108757504
3015660017386699264
18235768346112227328
1609948815272472576
4859846723896729600
18310451106644940800
16330284827280773120
10849306175471415296
7602245539702657024
652991099101245696
2396866150022533632
18436586765488523264
10058984335525394432
2178125690994737664
16060195053782929408
8336949555992974336
5740119166713363456
11035431896005038080
18088799415433228288
18109901050957864960
3595518395593358336
3820856781275171840
7941270067211530240
18104999191381106688
17277343158092242944
14804839897536311296
18289040296780914688
13270952056560283648
13816169594062880768
17410820185602387968
13309335546829107200
5090925679782432768
2333017710104269824
12581587256779831296
4458023239959193600
12132378185459810304
7489702409514328064
14949379788419708928
7383247173872119808
3826431146010201088
2863829324746903040
12457388760027901952
17797395360906379264
6233196497751757824
14246858174259888128
13273442294515034112
7790634448890695680
13536449275780214784
16251901128875814912
12648880720228669440
12817879083841347584
8560852298712066048
3463191583152775168
12835511081283696640
13726837137882890240
1242080786685867776
3712628262640738304
4119353366436410368
13247020563330906112
6205245067964054528
1200468473872512000
11679748383659206656
9508782653979111424
6758930524969304064
10127076718590715904
3245428678452907520
14480332215531053056
13827148242745319424
12009843385319280640
3046598715055618048
2292640432644690432
4916240948469120
221750838006281504
4777221262183792640
11870976597554507776
6146794855850515456
6001480230108884992
363778906550410368
3655031737049496576
1091787122950918528
5120780531726468096
10048072798493865984
5034324526082593792
12982630247864154112
9556880275918790656
13693080133444335616
5834917473519418368
4401450668896706560
3689094861720390656
77841634918092448
12829889134577954816
17502814089270315008
12564840903994923008
15512018381140187136
11698720351850401792
12983109097629229056
16170616983860750336
10116663022034241536
5950644210314322944
2435688700753870336
3610514322651470848
4732491149651880960
17324503854621224960
9045501461818051584
9488733565436506112
5270308649931230208
17642217675489339392
17473518159601258496
1280204764265596672
12068424054500202496
17288943418873632768
3432750348653639680
2115993206639385344
14491292970189066240
4479374883780725760
2490314014697459712
17103946945799536640
545129577429833728
10350893137513943040
1829010942126360064
16891759893276792832
1228539963501149184
6035303005098059776
9011912251471072256
1099278969180491392
12184403793544462336
6115287811271873536
7296662503442668544
6355892104326848512
237049294719931136
11928311658469578752
12906229276928110592
9325196928659646464
5311620307015603200
15090828530042005504
17907015624463785984
17882527354683146240
2670939084907102720
17618205571615559680
4696826896015575040
11678690351917266944
17620611281946255360
11491203083505555456
895120015475239808
12517944543554347008
13738072798887821312
13868983143302289408
17368753999104149504
15045950805936435200
7113668242176516096
8098466080393538560
12192041001294964736
1354409491903873536
8104086625058659328
4952105704277483520
10455423739865223168
8992278544071669760
11215065579319597056
18167094853059123200
5542021082250131456
15099438067959386112
2956882152080187904
9625241368740184064
17902252227461902336
1454216663779689472
3391880861659428864
7199751381371487232
10480660723546568704
3540058781531060736
10791401561524992000
688517540812306432
3609602259491282432
7842176447571942400
2381201281721917952
16559769196358692864
11510467822551345152
1424989168932358144
13139929643058229248
14567910226878289920
12512690755806615552
13532444651412570112
3322331259965403648
14426737551656222720
1720528492159074048
15802407309421787136
10204252103112382464
2766097884511831552
1575498703364368640
13327639800816631808
2266035000118688512
11714010326196379648
11926768308222353408
8839865903983193088
9080188620430936064
14489790219985133568
16773367321086885888
2150521767669336320
16779480708868593664
9839286668601460736
16940837890701744128
8505533195660758016
2972188859348809216
16277660780190251008
8507136024838044672
13655786714141788160
4218984925566021632
1341031092293323776
9161073515816809472
9180481627321078784
9095327648039669760
10802298871311525888
16151490528960585728
8887121912424681472
2578666152555715584
2966600413896676352
245707266086041888
9815187178208675840
2542866635832413696
222707164420400224
14939730600694333440
8301537616117767168
18119449408033142784
584123478763650176
8258575707625368576
4875584200199376896
1508654127924467712
17039100770251800576
5281855895445005312
9835733063507519488
13559452398871734272
14629645131900354560
15756733112007989248
9849555193626324992
716076568937281920
1619588428149219840
5299910869056897024
4019415502408513536
12343945166047469568
1653289400282641664
1935357005745972480
8754261129467439104
18181463819195658240
7830178474430510080
12829600983556913152
487561142519587328
8416244539499984896
9474701323687002112
1232457542747066880
3391209033553763840
5454918873952424960
16743106280592021504
5195952976782090240
16912142758329137152
14402338021285109760
4316384417367806976
7919690275813732352
15572107166180608000
13194856097552672768
10708244944366458880
11377456194314500096
9116006048599516160
6546683178618498048
15455584860043530240
13427673463683594240
12552890077919666176
8794632514921449472
775371467073410304
15877488878912800768
4219894466827130880
12498721956244109312
18446549198237566976
15259300424021428224
5599294261476191232
15709650194761535488
14723156282475089920
893086872451916928
14134457353691654144
12425935813894209536
13032618939944509440
4931466558718960640
16057991522728519680
10779233656884006912
12708832853512738816
5170014082096327680
10130247472799539200
875299300989849088
7275712116096409600
6242644125577027584
12840299444623017984
14459429755585255424
2933666612810185728
14890550798782726144
12228864198309060608
18089464898400184320
9042083560372534272
3358527612621135360
9714587132176709632
7832452386956975104
5774585386036581376
3508754369339728384
2934573151663497728
2026743438807123712
14305721052693676032
16023481834310612992
16850357333324709888
8189822490511183872
8997009279514217472
6661533645831214080
153796388433615328
14998531571320334336
16846554444867424256
3367956986919127552
15536020873074628608
17264831793931730944
18066517548415940608
13209293754052966400
18295880758313390080
2838395406226164736
12899685198895955968
3983430602660100096
3304227847320189952
284274136671942784
120727337669690896
5963947164597125120
9834967345236881408
6883620204668699648
12870341677230778368
4469159236182880256
15523504279516315648
5700733458093427712
10644387770947469312
4858632049701509120
3255870327981248000
13662801299357282304
4079026969518730752
14967415821729140736
4838901265222204416
10689833209137156096
7828571976879303680
16867858734355380224
10102926871150200832
18116586826907385856
10706102449626863616
6571875599756807168
13418829852167831552
12716729516292681728
127878829455237536
11086296159585515520
10032864905151440896
11823975653669998592
16390096760003592192
11636443142351089664
12237956644953794560
12878555622516877312
7685758960694244352
11361484251790153728
17945498330619377664
6120870270501250048
795968788289061504
13472894286763905024
11287146026344701952
2667961990944898560
1754035994878897920
8093805386132672512
9790426385716154368
1185996477447275008
2315489343511328768
16659728681013340160
10059367060115791872
13884996511114534912
18155659262732953600
9879278194555940864
15569051851479017472
7901436557906931712
14843900019141378048
13297973793141510144
6970924011733761024
1109961767540214912
3395190035862614016
4846072536672980992
10243881832087011328
3274542830872072704
9658291078535964672
7836997829520668672
2041639330623506944
10677509828646367232
18077795778610034688
10760149270732408832
16315187524770928640
4352540906080700928
8564986670599326720
5326741877055719424
12147769099566192640
3501025008202590208
7076581621390458880
9066802908545331200
16448520082935607296
7213977530459296768
7918797531560368128
14150961994981502976
9853865221177853952
3273981302294535680
17582056793556205568
5804986209301011456
690184035725475328
12341956762999746560
7328635912810621952
8348500821583936512
8291575809485373440
12480627683418654720
4383898648810586624
12500509768295227392
12702251937070419968
8091952695366358016
7062565171018336256
5773318180229223424
4609155090790252544
6628648263612946432
17451464429817518080
10159216672652517376
17419476569620111360
12572406763807754240
5608232978990782464
14777595012543621120
5117467704501864448
7649162396819586048
3051732003852879872
14663008924755034112
4459424543863280128
3829023998891760640
5442036081582081024
14678085708550244352
5205854431680020480
1708114109420409088
17644807275866802176
11767217192983613440
7654432804021269504
15971145340854548480
12760668366698467328
15519896687085719552
6100234850678445056
13246576689205811200
13574901937453850624
15889143080942233600
15557474635651219456
8309503823116345344
2005022532523655936
7041410878225341440
12838774687917379584
11832032621893771264
4308059990400903680
17411036926586089472
12185602623656849408
17620694163803322368
1270835803589521920
13429047982653820928
14614645875838722048
8776963348636504064
17472439988052742144
15508015312939925504
16010020813434499072
9320258239144261632
12247259727972435968
10926468736015796224
5352985871290182656
11838706693302724608
1420199575971022848
4414154393687427584
14465636959540170752
8365058204647707648
12521918189063323648
8183835464500288512
12946242799733366784
9720643721413666816
4116345027056982528
11555179749061826560
13332801085668151296
17234797311114825728
414909125601139520
11116993043529807872
11785347445844246528
159108697578451584
14572414827534336000
16513975402633443328
2488473913712659968
13118998523056742400
13919014721180389376
8053473217918295040
15955536688948416512
7838315409198017536
7304076270537012224
2557961755571144704
3198130134126263808
15361616441576372224
6078736584822697984
16838177145335367680
7933928662978325504
9494818330582042624
3302179866706684928
6489287911633819648
266146655953854016
756229479414190720
2548188197008657408
9441216264607387648
17206137362224316416
13384942759732846592
5100787174572322816
7363034460551074816
17175184348707188736
12078225720849154048
17195683278415947776
4365826446699360768
14517043624521138176
11584502649498093568
9959604519544233984
857159979646026240
6371936812216123392
16638140152429275136
11530946450221748224
2787738060135826944
7600985830490946560
12273900956367824896
18055217304317890560
9771352664953210880
10926359651170684928
7887205976011973632
15485183882494164992
14895848036499804160
17928610830942642176
7797983144702482432
15736105413198542848
