17309904608475523072
166201245400712864
11637572330362327040
8026534208508156928
17592986288617994240
16256713739950299136
5094052243419790336
1916139926545256448
12815976361413046272
17480001441588740096
8776863943308855296
6219180528455046144
7928342325030775808
12812930493748209664
5510053174113726464
10904545076778795008
10910899825106204672
355291036461477312
11777339419126312960
17533780536282064896
5288145154929402880
14648522288973418496
15938394734903568384
1767778359537521152
10483683408308002816
6118511290657811456
6094275305072891904
2776422591739753472
118914503349050352
14863432011603539968
6545044435956423680
3353430166048534528
9741969974318592000
15281640264984412160
4525597425750332416
2542035460309110272
8408788293702590464
17551037076433879040
10433033349868220416
11110211240953798656
14312487876156542976
4636541623037819904
10732645340672960512
11340460397854830592
4891851009070917632
8042182454674239488
1022834438396881152
17679186026587129856
8233258718942984192
6015230097834763264
14217885231396814848
7049732195622573056
5034325509208033280
17780735774288609280
935384111615589888
8832086892827014144
7715153886851982336
13529358399311069184
12372153350043820032
2291740215739072256
1224416009348343040
13039354778507534336
9916164482555191296
5752471251034762240
5522661298021258240
8464722808861698048
1907148904922125312
11650017656711804928
1639697191372399104
8354611991454867456
15430428946889752576
18393359568026703872
2828358114264985088
8216751773224539136
7699436286403943424
11046921551917416448
16922686437604007936
6068422722006427648
9598597960157747200
4500134745361162240
5868488786210114560
10015535745517803520
795326430553779072
5030315914515947520
2249797263809446912
1563255204766956800
4170695830350457344
982205526434542336
15500810622070425600
7358488150076156928
6171554416840091648
17895010750584446976
4546001028682251776
9145171688085459968
907400786484530944
922080932337683712
553170427980497728
18140955181431252992
13194381778532964352
47064838052156240
13868036248487446528
9961383144189239296
14356442636821960704
6452821916001389568
3333896402699307008
10723551233533679616
16740148789869273088
14722764699795271680
540948420402175872
15075198712856428544
2531853561070499840
6515886675854931968
15458241071365541888
11748743626011926528
1613739740045561600
15707954579941666816
6847962806360151040
16109923706877153280
2189390062392234240
3088760483476740608
14059157734720276480
14328221535562954752
9863804864318982144
2494590762998119936
16173336567114633216
10337113884553668608
10077616521410449408
9773171486102073344
9413196292138274816
15088408066821134336
102622134956245072
7334368157892205568
9349953158625210368
12903749845021841408
14315599264993177600
14895440408381599744
14174355755469121536
9921884071771531264
16815749632192387072
2165612340492790784
8076420339211423744
8124653776504502272
1249870583942711808
4343375816784592896
2562733987061527552
15380752763547199488
1357773150219642112
1506445184640129280
13570296171677956096
15720495033107064832
11116576561269301248
5537506106821262336
14198971582853931008
6133405506694393856
8549438382435202048
12671889446419023872
2805229724440454656
12910042863785211904
7977011305824427008
3659026380587691008
11462347700045584384
10150627513607675904
14931716064552409088
8756159464988969984
10181343179143770112
4746305395247389696
15524661793422358528
12559850985057544192
14596060966097635328
15764980468831297536
10581668661743149056
4408906378958150656
306685962635890624
3829787030035560960
105530152835389280
14466186375293270016
18329335281942007808
4836638003877635072
5660062819294053376
16507165006214664192
5083377313117882368
3432138129894495744
5363979697456976896
14554270921197555712
8395569249264741376
5114527022422645760
7427894388314961920
6528766247064830976
14247051275449819136
475704169957501504
8822375592156334080
9861032330777835520
8090662849459751936
13230134446422403072
11586323863024986112
8537392706588974080
3347853466475990016
16063557940454285312
15662536312388122624
13618824042784702464
1341156221738236160
1186963093618872576
10114124251443849216
4111187001217622016
2273600867810223104
7648769116630133760
17460768111092713472
12903841106110926848
2089955847086657792
2746125351318127104
4194542158723789824
8261539456840248320
4071426851100514304
15222726021338198016
13813482556362178560
17239482439622522880
17563447932753096704
9786361141127806976
12400959409708648448
3270326991633549824
10599007225606635520
14499588315418200064
11281248116378302464
6186756431861608448
5767977863539748864
14923493423988912128
16878343871348219904
8003836165083572224
7285758485374367744
13851022773451810816
10378698125357148160
5603125224379371520
3789924568886761984
9910610303705497600
15586125464753168384
2961783977853425664
12731122693056565248
9136777254216363008
7265124007994740736
7189128133126970368
11527912206568716288
11207658592574253056
447469335662905728
8819136591279853568
5642666404702546944
16917576777196363776
11212153975585081344
4263475025009977344
12531588315519408128
15045414660341989376
4960724127620587520
16601466998077870080
8497207410204920832
16030471211740018688
13317901232288655360
17322669045643171840
8819830032846285824
16002768479152936960
8396423000402848768
11951445563311970304
18205796399780591616
11193396844139694080
9642910212473772032
13552707788391073792
14517074352536428544
334658502184352384
5816942684099735552
1970705356034705152
7999538072327750656
16034906712941135872
17632142193607688192
2177960098011696128
5028947908227187712
10182863351286960128
11282214758817105920
6467798410190477312
9550113798562162688
7879980576153243648
12914754245184221184
1154461568635160320
13817925751230416896
14504679253782165504
2508914923117111808
11820798202844282880
8102840578878423040
4986347315817358336
14857159676249894912
4049743225976328704
8043684412069060608
10595494376263131136
4518855955730167808
17598858656714721280
5464475494612532224
11187347540777232384
17533428496713605120
8387736715873517568
5672144855052899328
8398251256669927424
506591717035368064
16043481658472679424
3097105030252297728
5671680504078374912
11711299476107460608
10398638365796665344
16798279159824445440
17568941968741955584
4604958074981181440
611419839195065344
2807141472636414976
4859946338245534720
13265547457562750976
5666685860125112320
11142809529192550400
5379991283859463168
14698826651614638080
8267618894304229376
4719172071063262208
6619093020502195200
6604059992319577088
4778247094016273408
11205931738970439680
14602790317002811392
4820081921541899264
2608367854302771200
8279760909393118208
618408891858629632
280552754703693632
789735699782407168
5082940717828291584
8567202971249047552
12601529563283585024
4178130287628016128
3093057911862979584
5861623791893114880
17493712136102602752
3887800270875974144
9151395830782949376
16014301384556478464
3697201073000578560
10355258112706762752
17977354146952902656
2860355889980490752
5394694919021369344
11369354436552562688
2819212999055857664
11198190311636488192
9346552028836009984
11477106238127538176
403520167821963392
4640903970468839424
2747211436479746048
9862197484581687296
15146525701310662656
438752492737859136
8667557643854602240
14180524695372562432
6040138146228454400
7561137646366993408
4044846193007092224
1917932837150429184
6845750352530405376
9230859703883010048
4082786801933251584
8511198620780351488
1993970640755989248
3956443497612494848
15943962953741350912
15368410079941505024
10144612074993690624
11013855566976915456
3383434612317578752
13702194123529074688
13077032935971956736
14941788261088784384
9099731935379645440
13617997203734530048
9245029368889401344
12804119276993181696
15521015066391756800
3960117078028513792
14624045494601805824
5430285145670362112
8797420334893674496
5181135000631312384
4248598009700629504
13438896414126675968
3110564060732129792
13334998007617249280
3467916922304830464
9466497720798971904
18260961854569746432
6995372157965627392
840994372002798720
7503963142770010112
7424886777865065472
10026958401577216000
17652474874982817792
17933310939850176512
13069585786495019008
11237780026551375872
11041102287949436928
8177843787371637760
7312404709948876800
9316041518219220992
16477327142670999552
3304116786869904384
15682610003085361152
16642447936579584000
12966607531515312128
14654171556679925760
15567234174882310144
17646896902476343296
15835968488778989568
12777251648133615616
6043885282972921856
8794705697388914688
12708874349313005568
3919502698289801728
9262207658846095360
14066766566540560384
13954307847341492224
15603543445206018048
1320766247946571776
2822794275219352576
5965335068187809792
1219603290473914112
4139529923056619520
2452021861870021632
3762960250250499584
5160991245484710912
12906743035811567616
14216324548006109184
17340676611514179584
13328230130521761792
12811708186992185344
2701023817305012224
5822141259130003456
1958396641241161984
15404732780842407936
10267154326777579520
17352380546118612992
8980147168383270912
2047107246641118976
2022153794452951296
4614948602922019840
10954015560953042944
15586292923589470208
1320707075029991168
4451396996905638400
826308112410075392
10877801751066189824
17575192170410674176
7913525753126317056
15304627300703967232
6212960990548972544
15730715834004449280
16129607425084125184
8649153351057510400
5666631423381470208
10799277346071402496
17128949613627758592
9485899762597330944
3623304978186285568
12280916751886286848
8519784910312564736
8445064036007238656
11068188799391324160
15140874094688157696
10915992407632701440
11891138059184013312
7719916411573572608
1248748238274055936
714017864817508736
613882339537965568
4936281542731185152
18064830861149196288
15282019666964873216
17544418638977822720
10212090818341001216
11189052986699530240
2345274014349613056
234182660992303648
7082701666119390208
9755075894933567488
17115774974857805824
2915028331495232000
1737858215147857152
5998726474707937280
3763341442851729920
1104736146093151616
16470957953537658880
8912697686581444608
1998465091958263296
8369166969411272704
10220480638172493824
11107043903751524352
8703168173769205760
15739560762866620416
2728939457068850176
7270324342839698432
8151039118814750720
5197087739072173056
6620214449591920640
1972468472416623616
17318905410046654464
13513038847550578688
8118722657136998400
17012876576811372544
1725291732822885632
3938836136326022144
17465933540851310592
1687806193141197056
8813703344537300992
16843524013901004800
16050365692834785280
5735268968258648064
10782436878642032640
7808436209329606656
12570770101875290112
8868597046741190656
16243965198194382848
12660696869313026048
2201618592834859264
17895091563222147072
1771430906975867648
17984552005207951360
14893902873751799808
4446314725665906176
5113635752301709312
13043032443348584448
5032147428629391360
2886432357204196352
6411881840269530112
15230017267332501504
16107527594371188736
17839644983524630528
14434105993634070528
1179469949908278016
528510588493012416
10957048771667154944
8339091432032864
792891128338525952
15375328462777825280
11477231783401248768
4824651011191003136
16766583612947247104
18227437994761267200
3022978032937618432
3058764623492620800
7654510221080764416
12866519330880600064
13406177094830073856
1483948716974917888
5014380519863460864
6244314985208027136
6083732937404263424
18217673699301879808
1085503094324467968
10443204413401362432
1828902851854739200
3850686822356564480
2238307348919374592
10393900523446370304
3819124543923370496
8746951099662661632
6064706260337010688
5788698650743681024
2170994278203173632
13158259064680138752
1223104515720184832
17680123342822105088
17379082397531498496
5932989724398355456
17548608323407241216
5040998208597552128
8772534899410042880
8560324090712303616
12631786788187488256
10769575551843039232
10258681258342060032
13835881959174440960
9363221719755737088
4489988406534296576
11064479218553630720
14710514140423360512
15481933958267033600
3938348289204286976
17443767711462383616
5384477512805573632
10773473117096458240
4571610948708621312
7191644654162292736
13523804749987096576
7446355451125010432
10219695781281771520
1316377494115414784
309652327590792704
6446909218031782912
9270857677305884672
15778066187617904640
11607071200806805504
14553733890621530112
10730904709318113280
14355685642210635776
10967335599014639616
12065470452042545152
3990596371232921088
17046809395942639616
14029525189036703744
4195976963573071360
3363113853241105408
2235493687958572032
17358421780891518976
2122799047516636672
2990310912158256640
134513410580210160
5814607432201293824
14196243330222426112
16706967087001681920
1700582355395423744
4948849040162250752
12974699992930418688
3719280598607457280
4976993795812448256
9487373040229394432
10159799257798594560
5475399939211823104
17072693567014713344
18422968740059301888
16443582238259806208
3188536660415797248
8571859342760258560
4523931442161751040
11905394747873630208
17771931753689901056
17554832523619381248
7306111228247809024
8116747162011976704
8879351048153595904
5412864931547123712
17440585086058739712
12617672001730727936
11197435125319985152
9580400179107815424
10737171914060052480
9186350719057792000
424580725034413504
9500613911959373824
16616557583855611904
7236615355744203776
16981028757420427264
14426176644051509248
8454055591431100416
7786963327700722688
14752078099436507136
7426444671303327744
4154727437730695168
15332789473746493440
18108202356287188992
715650761202002432
12748546669260242944
1422936716392783360
2515194772343443456
5701579632397232128
13442273604947079168
439953112395116544
3840985048417784320
170438852106206336
11110238175186423808
3257448752756611072
16807509415613902848
5316437132149742592
6765000680062537728
1419263279581296384
7589205849093147648
15354768056254734336
17540484708063875072
5408564078906446848
14133789698872545280
7703890444924099584
8622300614166950912
7156730947165287424
5344462160035706880
689316112899537536
17616525656609505280
13820877028984037376
6706936925636365312
14667958893707311104
17463851225415737344
2343965574120748032
7987735008849992704
16981840506153824256
11703095129257633792
12709796896676980736
16193598110740897792
6603266446209640448
16686443315897552896
581498712447497472
15260634093183766528
5369196567446874112
9901913563037278208
14114712874327007232
10558827021199796224
4876463889324448768
14313484837614710784
9241700326647150592
9880592432378949632
6245227197393854464
11090261228444880896
12334382039817832448
8642641692377805824
16245591367554293760
14376326882359965696
12325395063682660352
2742354157626074624
16888784914191785984
7867961573151685632
17292881484556781568
4948642844054856704
15499442206120296448
338499095823860864
8974327288567263232
13839749566503587840
2771845958364884992
9012439269564960768
348501689208023424
5851278654338482176
16880304788452511744
4087588990909136384
2191456595186745344
7715115174383007744
17378300925613973504
15895827588689764352
3492991783335097856
14453444771947919360
1053686799896899712
3428547831443482624
3731897198833859584
9979845979390117888
6411051666498743296
2370099275121066496
3343443175640688128
8891246591845528576
12159425180249507840
13926442124636641280
6798298226921218048
9171479258085701632
12250433827901859840
7593207393368605696
16960642220403290112
16212479276688357376
5484197155342696448
16797806420881862
11289984409115045888
17943226744263948288
1654618661964541696
14687238122557147136
128364145581882928
12193289067505752064
2981207033353961984
4080030672769961472
11144882961271891968
2578225078877577216
12648784331049465856
10922811130589542400
4908934983919975424
10566593804023674880
6809007616381778944
14437237639436621824
8988764881757647872
16436141973222430720
4344625471977469952
3643631713457345536
18134205247956729856
13042287555211796480
380274583684682624
14084854166595303424
4331286819257301504
3285203269985059840
8536517317002822656
1721427390281550592
8859985863778037760
14191749784580986880
16306028990877921280
6967467735499639808
3821566029373681664
1783285552485450496
6742179283207778304
11418644638361364480
7856395956910215168
11388761373040775168
10593569425933672448
48408591127199848
18027923753684803584
14867313940538976256
2618427736070131712
5032344991231589376
10938090034755104768
14487615003166511104
1898669718300259072
4588032074493830656
10582823919516332032
1498600514762083328
9135055088348205056
15404306799534575616
1209650960302429440
15505263357810122752
11545806333908590592
4533183762075554816
3338285624704771072
11367716180597211136
9059787386609115136
14532035195035084800
9204394300505306112
6814506025945121792
660674181845841024
1659080939080817408
11999490487342639104
8239524237621187584
8806691922863034368
3002829632361007104
3258658461225098240
4581737328461748736
17198467697701277696
15976249743782817792
11180072585566324736
11336935925968093184
13669222846154643456
912394979745835904
12563960376994056192
12910073055200428032
4993083222217806848
16796756408534849536
6835867508363143168
11022191653402937344
602546385504304768
2679808590111520256
18323788513239226368
1076435952157883648
5821068627231395840
15633003111636180992
10983083112040161280
8398416360681584640
11163751685265588224
11095953249402830848
6342322525823314944
11118338193995505664
275722578288838912
16759913026195183616
2982817637629840384
2032580273514776576
17785684033353959424
5431785442747044864
6137491818525604864
6566213569552322560
5869461535383211008
3606987081689319936
15426204907104808960
3349334537156790784
12493380512934719488
11420594483755653120
3385469320507046400
1112175040654643968
7947836666350069760
16891077533905283072
1781126757468793088
3768035233843304448
13834257811904720896
4311874022428645888
15060250851379990528
2991024266071577088
5508138472685126656
9332519511298277376
8426354290166295552
5290562069429614592
10839241071470874624
10790519046763018240
8951831924090836992
1570821866226415360
5823085010389455872
18039021181249626112
12266923356336656384
2513138494676254720
4150522534306099712
6091265986309090304
13452922384414973952
6916046225665288192
3690129254968126464
10166412412592967680
2328171547157532672
1946190557488797952
10405214633015709696
11970957214037252096
7101492479701115904
148876201582816608
18036404770535137280
15967040762550214656
3763707877636129280
1486721283843782400
14722817405827543040
8960767478039921664
15769390864775424000
11841105745818312704
11374952868842043392
8574298903098240000
7657844848205348864
10712048943713120256
8294407132603336704
6407036074434120704
12912002394157494272
9026462527751592960
4330015250938209280
11315564715885289472
8672813502126709760
14847495648828377088
2915700030475639296
11261489790047166464
10149106638705872896
1211950345124656128
15104222792933146624
6388657040852283392
3410759495013379584
14444341733617420288
13971886030310299648
13749679494582794240
1702151896495507200
4804819334134161408
4407434723030099968
9039440511825476608
12075837592472750080
14661471352324474880
3216575127942918656
13407552800254638080
7588612897980137472
18068719014614102016
10901901321186840576
3700679359690482176
1127462795598425344
9126570918957501440
10284949069401075712
333714566868896640
8281096267100380160
11471008031874801664
905147732380159744
12944389619487877120
15305294979843532800
12228429233187153920
5043224036513998848
13774263910583455744
7855854249267599360
2878104966935589376
7360507104321125376
6618112699184256000
15982000797665687552
8955637374659979264
3733288321273966592
13731822078250031104
11659349178421905408
8221876034817443840
17228721138863677440
17090863131580561408
14071051962506420224
13165560053350080512
13108989733084266496
3827353373909143040
5494814873926831104
525314057353088960
10425443142353131520
7920252614667352064
5218383694457118720
2717092294213565952
523312340144587392
929532546748189056
8808895531496901632
997375737455009024
12499333653676972032
3721178980563904000
9121252557105989632
2484071117927473152
3396947121549057024
17305438480107042816
11950177094822948864
18165808937679140864
16929249600324112384
1342606917104167424
5364508049612331008
1543133604875061760
77081778775639568
17569002562661419008
4621468585424884736
5105947595337282560
14682797988368365568
9577311022530553856
4999281509606964224
3167061439323448320
5395587022085885952
16370813484946829312
18275991246677262336
10715505868645722112
18024953438027374592
