12594435838069245952
10919736753213874176
965951766057878144
2821036120450161664
13926803626910038016
3060495867456231424
9053526309298667520
4939456899558221824
2277800140761268992
15688287044156329984
17992801772547174400
11473896587835291648
3347629939232448000
8187664151044083712
6818273437236318208
14122685592994428928
15536488355944998912
5613558013943669760
12661992918204606464
7148786818060574720
9991102661972574208
7237437411620784128
8235230155268576256
11799560239715909632
1235618296376964608
12360520311988193280
5452266221378051072
12965582770409310208
17897087028783847424
5786764325093463040
4423829889561083904
12309076763965165568
2184379793439848448
16497626231798722560
3807239719212082176
11188577748159703040
13559867390866833408
14005766212907296768
7230059456000993280
5342893223720179712
3999028973680096256
8952398691224460288
14215651476651331584
9922346722698258432
2344289448956936192
4502214933784892416
653228416248497792
8890291461226040320
13621675581174568960
13997593826375843840
14611757405308006400
6332126620016701440
17796703396345200640
2730651652891917312
11002941777247977472
4217274672106915840
5236582029442957312
9984605706200496128
10532636692697667584
6026296735156274176
15355333010520469504
12964128514503303168
15814222463221909504
2128721134384465664
17914110494171146240
13050146927091744768
16548136053048762368
2080378418404123648
1242610516505000448
17388781833852385280
4181668203318800384
7760895887221310464
16756654122951186432
647361243618880640
5853734337140123648
14963119885940551680
5002165991886085120
11574234556459208704
11159262029791447040
17531698345118238720
9729906289139474432
3833215318676586496
770740386751910912
16904468334040225792
5068465477981566976
1808841865661315840
4257054175854504960
7434896747853499392
4792502304072895488
10073437965905956864
6405225026494715904
6204064678128128000
5405053185844974592
3550591769895302144
16701683482722193408
4109855290441207808
13047785559387840512
3021226606677920768
9856994813368643584
7649009994755310592
597256671663987072
11718898393998911488
5557248786000460800
10214947441218222080
3170624175488802304
12528902097488832512
13910711105592776704
16401665846506184704
14700713694426241024
18223161459734794240
15264989561987526656
2816305152898912768
12608306543048730624
2919097160843621888
5351530716727490560
11642283710039877632
8434420675726573568
4777684714322732032
15800830508780218368
10809156205805352960
2601821387471329280
5903523125002386432
6857875600879455232
6562017093361387520
4958008550281876480
1542344174969007872
3026306850011647488
1727204409593687552
12271297754651265024
723243193498897792
9041031361609462784
13586544648490862592
9377742522921840640
310166201285961792
2570154535042250240
7387684358825952256
9851606815197462528
13737449408786264064
503068893736240256
17828895218806368256
8433043111664986112
2624062465545292288
9406815080252112896
1118620212812320000
13136037249318688768
2528051781699013120
17709289874691072000
1018494367469984640
17112537787270567936
6066174457726487552
26422609153008416
342779750529362624
8899247719540882
4225224399050515456
312521350085281536
1153601198801819392
17676410272231092224
12152847700420505600
9594587536091451392
3232305474697589248
4749208902152941568
8788054945494110208
11785523408115320832
12217115493500944384
2654243113330028544
9935675678314219520
10191374956883243008
3729677173100329472
17938311633377464320
6794611008922434560
18426412243989063680
4687851840465315840
4008997892802016256
8281327501672597504
12773309620727320576
3422979060175350784
17632924979100649472
3570115652614182912
5270654517718593536
15366709744829437952
14948174694891870208
3973826961804812288
16432037151896938496
3699900218391330816
13168469726839799808
11582857994446020608
1297411441015045120
942229153290173696
16267680702760644608
15532114213979965440
16718130352731502592
3067278945848059904
977031435985990528
15034958606397835264
3998154716857831936
2623316307696540160
17351801537560989696
14617222266527442944
3038839305792647168
11932192690279806976
17800928998089052160
826944311862636800
4012009003412072448
224544407472173920
2761049979300947968
5586779598175903744
8361001487593112576
9378410580843667456
3557423650518332928
7074614086656509952
6123795544450164736
5686169938064661504
892476882186621440
12626684107508127744
9926521471816249344
7710837387859664896
15357454219713552384
17042134889003784192
15857477382255421440
1098440244352888704
5657480690032031744
7622702986068492288
11851123842895714304
6534316631234616320
11325443434311426048
12409677447554592768
2793422556243312640
13563041172930185216
13124130150439374848
7966978407747943424
16898144883890606080
1249080311586728960
8910208179083099136
370186507986360448
355681975862625984
14888957591116666880
8425614540601223168
15450403266043052032
5896306252461327360
523543775203692608
3764816777880807424
14634876999009622016
5357740653869809664
1463184137012159232
16676432849253197824
7398935573573277696
3839957478851186176
12780628227740952576
14197031360507459584
4134578783941869056
6488437062847455232
15116263783659266048
6857670142589769728
5441222729493068800
6043277570648802304
16322977388892194816
17653328635712417792
5968721847233198080
14365419918219950080
17690994360094164992
4452735828956051456
987444535098213504
15983663141727219712
13233397416488955904
6881335819275504640
13303876172766887936
16000865223953686528
11142931050356195328
17049715627590166528
13066336394791477248
9305456605037101056
11520721999094329344
6342694706507235328
12076026339604379648
6804145461596383232
1120052057377882496
9706474645564256256
7276056027691902976
5524927771894448128
17257109651084048384
6513047712511119360
17924108604498714624
11713257100795529216
10529863318805041152
5575783751566646272
300934174706868288
4179008654676321280
8225151116274672640
4448923648078499840
1581661479544189952
4496533506735855616
3330495025461907968
14175706869154142208
10214763714035861504
17545659173366315008
7204737831696348160
6563936263443704832
7024539661004917760
4178704598513106944
4551637294096975360
2737145608186355712
3805446563579846144
2205444812490687232
7430530471123205120
3638319051263878656
9591832810964367360
4687819746313821184
8028044275838751744
5514743992877877248
16430070089341573120
3882303119968599040
16531598994898616320
455800066647988672
8893875042315990016
6833283948047440896
6417189808320440320
12949414595816783872
12043311410604152832
17168781278480300032
1616002735475343872
3285671735779193344
13141954867434401792
7177994053996000256
5398114442526674944
15960626112618039296
15206099667026632704
13709058696287541248
10527289017607159808
16883585247046240256
17160224379619381248
6179612084675637248
5030161989972512768
14924222054878849024
3065162318400075776
12432994639675205632
4611190474225654272
17505769505976569856
3882816133683567616
6082629360755262464
6440196633980408832
6967088905986803712
6041019389907996672
8923279243226816512
7184684262620917760
221286366191786080
6740478472311289856
13574690264145641472
10762422079462649856
7725884345361468416
7339832208362386432
14775042401710264320
1828394813660014080
13337487568126775296
2802961087411757056
11408473428897077248
5159722769523668992
6822874225772066816
3998135485353818624
1349041067908765440
14344594956577702
6850447926579816448
5891755937190167552
14435950924849805312
6184906989027183616
6798890556073683968
17578981822719641600
14823009290536052736
3507566967715067904
8456110542907043840
13418834532014270464
5175051643868793856
1028263907163068416
9935479791999213568
8959405428199450624
2090001540151732992
18255975586428465152
14857206440667551744
16205822508268183552
6357167360221988864
8034283228526500864
14685784964296792064
3332086027434994176
3960450421197707264
12697180955271403520
1772666804453499648
414612283945153920
16259444153491376128
11703520527864518656
788177889586577280
14609495491276935168
16371610113153351680
3882814242044781056
3742541216251259904
10443347944561158144
10782303518053079040
773031041143056640
9827114791694014464
1255963876988283648
17538842944548577280
16021763751875168256
4191122944864950784
13592764541922992128
8212649589272061952
3138948635888465408
11242967916860715008
15345159713703290880
17923439011015579648
11409798150672629760
14952886201936324608
5569736798387142656
296472479976757312
2971843692092819456
5795198293233869824
6463761502569476096
12920407530107222016
16546159317774163968
15219734088471070720
3414365329237285888
15920133454993373184
16545107796509401088
7183816296812576768
5122110633644494848
12297330352114921472
11247767463311316992
8018492281178816512
14524506833803460608
9306070018055249920
14717997622988539904
8534428684316642304
17104582392368969728
15359686328112459776
13583295971747057664
2823198483350377984
17534147997502795776
12438359472001142784
10658733396294193152
13167812624179279872
18339029701377974272
13375369838136340480
2553994567392944128
5060272040215286784
2546860458859656192
4170145381275881472
15005725396548800512
2796213105647250432
17651821266293454848
9338228750299680768
1625229724903720448
17755488595925573632
13413841222284558336
3234384574266549248
14025429658823983104
6362883809897418752
9966961029304410112
6173134528914598912
11942886689927731200
16004732896596860928
16338846654179366912
18274889469611753472
14494845583913637888
5336134240907981824
15310636049833918464
14305381304996728832
12355704972577394688
8931869298920117248
3372948151984205824
15965894920290875392
1896996354704633088
10337191685070381056
5768170644300010496
6314381123029423104
1584025556347339264
997277211137556992
14782550925510486016
18153769747609044992
4917916316275938304
5849075945762308096
6284405674868605952
14239834837222727680
14438371086446686208
13805124167014285312
6998421294191039488
7022673608141180928
13071154228152004608
7519355917709510656
16074607708034469888
2173838332503330560
2903983742809186304
2251173805375243008
18032401945876994048
13761438756658089984
11781755023543085056
7874911435239251968
14623075649805576192
1174304376475397632
9306251999189366784
10379516926389127168
17606917081924878336
2443052851776421376
17205886966109016064
9886440962157637632
4506549213215949824
8797908894986219520
18237217735302551552
400731773289981632
353455123439426304
2796920384214215168
14034630232136022016
9430405448557721600
12995630091576913920
2794347363709421056
12601430404430376960
17331642610494707712
432355239977005376
14877344165495220224
6842082478992422912
12221247854587650048
17665761665701562368
16473084119125141504
2990133904749390848
6396934766026110976
5906122209043786752
11456878036195606528
1094289647928196864
10986313585945538560
16550466617656891392
18365619393428740096
639995448415546624
13497889084533741568
1122951739565080960
3358088390345831936
569703550905814528
17569802614970378240
9540807519008598016
10814054462449850368
5382688763441416192
5739236423034159104
13957338659771000832
225476010179777856
3443715339650290688
4552940452509254144
5823950702891283456
3352980673755474944
8650337317666606080
9640541792207661056
2473328885693212160
10218590618481121280
10265871792911165440
486146453893657792
6357623704090940416
1349729768828257024
17501631215697934336
12516414136838055936
3510923809368378368
7700567989915351040
11143371004315471872
4740705589474007040
8918821892617323520
2517698926106247680
12244927435408998400
5969232586884755456
12203460633344700416
10715653912472961024
3738956671351446016
4079740399203648000
12765578519514451968
6477170791558927360
5769425180024268800
7512001572206350336
6849130657980441600
6549061149869563904
9542301609550827520
15075142603144325120
6835795648216866816
16104985552075970560
12441551144122533888
17442998192419117056
6110079843844358144
15157396709651959808
13893865699429949440
15044195536636463104
5936602328565227520
14656781773784690688
16759131586497425408
11828158361725693952
10028894460758247424
11508808917747134464
7604447432689341440
5615203093834766336
6609922523178934272
2794309931352589824
5054521594882896896
45285124505913472
1670010355466405120
6604402563359155200
1560894126422125568
13439657390092984320
2164479107040502528
17395469972684095488
17002634683171344384
13288853794549669888
6994933562774663168
5404935576712222720
10711501496190914560
6111411983423471616
10720121081105158144
6878648977775085568
8713998438749076480
13294191096418115584
11491124769547964416
2250526269964296192
15313650810570620928
4970516077888698368
17823425715451549696
7792564536279853056
11609705690692315136
979177581297356032
4604046125478807040
11062877739449106432
10857162438103613440
783672270985025024
13521047233621061632
13378494450526330880
5790673994153790464
12076141609242054656
89187496457240336
11976517435370981376
17309965136836325376
457846671651710912
10028784967224414208
2649105697285574144
4940202587208110080
11385515359065581568
15978717646220226560
2710312834593894400
3099524725675400192
3266704074622766080
6095723302211446784
3914509887772465664
3201235597830832640
824447799367492352
7953658566614148096
14211959017678774272
7072935677156905984
8933750152831193088
9483313571568209920
12547202674243743744
13538651367018686464
136808477769214544
16608194141993361408
3535347899895998464
5320427345771490304
7435736784244922368
6354394622917739520
3145867599670542336
16286507652288641024
17142376664954148864
4857546411293425664
12015839151233658880
10989720752883750912
5277811912579627008
10313855223059007488
2743905971761519104
14485552133124429824
10258619107891156992
17693639955827841024
5359755304095951872
205923683792170688
17049201256195229696
10759024002880092160
14765178679059927040
17224912092058646528
4447946611982316544
8763029215327793152
3635404482739988480
1383632657644702464
18251199771267964928
6087374704382333952
1349054564490332672
18438657141901688832
502813502369531456
7591998142197655552
1529817879839569920
6421290701410812928
9888081016674658304
4174966100364412928
12245591467385552896
14094297568706504704
235863811307249152
8439980367537632256
8314868782857117696
14189566501757108224
4485352161555002880
12676799666958147584
6393277665047757824
13003160151535194112
18053827519985747968
3337421407957354496
16370932626711523328
9625889836179613696
2401032408455811072
15070505110110724096
17773995922243520512
13101519536529797120
567736513068182528
1358364074812036608
9701568096977385472
10030687761819731968
6478215067363360768
9244069599452033024
3190582246011939840
1241744732896069632
15381951344001509376
12602699964547780608
3448828880657763840
13189944118799306752
4635868294071185408
13991526945704546304
1752713888587862528
14886884060847003648
8654387885299462144
13434488205428477952
1417325739468045824
8425342851196437504
704399482719769472
10183273240164329472
12072412371096436736
14554519444569346048
3484184869255919104
8686712165595871232
7068997102669996032
5322194643152795648
8037549606630758400
852390165367523456
11974694130092621824
5885329159013548032
18349734066277636096
17996168311873935360
8812611526279610368
4874627701508584448
13759095401140162560
5397800776838411264
4007021398865646592
6772559116774799360
13971061290495832064
7846255392446137344
11646007965018697728
14030910164171419648
3457918079168390656
10138931201110407168
17947799666813865984
11302045140751466496
12558537782836377600
11363689515954741248
2364406115315808768
5590443903034195968
12915043604801753088
5047988383464602624
2099620938220505344
14323927516233719808
6994403242264825856
8095269346936494080
12722486530266404864
1316145672754361088
9925727324791099392
2021403416420809216
11412345479830581248
12026059193860007936
6740576891033359360
13660403068816693248
9262731592081059840
13455431661101701120
5943005640603464704
9647541440778708992
7689125066532466688
1592751502261836800
9846031468162793472
12465102623230969856
5628826044338188288
6928331073799122944
7859977216584786944
624133608412026112
10741085558061664256
17087420860555132928
7130073004287874048
1262346115741552896
18033748422314082304
17697410951436265472
16602034755565041664
11960634325274980352
2766806829823341568
16451060451016761344
9502354141451558912
11179015375985854464
18388580001127018496
7101569519231996928
12407778029504704512
1827932002353704192
15029965937380755456
2692493816672357888
15147666914195750912
10212668116321095680
445196919632510528
13700454345835778048
16342839034896078848
2830590770191028736
3394736446583898624
12318260805282433024
8066448880994845696
6436527281421801472
15060753304166981632
5956942461847733248
2487650716094305792
10848405679088044032
1632370054149793280
17277435099005906944
17751071010426830848
18035747944564750336
11741543533156433920
11937530136508803072
16833598720067024896
7519385456976867328
10837460987589816320
1681405482121853184
12787126161609105408
12728502043220905984
12511233127398754304
12250805756530663424
12507964980945973248
18088818761133578240
13188192211428292608
6266795278704143360
16355573841164685312
11309232908560054272
2301332133031085568
12871022514479810560
8017143947344669696
5227930772715638784
13345558692956559360
17887521107013419008
10452547383859662848
12931654086451705856
7566238915059099648
160863926851302976
8447944921679184896
9495423282681202688
17101250595094292480
15469708159677134848
4586599945695203328
17631263418344603648
11769177837746860032
7848165577189438464
3410430350623214080
17387239158051551232
16460465650138138624
3861216482578386432
14819097675411636224
8357145760599962624
4642594359098268672
17099179925164539904
4762074255401389056
13310705106559881216
11862781525409669120
7797189202371465216
12177212138573586432
8805774861543304192
7392739257583433728
5420298573642251264
17595548725228982272
6755343136832376832
17255014579139670016
13563337279565608960
17542057347631003648
9784889543828154368
724508195288856576
16033665411127939072
12727480698739195904
12578176962920949760
6230185333547868160
14420029223569160192
2668565420163394048
3011836053046024704
1441213191596401408
1248540165150622208
6494901357645741056
18187835285988810752
9269487503292327936
11833874494955829248
585011959276824192
12620079725527058432
14463521247520563200
4700811661994994688
3541722496789707264
2376305071281026048
975603679819392128
2548155107934183424
12873798343469062144
16605181506085126144
15969685493482842112
12435330880561786880
12249076965014806528
11669129934335418368
4829984475385747456
8074012106507756544
8459742277034378240
6875423430801503232
12878062324093921280
12632807380656943104
169059951304295104
12600617742642860032
10373747738861758464
8289702707912699904
14167518655139276800
17956876600291160064
13545660888321288192
16619680539448193024
15291357459118923776
6098771324488593408
9234312684680769536
1979079860478009088
5435164329569541120
10124143282183962624
16902570249184577536
17685122242796310528
6828951583773139968
14873648441572853760
7867965509081830400
13518711197285459968
10958215835715966976
10640059980506112000
8931312775822733312
16184255516616742912
1642135881797648384
15523283170986874880
1225460157604579328
2025672002841271552
1989168481232642816
1552082648200275456
1492140340422978304
16492879241996306432
3121092721151424512
8289012517462839296
2015248292576565248
15130060440770830336
3347361611104746496
6736195353966567424
9382049577182117888
5753315161434096640
15052924443147632640
17039090787475214336
5890659001214220288
9986477180340819968
10438436618578321408
14040059708314814464
16587161004933246976
10960794606280030208
7718685723560642560
11006768983563079680
18088296913186285568
6226832265301151744
17065173005114937344
7195535660068794368
18060526171358779392
9716137717618178048
14080415931561656320
13844813992331479040
11956770299377063936
5340796676733265920
16296814995200606208
7198742700002252800
5836869313515189248
17673890850115407872
16374014471426297856
5048665625636737024
1926268722098041088
2350437768386208768
17381235221901557760
15177217004464711680
9174382197146920960
8629507420849097728
2553073008058822656
3996833380825736704
13892796834096316416
11923095713757804544
15816197842148974592
5990840112645714944
16617898201122985984
6187531622257821696
4671196016653618176
18006774945309446144
10047982934057775104
15150114220958281728
3743879916777275904
4585463131423249920
971266055888746368
15980552532392939520
3452298307225567744
11991189734773231616
6877873568897086464
8650766336230011904
