7188257288088196096
12290752020557453312
11712239131685824512
7580000487714347008
480835368807303872
17552106231050498048
7171945320555714560
17331734785322508288
17245065233917620224
15942717345696755712
1873266642657191680
14146796952356444160
9513652700846966784
2549225081781861888
1206255083729709568
8719322006486115328
9752867468586149888
11541148339232475136
16942781337151682560
6073412793775451136
692653549140546816
5128365235259894784
15960973574726467584
7490694981064974336
2108879197755353600
7240610458586830848
13453027880638550016
15190908567878195200
16574314794912067584
5285422177444475904
232409172196009888
17779582350218285056
12308447302985441280
10581422796973770752
12564497646211454976
10290619924988227584
906923540744416768
14599970173261111296
11490725304204300288
9718254728160241664
13195619425480601600
1736315605862230784
3458656468978239488
8939620534848479232
14152708648676442112
16951343159207790592
318359019289974912
16331168535990196224
1168071485379771392
9264717577706694656
11476666769694300160
6849552819429535744
10056364346946447360
11123482342581463040
7544183764165112832
12443399143775311872
17358806104520216576
13611410139071995904
15688062809595779072
9132650672787145728
15546689571000025088
14550949061611421696
11644326470278103040
14852909976747685888
6346669823323711488
14561313558839838720
132192010432778336
379533936224885824
14298791484152967168
10104145342968346624
15593136888546965504
14338937119352940544
5186936948574422016
5730618946386394112
5677195532653293568
11720928934799380480
15424843675353765888
14179881625764696064
1384838463449977856
16749919919630856192
11686413144904986624
4962360950226594816
17400658920726517760
7635443439773412352
4208629054575049728
7453623438395809792
9707973047644811264
5235559781502552064
13535840556469315584
6302111093745370112
16826602153295783936
10716010572902760448
17530864489256368128
525306481358818304
2336600016776206848
10544395885374574592
5376819327680970752
15695860376371689472
10332048024391641088
6905498294165559296
11991006072638310400
10872565570672859136
10348151167997210624
4750691948592222208
7478959223174845440
12460959566557892608
2273640809393007616
3953371727397573120
10867055012527486976
2380618320659996672
14840478983380496384
15452935277346768896
18297672901210710016
11155452195285512192
10039124632149819392
4605598138311622144
8057970105584405504
11291861327397849088
8186247782708295680
5873329713483732992
17238297000306784256
11278951555252975616
9376815201134888960
17840829642140291072
6700145916121247744
17162504673387878400
5786188195369457664
14661847402217246720
3660815076809741312
10051902033770661888
6479146350390927360
8868276813355684864
14961883897916921856
5483008713227737088
1801459082208568576
11186163388612225024
15517783620518193152
9996523021739548672
1171181491802881792
4401098654554396672
76827999117523552
16901501679068295168
17918401138566633472
5503895002760820736
4551978969170737152
8011359101135707136
4073973490200236544
14356696206109673472
4285491321394981376
3179676041673412096
18040377806038382592
13175197062162548736
9113250087655886848
16818906706955096064
17186991884142721024
516486969686599296
5826016612099063808
844950296275691008
2310873642836325376
862804648442782464
11932583236453160960
13198795012280113152
2127343432126014976
6244289625826199552
8507585303428379648
1238748395387589888
15607029898907260928
7978798499699442688
4783389761923013632
16958696036289122304
18272559129773045760
13255719964692791296
1753012015215687936
11917652865784520704
4630390360503672832
6073267284565460992
14531355259641726976
8398816761735342080
18242728225184284672
7864788260396639232
296923468055052480
17637623494270507008
15195939684534835200
72021380476951584
15223081356076867584
8458825381628157952
8509703094384960512
12279409377548890112
9927710941813880832
8209986158786092032
123356287015289184
16118411049084444672
3263129289353236480
17994297023971276800
7814950068132506624
15838608758678540288
16430144517870442496
17005678970380812288
17572701950485149696
14141153364497326080
824828542610001920
12367629285629691904
2307283203951349248
4653670851960525824
14153649696465516544
4103079410465459712
6039566365682506752
999127219731650688
13481808389267406848
9193979309201504256
11182567664201943040
18414223295501426688
13468719925970831360
11663262917150918656
17464623896118194176
13312673538458816512
10041373616047671296
16674577027936192512
5985818321902333952
17869302469232726016
4573130010698374144
7068246597459518464
15009664486969866240
14709032709003567104
11088935964774057984
4597317819478983680
6223785739394675712
16284995980449943552
1480658468518432768
12231852384103725056
17104989154259599360
13435625757312800768
12489739177121568768
16496650147203936256
1598410626256150016
16941602991060779008
16946237897667561472
14473586214422491136
13772926278107191296
11933660004935632896
2925202830752185344
3234026561164433408
7722616713392237568
17230944060729370624
1889548117987145984
7852366935782650880
5807442567279898624
12121657756169496576
15981946997814267904
3091922532655163392
14842579568848234496
16139875666559336448
14514187799736279040
10554659096075673600
5979946029356006400
66889738632575544
14487752133310904320
9670394420076941312
6826618142518483968
2562832772990579712
6029814878379799552
16887585534428327936
11445123908787120128
5745026864340106240
10080030106518210560
7478280847632472064
4430525216325222912
7027507265221853184
12974140891362506752
1777526988113026816
10698706683342176256
774219915730334592
9009217116630122496
2676425727339076096
6944648886724891648
12436184257454929920
16079424321665048576
2336240260995617280
8185603065340488704
7052834257411474432
9492759834667259904
13670988930896173056
11895069970440128512
16125734853882032128
5792285863080982528
2359497508781867008
3571347198575055360
13048708132612059136
17097089003643662336
9599940900194945024
15303062648366716928
4150091243822768640
8705305794469268480
2367071829344860160
5439865957808626688
4640962761028929536
15461433678335934464
372965459723053056
7616069718211845120
1594555703698526720
1956601440699677184
3026073818147354624
13555698838046799872
3957860770303988736
5861096828784301056
1610718265014311936
306331584820580160
8305057934567673856
10523154054240634880
17183437598857201664
5218025369621899264
1400389453109240832
14325086780028020736
10751998907604504576
2830860046310423552
4375272338519447552
6288776441572225024
15478935755207723008
15058940419526817792
3333635231164881920
53882513054377920
18316953456423358464
17476324911487322112
17454892967277461504
17625157184950460416
18199538954653825024
13115269849128316928
2250220746017426176
9804045134207199232
223020855825081216
2639931126868107776
4952619860108581888
14222337838748891136
459460200885796096
12938694655208822784
11833999632626636800
4578580621543031296
16829732680342374400
16571379135393767424
10900492402521174016
14598168227223224320
15556765968836960256
2488543857814052864
16465557723284015104
13558372693933830144
6306846223154246656
12116955873682126848
8481160730223172608
15217946341639397376
9376952665967237120
17472752325231933440
6871861401766504448
70119555284603168
12026917943405697024
13938491898734186496
2571779212334873600
826559319366785024
17496978885812199424
11219844036738222080
5741955976655261696
5638198823867610112
3052715283622163456
16453167382090993664
12705758503131494400
14105718872480927744
2571107896765068288
17834957158531438592
4679399443401550848
751112297855584256
13470634302270605312
1509864001187367168
975037220879623168
4464669571956662784
3206543848051258880
3848936894304138240
6234523327222859776
7630651968025942016
8651742086277526528
14630552528727283712
18439236167745355776
1018869305192799232
3897652073604243968
9735889800841431040
1602911468779261184
16579888126451089408
3201074260596856320
3099835666426316288
16887944198313248768
6726171992448807936
7163816676305368064
282580169629888576
8937399260241502208
6568880624649592832
8067343412881062912
2046564100832700928
12941076769515855872
7084613125677174784
6431253238127457280
10190837243350151168
8210849601061216256
17617093963110168576
13965453308085157888
9185596755247142912
16361132242735460352
7842850420707835904
2465989179602350592
2056091316423352064
2426756570935177216
5132951788957390848
14762067268858724352
1091055508399084
16134144453152851968
13947060796287272960
9691567818143324160
10278676464967469056
1140931397927054464
6503386845972958208
10799359639543402496
1349925294328418048
4418838509086739968
4654427058403885056
8816777808244097024
8948196413056808960
13588438732541372416
8439848408932986880
13987958203797051392
795814470000189440
17651514382568704000
15277646121710936064
8790502584868921344
3575283246999175168
9780185400906412032
10427804232723326976
3250491458911725056
624703814753342080
14292939145573605376
10175292252606208000
3354680007172371456
15654093486124320768
3119339273958057472
11500020414789365760
17491281687116890112
13368175992138420224
15047495011980722176
18309177970982952960
9471622719356139520
3834218809710949376
17205718330815227904
1847986845526009344
16111420631384555520
9869282805842872320
493682713211424832
17250164835075276800
14917806537428254720
10055439338953693184
2045040837652600064
6246035963645166592
9081134343257676800
390165194355697216
14069475313804167168
8691577281715251200
15929901128572819456
2667549964229191680
14547951534907480064
17146451446479939584
3545865690183950336
2586519289604899840
9793376597369548800
623329230011013504
15483007768165363712
3090761985444278784
12800224492157468672
4674492648792343552
17164930180889806848
10981980800405489664
7327778539982108672
16386288273200338944
943158165856865152
18423073849755428864
8990493271162087424
7394776827113585664
8863547334718320640
18393972163561846784
10541622556222763008
16268033062946816000
17455440117425983488
8427995238887438336
3043099790912916480
813127731962897664
17777720366565216256
6372657165408996352
11554240218564069376
12844955581140912128
6411165115862765568
10196357559212724224
8258465025241290752
1633260767050236416
15661541747151362048
12999562185273020416
2254533599309767424
5655645813038269440
17786934168524027904
18329593063831314432
11773970917002993664
13697051368104153088
4631339170512183296
4475706032583986688
15080498938828818432
17128346959753607168
17159765893869234176
4867189049219771392
5684518881121187840
3192932311000367104
11975729423162218496
9861085620737515520
18024346703388657664
11353393454830301184
15990295833817595904
18416024554864576512
18356996991921336320
14316332353546825728
17006959803753472000
13845365972617342976
12884444123965222912
1299266737632465152
4654197942810747904
1395735368151403264
11725044978860427264
419742058265257728
16061239148937463808
14358605289624801280
1985814975564370432
8942961856722945024
6169140559334198272
16585220487457927168
7871780330306138112
12244336977078693888
4897561333817986048
5950546542484414464
11844808608231983104
11750478733868060672
1479387412054094080
1695875539094268160
15156959121787951104
6766979783614273536
6993321865967883264
6979684472234162176
3312511869186542592
8682165762626560000
13260911666239279104
3022329727207857664
8089821875288111104
5808241819212379136
3015883148086941696
7008945415836913664
14870078634478624768
11055972396421042176
13468482321084575744
6873351983562951680
9863117621613647872
11112621002941913088
13678101236462274560
1013214701434998400
8751858374709758976
6216989227309379584
7846537481688968192
13944399752378224640
16439144712171372544
1907259351633687552
3643824530597045760
17143477618292611072
13406769640015656960
12640428636295276544
11239091372572717056
7677386155337970688
17095020206103318528
3824923232145578496
5896228523395769344
11048948137681920000
4110704130931834368
15923450456374784000
7498086818887154688
10271305614180093952
13698681343485161472
8711791746670558208
8830155220030635008
14011635059767209984
9069060914324813824
2210546021372466944
10138634254922432512
10497477142196953088
13532715036355860480
14266234677641392128
4695892166500899840
5028275608620921856
16910296508746133504
14263813956584804352
10137606822670137344
160928913766204544
2312153054243493888
9501087360208795648
5566987182813891584
10326793986850539520
2836786542512509952
9643845036020428800
14138638234636652544
9352717542629697536
6541816840701602816
17463232747428671488
9891694962191624192
16239825361039757312
4414133199879127552
7244932034656674816
13676154408505532416
16391195775903852544
17558917927924467712
17702044474213216256
793373438088995072
1378327284131497728
14119913654175561728
12056820370932162560
3706167268304461824
14337351378664101888
13465663588738754560
1841640671250409216
156046439796590432
7459745070157496320
1049142624180028160
1345104607394709760
12916990536633573376
947708654831689216
6284881460419005440
10572408488427560960
8357214958908188672
8877615433658106880
13703898792984014848
3216874663434301440
10133631752922707968
4437918213974773760
16592101326793242624
12871840936408453120
9084595364013836288
8332832050364519424
7008487615131177984
16346935077298841600
1418819767180464384
13746063628187445248
17646702877176481792
4926493463000305664
14148928356014766080
11446377069731936256
14732210594448758784
6616709722319990784
11176085039755984896
6515157494936783872
10190397475097501696
2621006117430832128
9827430909138788352
517791653975848896
9551424953013192704
14367831843021182976
6782900690722809856
12690571363904249856
10152887067654959104
1127498392927045632
13339938256170756096
6453914595002938368
1958874732493934592
1892576927988368384
2803525106449157120
8485860157001762816
5667644823291447296
5396390149004298240
16098314296983511040
785988640762978816
2230872379940606720
11741675286528421888
484069016351789120
5955406404273208320
5603450669162238976
4324507980813202944
9610059789439723520
451094835385803072
16069779936481034240
6356303856042612736
5790097970538085376
12850878786315382784
14401676342771968000
16875840530174025728
17975653617913030656
17494891939851577344
4104143842877348352
8489461993290789888
14463738527037450240
2793446488740133888
11907891319264600064
10288875889949200384
8455593868916481024
12478149529105272832
5817838938581368832
3593678630599224320
7625931844426125312
7868956421460450304
17042232872659900416
16688920177006120960
2457506292135738368
14426087816340881408
3253749081654659584
10000813237365178368
146659688507161312
240321927811869152
10840682506919315456
2215236612287664640
18272033255070693376
15291422492043218944
7232156199459781632
9075034664825453568
13574549311848423424
14450864702264813568
17725417345792839680
8386405078978802688
11768218844389257216
1696391354768397568
10313462415778287616
4756108464723473408
1448804259848443648
13736096605611210752
3213900154453310976
9031520629402865664
473294090464716800
14460364418886889472
15660478507997626368
6326648266509268992
17289894117494589440
5842024422395991040
13215826544909633536
11242503984414572544
16427094476412938240
10944537305008062464
1667317423098937344
14868421896639744000
15324790153818298368
3537883540648312832
4203594152989492224
3784964182874035712
12928643136282746880
14188814680641435648
10230052450142558208
5652770836100578304
17825561139648774144
7862526853164068864
6642939474553147392
11516094809909624832
1375946600820564992
13270421126293137408
3180367557365388288
7971430354250458112
4500386219556476416
13596304969894397952
4957060968349865984
14747930498050289664
5850531912334512128
12909874003236743168
7897631168431002624
16445779068844834816
6116776134184719360
18148014646028834816
4841734531175621632
13741023083757506560
10557361897220925440
11919399267730472960
6031475359147305984
13515729899420841984
12834505998967672832
11432875711472177152
14643210341234163712
7217581104537192448
8843287555859298304
2658944698185064448
15997592686059524096
11209131406823110656
10491814093037225984
16160527179896989696
10393171367463780352
7549913096475076608
4581223113154810368
6701049708380125184
14186279642254725120
9438281496068419584
18420326392441956352
15638944563563874304
4365911929758996480
7710953811125559296
14846445883263760384
6963909944414886912
12312068851348246528
788135121205478912
1213093847847262464
16560107746395512832
8128084606859687936
7526349846953802752
15857010160598984704
3236044910859980288
17134269284500017152
12541926553832722432
17132936285249927168
17713673534886109184
13118113155841568768
17316650421157156864
3849637277871066624
3160455391534112256
14930974848166717440
10883072129629083648
13385739022412091392
6141050814814648320
4347572284108915200
6193903259621382144
5567552081220572160
4238297824707188224
16033776038784071680
9774700363235948544
17431485720802750464
5545812083012221952
10386828010172018688
1719839838387129344
264267588991927328
946486703806077952
11850922040816678912
9264257241099397120
16728701162010652672
16001880405306703872
11106195455942887424
7301200674975058944
17239638047332165632
18412253999268141056
14759323750416420864
11175695432703127552
1845094508349418752
16527858307266584576
10896383558530400256
15160458609321302016
14981402906154115072
14628940735972567040
401640426215828224
8898339524497500160
16659171476888635392
16438131576662175744
3427682371564134400
7971163363399352320
5387911526406161408
10920489764608333824
7019543037995195392
896464151153965696
13615276512904857600
16281957356486369280
14256229738740985856
2604411238797098496
10581370772033662976
17432768700088907776
12064652246255403008
7473195094131517440
520326088724435264
2718258405049921536
16288465913141540864
10254284961911248896
16118577565335697408
12866061402651873280
15317502793541888000
1831981207161094912
16853200119773579264
6154401793688975360
7222658092355059712
15083558575403012096
7484819748131724288
15424459394143768576
16498489686531051520
2922589780942830592
16998178662533412864
10546510601831743488
8172159439317676032
18161311089678635008
13493779996398835712
5346385730463242240
10291880893305137152
15788813218017902592
10581379325370843136
4095683676001701376
16964019236855115776
2763956639086130176
14298358955761324032
12883815217355220992
9108514375982021632
693247991322081408
6785037055172728832
9509299001736538112
6148562268092215296
17953515043347423232
15246733289470345216
13270043332914688000
5947765780261730304
17986515254552094720
15957383200285472768
2392896462149852160
7336916070713960448
13761469545292099584
15589780139092692992
12791334281848854528
15773748786045736960
395540673295275264
3063292065447820800
10570898761222416384
5375033730689357824
12107232087951579136
13630040302400829440
9392849917112195072
13894622160655118336
11300292560200273920
6893823878834134016
605434350568735104
443885449760879744
7662865024798282752
4036306996380505088
13474262952010268672
14634110828669407232
16879110188497127424
7573537514957153280
9744675197021075456
5741900829409592320
8678467625028912128
1026245482717691776
1015181789166235648
12646925302790010880
16852895156468914176
11979132731443036160
10385156445008492544
14105921955441156096
17643001925470969856
9889900603712849920
6643237905812358144
9723218202841655296
7327964789338128384
14665887254835478528
10989703267621443584
10845216786825138176
14957988947873691648
14733680714758281216
17150159305789239296
8484214587987883008
10046940739748855808
13831671489927501824
3619126053970851328
7080866880452948992
8227148016293356544
11566143547648282624
18016177785857736704
1726285699041441280
11904055696447801344
1783646141908631040
5709001674924169216
1187022749567016960
15166205291372578816
11983170102739070976
6947526693951396864
13369671397961904128
3177140982527181312
3445539011592932864
14689640669042001920
1187831031432736256
9612344796221054976
2465238493009422336
18269169464813674496
15180385666591162368
4321613875474252288
18164185452241049600
2189418196295895296
3171642125923528192
491390775099780672
6819009855165682688
14039006059048833024
12610142801186766848
18121056770069008384
7088859326268431360
17968632793869205504
5117688014250614784
12335100112046653440
11905020023399540736
12984687512979648512
13744716895810844672
7362424017566155776
12897519406443227136
8381800448805937152
16623059234484813824
5942007824469909504
12725678967457527808
3869107614740317184
1080961398703989760
1527567634418138112
10416434314693591040
17612331465407174656
17265804923409274880
