3795320652689586176
337710539014591040
10821841887666989056
14245123467651024896
5186378849696044032
5902515702696087552
7690935711568235520
12566954356214050816
527402287214806080
18369058833786249216
16896064206741387264
14504135019002822656
1004029307714798592
5375902220307533824
12387305556407891968
4823800436190327808
13881187542105327616
2854471738001662464
7810925109376149504
13443971824546326528
5191791329551089664
18280064936628983808
12116301650018725888
10612135710723616768
17629900801836730368
995281387536667392
16186496700016517120
17678470583144093696
9655965220183552000
16368328505578530816
9610952779898157056
7118444345132032000
11214937164064559104
358334988985799936
14766529053685379072
13845549028087502848
1613879584547920640
6416828707900745728
15714550988503918592
11717480392489080832
11019472836745535488
18246091113274312704
13328881835846916096
10632203074547615744
6651814963952319488
7472638964132946944
15679931400868261888
9277335362413473792
412024388299373376
17166268642850625536
18225048949847533568
2226234827322261504
17786920134021797888
3240304767165760000
3404218365162769920
968157891949113344
5614810928675884032
5562456127166448640
7273615121471995904
9825241967216576512
12535915058447636480
12319243158941794304
10327891691108485120
2500634748730228736
2497165693450737152
4682809005469538304
2966443152444153
10942221636896608256
16731702112665827328
11262180224697178112
2371716232153716736
14543523047375685632
14407447991673059328
7890443577827271680
15644071333047541760
4159430319111565824
10672021547352647680
4252329846905486336
13201367424675186688
16759668357425055744
14375637300003987456
7467045589448088576
12108213158978164736
4731818700334487552
13044697033820604416
14862067442872600576
14533000402167107584
17583376424186593280
9767570405788358656
10888354285927430144
17033568178530248704
5785881223417069568
4135086066919149056
17518863472136990720
8664417129217119232
6906002839142739968
8936550259679455232
15322422527147296768
13436722089819021312
14204307199867105280
3047386658948247552
16226870771169658880
15697703002881206272
14939213407999543296
10067045045766840320
13908060769780441088
15941069343410395136
17659186743074037760
16450792049059133440
3170033888854615552
3308984066892436992
9447620007760615424
2974678742657092096
5260932958728170496
4644057705230608384
6574305414817261568
6872405050243181568
6722531313706363904
14595344694453127168
8721154472689840128
2157678242111111680
8521046479834724352
17192049474857656320
9908695498466271232
3180452830576723968
5788673917707488256
8092703116403420160
13199045411352332288
7676450828655944704
6768662220256651264
12282313228820987904
15190140606174363648
7619371213908551680
14507670520498128896
17606464097997033472
13061756420876634112
4111996929743554560
5542291965917469696
17629216323159638016
10490090248583655424
7440606272811642880
3685493238042196992
7084851252559218688
9567755177652879360
8419866170420985856
14252471631640881152
16295896780862865408
8225052100164619264
9032359701490201600
5087786001904308224
7100953813178110976
9054743542788475904
14563228337339316224
14943749455340826624
80829083539573456
358962745430841792
9349457930225338368
15238249490324549632
666767854313804544
15701870523796316160
1121656168624808832
13104314400756543488
4517413133282082816
13721015610685822976
9784212819915692032
7901843799577044992
10059366079154087936
8200632288381391872
12579196514826805248
15065567702855051264
6721705462670775296
16539985514066782208
2762274174479050752
11702398410578579456
15761621135029532672
8731998371221892096
7742841714749735936
15884561501747777536
11427419247787964416
11310135541629865984
7723254949611591680
1244683262486563328
777497759624283264
17502912253493555200
10980402142369001472
11181227996210130944
224484212130805856
14401305008508381184
13202195065086687232
16097360383724664832
14014757283662266368
6827595799594953728
16553713167367309312
1579148985873538304
7304668632486640640
3797913015020934144
13847058557186279424
14685341809146863616
9437463068469028864
861516184466856960
242386258768646720
5515532603343014912
9028383901221232640
4236615481056254976
13690453006188472320
9779343647159414784
7681652796906640384
9016679960542939136
118585598610006512
15079879949158084608
1317332045077878784
16709407359856928768
9576479869727870976
8127475028130801664
12028865590143262720
2904092379706228736
15628436393734479872
5123421448310112256
10392955551515871232
9997407924982374400
8836060351070445568
9316793007125260288
6445258469713673216
787618508184275712
15436068021600448512
4743387514576274432
10108981071563526144
9233317536483569664
15729721350311190528
7177053776627046400
13175868033957140480
6537609906284658688
11472220059418785792
2289105523284491264
15413350139686017024
17574423528810493952
438594511968184128
9513708271840888832
4087419981116566016
12402282698029148160
3948690670003834880
15213939091742799872
3462972371885865984
9368126892052930560
8293463086183516160
16917970680860370944
1952220319169885696
5939140655222159360
2022458596812822528
509130631956992320
9198768773829957632
1413585602367776000
14242122889083875328
6180191968674149376
6416803507721269248
10880627628743933952
10854186116205080576
9971595749565663232
9376541604748906496
988705595771972864
10926719334266744832
8957147235686557696
12899892950766297088
13915002534795905024
8528009247895507968
14424970627740192768
7146307926213952512
7276015299221690368
16195861731037849600
10319039688776630272
6949507855924563968
7588885914185552896
12004344332048744448
11138897152614387712
785493933769503232
6403878961606363136
12271157628313217024
14077035815060856832
7025084521605130240
427145436617321984
4703928933372303360
5289912072508557312
17896376301564590080
3486879612875417088
10514000845412321280
11243503356637011968
16421116875927590912
3110894909476417024
17224371288741408768
1113162645049470848
1221879199570501376
4759665952921871360
11231093487087757312
10916792881647063040
13232921625815508992
5824432096799761408
7671251754572164096
660082477578861568
12418586385697648640
6945790925068041216
13505456074772344832
3242508424495285248
8277631019705425920
14865719197225756672
5892421400287817728
17447343868069459968
12982788829534334976
11200241214335422464
6790735915785403392
3723939947223721472
13534642610629414912
5354223197294351360
2069052567312864768
4109905597565286912
15606667730936979456
8599140321121524736
11944719438644795392
4566259140238571520
18289959505670379520
637305536236656896
13064655609622196224
14378790780919412736
13797005763864125440
2092072974907790848
12658711364888289280
8293514083575007232
11634858641163243520
11769106967892293632
11409120843828013056
3090122830030148096
5082124121903222784
9618742064907104256
18121983617953171456
2033777103933212160
1379347164008747008
16998100981784875008
9822320965572683776
10911033442293211136
6525447095141342208
5276260150634425344
14629189992968384512
11395531688831983616
7293406779931908096
15645902051697408000
6688788248725368832
17780998470885750784
6125568786224340992
5186819907966833664
13145083908510859264
15392062442792169472
13552492519079559168
10732935229774802944
2962837257915439104
17659026860204032000
5620179285631050752
12924919764925851648
13434178370836119552
6068030989896881152
7153115798914987008
10732521866854404096
15648092381902440448
521245969531803008
129741242646648320
7883052197530468352
6398795888156072960
14345531946953598976
7147020191205332992
11027020571401396224
18385772936225257472
13665186058343145472
767861614313463296
2475517940357877248
8786717672521880576
17672227101386530816
722528137384788992
5347594805565078528
12532139949217933312
9346829918341750784
14712763011618838528
1562504732427803648
15961061985843519488
17363390435483443200
1075615737362304000
14576477718566117376
16940968996198064128
17114546131872681984
5594279224591188992
16318833638389725184
18224916819574616064
11165239199744159744
14144010849798510592
7259633037568551936
6532383319455433728
17583087759431964672
13220435294217086976
6529541632196136960
64248879853182480
15387619752983316480
11855865553073174528
15801396488565196800
4568724450653280256
4178519408687074816
16894363416329662464
18236031172251965440
5913665908350721024
16972856485810538496
13359238555282595840
11574805775440402432
3309864946577534464
6666087872052763648
17803948901187268608
4611884110417062912
11987607048554586112
8047398199536270336
16578354796379461632
18339315459103047680
10213143722656022528
17941110213090992128
12439633657476567040
5359441320576126976
10902108237666908160
6565354836112960512
7211159470677219328
8532564007794683904
1147598160756172672
14130943716762847232
13816740727929380864
6397397941249254400
18024279444572493824
8398353386024117248
7085651778787597312
11061185592107974656
13802339944811847680
5996860036105712640
13122785423142529024
1572865914000656896
12116217755721252864
7970417075352521728
7395436289945245696
5777074455760565248
10675998156927207424
12960913474925389824
5105720409204005888
9199991673024869376
12705285678058156032
3660519657870298624
11903676072117653504
7547421496397573120
6108787798781912064
7308511626876391424
14378877465593845760
5551607517462341632
754742383326640000
10083973059015569408
6357634534036590592
1018244526466615296
9457254200241362944
4947965617245591552
1896740031864197632
6477440993181504512
8670924148353699840
1368389944326497536
17844738961797316608
14215446970431924224
2548625396558767616
18061919634417506304
3634663593934280704
17992538009146972160
6086465074036937728
14345588257213677568
2097283104689542912
18127137385018877952
5802256461880734720
14993363838451214336
8146515277020368896
17247411092978577408
1603906304692020736
3190196123604712960
8712528790181588992
1546526142839407104
11039757192714266624
1953040451184812800
7287381829136286720
16085703133841684480
16996927169896296448
5065305113355783168
11883608000817313792
15896196115155249152
507252975236073472
5817119260249325568
1348841976545844224
1132404515719653760
6084724710646290432
17271115834617008128
16079037787653982208
17968038472187781120
3473731565214257152
3554118206337932800
4925581444365983744
9364607204307771392
13472959393985150976
85399338564755424
11562336724009629696
10251546816488990720
1329163237086368512
6709601345437265920
3852280346387799552
7462100866590035968
10494621231900426240
11162265489861808128
17405131487885828096
5503887032365791232
190794320341107904
16806066789174226944
12141811301953114112
16259813326052483072
11656676405393813504
16265542075799533568
12904187270343172096
6678596232951593984
2427429426744374784
17636614345721155584
15376138004823914496
17133740106570162176
10820365855654135808
17522299990186309632
18149926957618020352
15311420692620744704
18251695603195873280
1038468095625148416
7435117154219542528
3307340876341804032
12599256287096647680
1719611719590531840
9928323247800729600
13963295815936188416
1843937772323491072
11223036127495389184
1625927285493461760
10572636464565807104
2922746151374118912
9218366391607735296
16108069218623539200
6793711716433058816
16539019748308781056
10997117557319706624
12963439221820438528
14742737815177533440
17921130782951598080
6750426683290885120
13075783969561757696
10817884643687870464
9552316650629412864
10553277426557730816
4726873377436587008
9934247806103480320
7723054283662281728
12915340857441361920
7056740261235372032
4912375591744138240
1107809405684612480
15633699852605128704
3153040251598060544
13734378643101128704
1787564154695638528
2032158148484197632
14380948376655181824
6124965257552751616
10690996215938144256
7494973205776027648
9216809148367221760
3712723132296765952
11291388590554517504
3832637818843514880
16184356035962144768
12702507028797751296
4292491351046193152
13448011877679329280
13705624810822393856
10751630228395507712
6161778936453996544
8938696136215648256
8506079969206344704
2879390098164889600
4031528645783900672
7713548979162095616
5507527163869234176
18131718390681479168
7177335940560206848
11729447205543319552
17519606303580416000
12895701037108774912
8000323869142189056
6414442234790943744
3656020928545404416
5403083817949096960
8521738794354456576
17970762109741371392
15162721866874595328
8497197885032842240
8180001835835104256
13975812270976157696
9686086018757191680
5042374727023511552
2076981808649905408
5577243557249404928
10576290330149083136
15797635821004197888
13976654850744881152
5025116112293720064
7830842995315501056
17605383715422132224
6625739818778839040
1429918631563288576
13484085444421648384
3965760577850012160
12753437919533383680
1201098813236242432
8662183464488540160
6563717023194106880
16547700488185542656
8442901946912941056
3299213289439781888
1475424636022940416
12248946540626104320
15973376957662986240
8454297038902068224
10669599998784253952
10871912709908416512
232686164194254016
6433835754374845440
3377357888050949632
11541205040479221760
10789272230219515904
14122239722289254400
7570337167931678720
4988146747959504896
15773486731849019392
17931771983995459584
1161133346103095040
12458116860388145152
4541924446232263168
977449151546250880
6080033667465239552
6284725451829295104
14770889849277923328
5775775816613758976
8434394203540458496
4639471447688622080
2183435637269253120
17791999396439472128
10654751471293171712
5056154253891305472
17187093685574737920
8932927938428444672
1616752653754673152
11491275270918377472
11808062283086282752
18002544267939457024
17586857194018979840
3178069952201781248
15387900764071049216
11232503893880289280
8416386424460583936
17874772806010714112
2251240758544059648
6889685226925747200
3781855708625277440
5222590477329508352
3429647353496563200
1074158082486605952
1986274211374164224
5812363706572160000
17278440079500304384
703147040498495360
5491379181065895936
16364305231768760320
15406845063487571968
7037738621765919744
11635590462187053056
2981696730839888896
14083134195942490112
15553265663640518656
2258046624844878080
17467140821356158976
6729867720954136576
12404693280410351616
15277462225485946880
8457775176782996480
13612178720294068224
11752352305145251840
106978599254670816
8670242300723994624
13769560575255558144
18431439202933792768
7858528166354578432
7160290205173107712
7430190520808860672
16807953197143715840
7094676051236765696
7438607398857236480
1189501455826328064
15593220424974333952
12711451791840317440
687005550680481152
15185627084275062784
5060907056316326912
6643223002637657088
17848423302414387200
13031825448581566464
10974415609375051776
2183838520987771392
16306547703046748160
8063031585620283392
14662779823448602624
17327655539758252032
17272966969389752320
5164834950701584384
4751087103428230144
8632506478984873984
749368752180318592
16104427673261750272
14108249708009306112
16011324147235237888
8903137773862576128
4607894734088180224
1870817835836987392
2082188219582320640
13267053149452482560
4689794941925852160
11762174364606658560
10323582773594257408
1724634072393049856
6337185876562035712
1445255210871834880
16144235786735712256
5421331751277839360
2379136889439374848
3960975642754137600
13296014710374782976
11996046623751012352
8631912840103686144
16069013719966175232
5932228520404776960
3359544864860947456
9111684456978236416
7345707127181555712
6673596441349346304
17403065057730566144
13562772705763444736
10883380551319957504
16353071284390410240
14953435333092296704
12962561063897999360
5240781768971001856
6996571255650396160
2989487566645543424
103728647872466576
6063670534429377536
17288702762502985728
1906772465205506560
2582620650234692096
17514833802360875008
5281761292343000064
8430325180736838656
11123861012591593472
13602937069192794112
3737150755356478464
4348056437692590592
17315846671954132992
14058940291745372160
4495779584561876480
7850940432706252800
14373080901672368128
13620610604295088128
10248053700331415552
5226792709582138368
15463110632107792384
15999788895337099264
17635994499980115968
8904689122548040704
13042032425476765696
8313825835448337408
12886351163692838912
15283321379814715392
16646858737000904704
11121562077138843648
10714482997539805184
17024430781333485568
14271052733641881600
10274219664998787072
13326564553715005440
16568428743030022144
299290542080815744
13055338620592152576
9288505132370083840
7688653256865647616
959712210532320768
7478384256057191424
14567594456584626176
499412628542588864
5437577045987587072
11468719650344663040
14136394213582194688
14096660293815646208
11757224002782984192
3935635993184782848
13356784194150078464
3510494400279180800
14590201834749427712
1082149185738232064
6876091132369395712
16088195285623969792
12648857751681089536
9459246302238187520
2025956744164770560
2320224745226880000
12311637451423741952
13211229597369163776
514771289305212736
14815412977763180544
1646074181427428096
12344260619610750976
15971402345154623488
3148072265969201664
9822908304955211776
11930229405898289152
5193829886258613248
14551719327096637440
1353662438724725248
330922932191956032
2876453887915383296
3168532950182433792
9655239597563076608
755068233328553856
16259045305099483136
8032501730118813696
13082206787049611264
12109204802908438528
14615751220117063680
18298471274579750912
9037983312451654656
12104756455331610624
7870346255768569856
3003038853435561472
16146866620020383744
1842646051885947648
8483793194135292928
1763311601800049664
5206574536533074944
2792617015482903552
11046812421337847808
17797964031080089600
18074018715273293824
3084158872411033600
11932866940128491520
11622884109747193856
3514259403824097792
9278300808244434944
17630786123387828224
17813008880765992960
11145506865844987904
2334237766384357888
10320792021562226688
13939166654388713472
14386064578136866816
15404061439523151872
16941579533136709632
3736074816625763328
16739768352175292416
6703137168362605568
18349727825075017728
2523140321727376896
8462691448960765952
10646981683020187648
16699480701519923200
15338698772102639616
8071147855030880256
14418029702082813952
6111874280961418240
13279513344785502208
7341232023238284288
18393749453110036480
8345264244733558784
7383966125566196736
14668635899242209280
10622546435318226944
2809467330076013568
8279307025879798784
7515767640453300224
14344098655304501248
12358099949582491648
7761339499470043136
3074427116157475328
10114902024896454656
7774392703941399552
3813482292286981632
2301045126906668288
6450966452824927232
9959189519729790976
11538077960574451712
8209548848663284736
11470849431524859904
12776851367802781696
4500933476182976000
10765643020658444288
1180629427894134528
15969965947566592000
17657874495063977984
15935645074889955328
10632782445921972224
14529035609846788096
13281713891990282240
551196746814004480
1907268808990981120
7714741737757027328
17474167617481275392
9875522048022849536
17490609601154557952
16426273358213351424
10465991100765718528
8668557784002917376
18100838960476055552
13035804250839590912
13270228711866947584
14768120957873090560
7826169134981670912
7726068887019387904
10511904844001335296
17181668782345037824
13915280570288140288
4175257690586911232
13638872609249986560
8964978238453673984
10213414480563052544
9549819846508517376
3409876770312729600
354991992193312128
7716221350276199424
1554661881189639424
995634190720238976
17124285277515044864
6885716428626336768
18337484936131903488
8045459268028804096
1882652640885469696
15222490495776731136
16164998454069577728
4243521746775190016
14094051528675895296
5507744341272072192
15677245585500512256
15567086278453075968
9172959522849489920
10244418148312086528
15707984135362547712
17657179147138342912
3609821376770070016
6537168180524435456
10091262344587122688
12500050224543766528
14398027492638390272
12277794511966439424
4874446004617376768
11418748189569202176
12896756035532730368
5129504157587152896
12232995021484277760
1796276260182528256
11368061175763456000
6710770670074558464
14578941094048991232
15417446481886894080
8413332435244320768
13251681467920685056
15537551119447263232
5436765343025030144
18071989661368143872
7022253209748993024
16321364374655264768
14758248693860521984
15015097578960148480
2289210746605349888
12920197730539792384
7842887317037881344
5630475040988455936
12609992685949083648
10396495635989852160
2788867967671504384
7410046471672883200
10522735546014269440
12393728511712575488
14220781126137944064
5365425268559645696
4159132459491668992
3728763537607059456
1054138676796580864
5535004449044079616
8608210693221536768
3957215056019342848
