1489112806956260352
9508457804460668928
3655715259470936064
2063189350668343296
4300622138559075328
1268333913898320384
4332145773244798464
2370221631673149952
13728430303617587200
8153222479693069312
3986499999444234240
6712608390629248000
13452548104134979584
15078296153687425024
10821726241479821312
6494931081836741632
5005548903202383872
3831015641962904064
17757552544093356032
5450112284242088960
17370496362865504256
4552933366972273664
4090429715715259904
16980561740770488320
6891811842533506048
9616968974370447360
9996623651395577856
8030686378798749696
18223704726661117952
5522009909780790272
10356909846392793088
4731115223980558336
2487145738136871936
12956713220750659584
7884327781420632064
1844546259781567488
15500962844875124736
427475285610366784
8228839202497196032
7090491840779452416
3524824170712192512
16554746645395646464
6401535807328858112
1784843694772062976
7892499477953725440
4114702082869780480
469884579577560512
8169584175807741952
16437950019177005056
9281423282469697536
16233880857683750912
12505591054322182144
2426501893293724160
5411751022676612096
7774683242281707520
16906587975487873024
3318365043806339584
11408628772297844736
3377392934773082624
12728649338110017536
16286144820545202176
18026810005722269696
5283690974768858112
16427401960826511360
8685757076073456640
2291316639732567552
8844972681870107648
12374652185637910528
11989132510992281600
6359849707291382784
14253634378262175744
6969860236472999936
11202339345818132480
220348281999193792
8631404500348192768
6402104630494173184
16822607039694649344
13569420032492193792
2886220846331759616
1320079353985356544
8534431814893896704
7621793887493084160
15950591881384902656
7480539874525219840
4349714162839588352
5520812715581393920
5119062766862759936
18275777002318778368
12697258240903239680
8539260813459657728
3291798546317320192
4274821876896449536
4349827462831340032
10355027628129163264
12141172829881149440
5155698747741380608
17876376937887444992
8781017692479043584
17384904782331975680
7084901336226233344
15341765797732530176
2557630930944900608
14546397272171159552
12947348451822163968
3357652049695343616
10149176773310367744
15574595107131674624
18376551580116353024
15186425062034966528
15884571933115357184
13450655947472635904
10529999638971201536
3691072800666140160
16028260440575764480
7523411267556126720
8196049759182186496
10584001858712858624
7841724860105192448
16911885393172432896
5963587670391119872
6145435101855328256
17857377057717151744
16502509541046222848
17220446007354877952
580121583910946176
6742964766452058112
12349031259454777344
1172091087028020480
8420656251028207616
322508010798836288
3914569020057361408
6519005971710428160
12138926653646039040
14880344715139405824
15348385707665412096
16323902871514431488
8306946849017345024
44217284456218672
3832076191952871936
6551714500367169536
7911596788690504704
8989049997996645376
5599159589191590912
11042898454493528064
13596302175827216384
6806770208569120768
4994708177752782848
10089595011631265792
7459794028248313856
3540199437069662208
13424812179748489216
2655063163667342848
14072273486400008192
16058048945327398912
14412373349634119680
4146024026344876032
11195637595982655488
15099915363785052160
7573117793102346240
6520461751488337920
13168351840355921920
15153365878991515648
8557738920270556160
8479834675537449984
2520507914166976000
13918264898879408128
7464866826447926272
7453136227024072704
150790392485175616
12023500376643393536
9377134097389539328
16088676567864403968
3675530533705523712
6979315252373575680
4106158854101386752
8394363239529424896
12593368003902031872
1134846452935326208
13798450969372317696
9163617102691705856
6307262695277017088
17632229334832961536
4712155375059941376
2191971234164607488
13152523475570135040
8280309820223168512
13825864202855020544
8699504032492998656
1810466223473109760
17284746334081071104
18142065172677634048
14340740663542603776
4029768439730685440
10901164946409115648
10624041422207412224
8629070698695195648
9908703069578033152
7213036122267617280
3381897849952063488
12495233224152002560
5762029588035145728
15570512072494073856
16703104778426032128
2401371148218289664
11486104430862112768
1906066877973603072
11315389694436204544
14376382771988420608
2201973899439800832
16063499061251473408
4007568459874934272
1520804636605369088
8947844487920504832
2198189971799940864
5345495060885050368
13961645031462289408
10470595431156105216
9553485327495915520
4868007234881683456
6885151189381281792
677805852050610688
699352927213482112
9778371109199544320
10097284579423881216
16962673157779791872
10936790541465268224
16516368637953159168
1359834412181196544
4648146335660972032
12613602819663863808
14703222112152455168
1108768539992404864
1746361583456576000
6814496728037279744
4281141268051035136
172807654511972320
11181301925041686528
15722798118072156160
11962231365192507392
8829629498394572800
4294813764189662208
6586090556154039296
5326772089493867520
16025046796525938688
9001870494782279680
7900856021527161856
4088894948253083648
1922970057832470784
2367180052175751680
16890949858520365056
16796215586065127424
13073394460652816384
12604645017441521664
2674831908534223360
8486810157075192832
1836726427487842304
11444769479309146112
9520405028603054080
6763731952444349440
1640222267684438016
11474591741025519616
7377511736167334912
15674058446682677248
15337346375676596224
1627956609552942848
15531782833353605120
10029334533246269440
5664591877678081024
2779021977204497408
1680102963204702720
16293662649861277696
3822710385710895616
2622383289772726272
14898988950753839104
2380579691432442880
16518798517129240576
7822988821303711744
16302246163396530176
10943448650379902976
14903785075958255616
8665762369635220480
9381338994923593728
13144409405228787712
5959008946934094848
14066336473714462720
2260656350666838528
18234467526691311616
2377247629861753856
10189177181954441216
4465939092644254208
6999154908947365888
15003604202181363712
2789978085264382976
9347027793379393536
3427322474678336512
16671974427025715200
7665036573360297984
2988932806419307520
16307122561303572480
2477074761945186304
15623816096500598784
6210555451789155328
18136072560844089344
8938309021692783616
1090266844175904640
16437940222061150208
13759987557702504448
3695007733428810752
18389194787390588928
3213335148099518976
4891242258062264320
16280312955344330752
17552786184298635264
12818689847793727488
4586632332241938944
11336866062663733248
17409826996656029696
4129230918863402496
6282167022192813056
8570093107555725312
15166413213150595072
10517163052205637632
17510544370629953536
14673138821542912000
12843032144743886848
5031510528432773120
13531037534641729536
14713414994804473856
12112747810311843840
6877471329821195264
17000836604808513536
3351756850293202432
3662659984808594432
2776132245451880960
6196284844420424704
3945600804981615104
13302189895575267328
133100147715465248
15758687182664888320
7872253446810434560
12763818038164961280
10117011103562696704
14448672922870030336
6315740452625647616
11933201149361344512
8659339239802687488
5863275594878201856
16900742641414305792
14147232520627245056
336732171286687616
4326131031987266560
3933976773675054592
14844731552443144192
16547573151772903424
1494020229384769536
13758411103793068032
11196798411918229504
3377412952635998208
7638485601720364032
12571238732383332352
13958672240894339072
15050035840884596736
9131003296272167936
6780891744253699072
11421357965931186176
9768096104576694272
7968616715496454144
713269361152887680
5757105207738487808
18243055213127069696
6440941192965929984
17070430724975857664
6636797486717745152
5913506047994888192
15866861633199437824
13447191842467145728
6009455422095723520
10934265832097228800
14310746671754926080
13887721402982371328
7884464540395256832
18325105600761784320
11733970625182664704
11430897656235335680
13630201880932343808
15498016101162463232
17352660793878034432
11131227116505659392
222256112382710560
10930277519823423488
6600310495012762624
1872056546299917568
6522836767102961664
38721033668440696
9701158056360427520
565385345539672448
2594992050138401792
1282431653235735552
10661697285842862080
4554242149656459264
2900793171246566912
3477304929926265856
16854178666660304896
15458147999880820736
18043304249769707520
9600122689108242432
9841086765764382720
17713223211229016064
11177140402805149696
2091066619915491328
4531621102810649088
16712546242566445056
4232082687653000192
16719464681340334080
4201763284770995200
4865205656989266944
15764942985965434880
14340580966861211648
14941589165602639872
17618236503523665920
13971497640831193088
8920355356268173312
486657152973816768
5008366307188285440
13234073873063272448
5915395075751193600
8746421051706382336
18270452761396027392
13785769614393882624
8211604216206930944
9706745210789967872
11733744401878472704
16791630009034579968
12806002958197065728
10273531201635418112
99015090741382432
6866027504210202624
6639288240580254720
642820628338424960
18403187711776372736
14202851852778276864
8652606068808928256
18323931161695436800
13606978501299195904
8871663260812219392
4195022673490106368
6746903234005354496
16721772121306572800
16391003113279584256
8623555535701534720
3143362287338981888
1906329582647187200
13820729340929525760
11225450649176043520
2816009932443362816
3742710279390987264
670474445991277696
18160368010870003712
17631688605632157696
13756515008763719680
15285621376080967680
1765771365949321984
10540767667729285120
4755088069568657408
6601455370819382272
12325692452740429824
4426145048551713280
1180616054293366272
14454055606191656960
8807630318110625792
2381923495730641920
16699140242154723328
4894829446160471040
11374913506664644608
9133912160681760768
4855308997389664256
16036207237128241152
16705711614008834048
33914082528263408
8708991061960333312
4589725987856548352
10380229903215730688
15132521323373426688
6638932843220377600
6157531588457162752
11249999298104541184
17957591904120215552
15058743637891239936
14678632246358870016
8213782821454941184
818889178543222400
12381273617876064256
17309841774883631104
6288800289963494400
11777606431168808960
9597758711872079872
916112449112667904
13391365140030543872
10440317605789480960
18423203578652256256
17069804357331048448
3874500916081552384
6715302644821274624
2452663165469625344
4906708818526776320
13056401086672680960
16485634164209856512
12102056232551321600
12095709120204668928
18020089969800040448
17457661313717229568
108700691277620000
11714607674212558848
13750799918323253248
1260506080149662720
18193593839278161920
10408952853100310528
17238392084141389824
16347949159934883840
10430386261756317696
12992802590797748224
11189440434161989632
8006319337805077504
13531559502363856896
10284235886033102848
18358203712045940736
4288716890736778752
8151532361619630080
11453892805815822336
8748694127387975680
4385945267209371136
12226693013574301696
12481409813340299264
11539311873523468288
10843847090897874944
17148090939900649472
11012134660482598912
8285532171062701056
16987236076433897472
2123193023497274368
13824104790937905152
5921192055604503552
6186338189722230784
265134933670459328
17513349015547525120
14618540277928581120
11789043373705617408
11807686571577690112
9766554181333198848
13762409646563567616
18201893536964947968
5553247504078251008
10163690544926562304
12253991448169934848
3858263733171013120
9925864385150926848
8220288723139825664
4030747088396480512
1832960328786615296
338142591272311936
4598515534290225152
3210429901461936128
4758911931132815360
3985363175134479872
16913356498093774848
2854079308631670272
6253864273283619840
1056343084221327616
16500856027612782592
10883870149491101696
571353379934819776
2600195326379282944
3182860333267740160
13451449325287090176
18132834466353393664
7460119439986231296
4436502527008738304
15558848511135694848
14548145937765210112
11856667532984297472
1880331039855902976
3924061989236583936
13102722278607902720
12879768868995471360
100997763447851296
8293102220856361984
8212386155677057024
16568220589686343680
17086994933258201088
5460665582566793216
16284707203913467904
667107125824996096
672550616461557888
3394974049823805440
6869064887539039232
11665450834528266240
7113630330521184256
4591715234221645312
5947975638967336960
12933651300732172288
8363363463147429888
864223024381843968
2279136701782962176
14922744985512830976
14515641522086600704
6988166454239260672
7069955950441333760
3704497637336130560
14232756796896860160
7313075599905331200
9054654539729199104
11312136961753671680
13898060771240800256
11847399572924766208
8734289757936232448
4037304464511248384
16828347499834277888
4516453714964880384
4125279809555942400
14948997231577550848
12324822689099720704
10800910866532595712
12917319850498248704
6673823809611541504
17541957665442340864
7542461762025456640
2979162791193280512
10916979210075990016
11415579979279890432
12100555742687750144
12585838963151185920
15228159782019979264
13329726732395274240
8954063727398835200
16432097744109850624
9179389719559540736
293761237762970176
15046056486797002752
565360152281716416
9062781526039048192
231985238623675872
14324701294025420800
16265512714032297984
1537020556170093312
4850258754864506880
14879893765399093248
6245334021947450368
11675843253492895744
12364436000512024576
17991607429732950016
570732162194433280
7467604775306992640
16173786664800692224
13301404759883012096
13576252193479073792
8898655024408730624
16968356836942682112
10547179451189229568
18439334213382436864
10299451445150902272
14035972512771448832
9323976175661793280
15804303356814286848
140031703202357600
13024813213739651072
14796461896226523136
5433403741686928384
16081730977225684992
11986283626882988032
4206986665451701760
1621169314299548672
15318662719352055808
17058414621635794944
1761723876268951296
2013925788394316544
789201997159665792
16812195385724729344
1530585003695120384
5207924835001507840
8238237942778114048
15229371916607160320
8830716904667872256
3640528064127512576
9754925787371945984
6534716566680805376
10835666984516296704
1684373821879553792
158495393359791360
6982068809766479872
12035634137023408128
5204039148733713408
4935138694882539520
4942433707428923392
7949783258611791872
7600696297468359680
1776413181341911552
2129808035015664128
2651237299153112064
12418937194485145600
7583343264725997568
13630532269168148480
2916892893711055872
5563242717711247360
12341108824694865920
6208652422694225920
16916030492068659200
138612469476746944
6123299884509991936
17281993350373382144
14220254187824934912
13138227342749014016
1734179274284958464
6212628900811963392
2790743639736107008
8785424353066061824
18334686926247892992
18207721131833739264
13320651837345587200
18308729485627062272
16452281069794717696
6950188781087551488
1000552993017477888
14988949844557867008
9469463660434020352
15508846690933768192
1463404082564686080
5969489705446439936
3367076252363239936
3783428939646431744
11367278952618012672
12683011744462225408
13179830887290910720
16169153738735005696
13678067092860354560
15786089875706472448
3320283667395338240
7215612775649817600
4500153343322985472
10696619489983121408
11895386186128912384
14033869286172735488
12433321666774450176
17713666999041124352
3530833686521345024
8807385326001892352
15784408321025402880
842611240942390784
17418224335275227136
11729279953653850112
16151415755562772480
13105985446825676800
15554563451445069824
15209455642824880128
12690290064750213120
17915665473538447360
10007813391166670848
14613276069535297536
13957070756622835712
18331145446604365824
776499515310484224
2159426442947124224
16835263295001092096
8181550452514033664
16567919073794936832
8393920824126655488
7801161335508184064
9285651839877531648
3980664643952197632
4406141787223844864
13933458805269284864
14439148953588766720
16233297661115131904
10706285312602537984
12980672623827163136
13471686970459181056
10745734227108980736
3813218209602685440
14796159043077728256
5581546030352439296
12802747978852485120
15900018994135664640
5825537552721067008
18251831774554472448
15569177829293201408
8081567474380601344
17892377755126276096
18239868104841476096
3373990558039627264
13888830679385939968
10831433501331728384
11206610331309901824
8968566316279240704
18227124584428195840
17825259905175906304
14758466569811369984
5648266256726400000
4799513455968024576
6937352479934790656
6027899252191645696
11754762213302734848
10594432698556469248
14857252808834435072
1966456977730829568
4150344473979745792
17151195221973118976
7711551182999823360
18163288562974711808
16181696083868921856
2049681415951462144
7581087318975700992
18098535805243830272
7570202115138003968
17180593982205175808
14979246659862732800
13106285885804443648
6621496620909628416
6520169450799855616
13880544650991613952
7916205589705000960
12540122966910439424
12251481395299133440
17251576739295858688
7676724626561555456
14423547673529792512
3992826540152679936
5805943970134153216
1591059783518588416
18288144108995850240
12950745143593846784
1314045802736939776
608828131945628032
17753212740307335168
7936406920874587136
5169873227018673152
1879779012428900352
14646763514423914496
16112531577414653952
16975640605631827968
2828813784798957056
13404185366857250816
14295704933630517248
13964172495426002944
8285894392359538688
1874705506150473728
16279007328596996096
3732200435805679616
6995822116396504064
12375112086414147584
3325450910079066112
9778391587128692736
2122084049804267008
14537613462491129856
16881411963309756416
14773853036590876672
17274922384829122560
7868699752743635968
1228528570829614336
9614753366360979456
5220289807732526080
6639213105511593984
13505680867239354368
1503871911275577600
17988083241502621696
13166661011553699840
13679560225189675008
16271726213856860160
13290578246064205824
762703865168210304
16525293386225344512
13215617329736339456
5421907568055813120
16497382749012756480
9677699483916423168
6773051240513469440
3127834812634414592
5587417006196331520
4263447445533011456
10029026816007270400
7034864098734896128
18334995553085220864
4110444239463014400
11805210526140088320
3276996800649020928
1440423539384602368
10768349557099966464
18242784946840262656
14902072828982013952
11516375583606896640
4045123111695739392
6197239803070147584
10013198915089575936
10237054736900298752
7789175774079327232
4928802859985083392
17177430004916678656
18030346482748534784
5793002741073742848
11154147601876682752
15025084354087499776
12505943116195627008
3319500712183777792
17004879978039472128
4504777351578727936
7940164008576364544
13015238622913890304
4727175575364657152
9074612671097161728
17337981050544465920
4344864502922827776
16407144046537132032
5233677114394574848
17587361351844468736
724566840608828544
12525592208707381248
4841824577207271424
3107424364336772096
12136548847848919040
11220358005495445504
16306036382038341632
17728852116397742080
3031625372895190016
16366270589810776064
1591000756872122368
3763328212666222080
10075052967834163200
1895220089742838528
14785368157022281728
5752416883067567104
4235531449271383040
16689440034315589632
14462356095801128960
8063591554390346752
6365072863051435008
16127038007400734720
13770870625104781312
10646644828867850240
13185298792338405376
14796427866146793472
8027831461063138304
6655981440129857536
4968691996799280128
10832853162713681920
17568868730738233344
7216121521879064576
7761588953046964224
8891703260994770944
5878677847555274752
4712296690079685632
502853647670901248
13271733907770769408
5015765724481294336
4456266733997899264
8567633302990484480
4841846838291998720
14281268814346956800
3575241358219143680
16709128158207959040
8503372244635613184
10436749392282753024
2352820427891463168
3429640096628015104
3191992282467775488
6970980328343313408
1779139080376826368
5858440988809786368
7737700207066817536
15828374508593905664
13077897818893721600
15839428103365449728
13850700479303639040
7083209205925462016
149119354956297920
2056835987670657024
8983230234664005632
16365019329920993280
14822346892978157568
6981032193279366144
15490526704904871936
6411267427004421120
3419561780181158912
3787703874038274048
718213236324114048
6372338118657885184
252061977249527104
5278100241478039552
6646697065009179648
14356308655908593664
16009663747980896256
12359126369646872576
12351691599573237760
9338450637312653312
18097985289323980800
299278896930314176
12544454434564116480
14998446057909014528
2050734647932517120
9163164596412243968
1410231054144482304
7526780763820648448
10655970580493993984
