7787892774266885120
16887096166511560704
3380239194343721472
7449915664850211840
5406443759674269696
12385060570908678144
17970304826664267776
3870400080899406848
12785530361158496256
11147482558401736704
1866032254199772672
14893657129608296448
732380646150239872
9315193512354940928
7056569906447367168
4552427954678478848
2792661317489931776
17948927552420003840
15228799572912959488
134188619750826608
420292664250007040
4634896237297006592
4614021314997471232
15905713696941817856
17452820939276500992
4352749853176831488
9251712903475777536
322680179693190848
18040205103788505088
7680264402430584832
7477929085154734080
2203979657800416768
11950123139413336064
13879823977854701568
5106125112719979520
1156992119691762688
12494606296031731712
11365756501985613824
4860993973915862016
2108170624431551232
4708398184397018112
18157353405557911552
4308246568282250752
13683715536524380160
17601572781395650560
9394712454455709696
1289979740079842560
8433471876753669120
18225554871652472832
14337914241430790144
16089535123357945856
5285452639585553408
11408621444574007296
12242842632528345088
6358552068979097600
4001195899155621888
8006825637135358976
13681604016706756608
1276598065463312640
12357857536706656256
4832847257941150720
5160877617276093440
3178080124138522112
5565044448952928256
16487879271896096768
12927002147131406336
2203275249067520000
18131446205105344512
6579180266375457792
2399914826117917184
5219036587582036992
15116337330255239168
1717751868484426496
2572809966417929728
14060254288191217664
7930168125832563712
3342551505912860160
10455475493705558016
4758379850050501632
15796458638263498752
17544895690145554432
4485460025375880192
17341707211995250688
10966046288601872384
33162817509593576
6095502128849249280
14436009387786010624
6889380668190279680
18289504882857836544
5515840114006876160
9978135711442323456
14533447613476401152
4495497995456402944
13772351968755445760
17252274669809334272
10467881842252394496
9393166557934641152
2198393019227808256
10562117882594387968
11771435771040612352
17699088567972644864
4841511718501982208
17203766499999907840
11031226271347539968
12088756767400327168
11712195337315256320
8290544022174186496
4552657073220486656
6295936035973221376
10771144081863405568
13801776949264781312
16509437950793058304
3413951569044767232
18005632083625889792
4568975483964819456
8544559913676896256
15254815196222058496
14252154827506163712
4636098340109430784
12126201205978335232
6895566526708501504
15861790960543176704
10768067896199276544
10135589363860592640
16400899982418456576
17260815026281349120
2916348059673355776
10590180121467521024
7491853705372130304
11255908833826668544
5325538464078575616
1638694404754734592
11770323968108914688
2342127515061508096
13378396857748660224
9653654052175407104
5039227681398251520
13745313540138151936
2984161505589977088
9665098905885194240
17319339115242911744
11399462684889483264
9098207929171775488
16460988665328105472
8944075505247136768
9662669795571857408
9613118773639835648
7243285627199876096
1570650758480955392
14845749740680151040
18332094312103878656
2085138727511264000
12392567147439722496
3045365835423548928
5560235173294948352
10097377119260536832
12519921367602276352
9694187838340194304
13849399971624636416
15602387252946116608
7573003674842997760
690562250190807296
17811333201766156288
9763243179731382272
6029214440266371072
2702197513290888704
16217137375229274112
14389107321710970880
3843254880204766208
305402761021384832
6383897160997198848
15355466955851079680
2169167516146331904
7265846473441160192
3092591449527001600
10942341349261510656
17844293701535899648
11285220210145081344
18071423795186290688
18444915756062846976
1233038684994078976
2946828464181321216
8371105362107286528
1955115945670223360
6831660709466532864
13724216998547357696
17886193509623830528
11168627619608154112
5886113878777893888
11287014627345039360
1365118020809817856
8825928814326909952
9515189163563284480
12184963212364847104
10886709378448986112
17947084176053272576
16947394271372996608
6863762876556317696
16590629091063572480
15910130524904390656
13351002199282726912
17388139079389143040
7656136498582284288
14264889681466828800
11276060458655059968
4638564947248433152
481105268502662400
9980972892835411968
6783161061305103360
5725952525280069632
14296906906730764288
1523662827136834304
15568960544161744896
13184365518027585536
2486501134609808896
10913953168586659840
3911284248261372928
12855150737298968576
8916328347130658816
8327969601022427136
13633589859057514496
6684938429694242816
3299284165548913152
12210719618609739776
16924790458929694720
4960732253697782784
863896040191019392
12163099368085059584
14621759481102583808
16658997366014867456
14706328138350225408
17708488784403793920
11844126817489666048
1777210497480122624
9603431188932730880
12484689292351084544
5970246307801435136
13147924552932333568
14481218616511406080
12431313132769099776
1834352921837412352
8082177665933788160
4326363681211796992
7721097953815061504
15205148560246970368
11770923538936690688
11822341703236618240
14303072622171561984
3297384366529094656
17458380657288466432
16039149529843922944
12284961079454064640
13280708266797137920
141493440061220496
10857241387264425984
16095091724360550400
16030874210014457856
12467869866091071488
12966473600448065536
14091374280025202688
14218414305178724352
2122634656066339328
14328623831946213376
5574223428658951168
250735126330478720
8049516408317211648
3110056267389875712
7966846610168995840
12001187322651162624
2114022024932720384
1381938191921266688
5217027377571846144
14002914773169694720
1995983309663339008
2611861257751340544
3833201876366401536
8427389612568652800
8828309812931671040
14392443811596298240
14459271856329840640
8135193513580317696
177789247803789312
5902947905160178688
6325344468498754560
5725270917559838720
12266449469898803200
15376442921345634304
17647357994218244096
2341523354690794496
5592520550567019520
7846245019193225216
4087452809711193600
16916411279130464256
7058718922067291136
3753778782513293312
1547559924066716672
1710723836727532288
17785363575046961152
18257474090770475008
16618947730793654272
17480297688217204736
1718726333505672704
9948426040104327168
792399653691478144
363433484084048384
7958257357368518656
1765895367904577792
15998867089393745920
11133264878168367104
3698579026607881216
1691134376223351552
1798582005357548800
13521621610028191744
3096092162732001280
7349892599063657472
5371151452647742464
11282412132378587136
3323476928761825792
7991628017240380416
6643286856954397696
17405031852065865728
15007657038637197312
14556546529428918272
16776811759750103040
5087060468904804352
7905918124737886208
7775604342068234240
2506956999615574528
2462855245834962944
15617533861575456768
15899242032035495936
18420303292401078272
11032340094415792128
1284398353216212480
2604304500659742208
16773838863767812096
9271381880144033792
16506520894422104064
5807943247702324224
1778522018744569856
2336918551589642240
12888510776234252288
1575158811256767744
15422195673359949824
5622728396396035072
2997465163394402816
10742061017849839616
17289603141876658176
3943099791080197632
12659284036298313728
12889814663239421952
11192779057953853440
3645658396525240832
12330740256039948288
5443035613421043712
9839326616914747392
10231363548761647104
588476492737560576
14958136102829250560
17976511935911768064
9116417137878644736
7440623151424766976
4987899980296113152
8547365969691091968
826325344814321408
5799232174725132288
14138883025888851968
7266826779149139968
16206659945885630464
14192171512236716032
16061392812549277696
10998557211136606208
12911657935922636800
10486904979961696256
1276026750800689664
1428157872336419584
13961753629525184512
4560024455415157248
6959859356334739456
5499837951894555648
9125265069737587712
6089868089094516736
8451079134335993856
604851414978869504
16897381443751088128
1819281521672777728
3109417449315971072
8109039377655973888
4785796041496083456
5485583967448398848
17197095959133650944
12280727468708753408
13811265545056423936
14375845343095599104
2528901992518841344
15476738222571720704
10653079141737926656
13830454326540322816
8339091968969027584
1396049426598346752
350190968661910656
11243058984565387264
13432471649548687360
13084030944804300800
3919563206645287424
601699178859466496
14596272849450264576
8716740544528342016
17754391796391172096
9681364975848957952
8998730062065850368
9012532902971117568
454403109914998848
10216128881027465216
256833021448133184
16206332626882105344
8363691974576917504
7611537202668734464
7943651842201010176
8823922844668327936
3165242132676057088
9503142261411940352
7842513729804273664
115572525806192272
9740815187945113600
4293461767681627136
11646256907436619776
14816202769404235776
13315568548415782912
13319909519041187840
8532974520476124160
3076822316344396800
13951928213006063616
9996175518877405184
9109999377325372416
16526438660186982400
937779656633705600
193522978327955360
7488515177846774784
1030223875503844096
13568546223647172608
15950150007210231808
7367728675072925696
14422778813329702912
5991475864333753344
13498372736935143424
15397962768990502912
10220596799736160256
16231268582070392832
7727836587257016320
17078321222646573056
13352885605488205824
1429936725723872768
13611693728585738240
17997363894031284224
10963679477890596864
16567356537243734016
17068747580898021376
5910782585427394560
14146661583154456576
13206785539560101888
18319587711567128576
17681828753720653824
15684459996925147136
14565688219154255872
8470381771975434240
6061004701717124096
7460790969616424960
10637855529788473344
11496086920636964864
8808698699968337920
13228918383770812416
2136719079852074752
2411323004239010304
10023582208548055040
16064768039924357120
2036395835358873344
5886321523835961344
1323567540225965824
4134639496870142976
17007896850223714304
13941587149868875776
85209129693089536
4405914934612114944
11982215713111781376
9822796978869137408
12375557559327827968
9439996412991270912
739352227747730560
8922479793917745152
10015048358120196096
14193983755323396096
2156977143573285632
6284238215469416448
2466257415425377792
7834968908451674112
13775002142753945600
14974222378652813312
8881411356825622528
2482650017133967872
13730694620422074368
7768059006628748288
7700237902593206272
14029537467462594560
6122657660438565888
10260169693439035392
17324373351810740224
8268761304704726016
12427680593718996992
2471610570899453952
14632164769270661120
14449996110561767424
8219881012052795392
8064616349647227904
1966359607453249792
11926800900054724608
11158786197308573696
9394209885565257728
13896012162564532224
12687712710532931584
17942156076498690048
4811558106482358272
1362662103800144896
7263184137085871104
5039874471495650304
8832510411064278016
14461738829190834176
7691451547829350400
3116205352301401600
8492082175306684416
693548709589973504
4315068301848485376
11121772714320242688
10319364397464244224
11373915678132690944
13472093677349990400
9725441886036291584
13889786354538346496
1535965830221690368
9377306272544450560
17099596110937497600
9897416991886704640
15829282518711334912
17163544463191986176
16541722072126482432
2570911889479553024
9193661626225977344
1580772074493773056
1866562825241841920
14042034334682517504
17883838056469174272
1918556472241669888
14047248375604856832
1600967406524711936
4299816448876252672
15844519543147702272
5084790059807587328
16248782356296724480
12403200128234213376
2502638212790818816
13753548392699017216
2850298532239544832
11052773040356796416
12222008863847804928
5937090809417511936
6046650015151450112
1154526330994108160
13547347287668889600
5830027952981434368
8391917034439948288
11911783397829892096
657393356339499904
1874935564110298880
15314441899112304640
1461340418737078528
13893173187432943616
10123143995678117888
10923782217222619136
3799901906425565184
1534725976439044864
5821101924829613056
15457606174339919872
9314910229334446080
546228750319839552
1412874539739113984
17104250360658053120
17675256987553538048
1452582156115510272
2390335063608322560
10036711789978126336
15995329899310888960
2857355785018091520
8701122078992650240
9263240343652114432
4579885803981404672
4088240357578165760
3275076943872118272
4514347009221411328
6544746833458151424
13762019433058146304
15849741114244423680
2798426617969591808
1430572051314672128
13613321478308384768
4366170894032427520
3947837257285649408
1285023042154973184
14157442331623204864
7584197961873868800
4627057542259560448
16129134281404442624
4601012381089602048
17758064485620011008
13776810401356396544
3194507539481542144
1420543124775126272
10795183620755759104
13789968431776454656
15229359744509046784
17089410238851649536
3914798770048163328
2893477943123164160
17171701096945922048
3761406701974408192
6440461316889017344
18339934027996977152
16554529143384614912
13918839840203921408
17215185199642368000
3004212889966429696
14237307416765888512
17062145365068584960
13272523996429469696
14792944628476567552
3498526338895072768
3660420661404566528
15504031002734088192
5081634348337794048
1187921086982710784
15487844058386413568
2852129677587425280
13476729271714783232
11713086189409619968
2473805004904657408
9433625243149803520
7952931399200312320
6697971082006053888
10137983344443746304
17983355905980444672
7382830899051158528
6999261817831513088
2079889349340698368
11207333506911485952
921045788916153600
15543221068594425856
16594948145465141248
4694489639517400064
2693645059844466688
4549220910163315200
6012691366790831104
3148085041269936128
3494163703660161536
11703349925667698688
18398540057219624960
10221507217779259392
9352687695625609216
2071487775478384384
16580366140299196416
7104097685318137856
18316310680992325632
6557704046459277312
6119590797720809472
547004209143265280
17044942957715707904
17179545387716505600
13457802182685468672
4257761283766181888
7061416948062633984
16962293361456707584
309482332585474944
17696812531434221568
18431138398545305600
6393657110516514816
16162647655461959680
2926568728439482880
9282071596560900096
7368722834394363904
15510344746833559552
4581346762723754496
11850851631820546048
753175395622147200
13105482824692393984
14574782067230083072
17739570944577421312
12423965687073896448
12014380325681887232
13396618750445307904
1897803618189836288
7832225870242505728
16555933755836182528
16442848055528523776
1542641446538053632
11334630682726381568
12538033904944003072
8035163449485441024
17290318819609260032
6374588391908669440
17953933513238337536
15431864101860884480
11539151846954266624
10723694405709084672
10294988634802022400
14642695191697985536
15218960645826979840
1997748331477401344
16475459059132311552
6828163486576517120
13424502099798872064
12939642136467202048
18350182769186787328
7544448029908592640
13902792849070008320
1462970392170964736
16321642076168509440
2812536672399305216
17186096404721190912
1396760740896466432
2904458517821853184
8295531458894617600
12476891947599364096
15518605240697313280
6923246685667336192
11827850776543062016
14802975228400809984
9832524751453890560
15061312266355650560
9597796464266899456
13867381537381036032
7929595374019607552
5199751448539383808
2880997725352748544
17439982935763392512
8345188601194381312
17397415360703115264
11818248584120829952
2214029719960406016
5766604782124811264
15305109176042997760
964529869309639808
7633206987160282112
3324562481429459968
18249141935664947200
6716580981416088576
13673052800122202112
9360766280433422336
16282112853816524800
15376412573332840448
754226099314260992
469925221569178176
483519453398744192
9687661046003431424
12272413624047472640
8069790056499730432
14491972633240080384
2467136686904926720
5364915820400491520
5556900461706722304
8504031774393831424
13606324240150562816
13035149562174453760
10142108208913311744
1938432436629678336
15977673327893796864
11670577326851964928
3351831514108089344
9897583629031176192
8107344814676192256
7206517393204122624
13509436752165109760
14946552351660507136
7958918450179924992
8046161080175657984
5402698046780570624
7561205743765508096
12219089511433805824
6916817586931697664
16329088030993793024
15048118428748093440
5315639557193339904
9106412072427382784
18126560674325905408
2969200194355320320
4552404499385416704
9986914763911286784
18175766083778088960
14844505969548640256
6621423044357982208
13194694154717702144
3875934201742800896
15883394088290068480
12570306234733391872
14087524131371778048
1650094319747161344
531614715524854784
13723025479308478464
993535618259436160
1444833050534580224
38290685354286152
6799347089272742912
14617198023472171008
2564858262257796608
2597171612778980864
6850843426253310976
11869151963933034496
4179147400931765248
2987585166320345088
4925015114218333184
3142653377613895168
3274859327579354624
4344828925527712256
13612749732475144192
13963167347587389440
10030569607481034752
9993211777924902912
18360834288271996928
15881945724563578880
2913860617640085504
1908808872471884032
13002857940955244544
8907751975617369088
4248936219881981952
455930324572089344
12414930414771994624
8106693384100342784
12701686747444064256
12085126434514286592
13902196726330982400
2699124110176264192
15264816793213171712
16131126594995175424
2616752252636793344
7031294599292098560
14512143207073726464
11287120574653769728
13917238704185950208
2994814784866587136
12125887150246922240
16222897689490958336
5735373556642444288
15801025689682735104
2767632506512778240
1880002454327092224
10500338946151565312
1296645521210739200
2317997067206562816
9477107787315091456
16123171917403064320
4633037843655072768
17645242589889878016
6986016974472385536
6168714334979985408
16123922975362500608
13760581511113582592
13338973297035882496
6789390666789004288
2133368173758226688
7145928313956081664
14919005262598862848
6683590782299627520
16460100438732335104
6105079055686958080
16199766783056916480
7423001432887164928
570865663820287680
4490348292357916672
794734674382734976
18007035302042546176
16242803971165419520
11023394232147343360
1443823442172139776
541799531737093632
3582012936472781824
15629621509094879232
9874817962591156224
17408025423687446528
8457883094463288320
13803513490183936000
10955791982326005760
5588390154402860032
12706750838216112128
4223550228964847616
16295253845786929152
2112358279338815488
11003938249414133760
13341547347107696640
7936588415101938688
9533869651384541184
15533825223619334144
11129885262796978176
16936244716854736896
10111245024785152000
1136863924428219776
15086339045211021312
9693914574776864768
6764955895025853440
3804724040940171264
13661163866364747776
4648492020407336960
4643447363930821632
17209167192990699520
10964308010025560064
2919250202886658560
13055046712487723008
12806273350977243136
17816811956560105472
10084228466777673728
12877909414958229504
14822120864523296768
2576175265179966464
16882936353244680192
17785777607067932672
18293293823781636096
5561338244612987904
11848525092945549312
4671783134437362688
3992558367621941248
5750820517522785280
3358661987336989184
13785580952841576448
14087984035311032320
8229601747722251264
4210890855750751744
17693188772728285184
17349620495673030656
10215958133307852800
1341739421020593920
8993482966978242560
15507276337992996864
6873549765379364864
10744939588884502528
17639974210264371200
12459615457031907328
8605740192525128704
14094262511912867840
15470958096070889472
17608823503031050240
17324512752997822464
43418116446921568
16040594250487482368
10692025753906257920
6118056597197845504
13439151589652389888
12079685265038372864
9475719615842922496
8766559919242482688
3331738353782537728
17486362847586557952
11245039815809540096
4655211136698948608
12746805740789331968
8303527467468017664
1953364618987500544
14658047322420930560
12470502704583593984
2051592428628020992
16685079521605820416
6131135074074044416
7154273180412221440
14141443513447895040
3253433958351052800
2252224261753886464
1122764157394733312
16539438859870140416
9520708366768027648
1211867209132699392
12376061882525992960
8957622688198098944
1271820465348950016
15850565404096376832
2146887025306505984
4492933979206017024
911188129963758080
15021735783049889792
3984860828796748288
14872927664610285568
12923192385649727488
17497302639687094272
17006877022454235136
16705554095407493120
15284783932480460800
14216013388821850112
6611463759154430976
13837270005075453952
7570443402448958464
6701351479156577280
10877386371540529152
15368835531927322624
4897377521187912704
3959693055064978432
7939891319554433024
