17355010492373889024
455079440032797184
2547192083230751232
8245150482717396992
11541699055569870848
8517168736177510400
4048430306269868032
12054292045162940416
15149668405839065088
14103726577040760832
12185134929715384320
14058320147246049280
18440098808998062080
18436669250859589632
10257676515370491904
7069119827306098688
16096195252020150272
4404666103128457728
2799007336358221312
16082614614711580672
13423261057697017856
5815866517536316416
3580344553739960320
1384281697949235456
16225146465402331136
3099527142650507264
11590050488818978816
12568594127331162112
10924176248588062720
14060126377179025408
1545346296278933248
10151401862983792640
12197571619796027392
8681251118524740608
2583574457528755200
14043961321935822848
3122556496938260992
5456515303769344000
6813681979493305344
9632602696079237120
7588229556203551744
13716448830304368640
15726816933314830336
3758572777016901120
3966644392362458624
14504767275031521280
16338808269576996864
16176458658138181632
8668398249629058048
8877091153056154624
12693034267959427072
443293258559077056
11651816832869568512
11622837493501206528
2028148437615917312
3965835506237002752
8417858903116374016
6340322003169049600
9847469463549110272
14772395084810627072
2154544918725787648
18444911471428233216
2507634490226524672
15967222939397380096
8035223920775328768
842203510267639168
7065018212125446144
12574394788669958144
14073520789646030848
18355542434053289984
1946229676603933184
9824719846019104768
8152631142444215296
121267672375332448
10670570267616335872
13944541229236523008
3632303048316264960
9538303282670233600
16108446040567521280
8932317346764062720
14048935606821691392
14344115168222304256
18109083987497082880
11713067120830056448
7755540511686870016
13740668043795855360
10499688575627845632
15541573845211394048
10601663366927726592
3455009075115541504
14368115072846526464
14523360269223090176
3183404726888216576
655912909026195456
17137881376356487168
3158764250543474176
1281588544897275904
3325829314805247488
1777771394255645696
9944762188244195328
5913386155508579328
1144943800873170816
3052578036916531712
9827153688643198976
1225751659978792448
16087778211389601792
13349752796873340928
4884359195907631104
12854220153971998720
11581715665617324032
15798009362050228224
8628343043084312576
14913243141114427392
7519171727585590272
5012459605866913792
8587740683853411328
1707091553755690240
16307459598901170176
12387504940100028416
5979262651287868416
5503578467849765888
2495336563242913280
5997704908979074048
13930615588012224512
16587507364820346880
5600377093833583616
15750261521564270592
5880995739749211136
1744663837395363840
3611593760293199872
2485454507138803200
613979326567057408
13562643615398021120
8663786484680233984
12004262173521166336
14116328771016755200
2118008512366945792
417935572841020096
3086258385955426816
9819822002927968256
7895532155535673344
8920262017029395456
2843876084069171200
10708957666664716288
7694188970825038848
12068552186500136960
10464153438947389440
14777467081318500352
14380008565739061248
13201479357990336512
5919302282021564416
5335338596400100352
1569148316587382272
18086777241166923776
2688365090445337600
10888243771841574912
2510264349865413632
17215448233360316416
7305820995030618112
12833326559843305472
15150635076800501760
12976417004149897216
9974970499291324416
2326780872507193344
6083050556379163648
9283962844188049408
4489171741535951872
3125914853412148736
1008799637936823168
13597189782902507520
9346998216086118400
16622592174176184320
4044961074137191424
13513785815539496960
2693219862875924992
6346025234735320064
14753870893759764480
7448489387621406720
3202300630664114688
18335629849640787968
11989585430905788416
11724218502388725760
14316209215075852288
15565172515999627264
11961030235263846400
4448953325631515136
9942856959688327168
16923351625032505344
4843128657868040192
6061992684244592640
2049664551805877504
6695853178500178944
906387658650642816
6045234233356219392
17615242383318530048
8822231126198052864
3357544938664954880
7601534206424424448
3686159874457008640
13441982409803872256
4495956922570113024
9361380039606163456
4264514899478133248
2223604517560912896
17960207169176578048
15148418135836090368
14425307366724018176
14035511364419719168
17573403033506770944
995398346343442048
16469091222551263232
1144377751623999232
13969765809617948672
845698503625094400
5668689406103527424
15162963704736831488
10625903741052569600
10353684543566045184
5502333057637683200
773911315037861760
4887844170530767872
13146788035005573120
18382463330909239296
15704366128564221952
3945316765805661696
12876647965029285888
8791555501014030336
8162031507233659904
495823286474208000
3075963708241068544
2237659277426999808
10210670298653108224
4322591570775468544
10333182218692153344
9225066006194767872
9737281591026739200
998571327423032576
17962775202232952832
2892331098363638272
9991970417852465152
8363469890736215040
11617771968876044288
2861374648181925376
2180617360723044096
16497466118842257408
16062273276874496000
12133678680413616128
18328346183519666176
7901196942833089536
4970967249864744960
756954585421894528
11320065725983434752
7443311934984164352
12797296093656453120
13579294246880561152
18081687594833141760
17944966893662101504
11388373090713040896
6292368999259581440
16770906237441427456
802407023083564032
15652429585495320576
5595271261652473856
17174470029098491904
12163463029123964928
15175192453346617344
11154685416424251392
15893004545032570880
16946587495239194624
6747136753358129152
5080619223450968064
4195532654891040256
8842651608962796544
3324460086466598912
5299323781999864832
12075644743827308544
12827029391802083328
15411082259720194048
5890142501575410688
9388227728811620352
14318647187874297856
17923305410128087040
1916419736303893248
15666962541191729152
10469831398501593088
3676077084962442240
9819746181252868096
6911314844781212672
2724592676063625216
12175962254237241344
17687469543521454080
5247225739025537024
3282025816988070912
16691477988408743936
17659780880291024896
18202381773923557376
7635646373097673728
7299068492727049216
13633263894402959360
10910433295762196480
5212993000842920960
18365108738317393920
8112348664907446272
18400935129610412032
13946211233006655488
10186599380895930368
1555990656923283968
17361594410453927936
6401865233067557888
2915921560090412032
12725264994215213056
9173887867522981888
8905052483928702976
14838196176926156800
5123880274110706688
16795923706208706560
11299130911752890368
253034689041555840
11865217969824198656
1774750935659356672
11072390129495420928
11768457768077594624
13107618899450306560
8676433855032678400
2480082620953531904
13968773437288069120
5019641180969454592
6804352142477924352
7322715255152118784
8166828943932308480
1127243014745644928
5583188938734484480
3725758243644927488
6704584064729874432
18141329909961441280
16128480635134195712
13989594794430382080
14275977262173730816
16785574660404568064
9932983659990460416
10931380142887561216
14521379876894515200
16537873883293118464
4743032021491320832
15048696316876867584
9789802217204224000
10712516841816752128
4059805196183152128
6248142594425237504
9495506012679264256
6352600106232864768
18141484114321381376
12192464684361646080
10380968650250702848
16552355621856323584
2280564870728491264
10014860778925338624
16964277145833461760
1673604709149188096
18249388198848296960
1918684014250506752
1036497134712781440
17710637072842307584
4642283394282155008
4158230972247122432
14957585546518177792
8831114877587759104
18184291244022818816
1502717513395394048
16056165417149603840
11839765286568767488
10391107952476977152
10285351523216134144
18053185808547168256
3378554511949256704
16680355449938026496
13452254258358763520
12541138032886642688
4508138713676446208
12404220025023522816
1795372466248207616
5969133574976686080
3155254509873828352
3442027760290745344
15010288575672905728
8022824509548772352
17328782461529544704
2287550213726452224
4154669646274993664
8240897359765350400
12193811395725467648
9825477604079613952
8249629400165927936
16173626773997764608
2975400284659247616
900675002408580352
2233342377016595968
4268518322772323840
10290205434968260608
15088986910481180672
14622115074981681152
190922069983468864
8220185932287791104
9166743102317897728
18175981372756568064
4114228517519392768
4213167833856136192
10652197785366882304
364736348655688960
10385647264821694464
16670536020285718528
11562383980652505088
10748825852278360064
12868283279547348992
13877855677630031872
14143973087322378240
6823319774299019264
6165703586817257472
10032059102227263488
14097677521109237760
9234713197280710656
8234011709762945024
16336412872881891328
1449986121967038464
2633245688157512704
16890116005511661568
8778539481929111552
16836511350009618432
12892553741931249664
15210072474106480640
7192569411486842880
6439673753698132992
297437759494160000
3599551506038111232
18358496078799333376
16447274888453890048
17758154356886843392
8640322762990247936
18092308232566833152
16311934426380810240
6450220510832063488
12337451977463394304
9109429738799974400
8413084314484823040
15635220651635523584
17369784561140596736
4607245454329345024
16670528620445698048
12734676839144124416
6724361448659380224
18370681755285796864
14998651855233931264
2978346379292068352
16705061219650902016
4914496996182631424
9277739957536692224
15942010554763282432
3954799801510178304
10673964643427321856
13533123879294869504
11119236536430104576
5403162246283542528
608470250642678912
14611860920493342720
1900531853952583424
9689183908731035648
7747147723231891456
16906964271894900736
18324163741377474560
17083007028575258624
9021842733900446720
7229339482653340672
3476705203212866560
5876286551203416064
7946876574855906304
15551117920160942080
1379078979120600832
9338165930838628352
14272342968119685120
9738830298245820416
3373384243012327424
684829233892920704
109169739401152352
16811822078300174336
3899396993453405696
16984633727801403392
1537848607315874816
13068288429416347648
3924638132793646080
17393518184243415040
6725484462984856576
8930888996831194112
16500980019829190656
1000143356159513472
8925770311685752832
15298551728600029184
7897117688341587968
12889088233951428608
665390681464401664
9987090634516445184
10982941703002931200
9205777114268570624
17284696244294109184
8337319631246535680
12251445467518236672
9756215341870374912
16903512084545081344
9218402688045480960
6430646002605847552
13573646486542952448
9580243303962871808
13076764772536506368
7834814226051039232
2671200322509403648
14248741560043075584
7112628671004273664
5664781965709853696
12003737473469480960
3460184021475971584
5909860813622797312
4621226378903023616
728484632778759680
15767631434200649728
3442851258054776832
14005943176557260800
193534719635120288
1376284962369762560
933968537181363584
16453652931350808576
10290928665984432128
11212667323304935424
11334123331927519232
14830588681349945344
11103063748802607104
1804896930576922880
6110004686737000448
4107190273111404032
4151754400611239424
7561145408882547712
11866013857182552064
14050276669573904384
7828769289444423680
8867658319102754816
5685591119370015744
15540166947851491328
2982450971130585600
4915443880444474368
469406343619431040
5404446628209915904
5748178069744390144
16053449222968303616
18285738576829364224
7165555516369600512
9454293019100045312
13141473374166222848
7816852596883168256
13644352045916833792
3572697281612249088
11987985655463438336
2150615753740249088
1274560683274957824
11134598873127843840
15462921162762532864
15500716434238113792
14746395556214560768
16221355455223349248
18267499715533264896
3002880545684617216
9500377720645830656
10285627444280455168
11736680133087979520
10642424874725017600
13545067164857047040
994005368266666368
9825196105188925440
3433402658632319488
14717198026214987776
6328614176984004608
6928669702822188032
12431440998494707712
10836442801387974656
18020282262953852928
4816340476219705344
12021150384768686080
12903485985272913920
13650722455786469376
16464029082563850240
8199858630461874176
15016971368569065472
16778423385237678080
10793772171081607168
14562491924965752832
10229909042676606976
9247376928634554368
3947890748084182016
1474335919806876672
4268306621588796928
16063279255572807680
6424899834310156288
9057878740622686208
15250127136459593728
12782223561958625280
6145665694968607744
16402364933480069120
5724791460090390528
10890644451602300928
11535720428944719872
6478328443205222400
3340581535374633984
14169174047698368512
14478071388045033472
4990056811074076672
1349330101039091200
810112744472313344
7438186109348687872
8945694740785169408
15437298966772297728
6992195877786988544
15972720042576410624
14921311020774950912
11016346247794141184
15271381543082901504
9731823552512923648
12758207862250784768
9194049217707393024
17015040167154108416
212194458257572992
16678439018585233408
7690029203909685248
2307908186910580736
759410966200000000
16267932665499254784
62622729338298304
13364326527043248128
2876254324593740800
9262840180048283648
9016382013816571904
3976744908537842176
16007423117970042880
2765177362584872448
5741788779271373824
12241247242887962624
14386490102322778112
8008735543713103872
17367633809998665728
599689800902936960
5321887833604850688
16329567700658501632
4918376644779261952
16010798189044858880
17991070373654169600
6644129767199278080
6198375497843491840
8461188859391228928
2670208419381614592
5634137088203686912
15559844435150497792
7141870948642999296
15546477962112161792
3734483271596511232
9692427522697570304
15810959437207584768
11359309992106078208
1698352528804067328
8528538665527401472
8030861179387071488
12181588343372328960
466590612915475968
5548772970941623296
17610531734709880832
15223378729010135040
17495450881097756672
11796866325521090560
9441195506875488256
13573296016075067392
1313530197686850816
2341384722979799552
10007919076789254144
16285129337380593664
7942596751019421696
5490639648952287232
13044922817416097792
3539291262394310656
1006330007151905792
10638469316333180928
13378591579716675584
5680803710813988864
9876526448152555520
3158860067070642688
18146314438483550208
17258775623719761920
7258874210219896832
5527806840604865536
7173279108133964800
6997332963467917312
17082443363341090816
7004861864905092096
11075558361805656064
16744026743579953152
13181120639476242432
17565685433783775232
10105295064556754944
16426831141917814784
8087049259062725632
2084524888427260928
16299369082880366592
1698578710662681344
1201428052580028160
8064517894817139712
7178220301995755520
13855488411698491392
9434453661849694208
7516899760144641024
15944994517374156800
6238213970110219264
6052744332784097280
12780635515218509824
3645690738308342272
16476493160428881920
17941839596361025536
7085576936123978752
14650304377074364416
11911812615209912320
7646934368093882368
16969912715106041856
105394623592362192
10932420202658926592
9374346697847269376
11671445361156024320
3638923827301452288
14281073892839272448
402663992852390336
1231294639515603712
6289925909234018304
18034204058696841216
10703312802471987200
5764449499637275648
6616505221281799168
232445134319908608
11041027106698829824
4862814561315940352
9929063929398798336
13430373222899300352
6866027414768001024
14903931012432207872
5737416043845172224
11224702706360510464
14205777351859945472
6818846597725332480
8517865603299485696
3507440832427410432
11245903518360823808
4338411765685941248
17619391040764917760
11371988767758536704
15300012800403224576
5714732924542544896
14193793049309126656
12356396773031718912
14418089036294510592
1057354295031778944
17604219244454776832
17505565894989465600
10142583749777414144
15632768312026771456
16149491784500396032
15576290232598657024
9193213481941975040
10825101889159098368
2572637494322814464
5368475484795645952
16496161246406412288
5229146994932746240
14654594763578611712
10531174125583142912
17068882945747124224
13501564732281710592
5355570116471528448
2644050075312118784
15093199381828513792
1569372430154060800
12216556945851918336
10872128001171087360
16326227313858019328
14590669109320964096
4379795946968578048
16054757598065242112
932246998434535296
5401633077634352128
2749185942377438720
7069799510298110976
10730075958869198848
15140285808641167360
16161488055724011520
8779108716383041536
5468636893492999168
1331819565940079104
13680456163571619840
17927090251373377536
15496340092072431616
9480256313079214080
13942278130712494080
17628832627701420032
12523962774969853952
95177838471845664
853473798356285952
10940222316049338368
742445360565609344
8133452180316939264
1087495671915951232
12653005449470951424
293203956215812224
1880221763068504320
18176822981112844288
7029685663890056192
17294604512772694016
9140433397251149824
1429527269425088768
6794809123267822592
16652241187775729664
12816694963257593856
16940060758388998144
12949959937898874880
15222736265190096896
1244149249174647808
5056762700188739584
17862763514770487296
9065543081525473280
16747448425328855040
13197401463462375424
11854230821853519872
15990414097627158528
13125452305421535232
8993247468287280128
17546239953764046848
9651532972062795776
16159676387242170368
9435029481922193408
10724796349378848768
2064260189304052992
9297544520924174336
10105351488967952384
9721350126343211008
1509994706035202816
3552661836836721152
16736482721236512768
5082746710554512384
17782277196528072704
8947751302773793792
4328471503589940736
267887501512305408
4453948838754209280
4145120776980574720
646088344455055232
3522539468273196032
735250028011627776
341556095444427584
6923863211756331008
6263808836575672320
12068569901720698880
8508482656502706176
8189799209093986304
9881442841723523072
15272991412533964800
5986623653603306496
12461452164134164
840016899643059712
9876031043062095872
8372602297447178240
7405536643821767680
10332414778910052352
1624158240825534720
11816363975735916544
17944518863617871872
17045050365412671488
15384108211823005696
6616374667607575552
12286339973578543104
1947890729638268160
2514269764287934464
7532395736627666944
6737912548994017280
4603116106549966336
4791459476413065216
17992672716207222784
18220639201495644160
887521642101556608
7690479493839013888
9620228006638915584
18167115652572065792
11518334701059338240
15013080874701957120
749164279304936320
5840587341910738944
18149491037933115392
5817233621702611968
5235248928126925824
2624003032303513088
5703287728309771264
5651989021411331072
5086624053939922944
6928799321342003200
6884537137800841216
10719747334873325568
551479047361457152
16466186220203089920
11416943192879392768
11470320992927811584
1992358069539954688
9248897514876051456
1146224608123379968
8949162057911146496
17320290729494822912
6293802975442332672
9567467579985469440
12724210217068222464
5992914099103538176
2956873529124040192
17846578711172431872
17867826821392386048
13590233548210876416
5998144299221967872
6996167450558574592
521188469923160256
6117285684154905600
13079262262604881920
2904339461264836608
18178736930941208576
2122178464057129216
7558772926240848896
18060048687345426432
186664812623090720
10183077749971894272
7093728849211545600
7783059743432923136
4977928347082707968
6130776213170853888
1844841929924115968
15549036574665889792
17712863827087775744
7624710429613864960
15513154851619823616
15216632948626950144
9067337480789399552
152106088448043360
16430910264319279104
6058149383279877120
914009098591975296
2256634466452102400
10485062583470923776
2263978552591785728
359293350126239360
15865938229934327808
16865499759321387008
3695797515006409216
189546462226796160
5191147816517630976
9010398506657282048
12045478463928287232
11506042255772043264
15680746064270338048
3123844670704949760
11080625087921176576
4563943602769654272
2774105015316327936
5988036822670872576
4346553348688344576
7085190625365760000
5863049918560566272
4262472625400676352
15908790465771538432
6574065847969559552
2560277359913950720
14263460836510951424
6625195980082827264
6858930883500124160
5484463761075912704
9613118389212676096
15724120614931611648
18057045904087015424
7090940329636090880
14790154726410053632
1845952177058711808
4906211673255144448
965189813279440384
13493432526858883072
8223000540196146176
18124816302949867520
17611629291438276608
1328920419160547328
4837808995954609152
17594021379953356800
356242294916113984
12229062351496808448
2275024239606331904
17798674177538619392
85646469756696864
4848204976230875136
2778777796407146496
1713159556626873088
