11543968981811013632
3509001236652514304
12167928247322046464
11842804295077947392
3143995960527495680
17966072766378743808
13495076663843430400
3058463631747136000
1135448930764056960
6027990784469746688
12798856405981147136
13468499643658317824
7804211291394028544
3088454998039357440
13267952565886668800
3290818221242649088
8968184784082209792
1393132906998939648
10658787766324875264
14661093832715532288
5006320833810106368
6858826043421807616
15376109767439288320
4577265676596276224
12260341566398277632
12120523959289821184
16976956791390089216
5266372703687876608
16933143230854246400
3413590900677509120
17705630515557408768
16635047566830860288
9794225170357155840
17468575841102663680
14364301511826982912
2427401469187346944
15180989190757105664
8449756765230292992
14567119144397211648
14010169459644639232
16071815259253325824
12140583147922851840
4589075399063097856
17942107757711228928
4568768589058117120
10462297665728059392
17120380724385525760
3815233521850481152
8143255939120690176
2466574966146285568
412125094895790656
3888095831746629120
8706096215648083968
15255985712752852992
4856166855683520512
6932736678613305344
2809571328947253248
8126415094493652992
4429808558616713216
13286090640917192704
17180056556065720320
4736013785381964800
16538070078462961664
18322418747402176512
7647733266190534656
12239783712042919936
2154017856971801600
15184827991018881024
1265909810275091456
705697772837215104
15847884137189179392
825503317837184768
6634502260699501568
2238711894929969664
14348395839103645696
1534967574326300160
16888691751293800448
8279914605425449984
10457167158119237632
5819260805772953600
3508727046941861376
8440251332345425920
1511551198888856064
6975271647934137344
1256947050773183488
5581822099650557952
7599791104455550976
4863636398887520256
16010403355620096000
7080483044483469312
1045717426233760000
8525028337995492352
9746769544566216704
9173286729320353792
5967239720021090304
319715990374611392
5747425083530779648
15760656432317614080
3789249818624167424
6239211525655121920
7330789957398856704
4553437513881393664
17200721222484496384
11979116197726119936
4387684534883074560
17403892095705020416
5685900066840649728
6749319353334530048
6264652163892928512
10937666149637609472
4009807569805460480
5697727050664179712
17930644044846864384
8231383227044817920
16492005132821405696
11359944437686648832
15809283070850811904
11160011682956488704
9802424978749407232
2368762289509047296
10232473053576857600
5188751834290317312
14589466581512429568
4433977221462737408
11415538144190971904
13752324053031952384
4320281031282222080
8800345429955165184
9902070560722497536
9167844723367645184
10166695706492696576
5604001857756434432
5188727549734907904
10229278135617683456
11642183981686829056
8497297935470606336
5663614979042301952
15077075278080165888
4278426964601895424
16272947422418700288
743370393743638016
16918921508656044032
17202077886712510464
9463839584652656640
5703294533348237312
4564871945515860480
9776647566086746112
6679362681438518272
8684339429998484480
10090044073925265408
12298170643688966144
1688506416324978176
17097366676932595712
8834485602837440512
1554541235323858944
6939982713578222592
10631845127480440832
12375918135728969728
3885819162415961088
10186607253370267648
2001383695087154432
7441127265490834432
8665909480401936384
3972968659310813184
10018543158707935232
1397472828346435072
14057983780606173184
1588411840704292864
2301633259800942080
5366146092525298688
3496347263059881472
16920983855847829504
12650775594276818944
4789647839564222464
9665134563983439872
8277524643865619456
16773469411881975808
6411883059337287680
13846080539149555712
15922727955633905664
8991017107106718720
13886877992562067456
12014290411956436992
14673446060444125184
5479835864511913984
9606340238809501696
9466188693877911552
5415603355891670016
9644825749648998400
16330987612534503424
1087173867307494400
7153666161708753920
15222446241702162432
4481219590943453184
1798717494013201152
2961090472231162880
9668206142862002176
8115510904687374336
9247661638494806016
667312940409052928
13015720119497545728
8653965488939895808
4041707538215275520
3485078924909034496
14061153083979814912
5723781978195126272
16307763308326713344
2034740083239958272
1629831871236639744
4379997817386078208
14411769581657520128
12335407425593063424
15592784784558397440
6807990394949371904
4729276453708160000
10122652143370563584
6840861620579559424
6318942081746382848
2528644870252682752
4067565744552418816
2946984916136378368
665236779341699584
17611869497303427072
9080940792175208448
6882028694894253056
11848297166411266048
6480028784141963264
3975169580362810368
7264443167503123456
8198406662824642560
13155719640124395520
2059355846438174464
5134639183420589056
1615923001498286080
2816029918136277504
280243812003390144
5513585321281401856
11887913231466158080
7800357628957901824
7044665003393615872
4806679526236281856
7895113645942600704
4671140383558387712
17466523456518807552
789919311299366272
14678066665720840192
464499521647094272
6116119418965134336
11480177089794506752
8642463557953040384
1580467450932076800
4513870966081699328
7601973937413830656
7742670079989950464
3931265860504955392
2654613920067827200
13626348502008682496
5208725267479871488
17949917871818510336
14487173875088799744
9901676108325865472
179799348729300768
6520550591586053120
11842686302950080512
12635497428164782080
8614157400181784576
7241098583738203136
5430317516762659840
10575245149148637184
10973351592465596416
9655667244401297408
1920312554053221376
11262789501199253504
1610110936548914944
11957717126161303552
8975005472746578944
8387132360971105280
3795976139882300416
15940609781007468544
12114078802243907584
17697336657099698176
4851988685387402240
8436523655371150336
17252603060378939392
6354813156717682688
9042407853086256128
15289110936949209088
4424565867998516224
11675956303456438272
7899789694082797568
16922787854333491200
7829926630965919744
2460876502344357376
3962639605456725504
14810809762263445504
13055414822535249920
4845855948133137408
5569084171335493632
14658783418847647744
16488162198481270784
11697234790311624704
11867583861151586304
8137489843642796032
2070345607709600256
12782488871247546368
15331717545864433664
16785735625392128000
15916280652603107328
10851975473298135040
1431932663752419840
18440367254144622592
7229900821793856512
2140108352705881856
12489528615025158144
2118779566150670848
13128730537442060288
1554346701649590784
14985348793242333184
1088503587047977216
17573796513319985152
523799178083122560
7646109090796602368
12604914907341981696
8951042193360872448
12147431939193724928
8481298712035672064
3191312591552997888
10601824315795296256
11493133787725045760
6714415612340022272
3622023156901282816
5278882370771968000
1824750466938152960
18157825001021341696
1984668691193872640
45424082921590744
2905293226172091904
18072666109567504384
5914629738294126592
17737816694777507840
9704373979640098816
14016882977531236352
3240665459965631488
4710025419300862976
172458708439313376
14769698067443130368
18125070631971065856
9831114205832493056
13143286536082321408
10546124291078467584
899125537072079744
1843492723820407040
4403970460570271744
13653195483362922496
11256535095589359616
3089277571732896768
12684452725132027904
10120924500840806400
18061177358624167936
6919041704709462016
14860851200855310336
14519861558750449664
12430655442968793088
12693781912432273408
2737360874875058688
8641821106362027008
11114036551838683136
2847469191539680768
3757778211146428928
16496984383884111872
2337946476055376384
1896279614555010048
9729578245165387776
1726117033753659904
11581280992318326784
5773293739484608512
2460647074331806720
10512741891868278784
14913413306836979712
4359055440829472768
11006904993863878656
17238175872026820608
9413123154188107776
12595136034575945728
3860447447750515200
1419066010767078656
10391099442469945344
18439275427891775488
10280597719117088768
7484331309780519936
395664215396015104
14976183041038026752
14926477436200767488
17064548861206085632
4392618229194954240
11482471147323985920
15283170480917403648
2698389951678379520
2704134118237339648
12862739414261168128
14008241216147712000
2674877202203722240
14747344904500070400
18063289101404512256
7409137605429598208
58362732375029896
8605015808320493568
15266735926413219840
7013976416788445184
3109112830356715520
5245181415150448640
1125372108051228288
9616542330191333376
15954132589315434496
266798571821533280
7088533654022080512
15250196446733563904
2966458992385967616
9378655666808975360
8542350523755830272
8890019672543756288
9629204480015409152
724112197439605888
4473024292409138176
11591064450844698624
4218747258864578560
10303172661137707008
7717019725269955584
14425649034659160064
16896918997430603776
7036343792868206592
3075736477948978688
3681587831478188032
9195620119196032000
7416527805381218304
905263922135409792
18167958211908966400
2841657999245154304
3555222056748118016
13842181366764318720
10423754713052362752
4731329136419135488
16840948148202067968
5146428951199623168
18097488464634124288
6996155928256423936
5949519361113489408
6673737347881583616
13929175217222217728
152983716059410208
3814212371245178368
14975173628427325440
16072940581723090944
8698548393121907712
7527847728782691328
16395588336140011520
325916307041060352
5347970260582515712
10363122259015012352
8673920870710175744
15789864714592342016
18041280238955802624
11378286027932610560
812096738399546496
398890678843936768
15207235131216410624
17168075418190862336
9510149227091326976
454963287388859520
2911650435671421440
13907051962696337408
2992085007897939968
6938203821967917056
4026835087639935488
18178062997239785472
12586657231572498432
6462695864950908928
10883517639927228416
18298158957998768128
8235493140266156032
7585527518279899136
10748668214862090240
11371392936648531968
16468129547541622784
10877986116670511104
9131759226085915648
15338288335197540352
7224984495108967424
11593170176968222720
17371381349427738624
2458159156157376000
10660972094453766144
8084509472469339136
9768109207641403392
3607888741531648000
14805569196190193664
4438480713178053632
10996865366072875008
7891858054361454592
13316239817060120576
2757482136004355072
11618016810014025728
6907868821687527424
8784410891613769728
17179188231872681984
7233593108975912960
11873626556755048448
2574367635556016128
5143996458981230592
7805820967813253120
15059019280227457024
5233668781759911936
9925016824368453632
1804196743499060736
4007988573554226688
458071299892150848
9486791683291742208
6897828704620177408
4610112073812298240
12504611662905530368
5136506419324030976
1659524313942576128
9839469777879277568
1983509949404915200
5647586049743098880
7503070045545798656
3160780042042264576
5018832439052284928
3641881227056715264
6374611844068757504
1562321304232086016
2463183657619868160
9792762216765575168
10320268663144286208
9144236555330477056
7312194451635414016
8214344948123488256
15393965056753428480
3402570022479327744
15097249340128454656
11462960253584805888
9210863621071766528
10561854061834366976
16834834804786135040
14765149269816948736
3541214121074561536
3109881000998489088
16138623483686019072
5638102624284453888
11929254865639970816
2093225743979018496
4379644140993397760
1763777544847358464
11002863090813835264
15811007438573441024
2459487273204394496
4118967448406457344
15726828351417106432
42686688082315424
10718359093433079808
1221101560170839552
1035293340210354304
6247891837595071488
10378824079172558848
12906410697579317248
10696572908933146624
11747294599707523072
9484307763448928256
4700155210431828992
1709206848208634368
2654001172851481088
7170587644446145536
1944158419946795264
10145938203266304000
10156564362130708480
3400277208065783808
6175771375872943104
10889220877061062656
4889830052120695808
16831867567577296896
2043752449096156928
4902937482030271488
2632840614359398400
17539263157765627904
7690651657012545536
4269461666008332288
2948443499256112128
16305393435040149504
18402475513129662464
4581066961749741056
110196782054903472
18328272971738761216
18001747880286474240
12115031329520816128
6287398126526289920
5586469982324686848
55337536756638344
10619640089247866880
10021661984909977600
6659115446800769024
1912574768502785792
12209262829077559296
3480740011979274240
11330018355643258880
12336942510604492800
7637797978055076864
17394170253326833664
15573273337854210048
492098062159665088
16335301769177243648
10891076772906809344
1121647392756996864
10543412946113765376
324326224600906048
149220448737020480
12785944619512961024
1132920087531827072
14042152875122931712
18242468934957916160
7083793268466607104
5492580514443077632
9987583867221000192
8114667991611568128
17758323819803289600
10642537650156871680
8503870920816261120
5389555573367444480
9663784746630907904
8929619117219840000
3097177217212360704
8140181022439782400
11412189973912000512
11613723450998409216
1798722608188163072
9228886298132471808
11288872344939206656
5798074569714348032
15070091591363133440
9337537561010006016
14183168041850880000
9388995576348598272
11891673592551516160
3512727946089410048
7811408026328097792
9929572306163273728
11686972441027528704
3373862440743432704
8062832897392238592
18198538650827372544
7195609152066475008
2159805354971181056
10239135707239800832
7309033919864119296
9298488014859687936
10924102869094211584
8329704901494629376
13962399899739881472
4421944311364518400
9532101949342769152
8769601500186075136
3838756740362937856
8339314153119586304
13472892135775301632
6346897759075024896
6932218999970157568
3245236671566509056
1214985449714455040
12057707329215027200
4266078518734615552
810396728348592256
16998065829961461760
8135917654390845440
8592488617811544064
5697911865510921216
9903333784373743616
13718923914903871488
7892204269658638336
7659890601103967232
11514035291583137792
13507094264295335936
1239627056689017600
15568241021150085120
1025882097538452608
12635536869957351424
12506257780179109888
8640388199093553152
3687566957409764864
749145090510893440
8817802889683611648
16727584174338824192
6548357494168130560
6931657644472243200
14585373284329152512
12102549968133742592
1258362455753044992
897079311576464512
15190274578852526080
8510951032263164928
6871652099682308096
302437029207145600
4876468683934793728
5987190709745676288
17309333024717848576
16491619782818523136
2087083453388701440
10709035402074255360
11116805716879894528
15921406010456211456
15287379553573249024
14304213759998117888
13127065069284122624
4431528070446533120
13892601759324356608
14921826292804059136
16122267598777423872
18164577453138907136
9856979234102261760
11225374661253257216
4938693961017931776
9608678562648786944
12535643807000819712
8765434822461047808
6403120167286375424
6439663679788044288
16573477851700027392
688600012607280128
3053219922813458944
1074423022648329728
2477959479340778496
13054409816087103488
11579914084720717824
15403966077980489728
11643783600983791616
11487605578654601216
10739487261354012672
17363235564803411968
2068846582039465728
12614769843720196096
2883380710506503168
5990967870938548224
12499331401427075072
17244860623489355776
303676622709498048
6702719893527740416
14799700005908107264
2217059287029184768
14121741002858803200
13931619820697321472
7326666716446445568
9116689571995184128
3997938595535531008
17857715144998371328
17309747274115737600
17629230201557671936
1571247826396609280
4807350775906605056
3162180755252669440
17205890589061402624
6973893125434785792
5759551239347106816
11219464283473199104
4318743421450726912
5491834275666088960
5012128347681933312
1383728531414963968
1185125456318116096
6039582649094265856
11001860977245868032
12121587459325687808
11187621362139887616
15838062069116147712
5916340235698275328
8369741103555695616
922918302833397760
273374884843241728
5377673488898947072
6719381902291496960
10425833234241722368
11379264011451109376
13023079616075302912
13389924822780989440
13014693596135116800
6167711871818011648
1226295739420972544
3753735640202441216
13778499683465824256
15120074998020880384
10127476299131641856
8493962863273358336
7715240180406018048
5663674719361217536
17232114844522029056
15128934081120731136
1572668058367671296
15662423058767171584
1038369489345740032
16862128844915720192
15003460605847121920
4356025801136966656
11110632840047620096
3755538873251159040
9754420633559889920
2871468908573820416
7192539409917603840
14720431777147023360
12318603800679438336
3055484437643846656
14653689817391296512
4677192352480492544
1006102110077291648
10099721549078915072
14497957653401628672
9833466656629979136
13738745575164362752
2458344158836424192
2608991185614142976
5167633548102450176
2761140261720775680
15966210174340085760
16981137401761077248
1897414793630394368
5573383711653389312
1512407723170249472
2651609028003363328
13039207448992692224
16463939920567498752
2443826969256816640
13981412782144432128
5056471020016180224
1858818001753416448
12978348391768946688
3394390532695124480
12685945542086496256
16021566443432046592
6688402990366377984
12264432900264353792
7087025858157044736
14434142662900078592
11014126613539780608
4311599698523206144
5188198036958376960
17622934407743553536
12912846405582020608
3802291562697157120
3565769077967279104
16637977069292816384
3692993958386587648
5015458571015129088
12271166646123122688
4326236856570870272
16116907576148359168
1918279861244582656
1233942503730982144
14908636411420381184
2324373519463855104
3292654225982485504
11056247852035004416
11337084093243336704
16213355855323160576
16773283012504702976
10717224572276803584
17407199585607002112
2559374641430315008
12930945700677541888
14153312967558510592
9574645002071803904
18093440961143029760
8737402347580034048
10099399048904265728
5238821785675222016
10029645885554292736
2925735483264849408
3686828087529534464
17157198419454234624
9608686624103383040
3679883486073976832
12451915097992151040
10003413918308022272
6881204325061940224
17336981021927868416
9614750720720611328
11046054872146212864
12887746741437339648
6369771787353621504
10911358275593771008
16216135504582440960
17302049700917237760
17229420653059915776
10321723359413297152
5480330637693227008
5733419085348201472
5327686183221118976
5428711918397962240
3793973713344053760
17510397546911283200
12561831241036793856
9235451007093102592
8086356042876931072
1380006035818946048
11030850484420667392
12237562810488268800
835124247832474624
16938313473860231168
14966783808780271616
11178347983265331200
5816200737489171456
7117502835552850944
10520499589389580288
13551269067197216768
6399836734933410816
8397104509939551232
13106576402668972032
12578788308250406912
17233909022062088192
4382404230519139328
6437427799223175168
14084868054161924096
1470048550521649408
3653619734605609472
7127421024415605760
16429513701481156608
4129064599906823680
12002940858561984512
6840701888250186752
7335479090623547392
12989852016254031872
9956408158371129344
15197434954470881280
325265746038046656
17997874374312255488
6308617485688761344
9969963960553199616
14297560507967176704
6797526357475189760
5422568611905154048
12907228688344213504
14385513598300841984
15235535633101574144
7231963100972347392
83429676133477184
10875529168655173632
14480508364106915840
9277361375080585216
4161478902855906816
3807281304210922496
559863643100107264
8934813407959718912
8942553125801243648
751052471783004672
8089325965458754560
9621799486601730048
3969841567287773184
5340402229126819840
16976691352904019968
2247799163143614976
16763494537358401536
13402813289490464768
18115688224120702976
3854912968042110464
1619203012884342272
4595054055454698496
2849867100257450496
18318557367276537856
6046060277848570880
14277695523091533824
9033334445726880768
13257854666305560576
1111696334180961920
9453606847546540032
15482188734378729472
14935380480112869376
3376775524164408832
16039639102218254336
4761892174692014080
13496198882111113216
8495463421732096000
45828774255066776
3874270376197469184
16810222991413211136
9713755260107288576
18061399857716746240
17180407208858841088
16499612623379693568
13537912412499660800
13419622713224302592
1919587397882961408
11974891413250009088
14107872572558172160
10290622559207995392
3502659048287403008
10091577622058121216
2434826038082548224
5725008113292295168
12750672391681126400
2487284794874655232
9621299793229760512
15766577886703314944
7860718403232101376
16866146298444849152
3153142215727598080
