5137177164800338944
13716729191976003584
6355092382362655744
7213676830848991232
3509571942171111424
6558688866489511936
5154653723451958272
46285485302311088
4244104743500242432
8951520779209334784
3015737311009429504
1874909153488957952
306667965106288704
12471074042106533888
17521696710811373568
4678892296775842816
6288271095860032512
14040073200807585792
14559072094937489408
4272782880099488768
999228638876771072
7796115712969278464
17977331028722042880
659250457158613888
9805830392412055552
1284841269897028864
2981574672625505280
17715891062893682688
8928452884953864192
3644953069105256960
12436145808426659840
11032315806285158400
11456290261599952896
13955463016844630016
14367922216477749248
6898160305211600896
18008197978803343360
18208534030239350784
6201488005840197632
17176403089882247168
10959256795173574656
17190186076595449856
4522863086549558272
6882740722801141760
4608766548464449024
13869526516840626176
12675199173219991552
5748830796959911936
3372375558863200768
10602781551468525568
18343603144608528384
206970026835265344
9230235233803761664
10326715807235059712
15414417193942913024
4589602564506718720
3996485812670792704
7800461627693927424
805282241531011840
15372271262425530368
7446730606145632256
10479873710161188864
15682301979868606464
9559202909666363392
10192628227613220864
4637381744336185344
16691882056016244736
9916461994792081408
11412957045391165440
15430473877657194496
118695482557956768
2040784593590001408
103987774015689520
16475430215644217344
8037218715332200448
18302392164169170944
6931658336318797824
1607229293906333952
16978871112062500864
14646070308129583104
11254256696739303424
16633990165333751808
10894929032886231040
14439950809171234816
5931138323923004416
15458642723026477056
592989932259923840
118715119503512336
16490547339096489984
16542921892049375232
7776640218437492736
639424888681995136
12277499446576130048
4435135495934942208
1181078448921091072
8378255586535565312
16453624172962502656
10422043505465038848
3225019996202560000
1781818662606396672
3965622194839508480
10476162456397195264
7455294411054866432
9473388300864882688
15262901805845559296
4315170914400590336
8744369327525316608
12838007272206073856
10633849701735256064
15611140999392118784
823625438558101248
11543324747876851712
6383136666169757696
2775892874808237568
1457465211865479936
11893894238555383808
5323985020882938880
11785966193736425472
16403277404092227584
15137956367592062976
13787341680433346560
2002649911032217088
14639638206464221184
12137458833334679552
16075987025392525312
4603272593609051136
15713899473634820096
203827424426335936
8931836606857202688
16004424745262682112
14386825830870278144
8987041752024663040
13635901056452806656
1274658961435174400
14757494740602806272
6366003407662352384
11912207173495715840
17449265565236303872
10725375325595019264
7068672958849377280
17843729733547468800
1903185464842144768
8334546439079313408
15516439207379427328
4486740219326673408
15942999424340719616
3776052192547731456
14498893972906323968
14733347211544434688
11078431374937929728
3952125235186387456
15550270001222563840
2549800592811415552
5961406606572684288
5109516637964294144
17711028835485388800
469770292778579008
972372638186839424
11398170525916418048
4405183471897572352
10571909263775801344
5936319924885939200
10039919558762631168
16162239049443117056
13975438684209293312
8084171851395332096
17099660535380035584
1463147111834496000
14413468434246428672
11933258903384555520
12083107269338875904
8924258651494652928
11727486431823724544
9185293886084680704
4207016619450718720
2868391308534765568
1087767398811757696
13936752589495324672
12042147962329257984
13507814769570033664
14360875821428944896
8213801965291414528
17918294318228692992
2513451258685152256
2865393611868644864
307638918239515136
6584543854559133696
2239796902743195136
5728391127837310976
4827173558412317696
7035992931586820096
10212296795531401216
8758498354040725504
14588802088914843648
17721789671031918592
14360715781203605504
9233545319179677696
7238179370954738688
7875060266780993536
15515932013165371392
229427560639645184
619181522140990976
10013989626952761344
14884055509960546304
15116736468836163584
1607177060469346048
4660314063180542976
14545755361179654144
4644539676052579328
6831900659887517696
9845591713209491456
2317447647468797440
7636064079410300928
7888460617462208512
16880022210722312192
14794278623814973440
2768963126403112960
7472177625041839104
9710611555806095360
15577158786968481792
16510162667917426688
5905475728403753984
4839503536849684480
1018184950450071680
17844497573132177408
3373189484407162880
17747833216091244544
10464617624574560256
4828435385073564672
5320157300717130752
8456044759191559168
16491723616065990656
3807447996392235520
2236180794287483392
12204364717566013440
7598935555894375424
4382054854138240512
7096431342169255936
216626421286362496
12505673784821600256
12559370536020586496
2661792812600288768
16339753067441205248
4422074873499699712
10560539501917540352
762376491827463936
12312755268103647232
7160135556142286848
16601835945874520064
8647851945830544384
6404973575089344512
12116963471974727680
15951629688036327424
6120283797575641088
5283131244854062080
18368725627129122816
17179185414926610432
6620579885451066368
12992505856253171712
9610006351868018688
1283634665118481408
15579362540450668544
8890938545384686592
13677149460500971520
7037362453817178112
10077213848255791104
1290727371576013568
11715477894864644096
10086047082769225728
1807835119200363520
2286669606864089856
1762135581570386176
8984424981646442496
13860641055859367936
1627012318761239552
2509648893170291200
13438802987501594624
8076707026493959168
9947866753060786176
7918260778587928576
11302512353125545984
4733105310495558656
16100399451687538688
402537958061572096
18082004153998424064
645875312121405440
11567697773423599616
12482406018325659648
7455989498240104448
4265870545307412992
17507350609982398464
12411256656085903360
5191314875273546752
11171886606765744128
3284231706178476544
7146399059593506816
9587474665954465792
9255337321573480448
10825847414027032576
9829391400626155520
752188436326709760
9254340719918854144
18421077620930861056
11075905746297503744
11825520138247161856
11079512567087075328
6017202970518106112
5204533809162639360
4301481770508753920
335772212104890048
2237843570866948096
6461601032507550720
2501153036740683776
3205665918774530048
2296386324076753664
15544336970118125568
7933408126223298560
14250015250000322560
10352378863052703744
9199680573822795776
6279218914557476864
13013469730091427840
4799118628549778432
12543877991475726336
9295663718362265600
14763936583183362048
3819465814332162048
12263808190669537280
13313903416133144576
16652461131668207616
18430601143610435584
14794880643200948224
8849415100999476224
5431705333360332800
16213579543516774400
16255316868519790592
2180352908130610944
4432510835059692544
8415337011315720192
1175090914762973696
11783908471120271360
14028158411809585152
10930869300225650688
14766894192947777536
7833540318227007488
18107460391713525760
15236895148747575296
8092491594733080576
18347700937086058496
6739933400273187840
3485496103560248832
6444828865483179008
9860807935581945856
3028159596225563648
4369849556511111680
4844236521990351872
3335652715426529280
8290895315453747200
11940575390071050240
12897972307734290432
6899705050001798144
16391319533203140608
9530061974516463616
508131797718619136
14845886802576037888
17061414289573001216
7899634795584141312
6956424381074283520
2059629384316377088
8031638279525087232
11041219501718898688
8461218869214216192
6378626020885163008
3089193332838566912
7521173226747856896
16077820182546716672
11960289018570061824
15612968922180251648
4155665386418694144
17610789011549806592
13638961634280218624
1209389339759644672
18258578722477856768
14163644540579756032
2818769753427839488
10110738220410873856
17137571091560245248
15407664914105810944
1905525398316845568
11001399771147491328
13426614670671228928
780690498905389056
16624161498576175104
12654935369939617792
15976505624226537472
11627395691491993600
888653537484887680
12907734606304364544
4438356561245431296
5901918577614023680
6597898826481163264
6847012441047979008
14746782834097631232
17698922045654560768
12038290259580846080
7404245180796829696
7648495900103845888
1541723065522303488
5843942183981685760
10960435587918880768
16897217930222841856
11556580529019176960
13492228488988100608
12916786610634811392
1932650042542466816
4101363579647316992
11652724739287918592
8209422021802146816
3545854691604620288
4340653308576903680
14819724805329408000
4908978869501366272
10500075705947869184
9696842026101280768
14580126649578940416
2240853165238621184
6456256790163375104
8003419621322761216
17959043047696785408
1237748396567126016
13908297110748618752
11435021152905197568
2802668744627903488
15464062726129242112
17438815537370265600
17914450251404034048
17915495605860128768
6956648831174129664
13776459455446452224
16889927351620616192
2191552180409155072
2670687995563720192
6491980005061035008
558033316424138176
17065891791135150080
920856162463222016
2306424525352819200
11275687969098493952
3294129606203004928
6060953849391836160
15577782031907422208
5114981882114470912
6615292449315816448
5024612415301403648
7590923008740696064
11554295797150326784
13396159776598016000
4713784046095748096
10010762565548126208
16516894749382033408
228142449967617920
10859952328603359232
9071491372316217344
7887452020860090368
26496226170261624
14902581954253948928
4470618655453662208
5037596292775887872
18373465860036593664
14492768821565878272
960086195822205568
5805998632050682880
2322993181634710016
3855168196122155520
1086859205288234112
8837833707754098688
17297189762054490112
12633578428979681280
9610481624660019200
4436853633102383104
11591084826610550784
15302680816348966912
10164692862639267840
5352251752739372032
2498375217622516224
2956872640197527040
12873831607764875264
13727513399179296768
8153347569846252544
6770606037072841728
563262967947872640
13879136786934487040
231942127306958272
15344648142212472832
2781788883394925568
13044517512893714432
11322311475919777792
5823180331856685056
2123735079108265216
12103956575798353920
7985392791259528192
8531498763077863424
7680245089969182720
7823430199164123136
3627798384975311360
6418597093744592896
6843204574569099264
13787138600490536960
10864755149565405184
7847469470297187328
667769427252371584
18147475120697331712
7807627330136284160
11216541138232510464
6835225406573496320
6112873726701327360
4151455175881051136
10385600648824899584
6478120090962806784
5641123113771463680
1868639011345677312
7011066228670888960
13295150898972841984
5576361189597993984
15074714314816098304
5994902430377230336
3919718199250151936
6171121118553163776
819738560089987968
4353070662599960064
9923206122503413760
3120664722308997632
9768947599861374976
17829335021811318784
16509246583888158720
7872903914562809856
10039704524602277888
1614228504025249536
1591978550736447488
6147093837194606592
13272241597064732672
8880930731845612544
14883629878529196032
7319430576061921280
5796038446250565632
10469764528015767552
17787083107238799360
4947031080112055296
11181791354331918336
8360091478761986048
15375291763638382592
5117353492801037312
1587502391649035776
17377326461462097920
13988265435402401792
8940376421806931968
13849950890085605376
9987010140185679872
148797165193614624
5406366066518237184
12396467660529893376
888975225640374912
12640783200283932672
14164394923530604544
15446791887300401152
11148458801514446848
856048283227373568
15815448765561407488
12670696292336134144
1869965346478223616
10272713979377395712
2909255789403463168
17563651341345208320
6392045865890384896
11348763786602250240
12315812116891672576
10832152598026999808
8718744995058799616
11755316275299604480
8307067434229993472
17246799396767494144
12076968663472687104
17671890772573992960
2533039738538378240
17815492446936684544
5366851218808161280
2333803686316739072
5377576158411853824
3736505865538962432
10804129725348481024
10166042319205236736
9557650059328929792
2553575823991718400
14213145478671351808
2696105165059842048
6102983454520112128
15110614995505645568
9095062579316448256
1734923737540468736
4160037245861926400
16466973430323259392
14791631916650362880
18303009504308832256
968257810359904000
2999520411978750976
15641524480641787904
8747483210643026944
424815693366221120
8790492121516943360
14532482733182697472
13796542230439157760
18339204695076333568
15447017031863838720
13028481046019565568
17802787524102449152
2367708591790681600
9621486716343842816
15068113051785324544
10956318658763429888
10179300655005153280
16559145637348569088
7845797029495239680
15428451865730758656
6020964181773902848
12375002533329741824
16945618956444499968
2630823282755377664
16152314135567499264
16338941279688069120
6573954640597226496
1652809038310480640
997632813303812864
2390347522248435200
12777916834046816256
14040440815569418240
14079771708668426240
5154919267255105536
7462366014737839104
9590468253520949248
13146077282625509376
12081572342085892096
7695702677291229184
16041381672734500864
16311997410380726272
14101690454734678016
16522716246476214272
4112621752798948864
5523185561077628928
1604783132445095168
9386118825001291776
2535016911913243648
14100640464159651840
6713225315306947584
16203236975552964608
5319853576724833280
12194212705340975104
2580087672494600192
10958768232306141184
16062489219795359744
11349168601030103040
4024621350874484224
10013520601919500288
18013808852755978240
6249867634699506688
13060433482087462912
18390167847422607360
11421019314244407296
5562458902553053184
18398833452885512192
9936694602198820864
1559747573751622400
9409540640289873920
5865775229982490624
13990135058576011264
3505448338685214208
10199990178808668160
15708698010977966080
9962087895586926592
14592070806388076544
7459476965244060672
872017637213995520
6153269588494873600
15342472369460860928
13768016245228255232
6309816718991312896
14122953222064738304
13550678540032487424
6920970314177216512
1095612594457228032
9689366702822479872
13631517907503710208
6928413853757706240
2149010954225054464
14251964313240834048
5004974477549192192
14710391705510809600
8501558244920970240
17125122317302208512
6412825646360423424
298487190197410496
14648406405179910144
14169240943046424576
4628885806909283328
1136245060411431424
15361169359953561600
10934166134542743552
17290844653198096384
12231388320873183232
9274200155729303552
17451945919379877888
6447928096351612928
3500067275025007616
60318309269775128
9197971792972329984
7821297049540212736
6646623879341174784
14419172966437957632
10180176273795416064
18140024030265387008
13562657190136248320
4131209655991723008
13114022201248571392
1600022647811408896
5983872191036169216
10145460050572294144
12717097845412669440
10397285990291546112
13483492595290974208
9537719768814749696
9977037621846257664
17243353402090872832
16387791274091739136
1777105689870933504
8346639526537558016
12794410644222758912
11181390989419771904
2507458213962246144
15639164155308666880
693352194123056384
8597709233196079104
1745869736770965248
12914089301528768512
18272623056165427200
724961138287344768
1445022542428832000
9339914070041972736
631768779019555456
1049602663792531328
11560526272715497472
8007760006933291008
13695247313587042304
9177916628060651520
10475717591139964928
4099712820001672704
13380350837489846272
6902656915896651776
5658684595058505728
18093105074777081856
3925377916872661504
7102147690299304960
17677187931790882816
7507869428056056832
11216657389332531200
985193556395271936
14893102527548090368
6906046417546315776
9726206444657256448
8192243816026430464
17358776556500668416
2301229515576141312
13210403361109407744
6671926892333147136
16212372735276402688
2643829558591554560
4216662508178177024
1061267225420020992
4347021595367363072
663226819181829376
4782855660517167104
4379403282288395264
17832101470917136384
13233766154065575936
11657771452789291008
493467340722216768
7997649479394291712
3618731827957991936
16695585005948821504
878186348728732032
2805771784427003904
10423917688814485504
292431818588704704
6660138198779518976
12658520959717326848
12343458085367095296
17632673662804951040
6566062178069832704
10264528483596195840
9947443878526306304
7358726873607235584
10441855577643958272
9303228710361937920
7113840236229988352
9436239612558086144
13979393839068952576
10903635379997388800
3095046049703218176
8371067202846190592
241338167473701952
6951108197867015168
12874408419903492096
17844262801813448704
8565814328369208320
4177146848723191
1969698155740012032
1608326464136046592
3561264002563216384
2519632830234035712
8219080025187023872
1727006935908506368
7730508140982621184
5512381405808078848
12756322304325574656
15885932693854101504
5253834742985011200
1569595434207620096
10610816225801119744
4789700169296328704
10497740448492750848
3265864642943464960
10384715210262849536
4727389937201665024
6474532818739160064
17910969623940435968
15184856060543100928
3151960305808647680
1718246455516242944
10746359506857291776
4938043653345969152
9142897968939399168
3143857350872969216
14858939065519577088
8714978110645889024
11156098292634351616
4738944982977836032
1367237004834500096
2514742372225664000
9934830806228996096
7425329657815132160
16901258245540374528
11752948964704585728
1377083998983921920
18314556614726154240
3486995883236416512
9692781357737238528
16329075521840349184
12229618153527963648
14312964804994785280
5828441846896215040
10928333901379840000
15764167671717654528
9983067332141238272
7529520347617632256
9650954428749441024
15750219598939758592
12500193825552699392
4574101901886958080
4936030585264677888
11090191146988158976
2131422572562226944
4134245492814029312
15962612961585281024
5592189683146684416
14450096295479275520
18205359777815580672
9639849868906061824
14255830758171572224
12082132947398313984
5740332879677962240
10428091347903463424
9817193314793887744
12342214911115028480
13849626121189795840
4581487961186551296
7869485787188243456
5226231830676979712
3748404162575869440
14733958881143552000
8382791613580517376
17044973397326782464
15585810671630280704
1429018245879383296
1183141375514177280
13701650157704833024
17193883765195571200
1707980308567717888
794702776763990912
17641513825436723200
713106390699598080
6146009371565194240
18290540779679799296
10838276146198720512
15985535429574232064
221401598893997312
7796378118722929664
794907305239999872
13424385513884841984
3983536191918248960
3193619610815533056
7830234205388449792
14791564218156965888
4916905524065533952
14250821220460875776
7471596437668627456
677037369821906688
7729352832691486720
13694841228272859136
10214321678214635520
12645140289373562880
12233285717420539904
17498500592704757760
1280570871775607808
12949778465664100352
11086298870649585664
228026484239673600
10355734526965153792
1972943047069853440
10785572925436798976
15864335116238292992
18362927016826210304
532822975530546880
621845515673991680
39649020127535120
18220740060258613248
8687835722620479488
12796009081946578944
3534254530278310912
1248458002807230976
12871296425816702976
17358494194406825984
8015061447594647552
8585380012560645120
17332063519589206016
16925511244567775232
8061002283158268928
11718312340742236160
8389184684083077120
17292956092300496896
15142893646400018432
14876837024636979200
1547198807318819072
13444587706547068928
10522168316334561280
2068992611062445568
17078970173748295680
11968761922788349952
5045591510145667072
13394386683326597120
1330403207711858176
4062053228786564608
1647487747753440768
8414858998503843840
17073714755752646656
1891627749525648640
18080654102221887488
9928825469518688256
13572596461841836032
9309091229640263680
6623617315507932160
15633089717741381632
10325118325708470272
15246171475592245248
4415474366112669696
1828629194306216960
1049522229712765440
13879753470727323648
18441583137795954688
17561595020455880704
4619519870383707136
9686823040294627328
17748084008390416384
7135765027417136128
18343012506132367360
11988805487178448896
18437328325042104320
11446956558170189824
6644189701111545856
15566088080877092864
5382252182255943680
539508214012508288
12167470370185613312
17956196062628378624
2632674713941963776
16248996138809939968
17124419418456305664
12555876273681176576
8590000653799605248
9133496556552642560
4742482928003261440
3783911651023818752
13181305478979825664
