115503902411238112
10760034584230932480
7994191122659145728
2702898196477629440
16827476736577511424
3202440777312933888
18268593543064696832
13449466470371786752
8997996540300956672
117211730284096384
14524488818040801280
10487271235257489408
14740298150629122048
11199070482347988992
17299613562762430464
4859106841908825088
908986835067267840
12449509229341405184
12100114225367560192
1498323127492921856
10986321578077077504
16617974404792029184
17458889086953861120
551902202673608704
12299644503131394048
10275313349125523456
12048757941997121536
11256745617829210112
10328959570582919168
12573419861246439424
12154721174523045888
5998892014370736128
5071479555267640320
3780692843994025984
10467896786388844544
1777117552751096832
12378316132349960192
9093942307927634944
641683090919934080
13757224545629509632
13241385306829506560
6681261022672685056
8805523940557075456
2365446201136460288
11854413714157438976
17874950318497402880
6612928989435046912
16713804680972709888
13648482595252359168
14692147846948229120
2604480480132005888
10888403870957987840
827164913538607616
3176080701336393216
15546099955723063296
287517394308009792
4825906140771679232
9384405384721086464
15619793328414717952
10975843414105452544
5730489048686425088
802147029914679936
5427885891271721984
1257008748264230400
1407102769507582208
4752735492495340544
252985967850428384
11111466941674651648
16639629878360643584
2908193289337038848
13729337986633711616
5127300550948298752
4710440981020764160
770938528862982272
9600241153831374848
13136971753477308416
11467284310251151360
13599909974343768064
12828858242135967744
14718355865624563712
6615697022579063808
6952523212330091520
17592874480852695040
12059628126226143232
13364940693581371392
18337089749492615168
10428865119961729024
17933584658335528960
13259532258959767552
11938046597961289728
10900395222327689216
7572497087668750336
14454957184095883264
5081190574132959232
2563578836966273024
16659254801065596928
8612796397133700096
14595348307726045184
11386059731488532480
7295664246845805568
14780301860469698560
15054961738230779904
8388589425163801600
6095377557601630208
9098913097497253888
15037848417069197312
14942847190877786112
12845256895855560704
13707655373936715776
6037413704837179392
2815565776672979456
15377107494130868224
14256057068395444224
2241133367388961280
237469822707346304
14996584172627793920
10743197967646644224
9185245638467845120
12349116308956854272
14463259024108898304
11716395510893998080
11026094606082971648
11977079047005573120
10939999718420850688
15983873969372395520
1683940222365298176
13894528012068296704
3417471262478451712
15909712760629473280
13725465688806469632
825004212542462464
7844939984526383104
9969182719541018624
16614690267776651264
6837527265118964736
11288015338429538304
9484907627292489728
13711020839962175488
15207339263129673728
8359660199180669952
3397790053838697984
17618837275905746944
1374550328011014400
4240537386251240960
16804010520743196672
10797914087801583616
7930590274731893760
564741469502739328
4118941463305686016
5108157803096626176
14855606788568090624
3625745960618309632
7625115392263733248
18338838966879313920
18131169469621825536
7322846864232330240
4685963958602717184
45157545489437152
1011334049816726400
7349202171539474432
10747422495222978560
3026681666297612288
15586863124466808832
13285314771310319616
16912642594098444288
5485789048012537856
15911180113598285824
16277226876960800768
7302517991222307840
7686187329310505984
17854921759062763520
3864985466348287488
3722347799803718656
16607654819269263360
7045791464994518016
16993776345675741184
3315093728795017216
12844709929010860032
2599751793853855232
17316817634962235392
15409878685039179776
14355885647246016512
1358578431758099200
4538538283364015616
18074177403143194624
3914405071940669952
9907265198079639552
3077253578228113920
9700903717323429888
593347285451948928
11684867582657544192
5905315219478223872
5049791107772727296
3833934160113875456
770038199880821120
12440880556959705088
7769518076724706304
17413859287944544256
8402658691603974144
16673363495487250432
10778230820829622272
1168371062735540480
12159870870102622208
4081381334782181376
1292198591713891328
7403138146359630848
176631986611850784
12272233273270132736
5147547578568029184
12569822061269985280
9755199714171840512
14671959329435660288
12518451757104146432
8772747877808779264
13532799874084214784
7354942216043556864
17294614651751956480
15266419267007309824
958841982487319424
5977711435856263168
9552278817912522752
4790485136824898560
12821988108652441600
3285736357578759680
1301483662830680576
13233295348124383232
7180126676965150720
996345385766735616
7963643187983619072
5685676281145698304
17376734865188581376
6327759025185624064
17018683164094689280
10571608399892152320
15389267679373733888
7175353945194835968
9224710565447344128
15340664870539044864
3071652341317387776
9543882508243877888
10288467845932187648
10952776579435497472
2083701727993354496
16946280555197661184
11222479370439366656
9724531280984541184
5467073568517567488
18098746256442193920
3267993433945620992
18192824295860504576
549425541710032512
7115771294204821504
2510819806599445504
11428180751798376448
9704606143459192832
103446396437964304
18182091824180359168
13424050308066566144
17787595053380016128
17332313065064151040
5262323426230099968
10058941922186315776
18096126284797673472
6957753654837811200
4576598610753282560
5824959391056823296
11519539238305880064
15439578572372983808
11603206590539741184
10672057072416481280
12492960945624645632
17291079391217633280
14845425878972065792
861187114330818816
182067220201495104
8507500963214984192
15043910487835490304
2980435848148191232
5997974096829914112
1189548814417466880
10668316956530722816
14884397684120422400
2516000011120879104
8995293350442365952
13027000038152329216
14936715225434230784
11210628608491429888
8990569651832778752
1562612014412149504
15698449142819864576
4605216240182614528
15709193841616445440
10331841823565422592
3397727367909794816
15756479335417323520
1504665000340017664
10812398825303568384
1787763301707268864
8355553540348063744
7082408980803776512
12807049697380087808
6276783140987124736
12219317518495102976
1425502164177775104
17291497280099917824
3577536810544811008
9933179041203140608
4219459630881962496
2327329087456323584
9452352207834785792
2497068473665775616
9656183310142076928
15822871076608221184
12924732541242492928
11793507420826005504
7040215719009314816
15281808319213922304
17608894556900384768
1195539589572509952
8738453057915779072
1856070390062313728
12955408360270888960
13692657312619321344
854479430451891200
888603134696939392
16685450980485036032
16971741733333719040
18273416432547125248
5500280580361477120
17525906576241309696
17895692132901490688
4688623604782386176
14983344698122539008
3725390608402446336
17348416234538422272
10100215770101174272
1252989711850155520
4753858042021968896
2128163786484750080
1327226577405761280
10196736164039012352
2937460997309894144
11355306736855609344
12681425831222992896
10319941042208509952
2534871736558375424
8675588345167808512
12436499932209674240
3940752101326375936
11961517897837887488
3948843648395996672
12891575173789988864
6360870392795159552
5303442692117882880
1153279388954733568
15869771481464958976
16768099522216169472
8481807365937160192
5185561908723136512
11133047639246444544
13625558616472385536
5312607705525625856
13937517320487647232
17695362250591485952
9330291301144031232
13357531712507023360
4953639441317304320
2819770987854309888
3610234559596348928
16985497574603704320
7355099775425941504
13126212809204789248
2744607998771982848
17611229583961450496
11272374402819209216
15907932118827495424
11594407792473440256
13211964413270505472
12511460187938031616
16647345410161127424
2602052892822886912
14014846996795592704
6985324044106762240
14592092883303471104
8763256372318026752
9830762580728963072
7121412451886032896
12029984777942294528
18430231674429577216
7157262636461127680
14725711665909256192
9519583398089984000
12909379449478737920
15839647464212310016
9431483211884519424
2292002962259421184
14265499895833495552
7653090923634319360
9536878009591988224
6881070892761372672
10177013784324734976
9558255446423472128
1074741506062338176
8946987100243350528
1799265806079814656
13593087093008746496
11034704605171908608
3359486372098698752
4247540688166075904
16003148184414216192
225536285527123168
18224154063986624512
6423596213104291840
13245061366023239680
8491435725250756608
8731186710102538240
17259456401224214528
10244865730703499264
8875702614395290624
10079256732047894528
7337242345938425856
5760079942359442432
8289396111851800576
10824804223004440576
13187505870559936512
10532386843320864768
12519820980547637248
8974102072759166976
16147042145627492352
16965656101099212800
2403286535209921536
17174319937898313728
752873377284938624
8553169235435702272
6693578149383932928
15724958014617720832
4971525392048245760
14924344107464288256
17740041438239668224
16222117684027281408
10464634359107172352
4988512608620128256
7284882165226347520
15276371329622351872
14704830329269772288
9136574728897143808
1076201223786374784
12362691799002574848
5424962997658836992
17434161403402987520
6831463692831687680
18156234293075468288
8372264402188987392
979676107318347392
7983352880296576000
2411327010054746624
11957927121940178944
12395812891741331456
16783291654515722240
12666878388317908992
3418898654116478976
11860132762069874688
12063331658571130880
3231661212049976320
3793006310018636288
16852921287002867712
14494828815598274560
2069092516339991040
2572411288198405120
1530059381998703616
1987855385819497216
5389789316386385920
6454956173655244800
2468706722067540992
886006141241555200
10202807924668364800
13366724648133855232
5155096180487339008
1281201479992537856
2258930530983226112
2816173184419709440
4395128881172843008
1001100866683032576
7464602915787694080
10514473985353635840
9945586258341685248
9992524124123981824
3838271693177931264
9761243080073322496
5717474139789090816
5448898625283605504
17550213367330043904
16174547278527606784
15067399336361871360
5579014266172355584
10535590670781376512
1677385914804315136
14576670279935674368
10060531082248497152
1864222566294352640
3451264840754883584
5963017048849813504
4737173751862876160
13430963441219127296
10379445805082474496
3093337342160046080
9288482373574117376
17716880057326163968
11299608413549576192
11001854931249647616
16022776102603581440
12419689612550254592
15860555909225846784
4884499392948960256
6874443753205619712
15396483504750311424
5696905765942045696
8081303542192964608
2314415471928899072
4432599625165652480
13792630459396364288
10171710641368221696
3690134277068703232
14061891692538083328
1177712459650942976
13633815871787053056
9758925238731022336
702535911738470528
6314859092698669056
10275290097599283200
3104362706485813248
17133611176409964544
15958132567932194816
5908483083730551808
12662907301189511168
11412342561876088832
17383499404207769600
2932264562068019200
69530403499065464
5479416337378902016
15438640151028695040
17574503208599848960
310220768109761536
6102719663977630720
4615564715542225920
6721330507390400512
1930575735736746240
17242728554182625280
668964782358468608
685333494281950592
1965756756093725184
8447013099169458176
16037094681616322560
15059213812846323712
8914568641653855232
16491342400021626880
7360334491960499200
2162316004397707264
12983737467768152064
15798514921623678976
368311747029572544
3710917585077353472
1763209895736124416
10878538630360037376
16634380023202342912
13427501411993927680
8017222083128573952
14077373865142511616
13658204907336505344
1965373702215344384
3113717483337766400
14115294112149602304
8634190626706650112
10194377354102564864
11801942972976429056
554807461566118848
3013579199324030976
11843259663545851904
3592289834279951872
14432805261242433536
5595876218601271296
17414058482392795136
16475366380882751488
14503618277580398592
15855499709475665920
8127992063473640448
11729899828705509376
8441851414078999552
12899874646484389888
6931782090708012032
6839997336902950912
1268570855637613568
573140574746742592
4127854870658580992
12000542543225806848
863570078437361792
6572110274651665408
16376711948215988224
16280194727330871296
18251960942367750144
9218052772489700352
296306353857811968
12069991882056509440
10208738760034418688
3303065746760730112
15689677001875539968
6045575075160662016
11940354205127002112
147651908413964064
11492984362258345984
11392430599899981824
1329547531185357056
14341676189972725760
1643351786931376128
4810231767265851392
12442405936739866624
8648970157555940352
17773867193204201472
4159482556799632896
4599959925048759808
5474393127716402176
11814714886457837568
4333264160098940416
16093917886319771648
9258956285075892224
10574512868839012352
13082815834889140224
18158847635342223360
6022355742430813184
13699455586775787520
104190639573145296
1096363645777011712
17166772198695821312
12296886393006065664
12372726199948165120
8586446121201444864
9809583301540843520
4539980730311311872
9285074836655501312
7727095972126159872
3608212555705847808
10703913763249172480
15256069994769942528
17290094314411591680
16965094157027424256
6449411063274047488
4066495184512567808
18219802590861873152
8423378110971784192
17594202102829551616
8081224648908486656
10164804818086617088
5700553717520779264
1236704629782678784
8461924851417418752
17780114800224839680
2899593407556374528
10505023501852954624
13722644635998765056
4809972569989194752
10657989379532455936
9806510882800748544
16010378491082027008
5271337020506960896
10723237331591041024
1312071570313795584
5306389047006156800
5057272348107470848
10424222893489883136
5380417644819197952
17915490946733447168
7114467842168718336
5370334526950137856
5758484896979260416
6239244642478310400
13078354818311229440
14399538737859377152
3498980222412918784
7419525497191818240
16470581528443777024
10832672718680895488
9732664286970898432
13664474622287519744
18331077841489438720
7118660556829101056
5791935947954862080
10525152093061378048
17453922806660380672
12399104193496637440
11854069372855990272
14289458006121615360
13918353759748134912
17924355589009551360
96130492181399648
2943955762953197056
17963376343539363840
8245927944595801088
9854078459941799936
8545334236051384320
17261753934796331008
16213191104359849984
11260732768897497088
16375047086630651904
10080849281773406208
12068398857015492608
4531417953093720064
7837842203558548480
14849419223149963264
8365099526030374912
15436164505355550720
12517933274039664640
3573988268550466560
16272079967352870912
4591005760494545408
922969328471930112
6478583433084096512
13536059088388487168
15509049649072654336
58314124627719328
2764101165478712832
17867344350515144704
16914843936682989568
15571212529396875264
2363670629389738496
390873095904720832
5838264083423928320
16127490382456655872
3419100835971020800
18054281481148782592
9930229728453971968
16508799313181626368
15261844363338147840
17245602999196919808
16768570993006505984
12770771777868371968
15005974639739086848
4664831219188604928
8659332515054465024
7341190435402619904
14878349982677813248
12871968597450041344
14967487219877023744
11450734199033702400
230965129289629792
13271348233125695488
13580605626665191424
1499849663091387136
5254034507951542272
9272048957860777984
554409449327742272
3890498884527485440
17872785428474724352
5366066218848328704
14873240441787060224
2782533498614297088
8981627187640094720
17765588921633761280
8509916129782432768
4168328458174311936
7196014785726288896
4223971522567265792
16402768394138630144
6316641791113580544
4987454943399640064
13720715997389139968
11559955206881214464
17094388823735013376
6320665920047138816
7135427066292039680
10962744313133717504
15637713243773237248
7733697943793570816
12272238232368410624
2462731742732803072
11024667028613249024
18218308525961777152
15782157687654555648
18189606557905199104
11457143112253763584
8895548298123715584
16877173290462703616
16470205779897266176
7242717613350431744
12776680061862430720
16460905893955854336
6266899601920541696
13683383523015106560
284437096226329664
323733207039659392
13837918254971752448
5067926204492864512
16375110879419019264
10665681512911007744
14032031453582946304
6506753732371731456
4517646036202340352
5283059713088856064
4539620535577478656
6193916541705497600
8499025532461011968
16173944807964479488
9560856364282492928
11492359996155117568
8138958331909475328
1887844148864263936
14315062621386266624
16781204068092409856
2075126844034726912
14136871586610997248
14138290405835870208
2865741849391059456
15608553253966989312
6181614396551662592
8341181206524063744
5092284347482331136
6367266865419708416
17854471770280509440
5261019538996658176
9219483884180155392
5831832700722820096
17655449032451596288
16114295098518804480
12616692278237368320
2934571830968058880
5239906713718991872
10741720854308210688
8519987176174179328
5175051691156993024
14975579449934495744
4785418945990960128
4871250595747868672
17842976248059781120
16772180836223356928
6768909104261519360
13043168962399975424
4068798606311405568
8741666911243779072
5433122038797716480
11579413896364662784
6294016590049961984
5563147828794463232
2783940830622631424
15155535935224451072
1164995026283998976
18260151497425666048
11248249455780366336
6587501475939299328
2392270081737867776
10844035604057229312
6783894846531990528
16275947830408638464
991831363994575232
14960928707307452416
11258013605374453760
11256470748344535040
14122728025267406848
16344034979994296320
1941584632033713152
2200157810573425920
9643068324762114048
18367341588947978240
11299400383936786432
7426216690530102272
6122849407079441408
15937854067633184768
7441345718612099072
5645895354578495488
10594079784841328640
4636157693746354176
15706463313669142528
2939963666586744320
4480543401369081344
15908686041319112704
14328532586792241152
10563276347318343680
5361247152207996928
6144561150397852672
13459320894814709760
3168400288996835328
3516227665834356224
9234475969097453568
17829757437043113984
12865840733018886144
13305437969364862976
4045872095190769664
9326509636312102912
582317689331414272
11296125179437682688
17291777355879800832
10547767408194236416
7928812123198543872
6589825062846102528
11267035121534820352
11044665384815114240
18205616679697895424
17345136912338964480
1261463670028431360
11188996868150636544
3307385496287248384
11285286850632611840
6231872749602275328
9781354186733086720
741587917959752576
15994804061467004928
15771198766825332736
10528130123408037888
10579986995897937920
2664134242018718208
7287763520981833728
7176447274145673216
18198001067280496640
517214952753641600
8755575551740905472
6709920043076507648
9116691450822751232
2870162579166771712
9608138839666868224
5954777447105668096
11105137154865891328
12870312009832804352
9463969488126162944
310034427081995200
10773203458023886848
5761228786119111680
3479001440638909440
12571067924591935488
10635040637795684352
14995661697937965056
5414575930201918464
6888434703472105472
17766710929188141056
8780556933512823808
782813352748430592
398293531465672384
16851658675388030976
7863090004231966720
987402532072826752
15097779541327646720
17714429781310881792
2507294269167699968
14051839064730578944
1495780295905171
16235830775560622080
18197078569585256448
12611450035352010752
11408641461646428160
3627546279548148224
7884924788905051136
2636679615614467072
962270842739934720
14653413097409355776
146291855661284800
13339759080261318656
3336977855000736256
9230995994379778048
7025070060909560832
2875754813723966976
6911188751802535936
13950410499456657408
608963204684825344
529720107622220544
9113006812271198208
2936573780954672128
17655510719922409472
17406373112576012288
1792173624469005568
14067631708201121792
6728641836566525952
447249001242210240
12627441041174286336
11953659536825733120
10659993255431002112
7992765208772078592
17524445811610959872
13755749500727726080
8048523132833330176
2652001027456134144
14807443790929102848
15268246652919257088
680507460810416384
6414524122849643520
1957471806513521664
15035534125781811200
12772069658607888384
2184836145268432384
16023192992475934720
4377254788808106496
8265145110735014912
16556663100773058560
2943489977968800768
17678052252189685760
1500048930682748928
18162933688402890752
2524512075493804544
197101366976237856
14561131414873507840
4094499392429435392
12940392081774856192
12433240131102568448
13951380619849791488
