13477782509460453376
10564495092801030144
6871770209404815360
7077479649414292480
10778153188262287360
14266871602166364160
6853873894446659584
11087466837638623232
9151991695916679168
5979805594589635584
5282467493811500032
11305047515329906688
12382760002384685056
10700124533543127040
6121221726838489088
5327802897256749056
6423015026794731520
13414223400320823296
5180408363296588800
14321586197166329856
13248245645563906048
15882672287304935424
12762349140945399808
5467936063901094912
5431189935995888640
18440403231625011200
16359179097495447552
16661860201921097728
2376106080518668800
18286209148834299904
7718169138454383616
12055642574505568256
16679516791041904640
7662000893487484928
13603292843706896384
15916113451905363968
3175289560740992512
7049171776430194688
4030864938977840128
15314777621123115008
9740295720340006912
14695384441238325248
15021472853266933760
18230878132149803008
4840832975625119744
7571332762718569472
16695174617433970688
11642818540356032512
5959520333660500992
6271338703063032832
6070342046900235264
7472426384015977472
7027957430013399040
2368547615503619584
181830586579253504
17257664802757238784
882389919195580032
8097620568119296000
3133485523258539008
11623322486639777792
1540866023377190400
14849810741177239552
17870347428408444928
10720004804139438080
10466693529310046208
16831316087633209344
13802798103670476800
4716379803136514048
593993014774468864
1290970378041273088
5187944810243557376
3202437632559004672
7169895377826416640
11141083165486966784
9606028598681468928
4180996246368338944
1486254798789311744
15735407888870987776
5649443759486793728
671778265040913408
10212774258111440896
10754677317221429248
15290210516549588992
15625264156750514176
5856800349954792448
8860248583795549184
3774325811133974528
8726005015245796352
15404158483129810944
10048871686727946240
3309552166856309248
8142478564137892864
8500505024456136704
7273319617916575744
6023860732457088000
11183494957067995136
14097733982410932224
2486767627316736512
17107768006715940864
12837161333494734848
5090309460015282176
10862892459910547456
10974323343221045248
8301694613848466432
15737687477129469952
5552720240369732608
8897950554089831424
17728004491542128640
18324548528162441216
4175700096788078080
5011450985874670592
5334691132762381312
2110123081385963776
9049500682257969152
7490654396856315904
4667660238301895680
17594036471432216576
12682631643001272320
3018881858079409152
1757472445689929216
17866646266754992128
9949015869910710272
12701492662155612160
583620958423460992
6223758213424202752
2794806957453233664
13862308530089007104
1243863208553456384
540443681417419392
16180966314999894016
2497733603948430848
5767988962860296192
10474572620457711616
1449727111831964672
14407607033779814400
3342139625103373312
3731857453486017536
17706067207753936896
17807783814477248512
1717445040165547008
11071096898514862080
274173498187251008
544034346438775104
8500594054745862144
13475431393368811520
12028095747976196096
1013076790815956480
7883864498368357376
1626947704921139712
11481807047564548096
17024798998399778816
13909595056069808128
8594691309276264448
4017430434983276544
1228929248864321792
15102551510438164480
8502794071912419328
17481364244994625536
8197163857862677504
11600146875901411328
18302151158379235328
12775543837761267712
17937106044187443200
10156828547641976832
5241299374566365184
16720030463377274880
12464449940521596928
14102630118102714368
3844384543226038272
14620255968705984512
12054961723034210304
10444275208906088448
12002591507301144576
6761305338487898112
5254442705843966976
8355292800804663296
1551191780373216512
11931970624822089728
7992319701249768448
3624530383085167616
10858195349264257024
3274827527792800768
17437644339281557504
6674447732754955264
11341730629414062080
7137668300723755008
589941596505309952
15598698538239238144
5333971815491047424
14107142698951145472
5217314846170399744
4539968623924626944
10291480409278050304
8462068412688144384
10101241965732104192
7789011907554662400
14275594886206636032
12509158859650590720
16685286342423504896
17548425720068311040
11007150619273633792
6561792914853356544
5253227366055625728
683476573141494528
3873651805124920832
15558756438253449216
14580093426690254848
908164551694278656
7653956860333375488
2766732651716412928
2120444444707839744
6545827292068483072
18034902778166040576
13240378488130813952
3993714225680311296
6069051617897142272
13737174714591186944
9724121556002334720
12690499298502152192
2205425601276853248
12935373371848083456
17138480272925048832
3125825119095203328
15333404656189138944
15146933287900426240
1073527958856543360
470711327189686400
10421076204969336832
12507275462259972096
4417812700668091392
15517125411267837952
2870913862056534016
7068513413586666496
9418458244599017472
7609959558462157824
2698043555931403776
7039700317576935424
7247141792135418880
14240286996984158208
11017580280679321600
15762283933839261696
16266443856731146240
14432443379258187776
3661952329476185600
7107251384026899456
5647082220049130496
2285983206383493632
3663859580777218048
5390013456640641024
13407636746894137344
2795070808248244224
14686852672005171200
7072570454302110720
5669364853607298048
15483780030039005184
17193958624998959104
8920070154352010240
13325541544576284672
12062582927566690304
17566846530797352960
15413999793233385472
9600903256577544192
4997843703393938432
14889008184999929856
8320353214553792512
11318173442450159616
7763915708314329088
6779940242679189504
3632457572702963712
8852766397266045952
12816137966875932672
9441953072598253568
14214055739917201408
5608506177596614656
7709260844878408704
1276479667082163712
15811277778261344256
8290913926828767232
17571642996579911680
9664658213114785792
17425922624191916032
15202780509678680064
17868756736498655232
16988619724769179648
11163000804144467968
11127853877754767360
13265627938910236672
12626549235085973504
9999892959215798272
13851992798629369856
11467882776963463168
6369850479642866688
1807072249263977728
9095332070981786624
13582905949747613696
17472178018255456256
17927812322410174464
10666513681064679424
390290829004841920
9120339654918438912
2994429739211959296
10474895443967567872
6740287773103566848
11778897112547907584
10292461289402417152
1654171874028406784
6130626904557060096
13084849177258090496
7122734085942325248
13245149828900337664
10922291059977687040
12310350370599297024
18305271965777647616
15449637646731177984
8621297099553338368
911102926132468480
12410425146242795520
5837316154067069952
17185288404111171584
9158780750477786112
15588749596179075072
2714457452337297408
4227644915949683712
11043433237087535104
3220406933776796672
18082144403046809600
13449114644285302784
5384402012168938496
8483323679590972416
7395472705328125952
848623887770237056
14460317988502530048
5662142916292249600
7702336285997252608
11533346252900120576
7301765645753148416
2073561637286316288
12410989083905740800
10556193004653023232
6740340551945305088
3035804036206398976
16699248303541645312
15768148361148911616
695961394231050240
5986640186822658048
13518435929506129920
9948026171149467648
10192343613446811648
1693761377740408064
17737997085831235584
12458799738931447808
97250924394143120
10467647017923061760
8123114685776854016
14573317867162224640
6004737518088628224
9009056717888924672
7178849505283465216
3161867328671086080
11351390707098789888
6302832777632376832
16221504995652139008
16499369516559396864
6028686682044623872
119989419397321984
15878983575600818176
16292736579751421952
3104408640706578432
248345257827460864
13626071145161646080
6571667261770948608
13985760078185322496
11802063301908869120
8471068428697789440
2238912221380381440
10385992233261574144
2010575821792661760
10690326711519799296
8288843691790879744
6916503094246280192
15586247834093230080
10366835853249474560
641103499399112576
12870155524408995840
6289068897235810304
18360442085911189504
12412949858113699840
17385059050104010752
13939945705793918976
3190551983171499008
3576227096871098368
6561121482110641152
543867795069057152
7760459329501323264
18128038767802775552
14368222874755629056
8284376363187731456
11732076136169496576
4612153721382732800
18374728026024462336
15898407722418821120
8847708871176201216
1690424760505793280
15601963071737006080
4710247974743222272
1731359914495820032
15223885628174645248
10039631176971153408
12196488277040293888
3928646337561964032
17274347140638619648
4785521160703607808
13983121382120687616
6855375017180556288
4879470933781874688
18189624598474725376
6627094972917084160
13765780814799149056
5172965784530774016
5632412237141455872
2107706414712222720
1691349917343636736
8282572183068231680
3678307944834556928
2219700494672940032
10763644708368642048
6977489195997821952
6890431862695340032
6121338984331825152
4778543247791978496
6477881368213787648
5935899228819901440
8972755975349327872
9116997465565487104
12750566707015329792
7011105149316736000
4031677529962254336
5973388500954710016
11320160162350608384
3758177772165612032
15606552496448747520
2585326540517545984
15901311799680327680
18409793828839669760
10592888882949632000
7965298426943979520
14320780943529654272
12808247475156717568
11785824646048970752
11010451313678473216
11111539247878293504
5342419593270638592
4131544432659425280
443387265565678592
8638833368052481024
10922508663346620416
7098413079137087488
5602481797200241664
2100613912996392192
5769609302819474432
6510190835293172736
13156802757072457728
2858866310127939072
1565407556622743808
3673508315564827136
7959040817961208832
4220221522209084416
14818255370518362112
17556801072998148096
10923006857899831296
3902110236276453888
17901524856786917376
11822264655911313408
10632743616027095040
609763914368310400
5196750939790556160
18124706716779839488
8683239607650279424
10642114159423700992
14412433759701901312
835482737292985728
16100264977288325120
5744767549651750912
9634121563659454464
10840666120067573760
5131431925233726464
3297441695035679232
16437787366566582272
7528207695866037248
17939789770344919040
16334425485116063744
3097604202774326272
14163517611417135104
13992755193956358144
16327539651157684224
10784844055014918144
13952945665918580736
11784124054037264384
11402498268510343168
2329638681654373888
568718940348840896
4941734316776330240
16529769819676295168
17998982765582485504
14425304957413240832
9960609990538543104
13008150578190198784
5430213788408432640
7383913028154584064
8536205799369499648
9869199197826684928
6829639031138503680
16965658884715354112
1535043017320433408
9884186544647428096
11404959951337779200
10933234238126292992
1131198769672608128
14733417575475116032
4875683126808878080
14839871742031804416
13241262436905670656
8142436626057240576
6184711495628068864
13824769569724950528
16621745095648614400
13239242230014922752
11228718237720475648
15748009556931926016
1502565659560606208
14116861515252582400
6974191036191105024
18135831462136547328
10976753067828488192
17171896900308125696
3454679158282738688
6058304625649912832
12214476620455974912
17445820892171509760
5489091468428889088
4345052839991042560
1374379485110219776
16493588676419987456
11171820483207170048
6714244374710262784
14924428180636696576
11953746900065366016
10356006157912006656
18398652390300076032
14421651751871473664
11701153253265735680
13881174763446900736
5799702102192209920
13925756203549859840
18292326663760560128
2391153702961468416
18051434764859011072
17448025312403585024
11255842107578560512
16253509938139035648
6120109733112115200
8234540500878125056
9426291498826082304
16859757348336416768
17871238247968514048
9900350709765056512
11458281666410844160
14848567750532653056
5922501959121388544
9429299781728247808
18409293745301090304
16621350903781627904
9939321874993610752
16052141020431013888
10820328425156599808
9696765081111080960
12001411413677776896
17003043433388050432
2653716844618540544
9413187487297986560
9704496499544068096
9952146914827104256
13556834597101926400
12863668847079759872
15608539986840879104
3887620727659719680
9596297822072530944
1149145940309864960
3380296474202429440
16769708410269722624
5974608489424305152
13093930055929477120
17013879845037578240
4785620774857297920
888569686185165184
4896639002337568768
11428609857639882752
6644690083054636032
4045302189368108544
7739314925699881984
9571409886717343744
4469496729500150784
6523983600305243136
12040688007292798976
12569794260441004032
5821591483392176128
5684546036460279808
9626421563668844544
4566214497883453440
5424515636540941312
15632874510514038784
9834565122687442944
14073897755373357056
4513295056900387328
15839631339318642688
12248124568361531392
1990170627383389696
3874174802805352960
11535797679740733440
1729878367290332416
17273852394334531584
11646398537741123584
8685989647855262720
5717349356081798144
9750631590758049792
2528888001893533184
1962322276228635136
8939315755815535616
2209802299096687104
17873461948555597824
16310931492909977600
14652144611379148800
18160560787673458688
15490783345736548352
16257491300625629184
15582855347856113664
10357004054392999936
17427585185919250432
2579355802316702208
7696260047149795328
2005847125598602752
841426351096535424
11252690949774456832
17915492525342507008
10766640123081129984
8302945837011104768
11711319028882165760
4807880588591066112
15407628360120254464
7743661108284815360
7587332016690073600
10974104226939422720
11999992897557831680
11783284755111313408
3017219470602367488
15809604502625785856
287425105263659072
2143277633333551616
15729600334813724672
699485843207696000
7271560377475291136
8310578342806838272
13288803413010268160
6917581339751993344
13033434955872403456
13694881565976092672
13724568608849821696
5529553264873626624
3775309693557077504
16178935512896321536
18074522951041957888
9700857922658078720
13033422415176159232
638721221681092608
6057149695761720320
4527412315644490240
11647507917748774912
16776625722432067584
18234670439897585664
10052659162165749760
11578221764476850176
16672670961075380224
7871658458645442560
4067863584548228608
12310845737833955328
10084435831031764992
7315290278749340672
13732356010627555328
11197333056022233088
15106610354765326336
8341738945134564352
14338464520138301440
3470433854667432960
4734214500549194752
15315216204868040704
4978803040677777408
7097761044690929664
6772512736817378304
8261879354435111936
16970210174480592896
3233203719874883584
12102100013028474880
8678254188026909696
2816776058237333504
17058184311989805056
8219974677204992000
9984163463819773952
16142299981429020672
3929241234557810176
8269972857357235200
9905134065549590528
4061946993561612288
9306376215878019072
11243219614409924608
2760357479185615872
12843143318889771008
5787619890761591808
12347800026773432320
7262871489084302336
10522955527777646592
7997913793261993984
11041849091469711360
13974120978051913728
4706603195469424640
2188923654843173632
4675653499799739392
18391742560691499008
13007657955887132672
10675702927825211392
3249681885430361088
2379217317672916992
10276774068002119680
230040359776462976
8784713520515906560
3817088314288330240
7929313517994360832
9235862065542199296
4033667502781126144
15997229533618354176
3208987030928182272
14738596895501002752
16023426215250675712
1885215397241940736
2547105428507144192
16464539867854813184
7576147306296079360
7016115191611739136
6957027377223230464
2481759009245875200
11255032563460474880
12609963907092566016
12522124086557308928
13558628880504170496
5822700615053239296
8267530074336902144
9512205828682508288
14982126233588992000
5838125876584627200
8513265741687578624
2620521568599127040
2236906390856871680
4442492043555249152
6977063399200289792
9948422964207353856
7993141704285643776
9969373771540152320
18345048660605067264
13019391440477390848
1364694611053292800
18241707789857828864
8723198000565684224
5790780951168206848
9444093455048665088
8016451431189396480
1214578895922361344
4852450523591153664
4695262985444039680
15622478405251205120
11137255227507875840
7735363745511506944
18204496703631253504
1734089310714859520
2973716251061195776
9930547758537140224
3814806631700807680
7840739742521016320
5760940551949041664
14766117585652340736
4980574224435184640
14698351527668733952
15210548912692805632
7195702537210940416
630252786548272000
16245574651557138432
12867136207452919808
6182431472025119744
9701663981484521472
10683644490370873344
4667186087293898752
16913487636939272192
1701068016215687936
15067884507259447296
3159449786933765632
5124102214027417600
17557274144291899392
7528253027694883840
14939501185030942720
12809854628496187392
16862674314457960448
4472748527188377600
1367334767407312384
1981498096017355264
3040918117604889088
1816362753901377792
7451225640624570368
5010148188430701568
1213804095245007872
978502150575697536
16318381566095427584
6394263965641928704
16988977746810763264
9433110393669115904
4649737456750824448
17097137031006957568
13527709824450672640
8055865238446244864
5449099133070224384
9948098693368158208
10717044959681769472
1878946551799134720
17662792817373855744
17706071298690658304
14166884286474057728
15012895982606219264
3098926660655596544
15242064480446832640
3661455912725354496
6878084800216365056
3994594346957604352
6515058505426690048
8871100111873277952
12523162803452729344
15464580881953812480
2439170044726728192
10315726898564702208
14814065910666940416
13206341856095250432
7332222394773582848
13965431933558870016
5949283939433209856
871664812039895680
2747064222746883584
14979487987990683648
7779441296921319424
4511199019735460864
375003596140296704
17123868848219250688
6310278823511569408
11775853547856156672
13505057196324136960
4689324227771148288
14354467543087237120
6147961724099436544
15510039076069425152
18347681996720889856
14554105200991457280
2202673948357276672
13005494375978168320
9619220403502409728
3190387460939998720
5359811115549534208
1722428915348474112
15759708081963440128
6097683192396694528
1798831770089249536
5769269072999196672
3924269954793490944
10496660618135400448
5552737262927229952
12952206725470195712
5989628026604292096
7538337650745430016
10686889524683081728
15852191242118981632
4740458625992501248
4626173186471780352
15410779895168223232
12851624722964623360
8987241529146459136
9417944231365904384
16413747778823987200
14685131754406107136
16469941266793529344
3257866032061220352
10885295562743451648
17527307280388536320
5881376826995907584
17823246524770461696
9440805299984281600
2705427738608206848
238718591384386208
2881452461679575040
13602789477484517376
9877164739524841472
14348642275678588928
5562102698952413184
8141490708852878336
12722542601047844864
18188983964406810624
3157007250932437504
1525048010911336448
13528556835021199360
12050010345984958464
2364666187814594048
15902716564964724736
1716386555889601280
11230382030337480704
4293543089392740352
13957784757443569664
616663004833049088
8084601939514812416
17486624970314657792
16876417950706507776
2591322440972419584
1583996888343740160
15720845049912113152
4021019252793777664
11537661289770696704
9573937429389395968
8509869133485120512
7429084749728015360
8948990439729017856
12433102425569107968
2172671706825762560
3078236380152982016
4337694420744732160
14570111469993537536
12736475462588022784
13858375209592924160
6870192990983899136
13677079747068819456
3243863099921616896
15197570042039635968
2089181594298864896
11418098503744352256
11386375988167731200
4493018120340098560
10012242198872479744
10526180727353012224
11427717811787687936
2441040012588047360
11118219720394579968
3654028384988641280
12124626467362060288
18146892547671482368
9228322581582182400
15681922112951982080
7993396592804711424
789274506448782592
8297771000634403840
18267059136380532736
16496392081052733440
6887822438142414848
16649800654520594432
11645991125314330624
15440570808965957632
10606302278359492608
5594001778061744128
17696349274385963008
276453860179557312
3640778362887297024
1046007670313118336
7057923179751467008
14835381136248641536
2207061164456487424
7260879105013328896
5227245560924542976
15967277376811063296
13470857803054493696
13777245798243129344
1358661535308407040
17143110880334379008
17073105945245931520
9931195703833151488
6296021316784142336
626994224270884864
1677598723088588032
17445020364150384640
869256194032369280
14435420294413543424
4265708789861807104
15991999274575560704
8616782030147990528
16650729644156825600
14092480025756876800
2742681582345512960
5910999384480806912
6720091244451520512
4095944505275570688
16236540308795451392
