7523490048645897216
17704862412426199040
1060338655265701632
16475599870282037248
5481172201369683968
2989696664597635584
1190114284816879360
16977762241324333056
6727517045656419328
16868222327718238208
9500591633451866112
16731117843443814400
17272353807234504704
5889069702354209792
9840852433016487936
416444113198448576
4805993784622169088
15974478553976559616
6291542811693117440
10562293539760728064
1603857822876552192
13468778158088812544
112801562244092272
7094690430201730048
2761454292936768512
6038632569185489920
16949765378875553792
11044138999292971008
879246690205968256
6664462865234754560
18128280848840704000
17629122077595977728
13715022887883325440
15726580900848734208
6287880361850104832
14460090589346873344
16110304693460596736
3862718668395099648
10123358901076197376
11282279833025492992
6018518185351994368
6345508672354558976
3358821856323836416
15261081883962998784
14723043506815686656
15639024906740021248
3489007072919295488
9194016883413501952
5849187013516949504
6048126310344353792
445912097673322304
4897567173956238336
2140337683583898112
12685999891856392192
8496532539545214976
16994602316008249344
4147481541907764224
1333366706620270080
13269981658205181952
2574420322675132416
5578219756623174656
79477420565904592
1086685359645865216
1796810879695504896
7167324793220538368
6062201062209311744
11591986259543740416
9029676495402225664
5959824902379724800
16062747054697076736
12309326416974528512
13109167760506986496
2204135280071512320
2515080788797814784
6632884172335572992
4360307245160634368
5887294565649617920
14800956354191581184
968213477292316672
12125007693831217152
15834735673577562112
15052473353655275520
1001308049646571648
106033177223738240
13449876409577392128
11232602874572728320
12805040532109752320
15689960083450349568
10337440248819173376
3570349864384858624
4676723779621590016
4013070430123969536
14547438906700818432
3146899528759802880
17686016136053057536
4289447745304395264
12049474209344583680
6625864028038951936
2053794099675489792
16447235265439318016
11277951982132156416
6197298283511290880
8544174389347333120
6590960514582846464
3223671452164239872
14792212713089521664
10066295953750728704
13096388389741481984
3227379916673308160
12744083560764815360
12767055980755476480
17569980052224995328
6123896041208568832
17471833811206514688
5871554173942401024
9403348846825850880
14773146646861895680
2260360013026932736
5344340807723734016
12139937637325830144
6670489386920636416
7352126139963566080
3596604206827490816
3167057703364723712
16613888081095749632
18176510429078845440
12923722226053924864
14207205822993965056
5722148266145598464
8188254035526428672
1230636459688928512
15965805532491116544
9232553609232822272
12376669633765545984
2314465924767152640
15660343749065998336
14983035657124601856
15966084605918380032
3310765898746350080
13996103874495041536
16113073294349719552
13365087949812285440
1899622142877058304
15822359169950584832
8154952009356554240
15348712650140121088
17469869746302162944
2162440112885726720
2097629178690455552
3763582353068087296
7420652366003433472
11036994967666104320
985074896531392896
14696209643056953344
18357229785250492416
880940937783126784
952038655177060096
5985255537024482304
10292957465955063808
17241879167045937152
8699264659818737664
16368295688289251328
7352137915904107520
13338917366050879488
3480897643459053568
13876977943853971456
3248127006094200320
3641483370207045120
7802909876806322176
6345283451446012928
9849326412824324096
9600171739382425600
8602429041975131136
7859925549599546368
18224781109261885440
6003135026254595072
18358654899398086656
3199277724158004224
4510692650919593472
2520721943655087616
10613838299267733504
14039336651550021632
7433261405773936640
6827627692358857728
3870697229853042176
13851761334154885120
16946139039596582912
15162606175522250752
3409662930985651200
15184795595261999104
10742191916287649792
1681782065372593408
429572915908579840
3763713862251926016
590202980489577216
18127909995793932288
3603019571518566400
2031682729707755264
4477028414569230336
11316674262408321024
16072717637212110848
8221055095989987328
9954648896964687872
7939770901119000576
12021341997102876672
10322395360951869440
11154217347405119488
9699208078413289472
16825638773798221824
5635107546974852096
10220773329614202880
11659308507036307456
171979432863255968
13165629944696961024
16021004563434815488
18262530830307235840
12847791933267984384
2835124730424009216
3653861803228916224
569160466778155392
194452647492631392
14734366144985851904
13084050989095368704
2281830613336235008
10806640655039346688
15946144065241829376
13729818376971124736
18412899593816565760
17652780678522050560
5404496892250963968
9433297939356180480
4325712005899382784
4486985914980233728
13636255028607209472
12125346356258592768
8824456468043941888
11756620368901922816
14067231309479405568
16673699776710002688
12586985891165059072
2523034106831661056
5444854535278196736
1549621478856956672
12333380938576232448
18140678432504647680
17693126400060774400
5317601994655724544
12380966668773574656
4057754293911815168
7032025685246389248
17233036629843503104
18380736960877678592
14126442767038779392
477650938297787904
929957186515097984
14200415351232516096
15337911564402964480
11567032435748065280
10768013199853529088
10985085626675589120
3138233846336419328
5218411177005483008
14924822142051776512
8687481635879386112
6291121593732365312
17559381935634923520
652627848373244800
3054673527727116288
2973757948259748864
8070773186790645760
5961558486501171200
11216366970638364672
14942253105040365568
16720308576073750528
12375476713097934848
17866090253154463744
1063550830778369024
1757399726592785408
15804536251798474752
8723760374984395776
7157135595707039744
7006671824058439680
6424951916994932736
872420519064186624
2777853522365779968
3274229465523961344
7534428964597297152
6786710782390460416
11757140615819010048
510783529900308160
15671843933359190016
16519667546907863040
1694705131572225024
14311776683324534784
16166690841095116800
7964273099011938304
13247959748006187008
5851404378008160256
1943907280692886016
15169504951055724544
1892956325068859136
17947562213762017280
3955711419500618752
5940739367179964416
1907003111898424576
181906141642063680
318462487694222720
6452605674716582912
7560366328266563584
4329750321703432704
1000259832107087104
13387892322715613184
9611040777903669248
15820050815319277568
13842341613636595712
15573973169570308096
15264254305975216128
13489594061722372096
7969584667261893632
4693267890717115392
12502018852789321728
6691788268497270784
7407616752081197056
13407227895177308160
14008692412907302912
5477224172895185920
2767257938994329600
17591060388420317184
2381807817891353088
16130008079569569792
13824701253943369728
8263938680998168576
17879972361862760448
9837985099156357120
13049038282647717888
2281571708073102592
13719556791474460672
12440525754565410816
16279986101616697344
8337592364357905408
10812554265807394816
17291322879829854208
808988996543196160
7237973112851837952
10684446302418544640
7320198612446009344
18185235983742134272
3589672315469198336
6404279945773066240
15425316658263537664
12459324148376973312
4078669018470063104
6519932911312734208
15686167694888142848
2755400562227436032
12015783693120276480
1308444241044867584
2434735974560747008
277050108610824064
4483031137498775040
10585715050992154624
6143348570049205248
10440934831879278592
16234757445048920064
11534625309425039360
4579931986614665728
15048270631758479360
15574982659812849664
16015153819021146112
3871277382646910976
13516402190676768768
15267291920974608384
4252241452071863296
13780729793791338496
17589851551481835520
7357406661531879424
1612986622533694464
16723316498023933952
9428933136513531904
12536809628593397760
14522566616567005184
6631350135353947136
1207911772892263424
8284089159789934592
9539303377889974272
5096883674041208832
13623233601652107264
7304729888272986112
2558172669806227968
17127012524439586816
5900140944539060224
6829422412920498176
16836506937061642240
10324644404630902784
2360319326200693760
1200822532178736640
18285884491916396544
1147568525784287360
5050357184069848064
1845002418428322304
5048976570947408896
6334186422425598976
5448642823293824000
10765678713885288448
6208063009170608128
1733151153418850048
3889881501735791104
15003367195759892480
14719513764625811456
13937584953911408640
6307964475095056384
4695775734653405184
16350836486963013632
7843891728912381952
13476990941453645824
10291530471529095168
12799157837973651456
15208943792519112704
10544930373591695360
14837347491467403264
10180282395075178496
8765770412125422592
359953219496937600
3810537719968149504
13956923313972639744
6325545654271177728
2995260908967511552
6107310144070434816
15151800767278479360
2464258019111636992
17559931086724288512
9345733464792197120
17406419750432172032
10191761954286600192
8252972450088004608
12821471585563955200
171782993948850560
15665662444912314368
17470507367819610112
12869960721494407168
15524147550956872
11618855597882998784
9936431526495606784
2004835297684885760
5293347852291639296
409441377935855488
12304433984528007168
641593644395793536
698305517199061120
4401211759728464384
399535139297036288
15896831574289612800
11007486694609025024
337338746667302848
15294432180582961152
10135369528381337600
11854284992102725632
18243233751474132992
3694880828717556224
11283073505395611648
14726410066815004672
3466835406573690368
1526607418488107264
3587166370580297728
5357408211063178240
17820297704456341504
2645308145255936000
9244892373350270976
3321518838911046656
10185781240855169024
15967737013874935808
16485246352408936448
14298338049641658368
6794833351939710976
410492211335264320
14462566873960988672
3101981578973890048
10477376637161701376
16995282697754746880
9399452069059221504
7616422157713649664
15911479205755527168
5186368558910570496
1582044238201523712
8009735042460723200
13306799907719876608
11651770323925518336
15306378700310085632
13340912438373541888
8104534388070973440
10667840812977565696
10940797483406735360
8683643395026727936
793923254961013376
2301135188906620928
15480584203562188800
17122757534473199616
12356006693486223360
9702567802115459072
1834722144688795648
10447402236555550720
7480336748503014400
6631697669016183808
3278509082646228480
2786577408614579712
16779936283899531264
13261581407567644672
4174666239833884672
7120669816991223808
10888285777339656192
16153710334330716160
15696504198736244736
4513778783001624064
4658595291064511488
17585835877396977664
12155878969392506880
252904863811331584
11557309586756366336
14556793105097285632
1091660208165305344
5910708590808929280
3611620159393634304
3045060600258011648
11633390739587215360
14930840634971232256
5635173471441074176
1799916465095558144
1774078653508019200
17553416109500444672
16235477027009855488
16690294533835233280
3747340186685110272
16275012348624789504
14842980901708515328
11852170284375298048
11006235819603300352
8505679983233930240
9879924931641098240
1673589144932239360
13790304801600538624
9131893460922058752
14718297341746692096
14692728682183575552
4106030332094173184
3440553282629126656
17488742089846878208
15597627466148409344
6368819879288950784
2795421184052896768
13354694796411994112
10947078328484665344
8556767662752960512
9934202933090623488
8811136126806603776
15528946530064058368
7129612452432369664
6142491712616102912
6811302379986225152
14502200735865698304
8674764784458647552
2454595337065300992
5861172576267065344
15283026298169530368
8952747474590508032
516070312598817280
6755829473514130432
12929802719816153088
395142083587300288
2683122284795619328
7808122136250802176
259528350489385024
12414609131800760320
526012915315419136
8762219234757740544
8371081347360663552
536339610678800512
17710656317824491520
16048243538482534400
17930571896662319104
13117559700461473792
7947795259569571840
3046168234392661504
7402123696098931712
13396634030442565632
1112503922207544448
6127770272746955776
11753394243811502080
18160375181219215360
1314872003280737024
9726070480303366144
2399696379117286400
3417530109484993024
7927120813582410752
1328110479779377664
6781373866014788608
18064959703023984640
7076186443638818816
5416339356935446528
17275077245286799360
9129785908535832576
14179780863301949440
3598113899574237696
8661329126681515008
2740559973820374528
6549189160656818176
14304683296993916928
11694312543425603584
12637321798368483328
16797921612392382464
9130477734529704960
6483903525738237952
18197357800972675072
10843226291452471296
2874314765753112064
17620196949324294144
3584695696070649344
9331983513267935232
3838345295508042240
9755172972076296192
4659591054005154816
15065733103579019264
8072190511275953152
410723714911425536
14086627746989412352
17337974057625120768
1195749293124229888
8298020039626855424
14518106116176205824
4758049410997886976
1181396740833157376
12495612352143280128
1276540284981087232
9257883804728287232
14253806127745542144
16316833669750882304
4429006728620769792
14165359883890360320
16571091520561664000
16188876733400928256
8867693091745773568
3855977132837668352
17973892344572315648
12505488377360900096
2193406392637763584
501053969888393856
8274045349480069120
13926901357133543424
17612029754973075456
14549262994190252032
13988186059642501120
4362634369403769344
11764658728159942656
8165845287346590720
16603593194554677248
15412075203588777984
1627327023014330880
8509430702097779712
4062663079784210432
6995259723789335552
12431418134015213568
9708752668563212288
17376735368693002240
16535305464390080512
13282025203162867712
7039714505026809856
15796257794063599616
3962939640242264064
17260815879130861568
469774856471868032
336943259004537024
6932050172058898432
13077044651695740928
2873754658956359168
17385800356862097408
15512537234661394432
11914355825366542336
4433123187168145920
12203788640415522816
310154294486065792
9200935383728230400
15642399435118295040
3324512692403201024
13995894821895786496
14945597053004986368
1396626171331442688
10082194884250142720
2680028198187283968
3694159260981739520
17607335443203704832
10742591161529264128
16325778398933862400
7175674749326526464
12026538757282394112
1321281660775861760
101331168510700112
13541777927625814016
10249395341895979008
3337573870683554304
4156690951512413184
3993330157149949952
12950171785806163968
17803523789350938624
5164928637581415424
3230329642771338240
9250749937205649408
6566278657290526720
154009455764835712
13615233823295971328
11850526461195137024
4395022127483670528
7144616569715119104
12690379623850518528
11073606047035561984
838091287538890496
3148994577476706304
5586911724119579648
4467502034359308800
13966618483565772800
3273899002188609536
3789633752133893632
14486971498435055616
5327006482695460864
8943977676361370624
10802657774407809024
4974273059544431616
7363926599716345856
1828371881239629568
5340588385442786304
9266765135282538496
4674968212632906752
4300530853206589440
15726222124978216960
13866914524958593024
3075083157926924288
18400712954549415936
7552503709112981504
272306836511784864
10739261466575632384
11774780839382771712
4214627289676401152
6237133730178417664
2107443391373811456
10025686937810761728
3003898181056966144
6794353334935092224
13944023928734148608
511600387255820672
7298179074796694528
4425735284516907520
6366806467224213504
2731863595688823296
9341749478244276224
10649053516511936512
12366127550597419008
10352838665108959232
3822015678835744256
1330742577719672576
11729320841456914432
3461487454560123904
10577401240956467200
8993997861131150336
162109221999874304
14109752077532149760
5811668519531240448
9983633249219500032
9467130150461689856
8600178318567177216
15856714022915647488
7620386602965870592
3343814862513603072
616605789019907712
14410181998676363264
1443091586088809728
4321955118550917120
1609610539290183424
16773603030846449664
2269823728265032448
8104265871901993984
6397262491035643904
2413929907184037376
6390433073151292416
17048104720686747648
4909565458879802368
8767102593538950144
6581763918558721024
8220975079876820992
4960338082913987584
15407708471969607680
2747404697475614208
10973528689085495296
8897820924896017408
15585449673338226688
7024537394859604992
9442702591502108672
14209674336611180544
13134051066473314304
88096815423879856
18262972624822210560
33625249176992392
8638997516119771136
18297547986228903936
16990074669432006656
6456601514305997824
3410660036674640384
9863290453090168832
4975936963104741376
9277125970380279808
15327524862035654656
13254746490456694784
14000441169446572032
17652819981018011648
4359461551980647936
5910738147113705472
1204274369647465728
11016085529157742592
18142968919300079616
5651871487990370304
6208001920097394688
6459711132706103296
258977489905416576
11644511389996232704
13606733739399276544
1720899597397536512
9977689413228044288
11654872890058891264
13897517749086464000
607325659232773120
1308020831895443456
8005268914882895872
8197000526871018496
1451214489788138240
5409421465184397312
14174751162973730816
6785406344978278400
94088902526644304
4358421561675820032
3361071478142157824
12246719100612470784
9559554111460147200
6359048683612723200
12704814573480656896
375211540808909376
10071632881255505920
4674489360221052928
16394196922213705728
10916813453642784768
8516491280450152448
11467519743730581504
9258193334121119744
1984382006183981568
15656257017561974784
2824244904204834304
11267545869909823488
8930489133044505600
6868095101820127232
15774556410238089216
12809282019331422208
12465755622065221632
7449261608161620992
2820036287794942976
4387224086787207168
17296493346105237504
14367475881051691008
10938600927123036160
2689951734678852608
14825816015959400448
6829906233273272320
1545024103058157312
16694638128874172416
825201318335546752
11708266495029731328
11658865233394241536
1227699103822595840
1216433199584191232
430803671568084736
8657836961404541952
13188723090110543872
2502491377167809024
13447883821899368448
6872088424907482112
13521009369637902336
11805667186042458112
15002874342379034624
9746772381325473792
15386457126031976448
17104662671504461824
14354150670170972160
3628870795466321408
6649799821794603008
3856967121729794048
6053004006366045184
17484793936267827200
11844922916256065536
5263363353351776256
4588027868401034752
10874275258129342464
10396639603984343040
11064897708774782976
12457841229289715712
4078923650943927296
2964779561156650496
12641182865833211904
10684473797531260928
7341324682244933632
8153354196132204544
3432984154800679936
6208403549681645568
59991469911723000
16437088814431453184
10173404394040909824
10029728153992642560
12493402124569409536
14454796334311534592
13402855619168131072
1304298664991754240
5386241415176510464
14137328089612965888
5344512626005766144
3552439921293864960
10677113602965309440
1710808517657446400
51274614633251552
15900655430324711424
6896323027011724288
4692384137240450048
4753082954154958848
10688292593609330688
13557692633852411904
3350162239862625792
9938662837363181568
3262050869888003072
1997278230992201216
13262996379426320384
11217638247445209088
7722086135680703488
15797528704216518656
16743604903815274496
11622704586159679488
9960636927436126208
12293188482315362304
2705193197840936960
2580297951905927168
16541053372287838208
3195695760806154752
6868192091299330048
13445432666062870528
7726676925261706240
8194667655751421952
17440252534308182016
5116004636030526464
14518992077353943040
5173382309426696192
18384647864717371392
6341861688556282880
16501988267846256640
3200234562460551680
6422068755611200512
1466313521352215552
1871340517398338304
5194515906730612736
11352097164215574528
4662247504185010176
10542025953998311424
17889592714874316800
10368156969496827904
10311782039129817088
3210401664198902784
530311715107822208
16497839505231898624
906093796513776768
15205856789320527872
13916244082309799936
3073562074822109184
18242211466678958080
9393031847929114624
8602635900737600512
15843551765578346496
7559886781218433024
15945450437906073600
860368827194556288
405638700703944704
17695090817143105536
4453752504967457792
6555380434203200512
16998423176828493824
1761731759949741056
13348130232474998784
1453529730122062336
13061844669611171840
10947504247884412928
1320645672049935360
321925698459886080
6183687724875301888
16338465328252610560
3528464719010906624
14020762586446411776
18351076878645178368
12754970702786979840
4866213587224465408
252130505666163616
