6206994082078154752
4597395784115761664
6679199273796335616
1318146785763217920
8109211713830218752
13679205954212222976
3721966503960509952
17170832246457421824
17827897355859632128
8392744759969086464
7233105058095465472
16856051280462323712
5330345250223511552
5024613425044954112
5342485078452370432
16307254639997915136
11050726699679326208
3807603717819183616
3356209899906799616
2995569263365113344
10261986690653267968
11569746372682766336
5101356784475942912
1647263545944533760
6338196580645102592
13370252216349546496
16067026034423846912
7911868809275836416
7302279658252219392
16078343863783241728
4899210506424504320
3959405856603361280
8033399307341307904
14419713840163467264
7489612878666444800
15270681728524345344
1890410342649908224
11869691569479047168
7838983893490672640
12393827285405126656
6830077413202689024
2857844387688073216
15425128108370327552
18364745733054922752
9455987462510829568
2908232615963632128
2243303505012249088
16572119048168650752
9007333846771529728
13348602339086280704
17709244750901970944
5045140359151240192
17805161062880665600
18282564906062735360
15927559582952665088
16801824622090809344
14655886539910420480
15762730037059153920
18076342951020005376
9716006714340347904
5209742704729499648
8518939885097447424
11040272066968834048
14032691777007968256
6286128644113512448
15831880105804144640
6813471058050273280
9087693269991901184
15940765031012276224
7211133122117072896
8228607618795289600
8174130778345585664
7383020850465473536
4765529364443245568
1938309053672586496
4340973780819660800
17874110132567440
11618109371806005248
12284821276193959936
11258480469972029440
11961363438959376384
12001789951169323008
16358430502160508928
2793757037239205376
15141445529172002816
16158997567816765440
18288073501766068224
9106804020771473408
14953567024442431488
7924287777471830016
16186486595949795328
18424367067178348544
17742258302945200128
12508455130947942400
8650272933551738880
5519044533767199744
11228149192290594816
10807062975883526144
2933699468892303872
10376479366210166784
582351593760248960
9807260100314992640
8976382657822498816
90926482316110896
4512346214735340032
13234678035883558912
13861612586670026752
8974081592894065664
16282669931712565248
17294734292301670400
6063495329999651840
13514368883301099520
15176192766930853888
1695236070754610176
1681774325920958720
1614286583245470720
8587841742224228352
17505191269822468096
7591160078113314816
13192445319797970944
16446725475845199872
15100775087582849024
16738091442355619840
10521888782163001344
17671462802329661440
15757289446037735424
17142431154316017664
5857221370398234624
5142342363557414912
1332579232330612480
15512779852160931840
7746713938995024896
12427052987216982016
13448056634082435072
18240891341384022016
7733543638589092864
14420971661827436544
9375926266690953216
3238915311220016128
12598009826323056640
17988666641116983296
9038944257765440512
4812009021268148224
7012925560797754368
4976207764071282688
9799527972736200704
3751484147778066432
1135899108024516352
17544737535680024576
13619938831611162624
17089683317838071808
2917760764669546496
12641875686500218880
17800622888795901952
18118495584203214848
11464185698753052672
1585868796038746880
18265710353501153280
6217262137447398400
1905338895961308160
13720286944668151808
7607396559372843008
7216355212481582080
13157112022752309248
4003216960592838656
13674548924920608768
9389635600969924608
1158621529915750144
4793894230244349952
12173710557772314624
5708953219563574272
3494455102822099968
3476728375629613056
7548259869280763904
16494868285283917824
6733461902673956864
15655428652901087232
6175423353100900352
10411460397191311360
6174814831786169344
6669604909208067072
4009383474193124352
8480568759650490368
14798750490274895872
11747035719373166592
14239947615977633792
1106979853396113152
3416497933800591872
5422522761815058432
1321849916102377984
17530077139700041728
15702621567578685440
868330660768307072
13569663422940063744
13186653833005441024
16290330112872378368
13614085844701358080
6590382191080279040
17571406699412230144
11214373570536775680
14255680616928665600
11246123691660535808
2777337616844710912
16514462377000288256
12271804964239470592
4698919895128842240
3511146894189231616
6858673547466423296
10468477212016345088
15885483595539589120
6829578911439518720
4229737785577050624
11566828441626693632
16661692828094773248
834550084633365760
9810415956581154816
17567886948914597888
11206217933486536704
15583907434041073664
16934223917974962176
8550632396790845440
8085247556850826240
15487276019917178880
17179522483443494912
7072927797529794560
12163078696678440960
4752197770713011200
17123170191572529152
2500996690573091840
5360379578462987264
10767012103870709760
17037003322061164544
10012546531569780736
7000628342430697472
962559507848335616
13058173671024705536
17711943162065532928
14927811386346887168
4057401635482234880
6644700763785789440
6376111535397831680
8582658495095740416
10192824684259133440
9038869259921126400
1974588765558906368
7464596952956770304
16603185732978149376
16965836215256995840
14912821794643126272
6287146590010123264
16458184496636491776
1888487797758324224
3490248418414139392
13394090079626350592
17995254233440299008
11015457113695289344
15758994817869611008
10089081910186022912
48667565741173080
3684808051212583936
10063862791214303232
13792800845987368960
15709593933566642176
13762656433284116480
6122218670376482816
15142570942359007232
6625707722602956800
11140833540510633984
2615808615496577536
17520915013549078528
14234392589829808128
7811130728208811008
4477186966859715072
14016083332984334336
9961293579745390592
12892060375882770432
406802948789924352
9342759785559754752
16485303315482302464
15238159507098793984
172306271970679136
6819748540334651392
16693187725029036032
10746701707351144448
9721430391296782336
1217287788497194752
15066565297175465984
17042094081775734784
250224558298423552
13207002296279900160
16522488729771126784
8849856168062123008
10356373369271846912
178073884028970848
13684992776346128384
10531304245525231616
6822280377418401792
7714497317994525696
11238460819961841664
1421417949581853440
3714723178125064704
9848978893929996288
3480126912615273472
14450556420671621120
16509861715560239104
5693444553587162112
1150726772082233600
8354946859900625920
8910965775533829120
6119065645697500160
10330189180546693120
10840600157366386688
7452500807515250688
4783035535142457344
15760391872509423616
8936364147191956480
18120497847907903488
16910369054769516544
8776723452474611712
7324139028540778496
9740075749194127360
17994996838634801152
5440553511401334784
18272381764953790464
13441599512423802880
13303534436254578688
15351093030594828288
9315663712049711104
9802800532909074432
13027189589534531584
4974344124293431296
18290672480903913472
11931487175482527744
13772608979907571712
11357502782919862272
5433727979654993920
40398193407914376
8094879605106791424
1357773204672732928
9844902392664602624
3658664943454498816
16746599126389266432
13351165437438052352
2651162303243845120
16962190225385054208
4839831155471604736
4525285359834216448
14759819092808441856
14046844632141207552
17582246389524131840
10241706639902234624
2621922601332502528
10335271317710983168
6259684431860858880
6495373977865581568
985558109509412352
1191631006036470784
5823994062230275072
15536726618516281344
12317862671668262912
43654995365557144
9718937805367789568
10866529112507926528
576316135900290624
12622931108521037824
1297839080095204352
9732668062075467776
10947264303178756096
5625969909183968256
13527710641811120128
5621670685329520640
13639091048972437504
1941571895566465280
4346401597069416448
9173107695940926464
8061794540052641792
6803550134669985792
17862118951201163264
10019389954128136192
2544017063291692032
8482998029184517120
4215899407320373248
6672295210797189120
3658483005324733440
4811722780851938304
492998878247481472
18115608102738313216
12925768552567132160
12027138896302368768
1788309246400082688
447275181545782912
12616048126922110976
5242688340866813952
14858957243824205824
15952393470399035392
3716841472703498240
5192088935801793536
15469906023025276928
15368774975578988544
8816471181401482240
17364995698361135104
15882895306036475904
7132053369171094528
1505493306378898432
17202593397053599744
1941236816316448256
17924906243430440960
9559705068792905728
4593448438514213376
17356697928754350080
14484047475129266176
12079589193881505792
6932655388560683008
17408633404259932160
15737841037296254976
13150350387809366016
11294229919352608768
12219084554477178880
13061981089645240320
18096890995813498880
2253217405129443072
1469203929334446336
12028772683276787712
15276080120538701824
14070831761961799680
17503973754686924800
15313276083604260864
13503382980691367936
10691921409209751552
13882771370765969408
5245447515668986880
6538465716338323456
6855778707281091584
8728722205700637696
6095460921004951552
10757780445428811776
18300555458099820544
11918380994591840256
12442207975953122
3633260931606856704
16130199362692519936
7445053643952855040
3033511992982632448
5161038935503014912
5899515443898826752
4807597899454765056
9434307917682694144
9570509426927794176
15844723883123140608
6507867898889089024
12181395210197452800
4979554522721264640
18340308060295063552
1779099772245764096
5688052957982976000
8891845291191617536
14327156064821618688
17185372114043031552
1443445378736475392
16918445370463737856
18008970170751160320
3432211239622649856
1881789409507966208
2997197139499344384
5491156810838585344
8257963902103772160
280707873427197888
6210899896870626304
12373001597903097856
4028166201672897024
4031842395292231168
15828495285701711872
5802768488913502208
15653687289733453824
13156421774484344832
16050150869267533824
12239582735627022336
3219006050674302976
13873057828106754048
15512745910132709376
12011254657282799616
13468406231671986176
1312219228699077632
3672918083403614208
2185361927313164800
5241814801720716288
11576535074940178432
12987944365065992192
7479572979881601024
6877332330636009472
13943876652160149504
9830287564273266688
1385771864691481088
17564171196095709184
3677446340123246080
15171212784433471488
12272574872013807616
1052422404788910336
8531281288234323968
7535720401638402048
16590862068287754240
2926805088638085632
12141658409136513024
11220800136655767552
8385712354279953408
2361698728322726400
11877795430756618240
11442718636792397824
11119503595336314880
7317679064227326976
7765031697347483648
1645506812501223424
807779328750587648
10546940567205251072
5553156916911561728
10699849053537007616
8085815037667552256
4875711493133324288
2188179434097313792
10829164614667808768
17148620201584986112
16525952672902543360
10483385339165739008
18193219106341664768
6003720322382995456
15654503258883561472
14151630713603045376
15116075919817566208
6739289250965490688
16327691357409613824
15537615745168594944
18232261328631701504
3914098988891843072
1508458688554776576
1529027879448965376
14441411005034293248
5287083499037642752
9756585098229442560
16681712303585038336
14328766366852640768
2231882541602757120
4802753256036830208
2599966372331443712
2387734826269756416
4669607809571960832
10080194713995575296
14576217847967758336
2532219588225989632
18124760010258376704
10052942336742348800
7605878209486652416
15253381513188925440
12278421378033283072
511411762054257024
2087614932679151872
16529189131400163328
4778651814533280768
2670350284262574080
16322461782439907328
16550557640037873664
3648411205663298048
7057910529675878400
9311510774828691456
18329105305733668864
7858674027651411968
2203815025426670336
4905202354319420416
423169788514977152
17928433964489476096
5226657402091719680
15542366598287904768
8631945067253695488
1504763748557834240
15094033920550875136
10471633585566316544
16368638949972658176
6812856725674877952
18015875369712916480
6899671600166266880
12061894227969310720
14040598799335104512
10704857637356656640
6025899799782452224
8695753545468740608
12545073070106898432
13773524533045561344
5812446695334072320
4958010600651658240
9832656166196854784
14605154005549318144
6071749238397792256
4054378404570488320
12850700504335931392
17957954248606889984
6216237276271549440
11449781662777018368
13116382244002273280
15861691775131164672
4992330320826933248
11671928003231283200
16691354853936240640
12135621399156137984
9226191477039495168
15609766101094438912
14521941860509888512
2783116891361288704
8041362246188667904
6072849998239326208
8237226782510026752
5923161991769968640
6601496308219616256
10130857090673352704
9444171929949097984
14714037085047582720
15013253041466281984
12858388841423538176
17745690459451971584
17205877139777705984
18393289054504910848
7380969486034777088
55216155391873384
14018612726101571584
12883065084270104576
12717813597652811776
12984322194220511232
9124615715817865216
13046552370239606784
3240634245345276928
10431970991755280384
2967981472762544640
4102651222430877184
11965718515406958592
10254207259890556928
2413794733627386368
3324862338446550528
15046260933174390784
13743800462100033536
1489020036301223168
1720896267611031296
107664748800933664
9155328807334910976
7187089330227894272
8464763607482512384
629330480169908736
105633011593068992
8676303583806373888
5888352702449228800
8735593042065257472
482079634157478336
1035221575396231936
3066032055586173952
5080792658424851456
7614376163666380800
13828447683342129152
15619464589220470784
11047437667124920320
374301211489218944
16812471064287498240
6821827270966508544
12954777478004480000
9488089190804316160
13884030462715817984
13824491066100221952
15257743617550659584
14099653703959748608
10197631562745653248
10176921148325611520
6372857336621048832
15627961121312552960
11441841186543781888
1333256074468265472
17374090901178021888
4127388969804391936
6960329666986711040
15256030081183330304
2230111026630290688
1078901358468932736
15195005066707277824
9859691738218842112
12301394255681816576
13514138607542472704
5501083049526311936
15564669256312825856
15062732706796158976
2049295122305946112
6295825355454147584
7811518041477398528
15231296514628239360
7834779888047112192
3900676119917189632
5236219915601140736
9296812117252745216
6902791174787849216
3518478474184599040
15411373422795122688
974666252969892608
15479737309098209280
12186255515902273536
12755870466841571328
2580206696081211392
4695600387384337408
6395684235798645760
12702409225656494080
9284320650248626176
449687241885495040
2516691087959215104
7837835910815102976
16446097288734062592
1195927381958848768
8406970617350942720
3774293514270286336
12139065773017286656
11566453600422076416
12244793670906861568
14816482193772963840
8876892622994705408
3130227611979210752
14547404920861212672
4257026189466993664
8013721543584062464
2570999747412040192
7249970710978711552
2271321467091141120
2922434050167358976
11701953560281407488
3878009783715337216
15622241029633804288
3265390212203104768
15778691643145846784
12612883747814649856
6633934758310735872
12488772427728162816
9729242218874826752
1738477117305283840
4747036064004927488
12348628913728436224
17610120045823744000
12082871309696526336
2643047498633895424
18276586929376679936
6509392256232711168
645777342823124352
11405753373051166720
10503691421914902528
6481483874618665984
10407573126479134720
6354277397323625472
2102198447166563328
7876635591779485696
16022204220534675456
14148138983026374656
5615912409653630976
17277113948721364992
1167270333098447872
3343293061257620480
7506972061339317248
18334518577882847232
2145735713576627200
9058094763986770944
13182340992896243712
189448827234774240
7018378678494496768
1835113457024807680
4841022788013895680
15862774899403724800
16063949406964940800
16292668146499710976
1337353033185601792
14125812198563782656
13948213336947539968
17901443455713345536
1823817254386001664
13462879078771345408
14623923459824560128
16753493590195417088
17765966520107788288
14969813287211427840
952166247142329472
16078963882909413376
4834500081902776320
12766908500675008512
17463958276278886400
3279763823962702336
8353422928510578688
3141313842060682240
14213802156084410368
14744833414371649536
9663416429641017344
16357905895662342144
1071274274462108672
6173644144648515584
14997115955222857728
8320856826405306368
6875661626933611520
14087078764516868096
2908236313579792384
10982440596215629824
11987873553036992512
1709509228810905088
5473396720928390144
3909393667186843648
5765288330896397312
14306497254742351872
9594084504552192000
6542329176541054976
14448637388199139328
4691550550846261248
1523280658858864896
1205236189373298176
12147587947068248064
4161097113349683712
345084969835846976
1537115799225012992
12401421026472052736
12368129476176750592
10258418159932045312
10746313669934804992
2453527154845486592
6120403185111931904
11229745403259074560
447556762566560768
5207597239165786112
14121384945102147584
5833689097270024192
4960301379372041216
17629228710809376768
2395991472205280256
8190150878939247616
12091087395992641536
1777114916021076736
5340142893665084416
1585848071761584128
2697773218779307008
14947408292904638464
7142719984179177472
18441669316116500480
147864068434560000
13361282392147527680
10116966848540635136
5264334768466955264
13877469985825302528
4737366321008807936
11904769338481866752
1682619812108199680
7178472424379071488
9575990605002156032
14545352173628088320
17831591113527130112
13428681848974522368
7979367171229887488
4553533431222319616
18298661456358602752
4433152839160668672
17605384956084436992
16402818710605987840
1443579414606215936
8589176159923182592
18033788769210386432
9369887824107991040
16270226420181565440
10972106146603233280
13241433739440781312
14523060346481270784
8998581324468345856
15139833664138911744
6457728015839836160
11572621955675729920
11555429089393876992
9590841576223490048
6435575889475596288
16985303881715906560
7375371314617865216
5251801716957405184
1697178704232835840
2491821361027768320
4500884045892808192
17320346463372441600
5463338510655935488
9087432332121041920
1210760051609472256
15164134412708710400
2742610026052887552
2430319994706503168
10657979332658554880
4176699393130912
8722438040446532608
7269151381556248576
13259337841865246720
4325136903872437760
5610789518796445696
2256667526732060672
3050300376961840128
14276059411554023424
7517867593218037760
5612408593795192832
7181626218220563456
5498158920909062144
8284451072508119040
16473780228243034112
12721385404973076480
18412693308053282816
7332462918550332416
1424811375968910848
14802744954814736384
2388684437591918080
3685917463314841600
6805414091444405248
15875083419748153344
14713747988642297856
15714458750838964224
13038953642996502528
10203701807231981568
9218893291954775040
10336052802350866432
5457595432321141760
9497049339236511744
1975844847788818944
5124696053617611776
16257357295972892672
13758238454934898688
603797145991539072
11576991461120477184
3132525866858216448
17990878816564471808
16000676166181169152
7766249860020149248
11001259987731015680
13563280276616009728
8378130504757780480
8693215239051930624
9564485118988838912
16073473386587400192
8509482986920900608
7692901301404040192
9264146381248153600
11486404395192735744
12426624243837124608
10279106165994815488
1681824055982132224
1360936201476534016
35535958259447344
3887904150859315200
17162149862950533120
13906321206988353536
6890148033827613696
11552596393016283136
6717428166284244992
4594864505601664512
16733349705469626368
10052409814139748352
12036025434023772160
10947406092124612608
5400324525157309440
3109375627519474688
11580654753823455232
3347591558996529664
13790708882924228608
7709551633535041536
5737905784765490176
13907438833131358208
2807789546940445184
5041363957866123264
1837058713743260416
14067400823928358912
9532559487721326592
4196685991114416640
15176773420416948224
848885448102890752
8654171829625561088
3245091152191022080
4689962102156904448
7076232433425319936
16638504630148304896
7263058097932701696
12214260414748747776
11426765335977506816
13977897262082629632
5961717575990640640
14857796402317422592
1864660583940872448
15379889403542476800
604023525797083136
16834015849013725184
10381292809495968
15786198141887629312
2999401293382328832
10870364881715734528
8784353541304073216
6208135830343361536
13316568770081067008
5343218482545529856
7986921843710189568
3237119591950968320
2966719823456973312
10472907277186390016
15353491574277883904
1711081386110941952
9012125340094765056
18384481524055472128
1935058752510288640
