1329422229807550976
2643540772480325632
14596007714726424576
9262170796093507584
13688105512485709824
4819425245536320512
9483980178765148160
16685395690853799936
13895671774855217152
333057626997919360
8155878490712815616
4614572630016697344
7140575916057268224
13251298177998862336
4343328567270053376
16701019139331438592
9136167139389890560
11476438585330376704
3179585694317999104
5523820507622133760
1597257701481072640
14363363020182183936
6644783233239894016
18083855134701033472
12353542702175776768
18321099944815589376
18074073731167897600
1655428367720086016
1291318934652117248
9820631748583315456
9801309877541349376
5987870345142194176
8985253339949745152
12711903845594978304
155432839552720224
6952456706163693568
8200205201134649344
15728943500325488640
13658212826255482880
2689778702242240512
17191608436379006976
496669181290905920
4903296714336100352
1413224140952102656
12323153794861985792
15440486258745040896
9178199375236930560
7894550855840568320
17749278718308169728
7010946445295446016
1248954008968057344
5899663191849736192
6945978681037451264
14274052465738827776
11514280212717594624
901026262523513216
11552072388139841536
13655853972489963520
16821472345740263424
8872446741336022016
17719644642140985344
1165227818404436224
10486727148111147008
9060691501602827264
6028152040414617600
4888158539075435520
18130759902743222272
7913485130543706112
6226195954650342400
12232941437541027840
2511770206397948928
2132332776648318208
15001618395779934208
457112805561226816
389745756516588672
16076431887532765184
3543866660269717504
16448423355197392896
15100820389028726784
16991698828728870912
18119828067051835392
644577244471731200
16200668563777865728
18095403489613369344
1484457095798343936
4104294604874427904
3617305021934556160
17799383207634163712
8312621814284091392
2500919812103170048
2470817262595545088
11156561519960182784
10510327894915536896
7542108102563629056
9730469617314363392
1944059220088788992
5800798483114482688
17216706740074831872
15000961616758878208
3739559296407496192
415597745617586816
11114339894799820800
7491336039517396992
14109776618699372544
15135239031875880960
2384958346699140608
6534944059333346304
9236301438324174848
5415416336966084608
9025319154821612544
2707048574474813440
6880062096946025472
10237119702634782720
9427865470309683200
13758211890188814336
8888316775262630912
17615838723905343488
3399245544689036288
12444203423166984192
11068232350593992704
13369510356480155648
1326951647830217984
9484884382595753984
12224124028434165760
15695894291667806208
3445724251497803264
1266685980328020224
7963203327278905344
2874260579124192768
8968754873484959744
11380388469662806016
14552825884583454720
4489414859471534080
15304863670819565568
7761974160350180352
16499509932340488192
13285564483691429888
7828970146085060608
3566733851127884288
773205099169640192
12751475905319325696
249233544132695168
10720366870315798528
16170069611374954496
1690962196028857856
14101197097342007296
13111047851330811904
11115739847561928704
12571598751078371328
9111995495382643712
3575037655573706752
9750226116127254528
15681332872263854080
17651085844418957312
4253898446661285376
9794483644875335680
8791173230482823168
16246909562891968512
11040537669948123136
12380541001652027392
18160440347876468736
4994190847851826176
13910242115884046336
8662857584495159296
12579722722772461568
8682478471111590912
14233858751961960448
8041034933082165248
1093810147976106240
3061040208989743616
17441064925735368704
17936330792092012544
7566794798447894528
6624627152155852800
8512083222618861568
14095516495523348480
18313532405925347328
4855120669438947328
11774398349955166208
5020864246156187648
13943535523856422912
6076134588178996224
2487169101350277120
12101400272840456192
4709705475180515328
4186651122393216512
7835228107986154496
15412268686722482176
5118380191717468160
94037183088534416
10969960996081700864
4644060591343523840
11962388922875996160
15876916781749291008
5365574439305125888
14765362585587533824
10945341827457515520
17102955580857493504
3460524832340290560
6489006011386905600
16196486032611985408
4180487752277663232
1367862476794147584
8800332225131055104
17654021809442793472
394880467913466112
2416192231569847808
16842203827014166528
15878433908186617856
4848420561443955712
18332602074478573568
11955682708875493376
2480553083705887232
13382446559041751040
13161895781896337408
1729070620739532032
11983192988535836672
12704956715316363264
1039885371572773632
1725272921155654400
5194017739498858496
14166734507290630144
15079173239148353536
2123925136289080832
5680276118103225344
5133260197440788480
7497944473154419712
13627412229229182976
8306734773972091904
4925783390278852608
1535084788587299584
863511631870862336
7409458447939218432
514231874593325568
12958289402642149376
11247516341701896192
16012944778099111936
3576995314238617088
17447527128697036800
8295614712613577728
14737224773648758784
8552364425218476032
16224553267397961728
14124805302826684416
6895373712821714944
5618104485155867648
6591769424564482048
7394109758836782080
7354424223111990272
10222620231987093504
12721202003849373696
11948597340378580992
17548484459082625024
6498787230064558080
2677169918197209088
2066641913637213696
2560540433488202752
5974158473994573824
2521185299613333504
14752941138248525824
374639827369407616
10327827586866937856
11115373193594030080
4420273649330473984
10924058429173155840
4984104942487421952
17688226088499968000
3968178534279343616
10212904984395401216
10660734667605991424
11234357365124837376
5775715523235045376
13132651868331468800
1077301473563730176
15178437838639753216
9466792606021761024
547718738306993792
15110874610020661248
6782630513107640320
10142867122478444544
9166716477353008128
8147464502638104576
15331677670841577472
17238863708424712192
12348927968581734400
9321858452037431296
6099894800546112512
16103715831047028736
17138543710932396032
9467858482937239552
11268968730282055680
2471861858136992768
7406074649680834560
13098239958111272960
16383791865609041920
4018876567353558016
12816693198398433280
17043184053917298688
15665896586588932096
12163895127522054144
13529870372072734720
11398633191082383360
5859328910393059328
6367789704452133888
10763766538127200256
7408845216094063616
13068353733152407552
826960247990822272
10020204252043001856
5289721467067575296
15283034739662602240
14467523188830550016
15659097845981874176
1629386585188148480
13509987009119315968
12946139157970749440
12794168801661304832
2751019294844572160
16688379254613788672
17441559666582771712
10124524444389888000
14142382835296731136
12774894496575338496
2242884331840668672
1194063693078005504
6819736550587725824
12914564258700212224
10776641938076160000
11961987044778545152
16355817816139958272
3033589958385751040
15863638030066462720
12236325046464251904
17700671443842664448
14075932977964627968
10682414447330152448
8147757272055201792
8735276561631811584
12424512273882959872
12718605081541926912
12839481497109178368
16785029287457001472
3651812199499053056
15865630358044184576
18214291123294083072
13672401027733465088
3935072556422247424
7724715482854903808
11197965490345672704
13405733408117907456
4392850143956112896
7822471022749259776
2622818403091049984
15908661453874683904
10801487553817133056
11653904113545830400
13620936112468051968
9026785481595668480
15530769987450705920
11451184984909633536
18104721043903610880
12146107245574258688
3102725587793196032
11774939111831003136
679806161717644288
7128930023146179584
18210280457932144640
3833922867518251008
8801928051298101248
4366769396105049600
18188388081279234048
12522812367106666496
15394244965754279936
9328855150376656896
11561578461908977664
7883624298385117184
225818380529714656
2792591443151228416
11230404564515848192
5419876219192388608
466190414605092032
11245422191663448064
15323725623784726528
2520647273441720832
546535170754563264
15865923802175234048
16914574761022900224
15658556751771965440
5027466668650999808
4918428853859202048
8034902827880552448
7619435854419389440
4349100866483780608
3576821731146991616
4385679498701543424
2074690860422482944
5612254391783440384
8806550329480193024
10605851399853979648
18345567684043233280
236457575375290240
12880324593566263296
11470529952409823232
15368455698884687872
16682334496461545472
477020424888531904
5024626121400824832
6227594713399035904
13792557333227307008
13371447479347036160
4808396566419456000
14479195093036414976
7707250565387106304
68970600119917056
12127734759478661120
7445115368497420288
12759721106694500352
17748304929260146688
1988258526850530816
12817449664232693760
8247047442597683200
9151149610055735296
12320602487766681600
9710220327059941376
18137756256006715392
9558204101430081536
10933270304399962112
8490041918105559040
9471523676926111744
14993644873430302720
1669845461713952768
1963116940907256832
8454843160625616
2791683843055841280
289857249393312896
12297543351689443328
12513561640474558464
15806404457478684672
13532026678807719936
17892981137522907136
4133659770351446528
3269386938819072512
8768966837135536128
1682494893935259648
9178359819847499776
13537253937068222464
3511320744819333632
12785800754187462656
2409004197804714496
1460174637283722240
9700513821902450688
4808838852495771648
327651057017407488
16287744083920093184
2025232082738414080
15653339936437372928
17357774472510035968
10677065495288795136
16946340578254579712
12629433091396538368
6118357096490066944
15656815656381001728
12006852888790372352
8559450174149395456
16144872204674961408
11551181176408113152
3678545926329468928
12689412604737495040
8974135726784545792
7464641200856268800
6258440798446239744
7392029764959538176
5084022249649347584
5656089440342416384
15224191168274161664
11507067494887428096
5574829829136580608
8044551146794754048
2125934896484026880
17030943718629001216
17280087326273175552
10588411750273366016
16884706328049764352
10676621994580232192
13239957878785116160
5285956332004964352
11593137156058122240
14166319341128146944
12496164059227926528
11689916197693186048
11172471483618375680
4629804369420602368
12008405878070145024
3006374939432689152
6295882587796861952
952890720547181184
17491216002241177600
10618939882072852480
6918022647809480704
4503693277786552320
10663138319054139392
10896837046998376448
1657708839456028160
5380460185768657920
10653369405799397376
13200205475121655808
3878337203647686656
11893473875651403776
5674392079349938176
2190654915051213824
695994350721943808
6716741429337844736
17755456224789975040
7256281705971673088
576784407314038656
15152252584991148032
10205281504978339840
14554853100963772416
10115238282081644544
9022255635097662464
6638614064504933376
1568653139494172160
5535117407660364800
11307714228193665024
18386890501579634688
568218842592490240
18324313922257549312
498273008271884928
15617787161165633536
10278950671052881920
225228588268141024
1660485861368030976
11955308456979027968
13639745182835914752
15592209736531648512
13091705952898418688
9047777928761313280
4565336844356743680
2732142551486887424
12093646246161004544
7467656080444153856
8570662940128748544
12956229460288993280
5006399076191467520
16944991227495249920
754953150147933184
16380164812840595456
5524780016440773632
8506807359119520768
77335878513808336
13963659258016841728
6682684957937779712
15763788486222968832
15158885620981786624
13366882371960217600
9833112279929622528
17064285425691869184
7193232166377729024
14588195471000875008
14938970119346057216
9959573436150796288
3538669061345620992
12424618762097664000
16425981725645832192
5174928994488384512
9703240162493515776
1077548931977691136
6239881869466591232
15316562852718170112
12868426524408129536
4462088370667931648
1215406416803097088
3745988275451772416
5925513361237784576
15463207752744318976
12295235433530966016
10424361509711198208
15834600654449999872
14543575684646596608
18247687121021325312
13764454161825341440
6659726621111975936
5267938301390901248
11014231984171900928
6454913405641232384
8105548114946076672
14328492277831677952
12969450314571677696
9825258937161814016
14117712675336757248
3836205115965874688
13515620973606819840
7343605915058358272
17366950501637300224
6305178402027001856
5015239691383701504
1801002263927879424
12216184773636179968
13915397806018959360
1053056332179185152
17101645697756735488
15943431153459132416
6490218961946398720
5163457539045941248
9223204782204140544
443419126990785600
4570387322944768512
13654072342034237440
10210076279378515968
16157110128317966336
14816941488396388352
10743599676977565696
6161814078131297280
14918986916656199680
9401774009589622784
14140234311451824128
11602465126848403456
12774595478106073088
10036014520528003072
11173683397641687040
48156646617719824
8947005480589243392
17914221644448069632
11921708987521884160
15810850373350551552
1869035986566439424
17733734600586680320
16839935606692630528
13865972132460824576
4738893225414280192
7071567139058584576
13015597373231091712
8448316078093969408
15854620141116164096
12396249609733431296
13913417455769661440
16408783737071337472
9553601815266746368
14642090375990894592
13358445162025672704
9588816347918006272
12174534017129654272
6856888513808319488
15038707183326801920
4109449841343357440
11380559487902328832
15360163594879064064
17699719848831862784
4462975132838755840
12014364480125229056
12782924969712209920
5754919318958262272
15608156427603765248
7562171131403013120
10016705814237995008
10064851660965332992
6236900596298424320
3358206389898284544
7653743682439379968
2215720146986847488
6829422588471568384
11485979903632992256
9084870815687201792
18062055002504820736
11850678374331881472
12785303072376631296
16282987811231834112
6062293309378736128
2429418981249515520
18052704068663238656
4780247457236196352
1063595160041951360
6157124081157324800
3094587113281744384
2084784076048946944
13481810329087401984
7946409409745629184
1188193670309843968
13705315683287812096
6905058721360801792
4980513744302005248
12513506674961252352
3009140620033424384
12299525448674732032
14166358293698201600
11428068157648322560
12282291996876922880
3685161029457414144
18075190914674290688
498964386613140352
13258384335316045824
7231730330401184768
8999711289430371328
9344466686958858240
18150784501543944192
11932433563675447296
3578483779799069184
9807001105106874368
3539015413648092672
1596989223233865984
6387399367472370688
3106742436671324160
13530828845417457664
2246961927851678720
10563047794566459392
5374906043868513280
14678288683971547136
8453806178327853056
12002416759494676480
17810039591815897088
21930827330284880
7421812664478907392
2224328691809158400
9967622026273847296
13909873307383840768
6614549792956550144
767554482117451776
2823703073625365504
2821304490413856768
5543399124946277376
9662348735805057024
16878317720811079680
4033337634982341120
15679053571672170496
4511098433396237824
1077390656162655744
6612949135796552704
465383409653509760
7775578222859355136
15618275345271932928
5391814590954798080
15689718623998164992
16249624686736357376
11045487691461666816
287063702784323264
1222703484726842112
11782404219443007488
6812161707790533632
1552497026806194688
16837104031618174976
17572748706635417600
13078894620901365760
5462580516988399616
13755189478192300032
7210478166866148352
18197582211034253312
4536903809013348352
3710587833045480448
9020706204435288064
7110729138243808256
2045089133287834880
5521947164162699264
5222613698405516288
855915403843882752
14017385468149006336
18035172633395795968
3736391261989538816
9901820537969162240
5950849038100395008
17041780572966121472
3790667224562141696
16289928873366927360
17000883172037758976
5304686336790494208
13791681697096245248
8292306538518010880
7647540221505786880
10187946477223698432
186382909075210048
6047012337672506368
3729667098810737152
2849354430220353536
5928867857471693824
16057597137769289728
6152619239641760768
7743338343021379584
4281838361888967680
13928386380023898112
15236918355259428864
10513880689700913152
12255514214785730560
13274977804611049472
13844890073357576192
5206123536643684352
6833627357293313024
10034642763783739392
15830130195644776448
7477584724677380096
12100133349787240448
2641149142942604800
6542352351299033088
3404220566596581376
15148859692668264448
14638635775078817792
6693856147235952640
6035187501042111488
14858531845182324736
12777969427781001216
1919518462742245632
15796371645919430656
10042751852562909184
16349496867673735168
11017808773895043072
14097334654658807808
18217417591873599488
2002419966267929344
15577341450696634368
18353300300971075584
6794392130139554816
936965822960133632
5581205232172226560
9456349266646425600
12142147367759765504
14601521662924513280
2894750995903491584
9582140189454022656
3537971289544566784
5254883751185156096
2373059889018210304
5846615673801281536
11763357273650176000
5750025033297595392
1014081875276002432
15629347330469548032
11294782461694914560
258468429498660448
3926497109367254016
7414948658767433728
745049843125332480
13250477321508165632
4658989875045170176
16133643506651533312
6095594424316314624
12508992975097208832
17091775210818080768
8827620550244113408
17686249943307077632
4024975119099302400
13907390200058120192
953760587063431040
9056479647375093760
13555584026425583616
7168178331623168000
12333022939087454208
3864680634742766592
6262756741763990528
7835923286601238528
16797228243067123712
18436629558990880768
6439545932028546048
6677566154663069696
8016382533028946944
8750016636321526784
11002418634859452416
16087893933104482304
1072823377940970112
5332483579590944768
16607166712352346112
15454091991126130688
15799460327239747584
8719890714805965824
11904527180858720256
14785499221233221632
9721748676992819200
7749994034136848384
14104021428300879872
12033150727488051200
11389338274772199424
11537698291252598784
13363281698051139584
1153911796334010368
15912008333146679296
8289583946032043008
1700210963482310912
4302593440791823360
5490421387941823488
15753930284008613888
12008014851498930176
10968283945071505408
3226206060701892608
4121983488258096128
5925329597379999744
3165759744057204224
15398299508874436608
11012149501170528256
396958525235791808
13553825335698395136
16306457085293461504
13043632383466067968
3824084381157220864
12045610939999621120
4716732018080659456
2459866358925633536
10864016610346418176
14136184863349755904
1185204420651333888
15793840562453747712
15464766747628455936
4119052483029956608
1800849448142599424
5767637343050719232
5957613342510876672
248794121887784672
16800413034658041856
1164161550664021248
5564900734642696192
11129416758346559488
462893701475849600
6908831958090971136
12759594510945767424
3252571249238992896
16775828186374959104
6913274627526238208
4752483233016538112
5501938772157089792
15053826345223852032
7803039953745378304
6930012273279849472
1378828523914205184
15117759836876490752
13006228335377750016
13002052616994310144
4351073360533172736
13929945394643486720
11837728884487524352
18235680683929065472
6618879974075801600
11332717417816809472
12507015832794404864
7890357151392312320
11766622322339883008
3351096253480684032
10122074826421633024
7447371884928276480
5415349522650880000
8017289231383172096
4545399741300115968
2862925036911205888
3459680171485215232
17086268688244461568
14592402671967469568
16512363353067659264
11651973257192103936
3736840354944943616
9545635642560794624
10177090532272492544
11003541298347894784
265145754614283008
1612054434416320768
11285129379499892736
13418655143711827968
12449293168938516480
15523807525069572096
13764331842098671616
2475046712543992832
1013363684257883008
986513573593129600
3527424668261272576
7412745006791519232
2026452577855580672
3916159569926377472
9865021849679896576
16981875722411974656
5015920836815758336
12844783497717336064
17406908478968444928
7278928254569676800
2308715029839305216
17202072158090178560
18277464797772324864
1721628408361348096
12795058650418694144
7288027012222596096
11326790964183404544
1041079073519969536
18086923074662539264
12575186477613535232
14496390381492916224
17852215704486608896
13322430528653821952
1266766984270663168
13488295157180913664
3324796668568664576
5176351214490664960
5317526015695781888
7054990888074079232
2597506481036866048
2111190812455357952
4467281493748620288
13425333993818392576
16088431762209648640
10314726567907473408
9954322689239650304
15012695331089141760
3474590066992270848
7030667310157968384
4940419020621726720
431257730263446848
10928932131397271552
15541421586618359808
