15235248158154334208
16030087754412222464
17818642774286940160
6240815157992117248
7353395354594224128
10842675612669908992
207520762034479808
17740636622450962432
18256630147138977792
6538973770117809152
15564534140422383616
6221930395715195904
17813130720855144448
15563883908182585344
4413369185175935488
9507852912887646208
15712923534360725504
17378469072842893312
6310864934253905920
12561005292786905088
10563644214686908416
17939107821986609152
12421403299529388032
11791334586283765760
9125979259214471168
16007373136695332864
6000308786929183744
5060174869641377792
18042855108638707712
5246362847472495616
2673429231169531904
9318425227244959744
3568882621110748672
14866795397449326592
14517555399482789888
2157687142594548480
3103506185260471808
10400341609606905856
15555546301561593856
15444003938400690176
7054874011739377664
10095515502697504768
8312191330105847808
7293181365575334912
17197236335315957760
10010590218518960128
15263775415732697088
2543130067309417984
13352300119313252352
2145790862513281792
7124853054118277120
9690877785498925056
17518310985633615872
4356788296550660608
4313958305737038848
9245921878580645888
12861752298524727296
4971261311603846144
10153064059963152384
15120046824372551680
15523427309507543040
18180315939666753536
12375000053602004992
631213152221087232
7817505609500075008
14100802352189874176
186249140212083072
15865217348166305792
17658959700377270272
17052125105176930304
12578964710831865856
2416154963024393216
9453772270777925632
7247667480901637120
15457001710584088576
16397762677817411584
7687479162070089728
13240269614713309184
12819911524969207808
6946977322916215808
2756156198999352832
1161460826952506112
3289559851587072512
2791592638656595968
7669568291306750976
1902022935891800320
2611673307427116544
16289159584496951296
3673634412807992832
18412335964327198720
2955071073877779456
11260688062088400896
16496552859535194112
18412434601737431040
14285314477390956544
1072125320768517376
14238999160566241280
2726121905911960576
9914449168164866048
6591030332414974976
4668248620191374336
15597355213405011968
15681071201563828224
6135729483903673344
14067912282291318784
124219525159638464
13737355443155488768
18040838276639281152
7309551159720865792
7737527008959002624
11374685842317148160
10265744521866588160
13787118335723624448
8602035043709360128
14830018082287206400
8078247372248466432
17973903404195876864
17590559498033758208
18809676591893152
7885722218479631360
7600087380641646592
6375600537271363584
10833352884933550080
8537033816290823168
5453588212890795008
7970189936559391744
17540088671460014080
14971579946978203648
6737824917464268800
2896385472535510016
4531647746102967296
4729788025964401664
9926544453312843776
17378889037461274624
13776940704046077952
3628936800772446720
253608555386424320
5014992262832655360
13043231313402290176
2488186713435696128
4080207171945918976
4856204140101522432
15741904429586794496
2665430173570694144
16718142136338907136
1770035145827280640
12702162749267505152
14135430785292562432
8979153710623885312
9149204902056863744
12756476740605290496
6884534629530086400
12118072741600403456
14573550900816603136
800591998640182400
15295534354278670336
8776551768708384768
5615226992439851008
8675767828797322240
805091234203864576
8089346794286326784
1826316873925585920
1770372782828499456
1131106227243418880
17444245940536602624
6513582155866407936
13747924865597747200
57068937091553904
740842821085613824
13485933919912749056
9837840021785257984
11815434019079589888
8166446910522201088
4824923353351626752
9550479404123056128
13208994092708823040
15951130423936729088
6856601835518098432
8132895653220794368
44036614744941760
6090127579480037376
17439119022049331200
3093918563293052416
7901495489795123200
17864571623714025472
14737925672014766080
5762414360901574656
390766442100022528
13589812616991318016
10064424154075998
14657262521494921216
9364351549307170816
7469875642822023168
279691782457891520
198504882170393120
7100613907906889728
9345693470491090944
6432006565656428544
17269592775051782144
9991662087408992256
674277516352562816
10384749075647451136
14662041045282856960
15976916430224867328
8977073361587768320
10953116194346512384
18249884575433103360
14313244622009143296
17928742798365741056
4793006397989685248
16942644563347675136
6607912381922181120
8079129639713634304
11077331338025840640
9322894706409132032
15476444039544547328
13542199281558982656
3703224127839607296
3387465745715271680
14779852956093808640
14580975691029248000
5327011279483039744
13483477654111913984
15097201845722462208
2973150268688556544
13766589781368119296
13435660321124995072
17004140891999645696
2597593061166164480
18260658756783984640
1720576295500480000
3215725085878929408
17546498599019720704
11968789583330856960
3748628284719626240
3188389193980185088
2105056215933091840
9947464497280493568
18125537851532677120
1659253014397720832
5974629366752676864
15618398720086632448
8920530057910705152
14066107472161636352
14708225649304967168
11143615153977800704
3613425213928860160
9400545583240714240
11745132077335691264
15958234947550720000
6707168657717781504
12417112148993882112
486611628961988480
13038636767937970176
10804090353741447168
17406496051138004992
14317977563849746432
17066758731467825152
8007525326085438464
5628467486887215104
10329315890269534208
16652475611573835776
10094828275832483840
17064530683323815936
11064375131390066688
10221945605310763008
11451201915111319552
2741454808993637376
2199190984274862848
1627815697632852992
12085352812381980672
11630137883782615040
12737562368860725248
8509202018883634176
23357128401924972
12608781390316386304
15404426376190392320
4175734054994311168
9547195048700172288
17611431764110505984
16022690936674428928
11787673994366105600
4785559343970262016
8588789954153117696
1204826025789919232
2774643712629455872
14257323623395489792
11818228112349816832
13484324649926014976
2467101066736634880
18265108829727031296
13304057586095937536
11680832089412308992
14777187469211465728
11232234187654825984
8154103656256473088
2996657549223293952
13410932699657203712
14174260430771693568
6899016227051125760
5035537522935064576
15560403644641435648
11389989624125904896
6999247211867019264
1453116731356922880
13858639942739175424
2250822629140925952
2965114402549076480
17667957038754977792
4419580345357806592
15700960356490498048
15569076852776744960
4610957451610643456
639495254000546688
2118492512938123776
10737441378786619392
15985243751725830144
5100051873500925952
8078792544296716288
16018309468765900800
6936694100394261504
16423447258509129728
8866882635618669568
15283061611167541248
11397126953947924480
5297584399733720064
14342814329476962304
4714207646478232576
5167314986689667072
6360837933684039680
15313934474185926656
12010928340843986944
5343134464387960832
16588553659648278528
1900861154267795200
5862089962047453184
17436418177563887616
5767334657866632192
17689411647325859840
11749120175544647680
10641678126059874304
5412408586432454656
10679540263851071488
4635619320818235392
6814870883084398592
15541047288160186368
13623248875466752000
6987927606212383744
5391440521972315136
10020155668258521088
12077838549149474816
16880086042633228288
15375773386403260416
10645342513665599488
3368659932610398208
5370192663127953408
4047079916385973248
10142682930013235200
1097965120500741888
16887746921295646720
8937819140659481600
16326863010381006848
10556402718677342208
13745338301202180096
7882397266327781376
16569639920719540224
13242253366759823360
9099118625540079616
17057236289386719232
16417537671943061504
12955400616256802816
4740721298083085312
7596570735000924160
11771314959898136576
17729284227767654400
9764267994404605952
13100558977441206272
12465360550987941888
1157974257176189440
14664489676037867520
4697906128640668672
6235133942678648832
15573059653359276032
18384985858894553088
2838468756273127936
333951087081496576
5610918291884897280
17951225205056794624
4809195094779789312
17268541836615112704
4285873679073192448
6654334457032607744
2757662099077987328
6799389860422236160
14705807522317105152
574448955978169600
5891078026944795648
6991794699943873536
11371119373753131008
8830208252867995648
10036784204029556736
16834372479686021120
13060043210159581184
6666592902127868928
12756609175124940800
11200213422414841856
6584345128978916352
12677053250800807936
6127792459019069440
12208542020355528704
17762427221819357184
17198943022319511552
7036466248878895104
9534022415632431104
14347573294315935744
810261945414737408
17983145655245729792
16590685215482867712
4767725448191447040
17367917606276345856
2649702874888061952
2855854053558658560
18013899171888482304
205933822177256416
2505155607993644032
259562030232661248
1121448120392168576
11271804770457427968
3921404497708289536
13224625014427504640
1096176118965742976
16187895923355770880
9338715546397775872
14166333601686507520
16871225609798912000
2532520891544109056
11542362528648105984
13060054571530496000
4438205856460031488
11903392744157630464
8832081922769138688
6192957612573618176
6887062005020700672
10488708542766870528
1629545439700498944
11242195985343393792
13967649757523511296
15444785146440706048
2483352870521079808
10076475677035728896
14021641709647144960
5260762001398520832
13771582931864096768
11401728409867442176
8042081409741148160
14179742280317153280
1929350703476144128
5981469248329390080
15217657052793935872
4556831492264662528
2817240336309649920
15990871905330352128
6648237402856109056
16747582649968994304
5471815201367047168
18251606125135060992
7272471261827985408
3915506629646801920
7930994731736530944
10952740550342029312
16574397237794390016
16401415492594796544
17043954610277832704
17688426515059949568
7944225431173146624
6285176993720396800
18052807790944616448
13460190465073010688
9188586639626155008
15016403027310288896
244876447404101344
13269180061721901056
11814240616067448832
1363175141598183168
973627402055190144
10833215259444746240
15964518282619846656
9996495981258807296
14636242858123315200
7062820596296834048
5414668151855210496
9853514210666268672
9388952905117194240
4302445592798110
9350102068680583168
6820298448189669376
16596045043693606912
2411921471916717056
11171378945050996736
1380549409062575616
15203619188489840640
340109360175659648
16097772350554871808
18335487724862242816
4296469898211635712
9383926109086590976
15952914605622018048
1867547194273903616
12923882716451756032
12589934874582290432
13161619572085471232
12876613641824878592
3936395269481344512
13001350648197310464
4146443648772798464
9373431873536245760
10317838889038716928
6227316670124918784
16057799727987994624
3982452782329666560
13007371468644972544
11711841522983397376
12895133922021177344
15090132472685367296
13465308060556005376
15138058292979128320
14991834338151598080
379306730143981760
14023493860638095360
4576182981325869568
7340498801177188352
17512671415427282944
6081313551020385280
6756866579877947392
15848059762881521664
10978215018251481088
3503215906427346944
16390002805076744192
4236473064389258752
14639486811152470016
3350711486866627584
5114191894602638336
9960827344406962176
300281866890668160
17980336431350161408
11720389466722732032
15466465292250929152
3420261991275904512
9333461427406977024
7365775888048876544
17627647146240202752
2946351271668191744
11336980057802815488
16168140917504493568
13858404494548611072
6671293767828050944
14573004570750726144
11357598490212421632
236102832890818592
15519092380080766976
13988397624309202944
17310559431987826688
15858178492650819584
5037022615711349760
7396951714750683136
13896379642147123200
8387324422277263360
17832346957275084800
6148777059695289344
2811541102066940928
12613783402797666304
13168539894208669696
17525846680699961344
18299990644653064192
18262781403649810432
15858065308732659712
5446638265239581696
6142441190793993216
493674507394933568
168363482028811840
13662316189854906368
9633330251649216512
9955275642902331392
6597454059600090112
18050741548892291072
16504962465505026048
18321651636899416064
7125455024356951040
4439600542231275520
2783329186108725248
11279420356715575296
6914791448444957696
5182088051058298880
1670140979299035904
14700216014989168640
16260243804582789120
3560401825366377984
14952623622018244608
12120323122140622848
3909766634709904896
12899718404981839872
476877194753931648
12043167505860702208
10215211479038810112
15319752016135198720
2839715649875167232
4458434890076696576
15522527556965818368
2696235617231133696
4694602225690434560
16033525135200534528
17493327132189286400
13501203932141627392
5715783181189265408
14382972643389984768
13276599775752519680
9665149556797376512
14445563615966527488
17083550522862964736
759427640322755200
4067478388400309760
6698509115174768640
15290275036958574592
2618545473261230080
1300489989396002816
7461647969408207872
10517563548002789376
7063535200659494912
3499738114141070336
10061990010844047360
15943756490474143744
1899592289256728576
9988426988202266624
14270072931681828864
865321091683507712
18390059282109536256
8168741706908999680
9144398767044738048
3832744430007811584
17191408945695727616
9597474349461094400
847143042009996800
15327848722773706752
7955849080255336448
17122435771394269184
14201723658433230848
7875371340391022592
1024203698983108096
5287608839693382656
11744547773416560640
12756263381630255104
8208562192029244416
3439732838557217280
9680854057110435840
16670266519201869824
6557088118797421568
16527332968869896192
11015867852101111808
12631251104707201024
2747644476770954240
2908752865555768832
15703444469707157504
13994074184106018816
11805975123395770368
18409027383039123456
5728702915507158016
5773715894701156352
14907118450676334592
8751469812350363648
6843830864041492480
2192595837157373952
9947552741526441984
12625536869972721664
9712221101178333184
3909670907122033152
12595770329328596992
13684974387231059968
1856706177696303616
8206684090166719488
13938167643886100480
824763518940012416
8924300391592753152
11300654727679531008
13568428607872817152
4041735838975168000
11572204911587590144
14699243767924557824
5661381007741612032
6626996327732333568
8697390236288865280
17091769447844911104
11853598291491375104
4033062061264881152
7267913508811141120
6630067516603188224
7171096705952339968
9675343315894202368
10000485219737882624
8798257113283760128
5729593621901313024
162377434731433632
16952069599000391680
262743884406922560
8860847590447460352
8123157607448304640
6387460165436323840
9384761442316093440
5120446111627376640
13560291344010270720
17205834417734752256
17986376140942714880
1872547223186171392
9226209222504957952
12876831523951411200
16704496935339509760
6712209542405916672
3150756797486645760
16674939985455263744
13735206880776087552
8110450456553410560
9272173387501434880
8792542571339756544
2765619176285082112
6209493293899280384
4648791802055330816
3250558342398434816
9345158704706400256
8538157013835511808
2196086092824630528
12648581567243356160
10504250078961631232
2673457298406778368
18342556680138950656
5032855971053279232
17101247157792827392
13463494202630135808
13941278568316131328
10803501011606622208
7392611923613160448
6186020045764679680
8594018184566798336
8479658646767647744
13282899400867950592
10239091140766052352
12005870009176023040
17313245572649168896
16084157075179970560
1966105781189857792
7886760614806661120
495234004253424128
7968923271867167744
4809013669608069120
15902262925997514752
1845066039797554432
6304024065145481216
16802316084777334784
5307363038214408192
8414259181266477056
10755823035565031424
6411805223614191616
6810694207304417280
18404251320600737792
13558990034673899520
6045891369946486784
10490638046818746368
5822156917042325504
94905946705119792
11881415735668924416
12702477720309663744
11722323044860076032
17788367056360181760
2167903928560570624
14501879273395822592
9385397346845814784
10350646483075414016
8864658975719250944
15795519556952172544
13569920647182964736
7596221085934323712
6308698948304363520
7861148691721654272
11797243750253127680
10980815501586436096
15597312992840579072
283666041137690112
9008124717530112000
2640395514392486912
16630845775862245376
17868204341249601536
16639204673216765952
8364507316981164032
4299349104093315584
14873023049329369088
13938329654859800576
2532012570918965248
200980629826775648
18123202914036748288
11778036097172477952
2314096525847303168
13805064064661305344
2667782871806025216
16842445236066826240
11487111647136753664
5000422501378050048
13439844322651848704
6664135866043561984
12740432548572250112
17486388137767145472
2377158438854211072
15176651259915321344
1766494348867812864
5700225046257431552
459761714473353856
18257325274084415488
5731290786028960768
10912848518764818432
16177479939450804224
18118566071444484096
6918885722566417408
18352220249766690816
12065347386906914816
13092153079460870144
3161641306181522944
11392915627530356736
13730656282595762176
8119656786979685376
3046981353808345088
6789210490816642048
14158561769069875200
4499006271966445568
3536784144698000896
17527418107742429184
7167403704207625216
866994225732541312
5675283085063265280
12701875295882911744
17215098529628143616
1150847169681627648
1728496086505772288
10630287304201125888
2011849002032284416
12032453318035734528
4807449955059801088
8867355797805278208
7553248900417978368
2915527215274534400
7297611914367247360
6985861509590760448
6210003070080986112
6851540776898609152
7754423306126448640
2153574573981948160
9900228479675394048
770064894704823936
12817764558247974912
6216635703099350016
5638311354354397184
12734686930164793344
6203505232904175616
10170507974183471104
2509643337504697856
14208839272184453120
16055653098711062528
6711643459777839104
4205866999128551424
5234107419702064128
13479342180547801088
2669093300157726208
17419792774858782720
2570198593220031488
5654711685562652672
3547985491320124928
18176376981287454720
5816333692402693120
1502684310438364416
1169071814415501312
16531262616452268032
13204743877395867648
12266470504620697600
10073566556261050368
1711982165360997888
7802466551786602496
10379970782993270784
4966539943443086336
1901445318886525952
5217991189420355584
4420974577603968512
566046317403823104
8510862972794950656
15551565375915337728
3989629755318284288
1708910791495269376
12099096614556645376
7196639217817651200
16475505915160592384
10498627592225685504
9097589419660804096
4861436251284294656
17220056414616735744
6521548449970058240
14270134488512043008
16806010406193876992
4643850875713790976
6476765915208403968
11372541199899555840
10028929467089897472
8205235195096080384
9335978174632900
13752174024674064384
3753873540706391040
12937709985916391424
18146387751471589376
7267453920530996224
4785263498050678784
7850804916665988096
14671826733936021504
7695664531791830016
1538462653800695552
7522312998949579776
12634899236614682624
575826347116472512
13087476861409339392
12716531268234045440
80552523518287296
12719068185749514240
4828870446244888576
13221072072190457856
8782748107266669568
12121836560254593024
11977022471338063872
17635171669853693952
14663751343183036416
4776822676088605696
13707554895547156480
3044329404687371776
17087933136978292736
1760230679442900992
15486739618732374016
15944888594636591104
10733545787063992320
17461366609240819712
5308079662198473728
5039924051424845824
3654598251219976704
14380536649329713152
1435534074053378048
10241231464207945728
12636831368302346240
9252648859237525504
16040483890634905600
14334263585689110528
15505157502510217216
14912399662021511168
9384839871244021760
4894557674644799488
13323556876185114624
7253969746195338240
3860000662167409152
10138994145531316224
4617372162594471936
9865985018882295808
11902112723390502912
731610930007188736
10720249280563841024
6883339387278057472
7013782237725056000
3970096811853720064
12503324310371573760
16761252526383990784
16751412573021884416
5696149993697584128
7524270388797501440
17021760426038958080
8068531193426765824
7986175620189821952
3696876014404519424
8122574071038569472
10498450537535590400
5969307879676967936
306427145399353856
1545764688667270656
7572840051865784320
876913211164296832
6755721251405816832
14797241025652117504
12024533828788025344
3346929891763388928
1450571581337435904
5833727296866337792
2256875238254359296
9199812298206297088
2122557108323228160
3837865827268396032
8245243806496836608
7994614578885208064
14927997930066679808
10721216083505737728
6337575219922451456
4438986214299932672
8213820434639475712
