10443908946833846272
1798171309934607872
4080805453363859968
17306098311796779008
4525979943215042560
5413194045867530240
17167035640378052608
2096859305834811904
4674636521768220672
6478379083055605760
14483952211664062464
17190466459417018368
13393550653543137280
15181574068355430400
6470255342925849600
4170357600731027968
13351140248125589504
1047668427917405056
11488099413875613696
7919067941129798656
2095901711687939840
726593896651632896
8397435561379729408
14011405953248038912
11047960750659268608
2237833314805071872
2423278223323999744
3532397166679020544
9607871674019207168
11603950168843804672
16849959205230106624
2775831684218477568
17726908589707354112
16418259026516279296
15415273639651350528
1910630108538808832
18410670292858279936
1396635956002754560
5043054840600846336
9689878244960317440
10921048302158747648
12086697625074393088
13468848043184893952
1078437397132427904
17295589243569123328
761505455057528576
3144284065825293824
1770107605201065472
564948797559596608
4318725683701490688
6113610761439472640
17398740636712697856
17188641461518202880
7500762467457789952
6536625052826479616
3266158123235877888
3571490977099004928
10158319827612416000
7115267070894537728
2404360446087561216
91879510600792240
1259022029728936448
1857276195601289728
4675961000065952768
8629219839129663488
6288636728865308672
13333726947124146176
17766358941885517824
2336571072036841472
5414025778619088896
5010155724832096256
10185753823768465408
3269185538590620160
8828356678000693248
8452870928298248192
3969840480245492224
7833766302185196544
14913213524954974208
17075690363173609472
6353217872057529344
4667640647748943872
7994905837714457600
12332209761852581888
17288025075158249472
472861254715712832
1973790690078850304
16261536980423215104
6273574798518621184
14513495817683085312
14597987975746816000
2647321178507863552
8236408850563949568
17730929854862366720
10193155842200242176
15537115865383047168
11926952837016152064
4788602517300600832
2806294542045776896
4363811567965817856
17642245661996275712
15033242587563888640
9348713120585394176
5942344985528179712
16070178298516592640
15301155929357301760
1071802585391990400
14269350052727031808
10069972235241003008
4030917411112408576
13902115112592332800
2559590621386822144
5334681509463793664
15302495671373336576
4124161328902391808
6691869108725126144
9361167792972052480
6916322592958837760
5974496753037697024
2940581633806714368
6153164584038992896
657039131782030848
18368067576662945792
15997406990216564736
7245468264424645632
4183657160250101248
18058464508042194944
15828444780417853440
15828340323532644352
8034942471793055744
13287752618541744128
4743257176402631680
3957065390524096000
18101064325408290816
13640583977866176512
1867652275447381248
8028690333801169920
11743382085309042688
9063784996405965824
7575383574854626304
4296288695953722880
2562980871469648384
13934421863714326528
2004837735211370240
3347253153770277376
11542174914200461312
12262874861009598464
741573765923380352
12310584095842009088
14241948230507433984
11001064010668507136
3235414690124562944
6251685688313989120
7741419134463677440
4010949132812300288
11524583205805611008
2932525917698247168
2066337741679357952
4632093647352352768
11628785622161543168
9475465201314711552
9089399906529005568
14230595891025623040
10125838322116233216
14444671747528706048
7000033033434882048
8097646163421260800
13559709270649372672
16203234045996648448
4002106804585634304
2713479362748603392
16293599905274701824
5653389042490816512
4429942022121408000
10498287485899800576
2418252670945057792
6632020859815372800
11048696694350104576
4718251869698073600
12303701310423769088
15834077665568417792
6594524798654849024
7347276567307782144
15913662016068087808
9583031444796327936
4630000607891072000
4154650784911960064
13240795187971291136
6832517730950985728
12306737189324548096
5879367643416784896
3401065675290225664
16248991165199790080
7061540922560834560
13469994050139127808
6124268731370587136
9539351659216922624
11194407107871893504
8327468261256974336
14201517322117609472
7119726854299376640
6335170860388229120
11833930683851632640
13822413477869477888
1721063046705523456
12188438525712885760
14796134837779271680
8413835461344518144
5460380039886860288
15782108479772112896
1889340189219193856
18271450662368575488
10284034172025942016
8748858826744672256
13029829525765953536
14613685199331530752
10800644477898414080
499900814207791296
15112215608911587328
12286843725338253312
340082910608915712
267621270795441632
5725033630039853056
16454326584546584576
16418917517178497024
18073318513182509056
18362333082479728640
17357731654707316736
1293406852387810560
8864481848687198208
7540484223744429056
4227431334958499328
12417418344737755136
679598404366320128
17628325773154344960
7620554615434250240
1939491547506885376
112117389890237504
4131342221517629952
6603621033858980864
12771903978880972800
17314745766198519808
14130636782360182784
12158786693931528192
10039267158886858752
8275198127823918080
15834949009563060224
18307649527304200192
15729571913575395328
2381825857006304256
1222836591022869504
16970563519141980160
13280634050689783808
18299686092044802048
1162521197757582592
8507807185443642368
11482996504031539200
1167053782681895936
9425987592848707584
3071925213092457984
6756670931884403712
4969612805322757120
16418575763754418176
12650526645143259136
11200088043266605056
17498660043930746880
18430658335142924288
8591102153794205696
2603794235674175488
16910573575983497216
5720929902093177856
17575867151039135744
54623068952575024
2646030592174944256
1436670990202296832
16736707438310977536
2897342596551961600
792610480111261184
7163977642371278848
2315098014687197184
1798499575976880640
13903943865589997568
9549923780000057344
10482352500661960704
4671867610695558144
61677536138293280
10693877817918382080
4848022105602292736
13079331839110348800
16551973809345724416
4010969334655567360
6190965884650421248
15726540000738826240
14847776077358237696
3673266950992072192
7658774569459009536
1219064935742036736
65664716129044424
16170483250475790336
17974251961724882944
885508870778109184
10514962627255848960
11037647816548714496
15794957348415885312
2095572498253657088
6783754932285644800
1207930456611494656
12533596474482421760
3688704742260992512
16175817394190393344
10397523259660957696
2146093587775116032
12009909737852030976
12390971442082172928
14479431076005386240
6165343492312066048
9136651638776958976
8274630565748368384
12573343515661934592
3237576552882325504
1610628531758317056
5716583457854917632
8920302054776877056
13113827865000196096
7480067938133476352
4027595531373696000
2113442390314046720
843017193892039680
2951006181397956608
11937148799909306368
14182315531849064448
15286609948373143552
17492324528631812096
5495697794314511360
2714599515114664448
228185999633151040
17459429715590494208
13760881369558577152
16822033903059507200
14153220701827219456
13709321167338756096
17944611525688475648
800057674805401216
8866100003347304448
16310093990868875264
17448233368553363456
11706726362840350720
2858374723668424192
3879936014294932992
14016214437312301056
17463448116977915904
7464614974802322432
483680875008225984
13438553760282396672
4513415221341725184
1112302239313559552
6936270281153098752
11798498084971368448
6985688558862810112
1920298321477767936
3834236155793069568
12997271378770227200
9811828463419422720
14149841790139148288
9028624636525630464
819025427306438144
16215243727123716096
16488919953672427520
2047931296865228288
10421340660925476864
17153377776282798080
17661938045355229184
11078526228472705024
7693366270279092224
17246614717304289280
3419973297222772224
18331032176094279680
5263506164810624000
4590524028053822976
16037726181499686912
16119394792412301312
4247219096156000256
14014120981962768384
2799129883570451456
10378221052536244224
926290661246337152
9762685751404054528
14236914757313734656
14139043723893557248
4311358690167734272
11958587742661451776
15238787533045796864
1397417818003180032
5013645314740575232
9357350619945854976
4308078184660215296
15116802576159279104
15260994105238286336
17332166282264031232
4682223771245958144
11752943334053564416
9280550689442795520
14268905916303831040
10761738554892298240
1762882760466128896
10146339954697846784
13079448140447803392
10353758604914149376
12143836060068362240
14080945666136989696
4884410136160590848
16583600360138020864
1982559573971693824
13862562757397645312
6770012165289795584
2482849759229621760
7289011037292350464
18291098795452323840
1567825612132603136
10343925375223728128
12718622950722289664
16331982261673340928
14684485252959719424
9529829011317741568
7823922908750493696
6596372278847098880
3394709755570429440
714863280714181376
9486317617547923456
9029186128103856128
6803013874192070656
10675880647908894720
15602138633569245184
3759005769264510976
7327544869832090624
14777602246131154944
6195210308886593536
2536420829934277632
14603275239059793920
16148754665152088064
9954449655905468416
6967726375123594240
13558420395951910912
1151409349301740928
2661656992541951488
4522434736355256832
498360657613550528
5744545229708626944
3984181812747076096
12801102806841364480
8048145159739228160
13778171082094946304
17796992833621274624
3009710616179658752
16038039246929723392
8347972990723433472
11496564630834393088
13538406024861485056
13436663028655247360
3142267385959577088
2794627640950099456
7124742801955017728
10217575331417872384
10770393188557230080
14963637783856330752
10655865901001723904
13109444303313483776
18151005462550894592
17216257043947964416
13489135548808863744
9826481623404605440
16327706000729128960
4363359815935561216
10129392440799373312
10356546358982785024
18305850476044341248
14794284200321595392
15753525345287540736
3552105222602825216
1152763965689524352
3025322823954611200
9207470393789361152
17384252053186744320
15530803085042972672
7788033105686774784
16204626451783700480
634810874179204608
16899869453497151488
12961961825524008960
10987653702395910144
9801816778095779840
5512373317821280256
2197115053371224320
16901204753624664064
8302927594597600256
17333552293936609280
17723322989317507072
16416316196469159936
3684328637481722368
16279755683157815296
895839499716524800
6933647565402201088
16872121178325936128
9546806853143435264
1740838674212924416
2737632343048012288
3749651522378148352
18065486054516908032
5259447131146004480
15957391840327004160
5784783307591830528
5940095686378414080
12614090282749036544
893031633052916480
2683661531510416896
16751034619924176896
7460007944690210816
18157077464298516480
525498164211763008
12173127140998443008
17230130035654098944
15937338383071612928
8304157877507074048
11747901572968501248
11705035971316531200
2407577629909203456
16393120502115436544
11565477751523547136
12320512095350718464
18372107902283671552
15181688415512838144
18180826908343566336
5756994202151023616
11927266755066990592
14730491339769106432
2756033950134216192
8591099460688731136
12246233895505369088
15937939101714964480
11870366325412190208
8428842136694272000
7186536061766902784
5968054323622903808
4137431948013462528
4279931477921565696
3729639842528265728
11118183135420336128
7017753142739962880
8109459551563754496
12445723307962269696
2206785345177804800
16276284310966505472
5313890529451998208
17446761771738138624
4410162829846946304
16473469291326380032
9385810187045373952
17628377270935588864
1065913397677283072
3618583458797824512
12007497856538839040
8042561097949048832
8470588381310102528
4597650059652337152
12039608698304739328
6870745977248915456
12824968705275529216
2942038176806979584
10251894603879530496
6865764403567876096
12760654389011357696
1106897651213733248
16673075879787356160
5613111283106277376
834632493748966656
10215735834097782784
9009939188114211840
17641288724440762368
11724993590668926976
15060196942358888448
17872344999918409728
18059017249001424896
480029720693459008
11707809857485160448
16433958659082276864
17465129837863858176
2323080694859533312
1324560317064958720
3633222457688517120
8450706974362612736
2089780597045321216
17680212915645954048
3503582956795627008
14419119682852247552
7114743263122373632
7904163428083880960
5823899898221946880
5713434578229184512
5720924035472889856
18020008227761584128
4036599218666207744
5751389306570590208
12679424736609757184
10880618626553397248
15232485945198997504
4360504733974941184
6151817770953337856
1247136531331595776
13595663879811475456
4996083730422605824
14727593736697202688
16478527974957477888
16184369303587780608
15147015626275188736
6182892562091598848
12328698468959440896
14125855856927422464
10456153914125281280
5848857838272968704
14955456230724534272
8430844026183591936
2243527360765971200
10080951419637862400
5802453224972976128
9149255258429461504
4217108730597971456
914308810417543296
9357741133999665152
14610659654351706112
7544299333034160128
8671355993645727744
13633822139947251712
4516971946618407936
11109897222298185728
8319389553210080256
1602980106513701120
13070527268495372288
13682583755585591296
6562220115531757568
12325312783897999360
6839202091874879488
13175001537362526208
6922861477595210752
10647176361386448896
12123510296157528064
14626829522665136128
9201571804504386560
18308233319755270144
8276251383367896064
14405387743198418944
5223061313155784704
5354196027132984320
9503837194005876736
1744229264791828736
13026164035082227712
9324294315145299968
6653914015912699904
14925018785025261568
2551944556307735552
7626554270051691520
6575609271406842880
8219790969147931648
7529214793779586048
8962713419917164544
10288967442532794368
17263108582664833024
17612029107200579584
5158325787631906816
17223220428311574528
5229902546502073344
6867385811130892288
11752608422462298112
5224542377698605056
13816174405730408448
9036929102514695168
9670013066733217792
16129952000218529792
2830163410486744576
8066364685531373568
9124014930987469824
9741716371092475904
8551838245041773568
5526868078335514624
5436210477912078336
11982099429856585728
7391491063048940544
9094091568743034880
8594675735350970368
8091391669378992128
683466209954211968
4848286996056728576
8571721806666834944
11569029413255743488
291242184866407168
13918045077742272512
9394929518348222464
17910089803762530304
15354960347246850048
10785068754462609408
13237715724590962688
8564631824056514560
7439087208069084160
1875988579094604288
5315177944735331328
11941288492862705664
2013246609928376832
5844461103859086336
8139329972165993472
5995888033253019648
12714905248751142912
17377201827280093184
15917827171546904576
10068890390173986816
10515843505918042112
17390274247178084352
4892358477809348608
17031702118272700416
114139404004100416
16575366527533737984
15149704152048973824
12344604197136521216
14432061677720082432
12433807404978329600
8486205852985521152
17458710226637099008
13436022023254038528
16755418905509072896
9130385248826746880
6319202751028441088
12916628638357964800
8284602286321227776
15472027797443833856
16645458123621298176
1062098872325202176
9786108269319636992
3229738516705495552
8355332807387911168
9048398862244199424
13220544199068045312
11367474457794500608
3065258688397725184
9858275165091860480
15428997192925204480
10733218632636196864
8708588511813986304
11285960218570899456
3603956702203775488
16684333030848442368
11965752153493065728
13540653927668781056
1146842866880673664
8352802363444653056
8357390825433695232
15975896974857322496
4460744985333659648
1833439508134152960
357177473246153472
13401872600622325760
14938994080490344448
16776130291469733888
9137365461416272896
5759370028758392832
12359925291859296256
10972910966811965440
9109555455384870912
16337205558990913536
14441699271312893952
7632804682761382912
7064505030483151872
3858754755373860864
7239324334568836096
88380517976692304
11501286156185530368
7949653378407695360
16662227422436593664
12118174438555248640
17885346848493905920
1281589132919474176
8484741642380193792
1088785833501358336
2394872088252667904
102793265109226128
9611873493240207360
988441435373609344
5807459431339773952
14347964390356543488
11142735936288241664
14937918575038461952
9498681959244265472
5923234997756945408
26510445820425424
6560316380179739648
11378577845284841472
982069182034552064
9685880355695507456
6901236908942615552
3383744390757555712
5762906474921496576
7927400161025245184
13331939416169947136
14532650636245004288
12404652985092194304
10391959422154840064
2753078661420986880
281460142722445472
11642294976697708544
1377181706269655808
14434703516776390656
15495486516131397632
206402547066693312
14567967353786427392
91024165510252512
10787785745382367232
14140239433179865088
12721266320821551104
564584824319367040
4616549799915058176
18165310532923338752
4151203637369910272
1321525594362524160
4738216285236542464
1169725359902627584
12280828978295982080
602954570247957760
18115895694283694080
17808147684910886912
4963396145351141376
18129304808245882880
5674362652068533248
3986051686679591936
5983092825815626752
316248507445479488
5247413864108247040
12200230626044721152
17605359163127306240
5515521326480843776
7042153589509090304
4214708552181545984
13614043045662238720
6373096546140771328
11937996461951256576
5225827030628484096
13881515728647872512
14468445781730441216
8755615973742035968
1863093501993095424
4661127397758177280
9130028849837002752
10261871073859072000
7256462882133932032
913490836795802112
14970347287641061376
2745741743429820416
17530979527520942080
10249763335599155200
5639858280330476544
13921505850283673600
12908399888510312448
16916027069577787392
14794648374839242752
16978223417232883712
13250687496986775552
14973022211231934464
5287168130757452800
10525121646437361664
1334697914459699200
7780431530932963328
1397190061335728640
2305824627524285184
17729665463774259200
7585091922032629760
7202433332500583424
5253911116266745856
12308012448486862848
3108331650142994432
4790125726426277888
7664396428216651776
17639919462505576448
17622408617130156032
12690818912790355968
16839550824117348352
6308053137804464128
3957423352736195072
6531898194227650560
16292809624222074880
8203300631934611456
9586508895839029248
12891617878765209600
14177611098245554176
475634139811566080
5489126418236125184
6733707218019710976
13135503375439900672
15802586053854029824
6266815087843060736
4151835625048471040
3455534440034399744
16327543780087201792
12395394629910962176
14649536620759150592
3497739114529926144
1751798829180156160
6280512155493442560
2815930809560442880
11326115091527854080
12143330940810649600
15447698645835751424
7377865332841077760
8956801375700838400
11539562983979511808
14350887478852098048
3287395706436467200
4229790761700126720
3225495687621826560
18156997283807133696
8867065713976395776
1567381305921863168
12728199153248428032
7274431501641635840
14451025151036520448
18361184260788381696
10950197830836699136
1048315647789053184
11735289977114499072
3740760946716691968
16539558911280113664
5328290804469153792
16184521332168380416
16753632209511532544
7125372675158941696
15210794231337369600
12616083996152958976
13965011632703610880
3663801444742002688
13158326180276738048
6977464829620599808
5700523355238275072
9486296512966135808
8897903106395037696
7364640174712625152
401222821655877440
11687559827743133696
6336154051086837760
6094015222880651264
12213149598338936832
16532991132640792576
12719863897897762816
2867634800148803072
15383808605419812864
8933453086231437312
17596584106068512768
7033583487233401856
17339187663115853824
6962865382211992576
1507137339360345344
9251964388861206528
7846306911190370304
15610840032847296512
315761986607029312
14536595280362905600
480934553306181760
10322331263118880768
10968192479690670080
11910939811898589184
5235214882047985664
7038842220466104320
15651811143796359168
4919574385190269952
8929416010006504448
17269010644047435776
1782155330256415744
4913097178490270720
15745529553067743232
595640791286804224
7508179185058718720
6141256189644903424
12845564435405434880
3051564244714853376
1267462571940598528
15611864641344598016
15957597572319416320
7340876864873180160
11251045232118970368
2592963751533296640
4496373933785256448
16549795062137726976
1753884096768212480
12706111663450107904
17479762885309440000
11848740985647120384
537349697836377216
3543778452385243136
3542317661619864064
10503228779755808768
553248506203173312
15657136299646593024
8160009853428690944
4705608322259875840
16595658454520918016
17006089076977713152
5467965101198794752
