12251487716300687360
1079149012947481728
4378520520697575424
2626467597060402688
6878723451688464384
10977738374717155328
17047784934993389568
15840617238799568896
13113003091803707392
4923629083713739776
12386782918477510656
9322553256201535488
11063240328026505216
6977501331700469760
6928376279526415360
11078334166401781760
8685168011167321088
17836679464864382976
18127086397921062912
3035337583593990656
6138758050919299072
5472064996825332736
10207244580448378880
14950507530226145280
10220339846485794816
4538333429866718720
1388219756070944000
11073501777583106048
11913026526931292160
5583531997282993152
15956280772207384576
14875706887064500224
5562258067959061504
16954352671056783360
6411790516570134528
17495831686886084608
18159235856322416640
104638925659883712
5489146518640904192
324533943066645760
15777065469949366272
3972742563002681856
667558971325770112
3966404191914897408
12658772382447802368
2476334832643052544
11562132072562569216
12167028083291596800
9175398689615833088
9705649789885962240
2649671217034052096
3581524690632422400
17509491261708906496
5268440988285365248
6898118976994168832
11109182073445165056
9486903786070411264
11547024756517607424
11821360338266787840
10777683958065795072
13728875131514841088
3417217235059446784
9687834698343688192
9287192687559968768
5587807816137055232
14739764083265536000
2427618732613183488
14873580563599429632
1082577168077583744
12687718893951952896
11001531568976230400
10789655352840816640
7594804819954824192
11810569267699871744
11035546475120369664
7152990288384649216
10147145971329177600
15297231612243916800
10422754154774112256
5400966714466436096
17553253057685846016
11419352585583790080
17927051553395187712
12275426539759310848
8191884278197448704
16789024983150772224
15787584841941731328
7190748673048927232
1712370631443801856
14434981373884477440
17687462719159887872
7911957895849899008
8959477642371170304
13173830280770310144
1169192597205312768
11191861586640001024
6670600492371162112
3943558502137481216
119567155340346160
7898252803284191232
14496963617649838080
3013172847060739072
12979539706702563328
3580395564313395200
5196154831471882240
1541748153514792704
9949857393884149760
845737193151503744
17668214295366606848
1648337730200452864
2425395848235837952
3370678860898647040
4461059893558346240
13478777128746350592
12240861113616891904
5002109474998348800
12226699058630821888
12268634910379964416
17840171580914675712
16058100203755515904
15550600516035817472
12623227772628850688
16261062072837705728
1871814362133813248
12203097532828135424
7466579351073802240
4565920047442068480
17777165210175012864
2157777463698018560
13647863161381263360
8563943419213854720
14867948681002897408
6965179016858224640
9535021005153136640
3953599651024235520
2321038402698366976
8609001432608260096
17876644766886514688
18364351141742370816
3120316422346366464
458325477596031488
3200906131186949632
1451954921581610240
11286107720164001792
14221058363607928832
18105337599911522304
8935083356920640512
5648887367166844928
14365493890868535296
7280932645512864768
808530159697155072
12099195238711513088
11000020647133782016
5269150598653057024
13727600155591018496
7881135503407497216
13833326963165992960
15434755337895712768
1802189676281578752
7216350580815754240
734728985863266816
4151329911054211072
2091887036325722112
8422707504451817472
12409782714841143296
16179694371241431040
11541121200919877632
2180336774524653824
18122125916080340992
17652588617654902784
9176427189239587840
4069038421693250048
15978486949763835904
6754319914667051008
13440495053954643968
14656602661199775744
15281615625334949888
7657935880743788544
7676632719647235072
14122259270498189312
4862474492298212352
7466009974340857856
11087892605622050816
17923817001364090880
12723903547736950784
12284205786083786752
7402670984075390976
5813012651745838080
13498923142051717120
6604386767812238336
5270710973379219456
710133320361628672
10050673669301966848
9378184757825079296
13847637149169405952
7947724114373505024
8397144109634685952
9404189188408473600
9446770277844516864
11293152217334882304
15243255639951437824
10863460633015154688
14616302878268794880
10211159322760951808
8977931043478209536
2069641296863007488
3489028709238304256
15406520653994315776
14930126666917068800
10420103562314407936
15345326054999511040
5271290287154250752
9083435852841975808
13147270370062303232
5171313391473198080
15741745820412835840
15034900044300642304
5812785284723348480
13502414423690192896
2160056419150130944
5074551068644977664
1493678716819674112
836837247757162496
16076103281324687360
5191525913422910464
9326165438374457344
2263225918033773824
2841961186248640512
17073740142121498624
9419764079638888448
11269271257944913920
5410892522434982912
11704671968412479488
17252778748714549248
16699167128859215872
13114288247064129536
1421233890021020672
8659950944037390336
5347237398825765888
7871389958998753280
10998909609179201536
12213887847629352960
18285727978183536640
4024090688053506560
46249591396076952
2025165550154436096
16764519329371957248
4570466603057517056
16262006007747829760
6975278210666670080
1285714987959215360
15041337949323048960
7438131613285719040
3862565474079262720
16852821060398014464
17182626169171421184
17238843882033864704
9140296423355553792
11537736949868941312
5672352195782284288
7588912091768513536
10771646817673033728
8801051737499759616
8346187012169985024
8721810903140440064
4266587507422990336
13482430003045277696
4823414025812888576
4626184699460966400
6068588669451398144
11221899603926564864
7590592713214976000
13591542593085335552
16019548576871370752
2228210383374770176
7569501260727100416
7641221668038575104
11633298667694563328
13431106541820471296
17285773638670606336
13746841066227394560
2161885184745078016
11066316961880561664
8509924738389642240
5323519754606670848
14285286589552625664
15067570430909347840
6128064310156088320
14884984559659071488
3683291371854948864
6306106766302608384
11908650612114726912
9983101321155588096
6365582683083716608
11920486477125597184
12116068872944668672
4731198637191591936
2047336863503315712
11610299697192570880
12531800913608929280
16703863531747020800
12728206154226487296
2893033896472925696
13085663917126891520
1633687054027519488
11847210176468303872
8590341851781774336
8127542790939873280
15525768959689461760
17060389487783211008
200409782024180768
16026820405132738560
9782885683321712640
7643782505077592064
4111081635879151104
16626152790655913984
3745360294747650048
9758798778735142912
16340325645249001472
13930878739370719232
5143667141932434432
4196259437605032960
8050881437209547776
3202795343183151616
13317224521563258880
6734221230746028032
16425993531164045312
8668918439860391936
15320618604337467392
14665219049916295168
15146212121513871360
9596948809299838976
6242429298252218368
1099088542435217920
14870930167135954944
10536960511150352384
5777962262648775680
10933021469108328448
16685815447708375040
2424053934934648832
3441355644973176832
8775204871035619328
5883745286869427200
7127829729416245248
552261869249716672
15387286364265259008
14537919546722574336
10232444089732458496
7435326147320498176
2590677414670162432
15748017544352245760
8699810241638631424
8826949730517114880
16624073030034601984
16948048451965308928
2792872593817818624
340494732106156544
8401213992928454656
14596267639112427520
4180457448640599552
8634379730571941888
6729487230370807808
5372414765696028672
12646305506772271104
4094618154346064896
17484419856421672960
1394154907174362112
9765530125221578752
16028807821048580096
6215875521315672064
15290530663549693952
10025848334836944896
5114473685961318400
12314497460824551424
4739362069197936640
4624128024725076992
14025146119055360000
5471411871477632000
14404036297606852608
10066149197462923264
10171534509277847552
16965361068335093760
12968680610610253824
449524489988771648
2494352432736456192
8177023958064484352
13201118119077423104
6247194081923807232
17991954128584318976
17907654435807121408
267792453274435968
14082892524834150400
8753377323045700608
113157383566221072
7911353654554501120
17975087067575447552
321073863670509504
12401094355291172864
2731503530311352832
3212254322911285760
11017409694121840640
6127870290474417152
12289005993214502912
1639390843774330624
9682847089638789120
13120101158227795968
6804480025049823232
5926517223857191936
2633722333355376640
1975397043660578304
8690954657256370176
1669551962673888000
6342596617936577536
454215560301946048
429135569070916032
7626179794385424384
16032973366451617792
15978967615267139584
10047509024167155712
797423033537200512
16004894353004843008
17957283685104705536
2724062470408460288
4868515583701222400
7666102872736351232
7902781061974774784
4977072626199044096
581246499880870400
7722369654493817856
7748300443236426752
13725011514374844416
7502460073479841792
16757941104269244416
7134005193285228544
9255480314743816192
13510756168835792896
15614799473157441536
14189857170959925248
18342589444702175232
8091453765488223232
10189400678251329536
12652029568866973696
4645172960480017408
14518060476373784576
10172962292295630848
15340896623944554496
9014824928676575232
16171054808668581888
15631827301775347712
1644545415832923648
615021721488830848
9719725722992015360
7302788428026288128
11736033060497123328
18446334029513394176
817740650047003520
8819508334163692544
15197930017649782784
8023255852632166400
485481039134589248
8915288997104483328
16869371739497103360
8928512032560708608
4583990194621454336
10294507135843913728
10447428103955924992
9743007372857853952
11493936162218149888
18301064570745780224
13622862002568452096
15644522200388820992
12529344958433875968
13280342577810415616
9438421358949480448
6851872350658078720
3183088455717569536
358079800061012480
12165072373222066176
10816979226095443968
5603700562684218368
13604216651160270848
13756167316645588992
13894639837579579392
15183433140474789888
10810399347008868352
6545905812207417344
2135746966366261504
12274290042156089344
13706292280637331456
334791937710052480
9623818491155003392
11317873038416953344
13005404479811420160
15586649646041989120
11799840655099971584
18048031624104001536
13969771055545538560
1714799960832355584
1365103812046433280
4455448375005884928
1115312695986200576
9305491731421995008
1232682646552201984
4523785048975632896
14809506130327537664
13310119529159249920
12201680219169705984
12618256943833395200
4758177563494987776
13458372318122250240
9163709580292283392
15730029577545625600
6092719872445065216
15352749069804943360
5879683696569024512
15211900953612437504
2120876641569330176
16010525905041227776
8805790278401197056
14620053123432998912
10318597769297455104
7996467642287191040
6516270062904804352
16647870138192586752
5805627827989894144
634841179009196288
9792220920541962240
11814574372470665216
192908617391663008
5405142368449201152
15758888430411618304
279531884181214368
16369707985464158208
11207916176202905600
122646194437258912
6295376324303252480
6352965717590778880
17359003180424316928
5968427591734396928
16554674564855107584
12244445456237969408
13315902967296071680
1056185919453149952
7416935507558861824
7040986233185687552
4092204459066508800
16651431156801034240
15666901191580680192
8051270900713902080
17346276013635125248
10433132545672857600
14775166002010558464
6395671570266985472
5399871386940053504
16750534083757602816
8238979264088677376
17540944200429635584
5817413545771359232
6410696874226326528
13118068017465866240
7332777001199324160
12372831492668069888
3925798853602153984
14855203827185258496
9851104422579163136
10085586218755364864
2501805743942233088
12261650847304884224
14541342105249501184
12740137900250417152
6883199349526907904
11368760334408484864
16456702615615959040
9555149939069181952
10183475424420534272
10674836137558908928
16207924222058803200
5889340876583417856
8190562273691140096
16023407408319666176
15132845035066910720
2798963284682136576
17898458733765939200
5832682705745605632
16404895258111987712
11249911734812096512
12078636413558767616
11365087225510541312
13943993061999622144
10315098209291163648
434602725459278784
2004546265358703872
4426409586564342784
8110498556471225344
6614256926737174528
3746757347823812096
9793312853459972096
3358646882467117568
5384229414007473152
11635178892901443584
9417599265038958592
3139646845301423616
12329173256865439744
14147560967316731904
17947303063072452608
4512379512069583360
1250047474894884096
10035119272126720000
9138128345356426240
17247183829638801408
6057821626790563840
8793031313017686016
3880763788757339648
3807694596522058240
8926930593352077312
931926931083068032
17609657117853140992
6040178579865465856
9181706103123156992
15068418230524123136
1375458073696816896
10207360475882946560
119364759777119184
16754717571087089664
17614871557118961664
14606249592453963776
10312044216945752064
6287426192729824256
3667535577932856320
11064199748420538368
16565898002716841984
17444817406801496064
6203783061342502912
11777898257239416832
11497629865751939072
16590236064832790528
8882619056951478272
927223197837287040
14291923429777094656
16732481356964708352
4168080222453506048
14757021146670753792
14690588843279970304
13147144182284376064
3807543455462710272
12991342984853538816
391832150487694464
6034044500577431552
16341233890607572992
14697103745526935552
15988009726151528448
16179244415570950144
6538669209988998144
11843588704381628416
11174342958142263296
3028077354109202944
13630518813722173440
4233876708003313152
14209913159850999808
7461398331401138176
7013411179431362560
18378392201963616256
5830702573743246336
12595465010553839616
3816842248923008000
6707931680386446336
14461656582659842048
831412063285906048
9068207936621644800
3130594617081059840
12867929051057887232
2275881649142033408
14396466490482939904
17263795851720151040
2900062527124878336
1578106842204466688
12296431591221569536
7624912511093409792
14299796668145276928
11693245645220126720
10458079174352680960
8423010483396389888
17510726148638955520
10621817868115525632
467477519723083136
1062640687604326400
12508377535646746624
9526991705819166720
4015337314481100288
6859965735643032576
18181471262307223552
12818038580818862080
10871183338293039104
12794708485524768768
17676043817496647680
11917551682263128064
2606825655609698816
12514284335042756608
221387361200210816
13327703930674900992
17111663892424359936
9807032956564408320
13709272525290637312
7024377019758606336
3169154842070645248
12458367203457982464
856196921925137408
5455641859527134208
6365386584706043904
17265205357811048448
15868390239465304064
9970562389280430080
11321961939311919104
1282007418344933376
1706187861790239232
7113831037898588160
18306278105098827776
16501595935648643072
5120835222880823296
4099497234227261440
11378334256084594688
17887490755898951680
17657501847180279808
3919751542998364160
15762219613191311360
3363785931915031552
7982071769057848320
14457981217785683968
7823951664268573696
11238833707235563520
14182778885453012992
14207876014323007488
8206768680473872384
3988047234971301888
7404694465145935872
18184836129574447104
5902214342356244480
878963528652261632
16184295609229158400
8999923906910241792
825029739036955520
5304550595528724480
16299884809799268352
375964820915861760
3744213266839550976
17974551312459128832
13874383139319001088
6838636185730383872
14948514165254189056
15453676977721518080
5116728129614675968
5362829675540098048
10376684004112695296
9702853502935588864
17476213000792451072
5421217634272804864
5522368933195301888
13384278430578530304
13460586530728890368
6130689043157868544
14472529042990673920
2195367730863972864
16698250464990427136
4355026661822715392
10911829933212620800
1671902712245546752
6393462245740251136
13384639407327690752
9690584497538863104
2926222906755467264
6798654358403548160
12138264742268860416
5053463479527162880
5479037804062326784
9917651449467824128
6367160449551521792
4792586289738483712
12065141751585468416
11634068941291708416
303465447167076800
3862788603537625088
17794390168282974208
7599333188009528320
3614354538848981504
1323475203413166848
10418425717865168896
18416543463230685184
12158579303564027904
13679845539310184448
4120910396417090048
16850887459315406848
8533265706341888000
10415252993583087616
14954865489957781504
13205991592220399616
4618827747200734208
14153285509178230784
10469066585805928448
6922260958236386304
5693390651209282560
9730251357774419968
8904036013655486464
980383682730409344
17347480003101405184
6239033914192761856
7221531288833662976
16903081954104846336
18154316283639918592
1805694959266064640
15518942335418245120
16792600313185224704
13648393553834473472
4292337589645854208
18001177252849981440
3547723293520713728
8300229395234457600
165179013313862528
12102558099347345408
14271454483158640640
11786568393158215680
10673590833303351296
7341546032483299328
9861804038854699008
9479045540596494336
1048566000918881664
9233841716045979648
1549476365539204096
18396376980384718848
2357005253124277760
13990410202554431488
12231697884441559040
10385369349262204928
1160304122284439808
8367166675659002880
4538623795743906816
7421920385061555200
15651409036754419712
16462635285296934912
10235334887354566656
996190429453911296
11965713615210346496
8270953678660757504
7479051203030321152
15821555055285184512
15935213006966796288
13760426853595682816
9538966346398963712
18102383231583369216
11036909648435048448
6473478300211557376
12220466226778492928
4032909948772567040
15374341794687856640
13683755444425469952
6309532651797889024
4838479204892116992
4437124728141396480
6265541436453407744
7685889840749195264
1528460623579877632
1688161316886468864
1444018484958954752
10656419750421940224
8579629334431521792
16332449510285412352
9361480540296374272
15876556109259075584
7394180319841636352
1384806769636312320
7262967314306711552
18400945425647616000
9691872847492810752
5777707036636178432
12275323502452641792
3780670882110002688
13179759624041922560
14649927344193449984
5905457193207633920
2337005059231279104
8247881790572235776
1003642419263551360
6718219873572081664
10605428305361793024
7276199574419396608
7044080064288776192
7410202303075003392
4835506373345087488
15774782012291270656
15775108605069070336
6262974644880267264
15421997529193299968
13970998673274353664
14641553532182007808
14849675095058118656
8272059619606999040
6934269174323929088
13579941461090365440
8419847645884088320
5476971057145752576
17154077211151159296
6417293362804062208
1679876771367724800
18377514707815583744
8481453274489902080
11645491868457512960
14933570188874827776
12719961718263062528
11147296369156061184
3417175381807640064
6576449298941633536
12121688911152869376
9346244679008022528
4368414883941233152
4690486267705281536
1377221257036038656
3327136425264879104
17394019662055141376
1957983874784177152
6697677474945823744
4373208717580479488
1233107112459336704
6120635926302228480
7997985998756631552
6546922905360326656
11822130289936642048
4096290483811750400
15259845859979397120
7840256807951315968
14365593498613815296
9145914787044159488
9747925157678561280
12941854274602029056
15872020416872001536
10589608626182309888
6834580104696014848
14791741305497245696
10896951362631526400
10550990043322140672
9825033195543908352
10185803702019295232
486427560597786048
17491974241506410496
6467882787021278208
12452232779296020480
8418355858156533760
17862382956644605952
12776585576242348032
6150366210613846016
10774083493822298112
3117017117649488896
15816201525298890752
6711931497585547264
4872763376397079552
13132764197096456192
8586713020269317120
11294215677921552384
17482981806802286592
13469399451025311744
5618494583352967168
6570101573758660608
18258463507763093504
10695204215523137536
3927362017506420736
7235149066672444416
2791772272723875840
3876929556425112064
9604874625271861248
14922474905264160768
2171663112554993152
2962542413208377856
9579258057709797376
17871182705401026560
5933377611225740288
14262972745571874816
17791550027403614208
2075486365653146368
3915379875169630208
16412713304872634368
7271458924011075584
14547656597962113024
7648307331469646848
11247920080884764672
14435937806300588032
9841345914241894400
16224013412785268736
16666180750335918080
8672899935667911680
12854523514557859840
15115089339832266752
3994637494039339008
5173569927523673088
11257329122697560064
12892954170557157376
14508266842013661184
16550466821508356096
2987942407832878080
14142857257643524096
13373171607194908672
680291936557443840
319511390878823488
