15069110442093592576
7295733216881029120
8626926120311128064
8156411375069676544
10424707489826496512
10034423610930014208
17029249078282188800
120184064215153520
1257758552933116416
11339153111700473856
602029522672004352
6289772315286933504
5900387928122946560
2758528437912364544
16298773946142208000
498945120433479104
5964677039496715264
5475537565040568320
1711740712030112512
18114593337220212736
11254044957099620352
16497621516959617024
16118304961712472064
18307273572529479680
787233937451134976
17764379294368964608
14716694422543519744
3200324159490746368
14253427000042258432
6831936119341981696
2320003632216647168
8067356704989047808
17117412557391314944
4888866271679783936
1231010244535606272
12673506249043015680
15880145743730964480
15937358792130619392
8367650561232442368
10747378926382958592
7765154077347611648
16282279647509669888
3411940278294406144
9106305714448126976
13647849253654013952
6426020434738391040
8278802228596276224
11394718420172103680
15607974190898735104
4238106408996371456
8132738463533940736
5554608663016764416
12364799829657937920
10321658179162939392
2075736334159532544
16317377491083839488
1597087298269298432
12492978490199242752
14025753705808971776
13571944414224023552
12172080847690573824
3533756987193141760
17075015141061423104
12615123655046486016
15425722013317357568
2305473021473671936
12469543643116445696
14068721512827213824
14834176677382424576
2370670032889297920
9093321151070957568
7742418015700944896
16967812237469378560
13071258752529801216
9885398236168349696
18206504094113642496
17239528666807582720
11543886616267358208
14050237861910120448
9898813268818360320
9932449249106917376
7700933010724680704
13848637684342290432
1530680195911610624
3250627511331973120
5610070839918458880
9457598881081194496
14235780778488442880
10517699119943815168
3836991790425083904
664885727018984832
1458870824494032384
1318968949473326336
14003479934591686656
7262910019556981760
2420144677997160448
1223858180230286848
7396999028426398720
3673539409109839872
1853895890499874816
2948098585859141632
9351279112319152128
11066834542792599552
16657108822766237696
3335944346263599616
3826303636670075392
12863416216576403456
7929851035927009280
10904025880942643200
6341523695481950208
6571325731449720832
2472946155557161984
16517255304323377152
17882300502115207168
9528095350693627904
8739193980828129280
6479194558910778368
11954244652033593344
4934703480956526592
7210514891100363776
15954647900669313024
6238918115864419328
11760784339355738112
5416689723453887488
2031793142771926528
33548022676683172
2636798060589338112
9070755235551979520
12935876748744552448
5821858305369208832
15056728112077101056
3632057051458833408
8768731915739897856
6278582942067951616
4988280665336685568
7335487696676401152
4160826077924132864
1566372738736585728
17814983219857758208
12424161449743411200
4553848272169414656
4524120794911329280
16372777385084311552
3302071876494673408
10504114478623719424
7634568011940764672
4642625305364560896
13157344233736161280
14246850830965633024
17899493252293070848
4723246422057584640
12840018856816959488
252203883580212544
3971702262740177920
2857713488311072768
14306096150970759168
8527184950682008576
16441984689459972096
7921397837068717056
5850162669835392000
9474628756144877568
8376415799907874816
10776214761780006912
18031906344096542720
10213927647346755584
9124403482441503744
13839233534205396992
7483802236532680704
1905893430537858560
15794217035638589440
6192081927730905088
1227271078194675200
2562707026576766464
17102751070069002240
14360043672055113728
16320942914267367424
2921613666723197440
11727383662054301696
12609175342276364288
3480021447343260160
9314885643685953536
2354809141269975552
3484248138437430784
15917249180720683008
14209635995478157312
1036528222185666048
12850147518048679936
8421896588844157952
7878739123186552832
18400030508091803648
2157199012987259392
2034522043763044096
8392732414972897280
4499303291804775424
432375096502231872
7409751815121530880
12383879473855928320
8992679148437636096
9542496596946063360
171421570979956768
6979454766412733440
12330648298227085312
13920837361167998976
16833544604253915136
3346859982658000384
5845009179054224384
10694307558466117632
12417962308668084224
13591821922099423232
16998556461040279552
11019977132803059712
7276083057181263872
3530678764443799552
1729557147291043328
7553320902911494144
9881709052040159232
17086335577330866176
1953258573230894080
2213757367000820992
4387390048264017408
12915770179244986368
10235516175475879936
6746440892838865920
17489192034442618880
1435933729391936512
10697086890067591168
6091441386969850880
9546672184921532416
12362185564974581760
1459543302380326400
7861858419078935552
17377507339830923264
15157069701808359424
1134035643616198912
14488758205344122880
10069548327427264512
4207052140410946048
6224514038238393344
16328346726602086400
5037077069697726464
8489554161819181056
10603368796381212672
589485270384697856
12739227638232858624
11892946889387286528
3647193629315680768
11560113040820848640
13208746539548198912
11418452104271943680
4738412730151995392
1102930000385417472
1337183933097754112
7175835718883789824
419166546360632128
7779278682375667712
13813806845905817600
16618157242687586304
4417451154286457344
852067980195270656
1347494027750415872
14981548143810181120
14619906404702724096
3519461804658904576
18265065840127727616
6269904701275211776
15109328348131825664
12922748200381372416
2122883094413410304
10780189336979650560
11396914086393509888
6824877513762378752
5496465166953716736
13537470168645525504
15177851030901557248
17473749869933314048
13725208588170665984
1463722372002169088
11219898435238475776
6800189479857567744
13605237098300211200
2610625843700262400
437731332904393472
8988140613203093504
17751057490806708224
5274552229044638720
17713613013590079488
2501397316878829568
4424555745040965120
3042795989921312768
13205330778126929920
6283229457027787776
7806580414755122176
13252753266140559360
6759173199692012544
12025146338573799424
1799332397157942016
3218579059380986880
9230124773276831744
1943823401954909184
10061451487346970624
11239641035250118656
9982996444967852032
15682181805483460608
5004959477713892352
7544536628080507904
8547877334361863168
9375902954294378496
6945610961782720512
4138681510563896320
14530995737391050752
14302962963803308032
12152236808043612160
2158140214784589056
17152969333804421120
6643801990452113408
5791598024917686272
8269080370461225984
2001343676253195776
14187123345083891712
16208374154015322112
1303566779225553920
5935017001955277824
12316398946631819264
13852114855587416064
8272797513156825088
5912644346742000640
8109650411427306496
1184979278919802368
2896716062594604544
2930130147341705216
5155774150131720192
17721798555239186432
13432259451730915328
12576714247841622016
10210472065500796928
14091829595992320000
12013784474523600896
17958558918152642560
13714687961193877504
795507279921758464
14919776035347150848
11820298990522707968
4008506300868860416
7207112310336302080
3719002109147895808
4188482701158240768
3231529936149472256
12863273756313081856
8360489992853924864
3552294992002745856
2566207542103738880
6477725569077008384
9026382770702437376
12852473555005190144
15970363594980024320
2311504895931143680
9562239474733469696
3311215745431806464
14784282857625563136
16440426552329775104
6002283457915977728
12749509512593856512
13308351874852003840
11792835231612612608
12839167964964741120
10167431447386820608
11150518530835705856
314178331376790208
16384271087431026688
16978068154072535040
567069107659402304
8239966993915627520
16692728973782978560
1133108906233234176
10625685240714297344
11508050376665358336
16241083989795444736
1970830948858729472
16864481194658981888
7882418353098650624
16507726607302141952
2721138452632920576
16311681433288382464
2458283049913680896
1333837018501475840
17529691836269697024
11629993660376723456
8112710399663853568
7544141597739260928
10449887796781797376
16866404308990521344
18133869036612014080
7748674367788548096
15455657075887890432
5216190006144927744
8681726410528501760
9781218370129041408
13494453164182573056
10043346028507637760
8409921616759162880
16462889019619674112
7778896186053617664
3767908872936456704
6689000240611690496
17637971597542795264
14309582069206396928
6503689557211061248
16254423751872827392
15468100490829197312
16441606554087254016
9952919977850284032
1620947557703947008
9689614413132810240
372601587588645568
10093852544078893056
415395826587961856
10280869238937696256
10133091012418766848
13744584001458274304
4615140834333554688
1348003840199734016
10171440036065792000
5411830101406276608
3361713186965820416
8869912649572472832
10178876129707888640
7581303495877587968
626539392290390272
4924783414250488832
12849001189236236288
17892934669829316608
3938427054777633280
8357394257379459072
13416034737909057536
17972531042667634688
1921494357261847296
16850652251630974976
6389115905893776384
2391492358258253312
14529127948296292352
5263785007791646720
7766731819220292608
704313522761219840
12795323336293181440
14072230693110603776
6682108121898001408
8299680819355924480
14356400619883098112
235255538695227552
3348042949958002688
6014259852863304704
1974890005419941376
7892002104077889536
10199503701426057216
18315433404278339584
10633228583889387520
6506771485586810880
8852347332006422528
17652093747195514880
10460123585823262720
349538004874782208
3976452586011361792
10991468763169597440
7474775982855706624
13720878452018833408
8808344931976109056
15206746428373837824
2501585374803938816
1199266991361957888
14807551030225692672
2277120758653091328
14761557036005709824
9122896867101416448
136872087710821584
12110365602124345344
18270249467956682752
8979644131255015424
5469483494911748096
2702003352871712256
12713444059082098688
974019026682943104
10452632743491915776
3057831034760442880
311014080025134848
7694608098894340096
3734568590651649536
8060525498990103552
13410831017429196800
18165168295726594048
8027353778690185216
9061649400204790784
241612763032979872
13883873943253344256
9259420984720240640
3415017087888417792
1893682010498944000
14368570683624316928
13862022706504478720
7037047392561860
16137041617609961472
1889318404760582912
4310504496949573632
6672441641051815936
18150557797059616768
4418649685794844160
10650842972870729728
7438991949008661504
8044387124990749696
1144720839604075648
17871515673289494528
14059477629564905472
15288298742885189632
12376539867234965504
9385027182395977728
7989165799104397312
7309099249642440704
880543885952515712
1742374058979995648
16061148059152855040
15926531439103393792
9495347537716787200
7411269716612282368
2110923770646432768
11211206351752437760
2990583853181125120
13385779767299799040
14469467129519976448
13058739941121030144
10082066374250731520
1027012674988921472
14841042540608907264
4281120296716469248
3099649773321960448
7457073862243739648
4796152001964386304
17960740367515279360
8352635325397867520
6476977399954065408
710024659655555200
2617419283852620800
1810585188942862848
14481277487987800064
6969339156884186112
7113245846878352384
17094725550295922688
12663925275287519232
11168798379358822400
16353974334919866368
5114995093600894976
14554946856587165696
11829059822507079680
4307719058398645760
16687344831672911872
2833271530791123968
16838519408155484160
17318093855179868160
7146644004344375296
8034233716970063872
452499380020197952
6859770767906199552
2049710258178272768
1907844354175117056
3278525980717619200
107887289556523744
14019314471555815424
11849612452352927744
10735078758312429568
15026043433012017152
15671381127170361344
18414459166153857024
6574085240202380288
14357070961026254848
17613963568915300352
5299577594864304128
12855550707537838080
16110455522779510784
9328341877076064256
7236175446006392832
17055638599038314496
17047140256555137024
551800743843580608
4435516296049228288
8660821536447852544
2216014914678992896
4103441020846303744
10351185377514295296
8348604370375209984
1980666731485591808
14123913672881633280
11606177132071925760
4864134722281838592
18225052251317327872
13155934488699404288
6774666033061766144
12189949003885481984
12503236155515004928
2098913942598027520
18133606590688700416
10607047271622592512
15925506700824250368
17737537799929847808
4671461732601816064
2546128396009702400
9003928262044592128
3971746394170434048
9922426378647814144
17153792475404959744
2188924137014801664
17706680304550320128
13032625788266285056
12518237563276234752
11014689538335412224
4519606687564024320
14829326532150716416
16705100882444036096
5854377556200005632
14891014726799820800
14479948977653069824
6548583436888227840
1682154931129842688
14612170588162953216
12922601852256051200
6207468026235475968
16883415484868978688
1941855623315913472
3265985734086330368
8874165489808952320
8395252199275932672
4135031866380458496
13936091358563203072
1958474797330061312
4342169958262095360
7369562014861379584
4349738517851614720
8715084042442954752
13546551466442913792
5012331119342328832
5748853105530757120
2397782175296462848
10523666843626178560
808832867306501248
3117851137255527936
4854608693491352576
10497795369905975296
9357637673308512256
8216757442129409024
4718716535098738688
6533553685087278080
10099291080555821056
2992716547230277632
16284611246866042880
8411630446376086528
17199166265505001472
7299571789598556160
15627679243412228096
8875037405356283904
6393329360547338240
10154831214070642688
15253131580143558656
565763422081460800
18219008275960555520
2410178924007188480
17164716945263915008
14409215722603032576
13783193928484689920
9006001622033642496
6807323702352026624
8359807898103177216
514133589131153600
17871031319805261824
12824243210970925056
5587110163436266496
13622843407431313408
15172372267462424576
17973295050549532672
11165565061850015744
10035902153740068864
18394040771393603584
2777466113488259584
7544235323475375104
7352518755949573120
17662153334988877824
731506548522510208
13311863185786681344
273274821012667360
8457137313119275008
12213980031686991872
7024189594698579968
18398279839633104896
6676307960057535488
13688617995214909440
7326157928100826112
17085805609160370176
6949490086622363648
4254936596317342720
15112580961790347264
6667767642885241856
2327628073527678976
12285273331480893440
13121208777702127616
9483261141048524800
1474486787004726784
1124656449726147200
5348779276015247360
1458079072627904000
1940059863126003456
1441138232029762816
4790646141180497920
1070016105620793344
11020738080212262912
3143396029559094784
1263662488457721344
86379902323564576
17109525535972276224
6554153868932484096
16913920994432667648
1855440786287355904
6148168447882921984
10854101593613508608
10967275077325219840
2796631322552023040
562595649610594432
10244013046684059648
8434508779096781824
1138625362826408448
2464915448483627520
530994927796928768
16022019765460862976
1021278104579702656
6863501306104223744
14938104801788510208
1667797072436297216
16618220614911543296
17804161888674492416
8102158078366184448
15631616189543241728
14182600742144176128
10525784157141051392
17081243512053491712
1174387980089633792
11706617389946390528
15377974363765602304
7393272561016442880
12725721001599522816
17795461759092203520
15860534530949711872
10999746335201849344
12178193155253045248
13986936877958230016
11260842065956882432
13589429047278133248
1551035546004015616
17585448965984266240
11286187598503063552
4762714236140265472
9957516704264718336
11505789870261377024
17073896799001903104
3906581341831168000
7555762182987910144
76256344560994864
13753381363083802624
4640825556570940416
12948385100251684864
9105270055788513280
7693292256611049472
15469855731463600128
17401266362919305216
4670833400049231872
5895327492505553920
6704329487732530176
18234406943664951296
10419757469497561088
11092507386937468928
13936492953168746496
15882981879651885056
13813364883674980352
11970290298431481856
1692657682588417280
5399741311683229696
2070975394315684608
4384691754358059008
4677181567075943424
277269219196135712
17878902035156697088
15088411960100628480
4518983618711728128
17328202760046882816
6685874623882306560
3411725753140219392
16722401003616792576
13563359377545299968
17917048134191874048
5670945400470341632
7347848197370457088
12209476919064307712
17911391919711571968
18376329314023106560
3016873882199112704
18181888187164463104
3270342018698120704
12198810956922910720
17159391971818551296
12427121065267138560
12992014112611534848
1690409177996345344
5676843473848259584
16005226456092121088
3541302958402886656
6633979124434206720
5670940518567028736
481223112896473472
3867943702227575296
9685514751022915584
13367049248106805248
7628515794542413824
6031329647375235072
4878139531998162944
7201618810544937984
6533287612060953600
3194579379108758016
719781575816990848
7740697935346293760
13544314775043698688
17130597991137560576
14142565272961026048
3046133203780600320
2954681734238576128
7895074836288329728
10411950388732100608
14683677466943133696
4801194320994719744
5798868746450612224
5330753874975139840
16688056573134766080
8331838612230561792
14859201082045497344
12465601811903858688
10460184546164473856
943908673182497152
9889183128079622144
3845033090740128256
12412501752708362240
3187969744933374464
2662686889971088896
6874484573682647040
7882472641426097152
17655007571129049088
2112521507883483392
11208840556078700544
16497923183860256768
5136621775725575168
10662915308347144192
15974292275581988864
17175317827647195136
3882782272703222272
6434318133490166784
771609401561282944
1546326697678674944
12244788052504555520
15469438444108752896
2826022951406495232
16568376542092451840
16122845726430734336
10879177431039332352
1907966260299826944
454296463401419968
6756954080766871552
16245717104551333888
2599471552748933632
14591743766323537920
11545649953011251200
4521441424112312832
7637641411755614208
2335898368831960576
11475008465201434624
14703076654352568320
13861413507520444416
13526673619799089152
13288643119249868800
1394362992286340096
5178075485825831936
11247848579582722048
4550812243198538240
6390622032536951808
714765982146804864
4149674196883212288
2001929590337022720
14742222658601562112
17860538869938577408
17352575924458280960
6560885243987935232
13855424398346254336
7982068062344213504
326373677208872512
12872672164656039936
11670856626912491520
10164772224443222016
14277821341781667840
13490452136111628288
5272388991886794752
2821022878940376064
11327290232164147200
1702873039292798464
4855180662438100992
3310894229164165632
3374119729110966272
4371960753856604672
491544844196743232
10292616500658462720
5327488989999437824
15600519083422056448
4456897438728695296
7441485238549080064
12941749049593706496
2938642476920388096
17168687735449260032
11869069637027321856
16044428218218686464
6663838767051183104
787375289225550336
3923140239951604224
3835832351827637248
1685992459904398336
14765637129471168512
1081869280237176064
2987670030907372032
497938959206552576
5382705310796647424
2445529204602658304
10964775258702626816
17080896447141122048
5529490887302552576
10663933882596933632
3137063583542497792
2224401462212640512
17389428596190004
10934325011654053888
13300935986538072064
3008057029617434112
14240381711197513728
6422014826420189184
7567655635497712640
10686228528813371392
6373489313586702336
9332428015486339072
16472277717754505216
5151983517098684416
11445167028655896576
1981217273394812160
10399291102349957120
11682400682157930496
1653886413968323584
5335492637992564736
14791301218397257728
12175523976099782656
16920913761198544896
15776580870643154944
10193943257584898048
17170216368855064576
2215022175468371456
3777310963586403840
1946230922871158272
7574581588546192384
13723557912988370944
1127579091726535936
10442134307431745536
1487807986355918080
1146529379829303040
4947744532124876800
17404768610540988416
3227833173124974080
18372122450337613824
297239447015235712
11700233793394722816
1151722047178456448
11191832022696566784
18028828416112969728
9582614290755719168
2529379586441828864
10140991489058048000
8592058226332517376
632532020564634752
540428238155694144
15353573119233253376
6636331094086432768
13542466671707740160
11282690949253810176
13435936533624363008
749650763202885120
17556391911855439872
641576972748183296
14213843580357363712
2398502534744373760
16464321626686664704
4936662725123382272
3847156461575958528
16011881940038995968
2905112344800490496
2161751982343700992
