3089678615844239360
5431241024288409600
4953758645148153856
16859505818429726720
2694129121444574208
3647463686529737216
6159401174643025920
14588140223410376704
13425009392746276864
17904222435955955712
2868201273487346176
5957649418484780032
15606756298978811904
17261654152647366656
1189436177457384960
7795021666949425152
2676831994699419648
15217588519513128960
11262668834326566912
1260794990365745408
10603923924454653952
8367491894030390272
4747443099480537088
6498353687524453376
2796213218850543616
13145998199723436032
8821248202460328960
16169640010197737472
1458659873882597888
10911062611505711104
17308754315066564608
11020592584575166464
4869505095565575168
8764997209263727616
4235526117734962688
12382593118637727744
11390706551373398016
6562629222944070656
18174521851693621248
14989880586882377728
2946011382899957760
12228120909679302656
17406090014515783680
7188472052268670976
14056288638614382592
6073297054957640704
3288207721939016704
9992906311370295296
7303662347767939072
663630740658369920
12934255625015943168
17433109400642242560
5505983636079289344
9439993908342751232
6703571899462558720
11809260877296156672
6362956911628906496
7459567437252380672
4973712298926239744
18345341467504744448
16267596529101774848
16887998967077386240
6227324257126850560
12841259894165975040
18053797945278021632
16325417377383282688
6073894941665026048
16787327038506827776
10582405291841288192
16793255881907343360
1515763115205224704
5133169985683105792
18153079947160637440
17439686064665862144
10747562206139355136
16616506203394942976
3928512751766931456
9050088299226251264
822839346019472000
8112841470742742016
1591227675517965568
12713032081718794240
17068464265377794048
3853654296139994112
8197368447824829440
5834759539951218688
14360465111706951680
5218391738578563072
6196943959190584320
16688370861367130112
6536623461990819840
7957763157159556096
10563551061857236992
7965486076396465152
4852058279312087040
15806832940907511808
5556325493274262528
15433802502540673024
3742643890422682624
10995320896426782720
17480714262423379968
11592933677392879616
16947355502362896384
15003707585240078336
11775451618267138048
496725224303338112
10668504443292987392
18256083584923023360
4522171906279802880
15140024597818826752
5886902103549743104
4020072089216543232
16146856500320964608
2946244080984350208
9956992087452760064
12137059831951155200
13367001130599581696
3036116464111160320
917059793711842560
16799736384536115200
3048665993462062080
5085731548944971776
11649828493935927296
17928340333553364992
4672678656025008128
6457917607257759744
8273233176167224320
17376590335642032128
3072106364953228800
1915625408936283392
7666157978483952640
10910731182069014528
1770541667407050240
15901009686189858816
5328464278962965504
2175022352787340544
14547229409970046976
14384844134466574336
2444125880061387776
15730066571212269568
2622807909422348800
17643187993818896384
16917362803368579072
5221152009566945280
13438799993972484096
16679147906511329280
2403424033305896960
11355296015399286784
16956961618387974144
12443869740634689536
16766915902662825984
2971127759306385920
4943353800701863936
7862384244235811840
15644515225088032768
158897462072073344
15050664639108325376
9306785065779238912
10980574834933860352
2545632631076342784
13248317678465495040
17653765715073323008
10598492251479121920
17897283136142528512
2455202407819544064
17771887307559774208
6559631988869323776
2496275268945031168
2505011833218122752
5687502151801619456
8501589813724492800
15485049735111092224
2715374722342624256
9856555587488043008
15593576684766185472
15942670322919016448
4373522027477997056
17572953917225488384
3674308436929534464
12025425181183608832
17480480959319664640
12556559186833412096
17564868262350432256
1727123351511455744
15111287887748737024
9330840994012966912
12308446393596221440
7627266616463172608
14740276267123720192
12367052738818347008
15252346993385494528
187816829590210912
7623559184181656576
6850199890948462592
3537152206341512192
16805941561332180992
10656291143440019456
9207405232589178880
4549622877737653248
1732823297995372544
6123793126123959296
10199681085585915904
11333237454573039616
5807459913485259776
11269377820122781696
1553211880987263744
13287257460385726464
3229341194920515584
13048646820850612224
1449977235110867712
4258456146982466048
15559483939560880128
9246705153668126720
14649629417493184512
6085247924614116352
9812401348599595008
18314157612446150656
12296105537947512832
16004169434681790464
16742301517940635648
17509995777124485120
8664322168568147968
13935153536814389248
16473118263872593920
3108824670730536960
15825430671741806592
3408865530912611328
4845454954999689216
9417386118912290816
8103205033556727808
7983396689494674432
8348852978569986048
4841095276038397952
11598233396198629376
11163834054509133824
204478867285624352
4689450035065947136
7957324291536248832
7249829661618809856
14424129268821161984
7671702441470169088
1660079718237659136
1031424197118855936
6624974588309173248
12166431789775044608
16980998161132763136
8938595962062968832
3493999166145446400
3617391929763566592
6263145658024895488
7929302197821851648
4125973448377214464
15450498997086048256
9331926440035108864
9092170225448756224
10785251239569471488
7611387815634279424
18108391918182995968
15215588035109111808
4703082672461339648
16935571264091883520
17500113980663252992
9427364224294567936
8448390764403244032
2607493814536795136
4727483758253539328
16701418725713874944
9436836359617042432
5883461195634217984
616008670405795456
5361292298875152384
4484624584021098496
13971360397981898752
9263921681016743936
16926253974044612608
10874553473887909888
18034636327082323968
2964847271347931136
11374384289846257664
2227150555132641024
9817755924012431360
6895994715142727680
1806585349574088960
17093880885469143040
5997848636639077376
7808019720928264192
15223623572278011904
6753834617615017984
10422278782522095616
6034346745983446016
771157734843437824
347824759611156096
2168525369507433984
4681753534855538688
6177793495871639552
788913353238016512
15907183539108694016
12356289422477770752
5681112193421928448
567891464420503296
1964295277908099072
14893078692760381440
14648092283121121280
5982596100535217152
5429315053447812096
14793671779772166144
10642110409930776576
990307334410684544
17182655703484108800
1323044256666058752
6800680894963426304
14713521932802981888
11436115441257404416
11763361091360958464
18042857612280334336
6071121409929042944
2828962126792500224
2162073311495355392
8572321411299289088
3291415658067100160
17709073036726878208
8113952986413252608
8337228679917840384
1070720197366386560
16480410148370372608
11159764486354458624
17995835975677265920
7971792653972382720
13908124868374497280
4143232124818104320
6843977379992863744
8353465362570934272
4930425867388324864
721930647918093952
16841660226854492160
7647338438876739584
4727318496688522240
3403664433115094528
6827533096330299392
10970238948316739584
15701933494057957376
7278758632250303488
18094873286806040576
8529460639392428032
5185737823218437120
16667109974864922624
461576236534537216
4343918851489370624
2654078287322981376
12486310801053442048
12242634196465895424
6131524107246002176
11959171671788765184
582824435013210112
14691262103848607744
2987527087276210176
12280032618116042752
8539764410263812096
10834673817467549696
5165185092363147264
15316021611032928256
10975638485666500608
5281500466270346240
10401849546280724480
17650843559970707456
867090907087157248
723311059185778560
9416562188850817024
5876313653342188544
3808734284396000768
2249072063519251456
6958382212232043520
10711713214503813120
2209738046053491968
11279883025076273152
17434634804296574976
1913570596609717760
4104877756309203968
15955782517681149952
3972209247690252800
5370096384442189824
14918750278337734656
11535085292795914240
16789834218036428800
17545460930419675136
4701033881727593472
15073979149717030912
7876933952247126016
10671337574518392832
5984576850652544000
13147279439314251776
13550831465977655296
4659530296434754560
17964389699448338432
15328595792625094656
16410356687344416768
10121206101299947520
12797087416468985856
11226218742153357312
1122240366556371456
7447592681969476608
13416643140071632896
6194419243221932032
13356262188178593792
13550850592397707264
47418838965745104
5857265773074977792
17084643243106682880
8402272299507151872
17740223624478179328
13640386107235901440
6300277820809463808
30135250747464256
10587047343061889024
2503633426150129152
11036868434685741056
4779425386216659968
7379193630749401088
8654501623978393600
18313934015024893952
983254460401988480
15369229263346319360
13283979243162705920
16174900669512224768
2484930857735174144
13718770412901468160
13191482265080489984
5972835830892546048
12399555039072227328
12775482910717306880
11870877547035334656
4562434110143216128
5292117340747136000
2018255791317894400
10258369565433534464
509805798099274880
5638281278754505728
12375747585561520128
10118893832738471936
1824664576948425728
6082490529755987968
1448107199141395712
12803822576882753536
10544778765036969984
4095418745707922944
6179180712809128960
13333051349300400128
11573622369323755520
8914003497581209600
13071084986491838464
10310401984583378944
3970620678021978624
672497347965643008
4502400294498087424
849234095416852736
881533341515212416
13029674812263921664
10334684148604067840
3223197606827548160
5270414570786128896
8343938121668595712
1518266413379147520
16277515687100952576
14676368104177833984
7452136969089734656
11147651144809457664
18365332759027920896
946471223069368448
10719110312974045184
15073566158593196032
3694333912454628864
1888173381561521664
13502401176202012672
14994394454911840256
9021876607262723072
5841325804394243072
17919256079485605888
16143562840125466624
443746679270180544
12032265125926860800
4537488289450587136
18163863671449339904
2138947659034095360
5981494740898872320
17693794958825144320
2793708337902528000
2571686577716202496
4219424568499233792
18177032196724776960
4467739368575710208
3309113952943035392
919684847594084736
17166433378371004416
4400405865494252032
13094393414475345920
4296309045148532224
4818848080403201024
6519821160781320192
9616339541244432384
17430119192314757120
12915277024401561600
8241447514390434816
12176774426708836352
3029595347830115840
14396334726941675520
6383225271930697728
6034071915815930880
6765417004147746816
15970977631848671232
3453229910233088000
14434631603587022848
16796707971237322752
5559714071565857792
5375272064836559872
17660825856437530624
17521096208154650624
5416277280347922432
15342896366142388224
18357821596754223104
17468509543006398464
2839031079612602880
9475901465622097920
15870162944963502080
4546846401109327360
734231791754520960
2722568154950062080
4264354307886580736
17177591988444203008
10259587409522139136
16407202496972888064
9547706777293021184
4256274944008249856
1511751278180252160
14995843461752809472
11723903072045731840
4831963134863960064
5666237811111192576
13308224631987699712
12070568174954188800
9583351431343034368
10252633831924953088
15070170208594612224
1606477663041007104
2510479963958714880
657258688042705408
14162497724442636288
15850672892373098496
912100304531305728
2827201903766639104
2027242608489279488
1925869705567722752
8801704782595449856
7957767466580061184
14592673115541551104
2403303888611516928
7347998423669429248
4563761537375187456
10186198316692291584
8646016240159354880
6702146541333062656
6905981921241032704
17115806677791338496
12591973869541888000
12683622881474779136
7128278286306402304
2428827308905943552
2115144840245587712
5296845508160018432
4541494997141674496
17117775855191515136
11504020671435655168
1310776849534793984
15260840688228067328
5522547021762061312
11536106477197486080
4625499254075875328
450246154841711872
11160264461494022144
11061893947506491392
10357195543152748544
16642655558550853632
11746115601501458432
2691744046437155840
5616374915617363968
17725190878880743424
13060739361707524096
5335606960118130688
9841394044234381312
5331185948555873280
15973181955067697152
10654975163872657408
14067919472825661440
11018602351195166720
5701836306058123264
15620678794860247040
17247949228991088640
4833908467191787520
8434230293021761536
17091241923743567872
4902788465837212672
9779208181154150400
12288701314984058880
17373765227831742464
2237533977607745792
16252376491356024832
6581360875898983424
8373936116551528448
1247130934435743488
16885595006576920576
13850458434574401536
16838107406503182336
12773325354059370496
9196998891407921152
12693374839103297536
17282540245740285952
6926687312918417408
15150195307205523456
3802843959574537728
6316306223006067712
6259901589132533760
2382082636180010496
16150674705940822016
11430138618503901184
4309388757852724224
12732020702815315968
2671910692277187584
3726884891104408064
10604506656423401472
12088950810294519808
16808043648363739136
15336009573265426432
6835752060813830144
10381443816006080512
12102578792308189184
12604221935361634304
1883757206277739776
2653660475225384960
13711696225108385792
15295981191166588928
6054197693473292288
9414874685680637952
12454100694967855104
2684181468143959040
8655669151425326080
6436380757126465536
4138690606361055744
2228298484595093504
5794017901718244352
10824765976451381248
15615979702293135360
15068743608893947904
16689179265763756032
7017916826180894720
18232403064877643776
12866476747592044544
15463312204561553408
416736850555615040
13684898083779622912
16492480907306868736
11358900273255147520
7893831053640965120
12273080261195882496
17984110048624828416
14489243303782447104
3211911988263078912
7015441112100783104
7481076912737244160
5668505888090102784
2630596271893762560
6514219563915416576
17940881201599064064
5393180881805207552
11202801291656321024
5805198244824676352
13491198040444385280
16962565547800225792
1070141705158485120
13867940669217961984
14099087049504348160
10875931900929259520
6648807694822604800
7971587465886687232
6560152687446103040
14699654917059764224
12867804154929352704
531565776365891008
3756827316517160960
3371930998899890176
9799553652159506432
14492150878349572096
7070424035785694208
3100055546818275840
3678534834414529024
161359283694792864
3053473144233687552
10077281576810053632
4974721447730412544
1500457945482259968
10797902747394705408
15547219734071603200
7239023450829024256
9213968783071322112
6025308170796383232
15420629508063160320
651415254845674880
9610906406921842688
12653562347959173120
17590422873090541568
12471621159438213120
15765648486051661824
16736407740978399232
16869979418598592512
8147857092140887040
13996811992290220032
12134298957502443520
18194959551598219264
11200291909707309056
1377259842341519360
218300929841310656
3449660875411249664
16319451941303721984
17078127488745777152
9909182876292833280
4157295103465522176
16574452754418931712
4878733614359912448
16464820992805322752
5807067891733838848
5429802474493796352
4390333935971612160
1976479501751674112
4215490952326115328
2887695477439337472
7437301291323992064
12988100418946897920
17538598034241865728
9032301099093188608
10861058008488781824
14020465610932013056
8075244232232739840
16033906324304369664
4383578761542720000
2078557287268656384
11341674618290237440
793102780753366272
2146023096061787392
6791445675166283776
16574425595705708544
15301697775149795328
6942904184928690176
10373127706474106880
6976860100165804032
9683338998417821696
830615698602021888
16189028336758267904
8045658867523322880
9864417263307780096
5053648430114691072
1888618493651057664
8506069879241124864
26527651218671780
4851946899442448384
932321057226759936
1711331880403525376
11495010468861235200
3074842599343141376
17461315961793554432
14091323028983754752
14836471292020602880
2454437478562384896
5194871842049909760
9778407357547315200
10367951252067506176
12885981554631788544
6711378151128052736
15804369600771244032
11113317446611064832
6061643375921528832
18288678318150948864
14126614076999966720
17199986108864282624
14228687522002796544
9291863857751371776
13949935219519117312
4621757891222421504
12473685654629990400
9665787353790840832
2338869465306608640
15488082796695054336
14173470560938219520
5374144147767254016
2671713648798333440
8532146503402877952
1393815456885542656
2054606501654743808
3815319877577019392
12794870713455542272
5686246670653196288
10084091197355036672
5595682583059924992
17718017286499401728
11521553697584130048
7765243065826702336
5994291682632621056
5572316314034548736
15392456161113077760
16464231050454126592
10743595572514957312
3453485078911809536
11066307493069826048
11003381879259879424
10316791431808710656
15551844581476265984
15450193774199205888
46576182550727984
15345582925555761152
10117566151871766528
15881069206045523968
17563141942600370176
320418417557630208
15424861502124263424
2138340453514356736
17376033546663124992
12125328253621364736
7451879153977901056
14337167855898175488
16246032625762035712
14773807577199327232
8350337006131394560
5757084067815349248
15785636271251496960
6777668791232491520
9826676722619785216
17924985987170971648
11048260207435894784
17154113254265823232
6615106319969659904
14674030608359268352
17112948954272964608
10147745233966839808
6800951119404482560
11672155572632600576
7805462967926291456
4555091232067582464
14603186845298978816
13424551162711382016
3049520731699216896
12336255338857779200
12504421760045381632
15477190338280067072
8356861207176619008
14065840555987345408
7422749950867537920
13155119202096648192
1797563312452254208
80920575609342368
4617681580522146816
8784456152880546816
7492251003803367424
10522481452393351168
8350793481525553152
6791706008113839104
7513130212447706112
14353717112635219968
15237983708301635584
16223200618161625088
13037530819549935616
17394956735282583552
8403142653791654912
6125307191145113600
13938285777202372608
15971998696808273920
12507806640367237120
1553848493739209472
3773532196883688960
7199831263025956864
10216948467675142144
14973172926607011840
5629386423570420736
7145589013493354496
6045017883289742336
1725910022952503040
1243734262273107712
14761230312734607360
16171206245033908224
6653544762483134464
12720438313354608640
2621240879818313728
11272941514046025728
4351083772683614720
11351488650880788480
18367571018311856128
15450350155291154432
11810032454197989376
11689412950066997248
5106988793071473664
4347154677495748096
17745067482428387328
8311731285985742848
4154241704525639680
5115515179864798208
13372165859140739072
17620210461055926272
13901212155839350784
2679253660180985856
738572821418632960
15985217993434167296
13120057860277538816
6773967102449512448
11697069505279840256
4807597113282609152
416205946902994496
1062816865284547840
4362128330064882688
2303155253551198720
12053267911670566912
17933354834697830400
12669524537931675648
16085098121379926016
5465339083390440448
529981136159497664
17469755604372617216
14813140466330583040
7858361472555689984
8056596198256841728
5172979097128038400
2316360860426863104
3453771756780374016
989481706517319552
8145992483355184128
16899506132088016896
3683613760255333888
1858919981459414016
7118866836376628224
7384242835293131776
17061623786553968640
9542143235231502336
14969699223325669376
7677032859292740608
8924888702932534272
10624959212014354432
2594306583005968896
4973247817063118848
13894626908654055424
2148337283671060480
81790704119411696
5597742039462121472
13886850752624850944
879107105542383360
11231431764585707520
12247256983915884544
14308933893441056768
16002058345505546240
5151447791229121536
7566095080544231424
3392576610249021440
6584101988957104128
9504092924428306432
10168471121536040960
153493319239587104
10199020381277882368
9286964539146657792
6450048675688896512
12809340959611260928
15997088947408209920
3542569747648206336
16398829039401402368
346628147435768640
16318113023869487104
1709697335399722240
11915522129716809728
217258578810065504
5707885480443717632
14567285268028495872
15632560373588850688
6876188101881568256
12219701985227427840
10797003663149977600
10012443205198868480
16730546528255406080
5061594190812341248
4481776451112165888
4562450038986478592
12727017053295603712
17461374013287575552
7441456567984627712
18131122408996810752
5056122470552370176
7204432574738837504
7231867619708063744
3894142953760623616
7449742216998122496
9699968089673777152
3062992090064039424
12773901124880052224
1730562263030664192
13707751347537743872
13841299997319213056
6515816545463855104
3952429292534469120
