15139646546456231936
2289317007094785792
10386080001354526720
9038281784035700736
15776735748049793024
17202079480002928640
15379086581341947904
16759522201464842240
2829027982422654976
16766028437242329088
5153573315999273984
11908384494271725568
15260091638880362496
12325890052954021888
16075814195674212352
684005664682995072
4140628663133822976
455107039040918336
8951797831930415104
16802357239210141696
7531097733529911296
14997353290205353984
1625152286741400064
11959760938223740928
3222199719439343616
16528006091098224640
5850191449429522432
5898767220156731392
6162952540951739392
9524623997492375552
10133526952468228096
11247022432231610368
11658707858019041280
3287208503418895360
11604417918620553216
11872290224390815744
11077396618519623680
2322164570040123904
1980273763790634240
17042103407826173952
6665417181538634752
13601492242527592448
17327112951855519744
14515142601121290240
15669356646814738432
10776631736662437888
11650281933252849664
8732309757979902976
15926106809575821312
14083399636595832832
18255374038511435776
12989789086198091776
12892491004828938240
3071426501502340608
2479916680324753920
9971047611443832832
6174330080990179328
11977514508693338112
6262009362717887488
4765013279251807232
9049540868641647616
12038038248488028160
11381916164996007936
5346273467082575872
13159812476175159296
7082585847768139776
13987203360920016896
13240204685640574976
5800079384229381120
4698529462255562752
12597261272055255040
15250000449900027904
13949735506778339328
7955448852661767168
13764873633875423232
4866670378392109056
10945959206950828032
8406154566769835008
9629469244116119552
1230999882739437568
7366916592527513600
5184840398971641856
17747900810248978432
12513342483614013440
9826008994759903232
6561948317614437376
2648513716540145152
8465866276435202048
2528230521182246400
1527707369700593664
10142600890575740928
18407210871213086720
18399798347628146688
6611754546937231360
5209031147522184192
8683767724824479744
16635382981045393408
15738598716400709632
17785712115711459328
16365972983671959552
11329262140512288768
1527052397284205824
4641677085899068416
18086961763536187392
3248296566236228096
9204347542455392256
14208316502931380224
9909457472476792832
4572318582702103552
265794661022129440
14687589611817385984
17419566320867930112
4794840499699119104
15788093077663088640
15810404437774430208
12424709167351595008
5064153918546552832
10407911116882792448
5359096056567732224
14558136213379852288
12502331185316075520
9041131815077500928
7602335583205536768
13184601725405290496
13205047874575546368
16425618586585061376
9969200949062871040
6489329115883967488
4456122938671032832
2748602118150532096
6559825797522441216
2682201007146611712
10512118303020591104
8832604009698038784
4688264587375366144
6570594289103075328
17045857710925481984
8041945891319576576
11530029010177306624
9311077174106382336
5576125143097886720
6154435435494494208
3230164162696246784
16404447142859945984
9195930118678455296
7254577986737249280
13523392386388271104
531132858702533888
11455049709549438976
4070056222892796928
13114228618454863872
8638048087941762048
18409663726656161792
5561628824825256960
8578621922505644032
1351388454974253056
3517667204763020288
4699585703437578240
10352045521568980992
4686268954690172928
15348410613760243712
6394582884652249088
15282797170343964672
12744725774669629440
6221331438604003328
7330623132730427392
11545281828652103680
15879023286833303552
1420792520369165312
4744587941739653120
7608176922087743488
1422877116231904256
12089828653071679488
13197873962969180160
6677112126336945152
12029833112960733184
11731246826601494528
894566136965734528
6915553690696577024
15504596770523287552
7512899625285795840
5304148781176977408
4132250049627937792
7375521377831762944
9784278372674639872
12828159507008421888
1665150325144909312
6178368251368861696
17787745162891028480
8240704486750681088
9285063569514655744
3465479872148987392
6919559547942199296
11152269512700186624
6255563505034281984
4534654103093590016
1407458791545076736
6858068132228994048
209917153553716896
14882279573749309440
14303120461885992960
6055843789568887808
17264471697904609280
13035792981913548800
8046011421998210048
1107246792234125824
10820848957107339264
13889541596823283712
11137455445599832064
15008513275150090240
9000757334827720704
8190528260829546496
7326529789213175808
17248397311416406016
16028104846155241472
12788171124719982592
9468662133977147392
3189900052872534528
16021222183965454336
16852260663965280256
13077459694505160704
14440987690936610816
11587823063938555904
11040846315340898304
1663870450906560512
14548321375077326848
15612972688657092608
12782760897697343488
3322972057286597632
8746701684473201664
12987096132047681536
6052086121893168128
2021212109234615552
3562237326755003904
11951082393728491520
14663665118194962432
7942297879445428224
12978668420668950528
13137592965705603072
18212073071476355072
13060525128204505088
13812795660965435392
9198664133079449600
15964373706025385984
8062633111114882048
8465889702224868352
7075482160341453824
5765220210803978240
867323394778823680
10184868088120166400
13444403847644807168
17648310095181254656
17018623969681897472
8903203238672389120
14794086619365617664
10365885068814704640
1056065884250181248
14937635623921735680
11937527132021854208
7419804636353671168
12056869869988999168
11463851339297306624
5966162900061813760
3058203957315725312
4758308374833057792
5048645937572402176
7889402495382212608
6762198305405814784
3291802483530521600
8014823628800386048
3409192808733727744
1578396609668803584
2768952412499098112
5946067318394651648
9643895295052699648
10961020878366160896
7985235137089097728
7320517846983061504
7271526774712131584
5151514497113151488
13608388591980691456
4349216297516204544
4786887429114165248
1322464503309163264
11282484896109711360
967963196123101184
16927237411820550144
174948401920546880
5001179988109030400
4730801684792678400
824877023138816512
2364860938149327872
8481301645047217152
9032693598779841536
18019633205704261632
10183288029750802432
17918572772270970880
18397248331312902144
7344593449033116672
14448695110442706944
7798273888336834560
17198926431367651328
14872148904343781376
16526460576238370816
10543817442020968448
16779737796109824000
11559042332607002624
1963915879091300864
16080678579282096128
7131933278296422400
6967434538010699776
17159357743792816128
9661267570320750592
10410008207153758208
8543143495610369024
3603469697825021440
12435967387943260160
3652703997761762304
1878447797307088896
2129364699724950272
13779654702952880128
13630667052634251264
4346193705798921728
3374283875388710400
12527852871220490240
12455008187217221632
7658684452566540288
13360936887673477120
675536687208693376
3631632508506395136
14409647413594255360
10913266961410586624
7200346031130888192
5925601816813896704
2026750766611501312
4341787768072972800
12025995669390059520
4956014766916114432
3494890942341050368
18413712649405044736
655738254275146496
3158251833165876736
11336905573647056896
16870332818974423040
11648166644166127616
17020967583308492800
15136863315839125504
13579465393891645440
13751022682880610304
14703015538558126080
16576489970368206848
15353523514506889216
12162535268415125504
12496929038013007872
12499834351539425280
90094272910059248
9655272120797169664
4150953309970760192
11119919876524052480
10984000352577011712
5512094538180047872
13753806984601991168
12558630544247543808
16648896457674795008
6488675166847510528
12560466847316848640
6352223491062169600
9737790631738636288
15262120953601622016
9820813489046628352
3439899667476391424
16455564771050051584
11790296174015741952
14765834459057420288
14618640149239928832
14459348606541977600
2369596225222343168
11811967671689439232
11165454589684504576
875141793158353280
15388233188484780032
2760885431285075456
5295413772988943360
3455625792114728960
12199817601211271168
1982996617894621440
881834895666424192
11008715784524410880
6683034430090447872
11434317972980459520
10079183621318543360
12796124884314400768
8681409943099712512
6922372054157748224
16875659540772769792
3184762266098792448
16772747932626108416
13531258676392310784
17175349236272629760
16469098017118164992
1902870659606558720
618705356776185728
16540113381205766144
11931442283408824320
2511415479773969920
8616775955667473408
6957166247337597952
1325498378445710336
16303906850049380352
11051969916399521792
2547674552929746432
13511585955018434560
14379929988873961472
628399333716447744
15200147649575700480
16767065093141260288
10225574718796343296
1030751823885280128
13472803141282473984
5693485116641201152
14128091016796723200
9370622646223759360
16113792878871406592
5268822969173010432
8814466471097729024
8597969415551515648
12962796829516947456
110053413657880208
15304082645292122112
6688352342529396736
14635034452038322176
17767673143478097920
3887457061189764096
17495400208700459008
5891874218180061184
4251494050302717440
13809605710500812800
6534916337759553536
14836136930511036416
15670438438723751936
4164879068522164736
520828333171711104
11190717952599185408
17655397178613084160
10493940293220323328
897378236334689024
3900134191606272000
6444084548402408448
7164566288603025408
12507360138843953152
8550116763615628288
7155101548298233856
6299932075469217792
14961735390587432960
11150344539679713280
3560642597318778368
4373387485291941888
9840425241370058752
5187661692667787264
1255724859418478080
16484892260030386176
1140153629969325312
12921745344571045888
745925963505682944
10378164895606487040
12477163779306461184
17039977069474605056
6407170325773992960
1057172493291163136
545014812941199232
11186266991768137728
3285743970572114944
11184721149103554560
5117041544136786944
12851932089180588032
15367558897653069824
7746304165318535168
4365371485906753024
7434639619731636224
18336227022776125440
1290221759295097088
3527505360804118016
12642135527778670592
1610053539634406912
14830488153583169536
15087104059623297024
18006025078700521472
5676666898749985792
14806517177785147392
6233560978214966272
1117283512926004480
16268572821798025216
9249961859865421824
15353923658976841728
17706774110710556672
6204534980480584704
4922898404172504064
6158324953119892480
8064426877597661184
12315882597477967872
6442509081568163840
596096402704180864
907458478979390592
15399966662858397696
17777658274077960192
15547675529591615488
15231554738692343808
1617001348275677440
17621295029090818048
16636456035158855680
2944113742732413952
16551431864911308800
10011321558346782720
12820232310480803840
5487268591152851968
1447951154276371712
11958104604718536704
12479824219793156096
5693614656537663488
5768303873047471104
5668400071902224384
16838031526467221504
17829466368280457216
8755384783776965632
6250366483286540288
7298353123096715264
377046245887022016
10511273597332834304
7608049301338874880
12725329925897797632
5616488075428312064
10130390179971444736
17356773480119748608
6570170598129926144
9057053256703261696
7569087660396791808
2727487686507552256
7578133286639338496
1181353274984465664
11847064680951275520
15517278272242929664
4575889640860413952
10622927991124901888
3855977010794533376
4039352829909654528
12757318292668766208
5537646568371735552
15978889677105172480
6583145447195197440
8548724866101229568
15980203903660150784
17030307554274000896
11967452044136062976
10082584390893056000
14663209739495262208
12705983233883609088
5522801901486803968
6537326642189624320
10952059764035383296
13966086934419460096
14469919630053197824
8309698775406452736
6031456277900562432
9884188966042556416
16543250904678082560
18389011644221014016
7988720577854750720
7294811675248235520
5598547895701820416
18165480337058838528
10821962171800107008
2223226501576085760
17533835685131575296
1745553674468388864
13590053508467554304
2920118339875087872
9314078238409717760
8293616757325995008
6111020534839342080
1569666043450636800
3684555544983098880
16884581479430719488
11541971260318355456
12658882397804412928
15097710212903544832
6604416776615460864
12573858691135690752
8110155798372210688
5435521900809822208
5381336381109458944
11508049783689805824
11809003387166027776
14463843880269205504
15945236933426040832
6058045994609013760
7584230634156370944
13815614074646634496
8113562198770014208
3029255999347891200
10040697897518501888
3995058327843217408
16579041494091599872
7800391821671932928
6968599863306008576
564400969303055936
17350141832725270528
13994590914744502272
11508663715304253440
15567877282838824960
6467645409934197760
13333717761711495168
2434688545182877696
11363188821680103424
4749946328313248768
1874193956108432384
12285633643117895680
1040365403281932160
15581229207318677504
6388967253173023744
7557863656773991424
17424769558670276608
5961764083336255488
5533860416551320576
5068246266984338432
12881725791489728512
617980431506980736
15324762797757308928
120246680355936416
5769056168385170432
14794062999236990976
2491292935865064448
10593892697876979712
424485531062246592
3764480467739459072
2720243449945094656
16131178411249641472
7830724184622707712
16433501620548247552
16872233259562000384
5388261088480946176
1712016522962238464
16543705422680172544
13583229830838843392
12074372339240728576
11902409173770528768
12879842265779841024
5938637906069924864
1092964793893745152
6708703334327377920
863004875474231296
7975879486883082240
4620994281117915136
13642678741430968320
10209967551068741632
5142549008967401472
572512736942360320
3321830424857369600
16939877178263689216
14706604722766063616
12893470715896909824
682343869199824896
11852654199600320512
14645312361636356096
17042609509990948864
9424149681793505280
13885719726988447744
10462324811100688384
6315020465406010368
13762472212033738752
15867566556344291328
1592799922941257728
4466289363769165312
12555562635058360320
883473595647204480
6128583202997442560
18053444935050360832
4415863918323600896
8319138098746785792
4389018164557587456
12565829178849734656
3838745695398128128
9664816249758666752
11176209068034762752
1517500959371593472
13931079759232362496
18242599203499059200
11505058824641751040
12074648539286521856
4222220827992936960
526348962147367296
4496370432982833152
9692317743564398592
15476144668176703488
8796907797559570432
312536371703748992
17720233866914953216
17336661706847750144
14460795658364559360
2953780976664451584
5808916401142501376
17621506318163138560
17839424449331537920
1459049315822884096
9371133267527538688
3565352570495713792
5440996249527457792
6291118385158950912
2591081266815877120
218073684217287616
17381247445309655040
7212110006451091456
17609076196575213568
13210294076384909312
4922047980187512832
4961800533325015040
9512064370644006912
11869503026429571072
9673303292138737664
3581132198264363520
16764696199388956672
9246488876631640064
5404674985555630080
7176145557334827008
3317982555341588992
2133047390462175744
4254128342184183808
13182703102912745472
15341198807454103552
13127080437799925760
15785722027973216256
10448933865640349696
14673477553696167936
16325618893262460928
16371816992826349568
13672165770216589312
6630255845160821760
17107809850711629824
4285276371013924352
4560568075157858304
4627794444499737600
11173679779231834112
2271819832280097536
10220966066091526144
6554172154770377728
18032327280333320192
4080283532355679232
2929063653091448832
10845719696310382592
6174526243149708288
17958580058055036928
8902031261500050432
10606272191846864896
12821581975272423424
4608615253305908736
10248776420694065152
14402392703885645824
11181773806784151552
15612559441752350720
17559444676041611264
12200901500321718272
2528154683090362880
8065779514175064064
16521807700560533504
13474686503727706112
1987609629886253312
2393441801789189120
4999264392628256768
16091469639811317760
110828520872984608
9652869800991174656
5531810996966594560
6450011183602985984
16087986716500152320
8103771909026067456
16009953412604047360
7882198863399575552
13956913946103232512
15153709968646914048
16719216464090408960
9579357798324076544
14391271230687254528
11851436453680244736
5361107233414127616
3622182978826856448
12000668582622879744
7367938618338195456
4849291174307260416
18391737313526833152
8035518476604374016
3608569306289691136
5844301278953999360
4072732917986354688
1079325773379397632
3187772457392465920
10423638504066850816
14345624434704291840
2301507477402175488
7371957316024474624
10791697310229485568
13914060806256168960
12825105749233563648
10028035862351280128
16804466419210031104
983478077415855104
13614937351812188160
10441062223668127744
2366365817611535872
6895124845446029312
9126856105206935552
9659878519510450176
16145219468428746752
2283975301051263232
17304588173814247424
9746709855307786240
1262258590028144384
12305081529312067584
12123684451301079040
10070328637202388992
7904149260263760896
16057575520258363392
13812611072187338752
11662374934507960320
8250926953490955264
16255009156769957888
10811794237456078848
1237503662566600704
15332174497451329536
11912548831047206912
13454325103720949760
12234121879986700288
1530909191439364096
17244778095994836992
1120187761205909376
17823182835636969472
8573015400190994432
9724328077148639232
12305781686263101440
9580307496369121280
5074273597656811520
957540981681167232
2157562150653558016
12530705284018532352
15947149203027333120
3085457798220992512
17843559724703758336
16045698783378829312
18117743849781008384
13036881261110657024
12621188151101046784
2643915250834640896
7465487273970747392
4302681439673008128
6834435962900981760
15402068599330646016
9659582085944182784
7809358341383798784
17218871383362899968
8370262853367629824
14242786048923564032
1838411945986857472
13256919824658765824
14437323967983900672
9688029359602219008
13275841047251212288
5386933995227817984
13468668698217646080
2191647609706053632
16234507503098533888
3592329492363284480
13855448000889163776
15598871135372535808
11349564830567284736
14961833531355863040
3048945333615120896
17358916545690820608
12001297756563542016
15701996022384683008
12951577024595410944
1576382865880631808
6987315063816450048
7109916956517090304
16590779350227619840
15687035669639278592
15925613149259339776
15669452175891742720
11347142074160093184
5547853746657553408
17267899624438900736
17259981642469777408
18236902090982037504
15779863878166108160
13837409050629894144
15282776906049714176
13986171546514157568
10777657882151811072
9543037399742246912
12599699213664591872
819063510889181440
6364908861655044096
8391342385652741120
4108933624126927360
338513375135097216
11619512039858313216
7492601222298184704
2563975039021556224
9297894778595860480
15748354281102127104
16340045620652308480
10922888343611516928
17739414062821332992
1333150348354852864
10333306253768730624
17941294830554003456
11063290716987412480
7081552545826693120
12874835488221104128
18164036787967608832
13150927569302755328
3783143931445644800
15290823972133924864
13118437036474710016
14109776470222602240
2305435666637229312
15533040211327535104
1910720310945571328
12536104335686428672
1131233333026405248
15693416109702762496
8354681985121514496
2552925590273652736
17123404376431384576
9573951504044144640
10772241404442345472
649255396173087744
16491055894859696128
14710028528601757696
13790488214374236160
8932906358069223424
1437440942880628992
2601744849769006080
9269542806521440256
12120813312922007552
644268228818806016
6965575414465501184
415029964291828928
12067982765982302208
15781725329345064960
9814629159116087296
12092600812322394112
12845586670357215232
14586420168992774144
16884292633416566784
161193686739097568
12578275406785474560
8196458515952742400
6615311013826935808
1532346110692682240
1980905349694415104
7542425017702089728
14198209067454558208
6925821702609553408
11825261313826668544
5393226353310960640
2721280396493808128
6833947155100608512
984810823328228736
2738380834561199616
2341258278830602752
10908298098270181376
5640316499837897728
14228596108496994304
5247996559540403200
11853688515656148992
8340399194721421312
17833628838805303296
7612698704570316800
9565344569658421248
17566434352232929280
5291876562798069760
16894647626087790592
14765119833387663360
14562180431222386688
4335082831850054656
7249137750163538944
3420982864273302016
2122523624219291904
10623689395375030272
8444691011671377920
2602545642089649152
12178966604090329088
8990891759286581248
10508275338588610560
10449430430369923072
1169677416242364416
2002759100672548608
9624546568654028800
12851939332274345984
11068566851839643648
14114887795174801408
10126857278855264256
