11015174048584644608
14368584656963141632
11251439396946300928
11682675614362802176
9612803843719051264
1793739270696873216
12130176516172060672
1953342173333260032
12877978801648115712
5944647231397639168
11108981952321810432
3263896457290405888
11653823264261554176
12977960527496091648
13919850819455272960
10693337773613545472
16591466853488486400
4614188323958175744
4508163089708237824
17590462070921402368
1174299012569531136
5372923899327552512
8122160221050394624
3167502597352498688
468251824238354688
3304909921709520896
5552302143293571072
724086738878710144
5593574046110340096
999181933158823040
10768318044068775936
10795205040075931648
18229067767811778560
1104460506262626432
16070936873814919168
11402736921868482560
5392773804504494080
2602133183622947328
17811221065504782336
18019244235853703168
3881952695774569984
12426406060735303680
10147415621797220352
13561347543015538688
2912775667782999040
5754075422180279296
16181329534861766656
12317031883247269888
9786151569127583744
15799817673038305280
12339032250863542272
4849364254776826880
12024112051158728704
2658917240046855168
8964859832678091776
703677655130639872
1485482931912598528
17011913289564266496
7739345183306503
10425177858317516800
4599542116118159360
11181488502666907648
6881744026146760704
1978700065486994944
6601131199588677632
2039322564964059136
3328038009900712448
3350605810607298048
1202560163581653248
18294367412915081216
8305333001597965312
7682904183322767360
3546949887819447296
8051949574895362048
15141575377157187584
6943103405357689856
6607104284496570368
2180728903959051008
4090980758644722688
12019685608076480512
16151791654124244992
16162392773612259328
4893832392372715520
15516534630833584128
5935170762816074752
12266538453503965184
18215692973116573696
7065679957407094784
3361376471098511872
14462394888928253952
13627699958602608640
7391002313802427392
11816475720353054720
13921921942746765312
2734375035075508736
12122549516926691328
12105854741101707264
4244654869750382080
16404283257955268608
108333518276130592
12610866298430410752
16992830566309918720
15219291280110053376
12739220923304445952
10559150389353992192
13195229268665788416
4545435225667894272
14496757478357250048
16920700182724700160
2951322737099290624
11383548423266719744
6530061962260866048
7599383047265489920
5535962669173776384
8565066142125270016
11563872137444057088
15085639617113774080
4481969404956609536
16696944199343892480
5114139635116882944
13450243372933122048
13349167227814094848
2554509705347502592
9412348848416301056
13067518967383502848
17991181684821749760
13131770912713506816
4409559840491148800
5954368115815657472
9641183442687864832
5605599396774813696
658448784832827904
13069213489661728768
13828528116468629504
871049483006664576
14727392235888676864
10982465580495915008
12916745924807012352
15220462731305054208
10736323983888551936
6070733736253550592
9989403280986402816
7766920192959488000
14412850777472661504
6132058806331673600
1294628558329572352
9204303624796281856
9126334805636431872
800785472983640320
3474606435798704128
8419436151923736576
6723478362593449984
9660828239987795968
7925827196309182464
16299426278233698304
12214655631078420480
16003612727083020288
1367710034220920320
3424626277745672192
1735540921141911296
10611704717777764352
10529032134348040192
1235911821836060416
10514214753350854656
14571021465929725952
808535506762159232
8818620565674804224
9151219578676196352
17299853440597893120
13588242944015007744
18244373990206044160
9269119559611228160
12896315550620215296
6118764962534299648
15278423911667769344
17767732619419613184
15236287961731446784
5036653113508681728
2156124916118828800
14871653987649896448
17216776021264132096
3393583536473784832
6253844427444305920
7931902979448922112
9071595388438005760
8354059967894272000
4975330250045135872
4633081971244320768
9815117726294265856
8877563075014238208
1186504343640165888
11717654382293479424
11007128613913819136
7434961392581454848
4326179342341332480
5048804168186585088
7499778259814948864
17980544962117107712
2637230749340410880
7295827074647911424
8228422765984013312
2569957560344304128
1373305064293615360
12585901134500816896
10748904020900153344
4740415475139236864
4906327205478323200
17045236960096473088
5967047871979902976
11220095794521526272
307182581251868480
2213412792212796160
11990470376112297984
6351770067965139968
894832933704401792
806204486279171840
14456529524204001280
695631255121540352
18045530637461178368
3104415232734925824
4860072578880333824
7687779293396466688
17917787665452181504
3445831950496875520
12597616252904636416
1597771176862451200
433154176571084800
11853821861089157120
6213823047911515136
5208647907868849152
332077999778678784
5603884239784713216
3978557402976567808
5152560174860715008
18063958550055663616
4480975521042575360
7727528223018671104
515583824716166592
5062828781673462784
8159748706454624256
17939152925024870400
12545828727074899968
3097778392004400128
9599933173647108096
4756504132080391168
4636161286598007808
5213707224271706112
16825966429090424832
14007708732330422272
11745131542220333056
13371596946039074816
976880053542269056
951007879110105472
11513253811732635648
4837790764669936640
4840979327123483648
7130415262655633408
10539693159905804288
6196242087907704832
6735027452234328064
11738638730162098176
12469769235975993344
13523093946893178880
10053338212140990464
244144135070290080
11599058062707070976
10385012467327690752
9260827862660110336
1912722992260552448
10953383661460639744
1567398110559357696
14736123903408371712
856500299930378496
9901207150931724288
4830334880750519296
1051236886724565376
3033102146286080512
13638353286035302400
7920585022062221312
15675560787048437760
9845686278780395520
10462608093688354816
2898295188836262912
14000364294405292032
11009331039164778496
17184387898114408448
17035739591665364992
12011195952604606464
17065430162779432960
8857089413706737664
16104962354251329536
18172899456879808512
147734143440148864
14260703124927375360
15353026136077746176
13052061666442184704
8582989576243184640
14597998908330055680
4213240387463872512
11264764783099166720
15584123010650062848
15173929633892882432
4746137053205515264
1531995185949664000
11736257198880372736
13167304224724275200
8827706148664505344
8484954873543154688
17098883171231125504
10212576769132230656
15514925621225451520
3195654871785746432
16060466876485214208
18065098328084563968
1789065832247437824
17292192116861274112
17223990319106045952
16466893953285937152
18401796496701917184
5261811036219077632
11239653010917556224
2528292055864849920
7255545997295541248
749598449487016832
5414073682880285696
12248064432211632128
17378807368039858176
16825326879989542912
2139924936609747456
4969489049384047616
6867187381244607488
537973491807690432
8493529555159875584
6968109376685505536
15748975436813688832
6691942746847156224
17889119684106510336
9343300331011663872
15931850403227756544
7167422940706209792
14751416284724633600
2372938686366429184
8366909874585607168
697952743628994432
4763595898069578752
5724064839238281216
8351067167899526144
15003354332069480448
9869207613452374016
14009029471159633920
6040533989679888384
2712805421168194560
16229675770808358912
1279566931806563072
2645123466536976384
8575157296804206592
1618430716981118720
3830860252769361920
13295204475203520512
9187451301101343744
6221470876417147904
15489590980554108928
17459506528634753024
2334244796044288000
17177199869601273856
2319679900741600768
1477438109360191744
11890155485202397184
217644611775635936
10403331053535203328
749701153297097088
17748310945653868544
5772639035326425088
5458431121253739520
9780619096264005632
16776731812418541568
9794675930010408960
9423922162863587328
13703420358875021312
5836537674045322240
15496740160119328768
15945281085360001024
519609404967927488
7334344950610492416
12647972053716774912
7304371977763834880
6426717113268765696
12769885653130127360
14394721740507699200
11845487582377510912
6724942283382344704
9888290740052557824
14657777842602729472
9458467539269500928
6639093675370440704
10793458023240433664
9450244349110786048
10567138292597039104
1302899265295045376
3703212197862135296
14928906065090025472
1763585932385822464
15166604746903060480
15450499483174221824
7042037819100475392
6646282744921746432
17216686109284255744
9724848073595944960
17334248039918800896
1524160159422437376
16428958728587116544
1764887931154838016
17508504116304191488
18207259684533651456
5077137107162227712
7274996297884305408
90978745922620704
15013110379475294208
9506731268655407104
3094880957161112064
7521800743808130048
5334035814400068608
12304807380279470080
7158591670040227840
11092098159182972928
10195815485136668672
6711906509947691008
6247319882604459008
15971259935922716672
14042778080916414464
15976523849236359168
11209749969056856064
18397281860851732480
7542029054038796288
9231812461020469248
7697449838978241536
10977334660329527296
13294828848506855424
6625564637066531840
15043247320423733248
15514520043567529984
828458720280587520
9809373037681088512
1910908937067857920
17833573206667470848
16174393057891438592
1388762315114137600
13287746063391909888
14552383494908487680
6350651381627871232
7965891425957277696
4100226217751832064
6997362334513545216
2500085374181076480
618677346901668992
8623991398915290112
10391179817333291008
14907234980546549760
1472491434554133248
2397705151176022528
17076969369835802624
10786198707372759040
14089624364833376256
6907368568305701888
13912571314543038464
12211687294410833920
1606529229673792000
14288764489176406016
4393494266010748416
10288327128699893760
17648032995548907520
5328756430823559168
5331139263367574528
15861565119572189184
11605481393206964224
4343260247825751040
9836569842487654400
1735967147343383552
1668736764187447808
12773550008665448448
16414185776876298240
910761426016907904
7443617529727809536
12333091908738668544
12644419320644274176
14722848963576430592
8501608430763227136
8264245099385474048
13736255667569913856
12575212447540342784
10447284978024095744
2948617944818894848
7337517933586275328
9886996777780006912
17306660898631071744
18370466310429054976
4050295961477114368
2580834287711625728
11111693875681105920
2741228661917984256
5648763295307157504
3656905157577111040
6448561655812528128
5258229270195328000
7065282236594774016
6485141623673658368
15160608899741874176
3325044735162010624
11891543242589411328
11376480078032758784
8366798159884174336
17797795904960352256
5527719964144010240
4198470520429998592
17324975046511851520
8761350654906093568
10419987597665800192
12256160228675784704
12545649595912863744
16778310216210739200
6995266735013121024
1991453686987437056
7937856287413958656
1536107047037336576
18290950439905200128
357632801574471616
16393248156104222720
7178532722775028736
10887407546281148416
15600286652693389312
7198613145270257664
15382040596440872960
14384492634057502720
6451887054029787136
15663479410435817472
2149063426030370816
10169787962609446912
5769586375202735104
10337857230173032448
10286304908616085504
2324482929539095552
975387990418786304
6983480809838905344
13196611644451930112
6108656900075119616
16686285616524929024
4051416800704696320
14694643342535970816
10757934830762344448
1109908598950018944
474305774174343616
2785463235352600064
8599672234233020416
7686767660477811712
2665469805805997568
641952160315136256
12818990647554985984
10965784414788302848
13941692084397387776
17013421220914718720
16364763684919062528
17964982372304011264
1310513040082266368
2357982393587496448
256742297844197184
11304422467448418304
5617618929550436352
6851803418897131520
12720973548739510272
6461103275275964416
5461694964668094464
11663350943901343744
13513297000322871296
14865589760515696640
16421240213295697920
17386439636223449088
8916962538276698112
11568790845185501184
899276370996858112
16475736397344698368
11272449626972325888
3680883930675538432
12512521074168031232
17981790991596038144
11262911419741372416
18299450123258740736
6863959315669435392
16047570890484283392
3500299490349506560
8282281304123628544
8436369824497822720
11379285058292922368
4135493235816433152
11683134547152168960
3564510148993272832
3876086443281951232
4152176929993034240
3022373485492701184
8644087538866207744
2427173929594708992
9641979661998336000
3668049310368389632
16572505671031842816
1459968774473678848
15853688481870022656
10441376931168204800
3950429056332994560
3485851759207078400
1995861372585509376
4801194087388225536
12650128224285270016
12118276321379692544
14174686179368419328
5576744269543045120
15273304914199937024
9749964419023699968
3461843242549691904
12207589423945062400
14900946559077713920
9997769875019569152
10110678981183057920
17708157758232068096
2249077711679905536
11593600929245059072
1882443319695429632
13143543660578265088
4590469423591926272
16944616610311849984
3193805773650229760
178032734880915264
7402852130050960384
1604524774088270336
17878228127367831552
4207856772629977088
6847952741676149760
15752202258049036288
15145738898287992832
14340608016911134720
1012620673240594432
9003408900707097600
7136104052155907072
10957732927863973888
9836112258974324736
741000688806244864
10061305981638610944
2294172055930503680
8446628250383749120
16507155195827539968
7894053763613100032
2974303340397660160
5666172868019975168
10269162475730126848
4977397799552036864
5918193843291558912
556231083428365760
13681389568103364608
13934190346634813440
13771809115509889024
5645296877695491072
1961612660779826432
4684431108835913728
15667783861363261440
11628762667793651712
17615990680142962688
4824198707591255040
3318736493348148224
6988347175837990912
10512512408490397696
10271538150493261824
16903645061384255488
18358937940238759936
8658786958313570304
15931285668832829440
13249470297579225088
10146048850758121472
13093365640786843648
14282692902424344576
15465470168119855104
10097743789093931008
8396749736493175808
1776890384885153792
7610183800505629696
17518886867597062144
13185403732353157120
13167081181618980864
12514763436632700928
12527186868012716032
15973126282461339648
10303318541329532928
11330925327631687680
2202199853396373504
14553216714384312320
7800874529863974912
10644238424707624960
8297885690627483648
2492558993545589760
2093269793302670336
11532608537034674176
7653271797812702208
1330398462319407872
9412214625181079552
1854664722689075200
6995789001522160640
13049425787006339072
3645779307619196928
8387965314724456448
2640028711828262912
2535246138067165184
16045080999681103872
17597044052810375168
17813531810544936960
12283319648971141120
11768950087534372864
5239564361846233088
9465958686250944512
6171536902942158848
7150929034846238720
1441709754987965184
11229365999388274688
11093682054062458880
13954739925907990528
16930287985784791040
13284082139812954112
10525314923781349376
6151647552360918016
12835590056805634048
12124546034586511360
134596698647972192
13468027762545907712
6738466195933319168
8476649864436980736
1404392032668697856
6132747880581104640
7446654405693775872
733361570284744576
10628011898806536192
16428691177765939200
17293603126569967616
3454068729382712832
17144037319759296512
14658073286140227584
4115408760949838336
13428831182212517888
17078855990151362560
17770677260119939072
12767620355994105856
16628557906321670144
15081322520869632000
2962492269844065280
958496760306626432
4585532848064788480
8831800314329691136
9840503412862742528
17214723469908197376
10303130314495092736
88648424874563296
3294451123807514112
11184557164027844608
1325426314390635008
12046486981405175808
18001647636441479168
15243743268435968000
10612276815303874560
827289758541476480
3837311907932084736
6835821530676012032
2753966649127524352
13092315879977906176
13539970205590765568
4000785217634772480
6214461864123724800
4787025783909164032
16640234694892113920
12054223800867022848
930242922501993984
3256999345357479424
7987843645205222400
16057846392255727616
11713287643166398464
18293167820560746496
14410065727798859776
5348851120955573248
3920930790809974784
6853282915890742272
3587645112190308352
16302942638798479360
5154783798542984192
2030469294298699520
10802643644025962496
4996088040653337600
13971556142585069568
7039224174667446272
14890374791135002624
18404917258851733504
2775470124607757312
13624077597905659904
10480440537926477824
17814825766874308608
9085629072162655232
15897375584108249088
18075029375586048000
10186480960168603648
15037526317768751104
14577136771442341888
16751642679346716672
18246612452483975168
17853057777998120960
17667782355026067456
11088401411396505600
4103414632687222272
15478587741219870720
5043621804132212736
7874678832274445312
5689025340959892480
2605144737320707584
6831036892756885504
5330085145089838080
7567291893829230592
15295006392055642112
1987545736892787712
9015038214102038528
4710950579604925440
15108525475635576832
15595588412043706368
4738425106063581184
5667990899517749248
3411956116559196672
12091887225519396864
12135019044131033088
10881412090857582592
8486109837639674880
8755918095299816448
17063121659024191488
3639721977648223744
17393654588098068480
15237050955743950848
7927746693506765824
2752773669774636544
10107861982063579136
11650983604217585664
3918941363642675712
44573709452156496
14291225277004355584
144614815576342048
8983382615734950912
5120522053560754176
5730786705036712960
4285180401740319232
16630145924175749120
622020994905528704
6972699086602996736
13322699612294852608
632157399833801216
18238450723140167680
6343394585866950656
2835568969054177280
14353383185559549952
6080225651888164864
12143649771706826752
10547804561566871552
5413334896967708672
10925821816624353280
784991648326159872
15039809820795580416
14695714223724134400
7791737392319562752
10433035865337729024
9018671988562146304
4479150575813141504
9886989228565757952
14266961634122448896
15755424127122440192
8266190289007896576
8686499972026579968
14028276451175008256
13054343771921655808
7034441158412988416
5226989973213147136
10729243064225425408
9325207068319461376
5763951713459121152
7369558372874828800
14380575846736494592
6438779508833481728
11812085090822191104
14856604055639623680
714048482933466368
12112059603003527168
8235240558628331520
7426534571372376064
8024501655039062016
13697470182015909888
3640069484293228544
15568425651848843264
10725677120245387264
1923772303338869248
3700358792788677120
16209337630904846336
5826970935173071872
4224792513058056704
3987036922098540032
5372633171554435072
4087424080317985280
8267881763481376768
16334738994955288576
16871597245917886464
473552464468703936
9905470566359787520
8057797334411513856
17478860387785758720
4879698427727867904
13384758191695259648
15474006098133665792
10366642794695753728
6331296818861276160
3959148739539264000
17909018296281497600
11251199865603153920
8435952889856900096
7491166120020983808
4338723332225315840
2147222588409257216
3296190566005406208
10097624120693256192
2941044978066486784
10202673474566389760
7967561382542603264
9046328255376431104
3937080663669130752
4575394111706229248
3514594158816878592
10899427459257688064
6364764143736282112
2424996363418827776
8028139025628427264
5345292945067015168
7469263838525409280
17108354631712819200
5302224011432294400
14466995809319397376
5493570029662205952
14979947692243341312
17026131641378684928
11703045023924576256
7673851470081617920
4865161626845032448
1541114645982175744
5034253305295049728
2347869825275090432
18327043398872922112
15566039362557130752
8843444023911358464
18439924571565789184
17646270032485240832
11682299874842871808
5945656196457832448
16179064920515729408
6987026008416790528
10298131058278068224
4493891831051379200
10236992065878642688
13608702369941420032
5769982606571315200
5795245411636233216
4752248124557930496
9533842645187747840
6790138630969383936
8513763730492030976
13729678710828046336
18354983869250508800
5566781203197289472
14282041167615188992
12722759481070151680
2814315590181594112
7766006140128371712
17900886153853421568
5735595850158754816
7411331226939799552
14351571314387861504
8325510609363123200
12957211041033428992
10851399694219491328
14213245195938801664
13662557544383809536
17565701131268747264
16878060319367247872
10812218333529419776
15048760968176947200
7313653271544281088
11362907506629816320
10784414488418816000
3517141785724031488
4178577469960450048
7983480005721959424
3698892100884226560
11276200314671908864
12899271448857053184
16465443742170316800
13282235379141949440
15706806927471456256
