12892302517483833344
16409346655988158464
5522774461026178048
14959442106402154496
16534055762513408000
15698452576090378240
16605624826256308224
1734396341586660096
14937397842085046272
17029097744138549248
9636652661023485952
4347052424105854464
5728346838792164352
16364768624303835136
15509358346825287680
3422330527676670464
12626799828457000960
12248222717638127616
17039553577160275968
7685007760945373184
2719131816062730752
15976700540889614336
7469556982644866048
5101496553111020544
7081423393771441152
17479057200358995968
6782967430659808256
9176143548750296064
850203836736326784
3988793322699935744
15339289260133890048
16585035688298883072
2168217139069528320
12298628991328098304
7905094769432415232
18190484770955839488
13783741008482203648
281786474028532736
7701999538137318400
1135137891229454336
13096134984498767872
5525791534658620416
2358417638281883136
2830386526313327616
5579691839581537280
8940827281570758656
17305140111721455616
7483703354329972736
15484843043252895744
5870417451029184512
17885513786175324160
2297229490688627968
11143328432630384640
8915898836025242624
6251066780835830784
12838648392527056896
612059897303609600
1051022834425680128
9038878851682690048
8705484686636730368
15640352412606853120
17838479394585001984
16861611233620578304
11204756716425168896
7363904100225487872
6468123940874451968
8451172470844366848
12452826079392878592
14572495960934481920
16181579208114143232
7694168659214976000
7281527008856041472
6355920408121012224
10073006047424192512
7513752998518413312
13723694740094605312
8601034189083175936
2220857869533143552
13322981586522132480
2683772431805986816
2957293795612291584
13037967610923974656
11693042752921436160
9513472787024801792
17586623500911073280
9601245157363216384
2558689056957060096
830170865951297152
18092643205913483264
13127965765161773056
2667256421077506048
14776218995959859200
4391025502224390144
1488982591180333824
9674479732279664640
874526241208035456
9027568109148025856
7457181325830145024
17481157060180019200
140765932754087440
17164617269034405888
6299657240131397632
8265026827223660544
7640236199839391744
3752103481895744000
4391929403917086208
10187598244315279360
9187644412306502656
13188028489106327552
13378865647204243456
10824442184693170176
15917470874039963648
12187191869226944512
4365254841521713152
17097805865716637696
8801995560445281280
17377645143298852864
1458487945825082368
15936326522328455168
1514322200610061056
14255531892981012480
8559636700388792320
15627281096223170560
7979843346960353280
7745963049216723968
6008499470311214080
9879533252072810496
10405469323898144768
12750241963429289984
5304659127092323328
6918791324836921344
16747034822776498176
10634447375918809088
11562567284785518592
4558768377297067520
951750933661009408
1770471170074200832
11092036436007903232
8091497793524518912
637011431482527744
16810935638081744896
13907695130199658496
507565045795681856
16674529978278846464
14272008975407902720
3975372205823221248
13727830104599171072
12978922275185887232
7748193641031274496
15581525248476203008
12639319231265413120
901049258714828160
10480589129868412928
12086076358421383168
17997970233192423424
2652020215870437888
2995796169339674624
8947007621574261760
14147475794659235840
8138413375818093568
14950011982700085248
6314096656504706048
1286109381652485120
9624859021080893440
5533493382173548544
4052919530451295232
16817478228110159872
12397436696254898176
16940836145851402240
15299642443765585920
13092260073436567552
11172094884112160768
7180819035261132800
16793797422824802304
2890216262562655232
4873701748990693376
5353972215528155136
7056907538553184256
4147686789379112960
958584486143095168
13631787111613728768
4832719144921233408
13986444311389337600
9890466487074615296
698442655627225088
18074974533832495104
16598016225143496704
11973228248107159552
722195882410807040
467087894895270016
2259166472363124992
3342070264240261120
17663781542830284800
10572723606518941696
7582634145228791808
13094967410890588160
4891395878234657792
17043472816495697920
16335317114816585728
12473678872588648448
3547637288133275136
17387089817440495616
3469099130528868352
2341868132480945152
6078120406307730432
5405308698778311680
12626927776284555264
15768526515839311872
3479861937469621760
4845476390067087360
10484969867425173504
11032310091588243456
1667071877496997888
4600477383939378176
15746736535193483264
17317982506342375424
17826738837614831616
9326182728617357312
15202127926589501440
11539939771058997248
98414307345288416
12320126372504295424
17485093399848226816
7939845266175134720
2408649155785984512
13731340429218228224
6355825991768479744
1323496765268462080
9401712094191003648
3552985701071594496
6408694766886536192
13701322038721966080
6161905878794384384
11147624472330227712
16352933331278893056
16181431395979018240
16309277947628003328
12542288610212968448
5598396804035725312
11506096779178307584
12179918920807892992
13523989396964585472
11952175169705177088
17459080547760619520
7111617462408297472
3184402662214084608
16614023478898857984
8790012135697016832
50808404154131616
10811487032860131328
14607237763209756672
3162293997126488064
6101079641586738176
16136311808418177024
8508159848125900800
12445733084748650496
5859953706699291648
17634714025181147136
3960914726779445248
7054881377689419776
17796055656420956160
6249486490900822016
12572878596211935232
2193896747635181056
6023289892291343360
8050085080806984704
11866869214535364608
14259599441707565056
8572430970697074688
7797098177746800640
6925732016523363328
16020019473491062784
7334575934799728640
4745621987733436416
13894139774843013120
2834691957570365440
8646914530881868800
5565528408169976832
11526092192554225664
5426036739890191360
12553839281293651968
5315815809250568192
2960177489104999936
1614558601285335296
1076547700628935040
14351825632632723456
5832223853987101696
16323681281875081216
7607266532782040064
13544613762308952064
13433612797335605248
14498356678487091200
13349700571945402368
17466971971579375616
3503609917169594880
15692333189686935552
16260498944200781824
12266136539083462656
10838971262170468352
3550300272789963264
7713862089849394176
17468812428132454400
9850777414120994816
8766460202521161728
8940046343584872448
15325272478420772864
6334751535704328192
10020757117717735424
1299027499499385088
774050762249440512
932790576290646272
14641994272242788352
761703688139726592
4675413572607600640
7355642252628030464
7891103299947553792
15802959980453468160
10698672678002556928
6314966140334504960
17048612382569455616
9448393824064415744
15503667305831827456
13309396842284492800
16703171501889079296
314931060611675328
8729294278692768768
11077275201865041920
6916564729677853696
16165875033806180352
17253908916700534784
14914646448006916096
9997448506385741824
14738441719921905664
3978179388142105600
3167593153924421632
8174902411244377088
24140324526412492
2988175822134543360
5458237417056596992
14511974939895687168
17602328125845065728
15018217625757061120
16523678221041717248
6094519550693974016
17447090385328586752
12976850429652776960
16100945903334572032
16031097701875544064
15751704703903145984
13347388961721440256
11848962152294017024
793693517157398016
10532061298777839616
16501329461871491072
769944206545780992
15852357273010407424
453585116375876224
9741551944433446912
3424237635518895104
15834236791090354176
6739614701657661440
5921046747858642944
12828813958875359232
3547803110348776960
8365311921761544192
15163920803785082880
1986321904369200640
9790586603090780160
1207107744813675264
17448314783666763776
12893001016026152960
3914207631337815552
16553089786041411584
11194675717737723904
849603319203817856
5220989358529835008
14676039141763545088
1627196213310717184
2096319793776391680
3932954846383127552
12038242710546606080
1703484072743991552
9398376124683655168
3042643406536374272
14975341779661033472
9087603592753274880
13223321571541442560
4698397429680314368
9677190582928222208
17771616629176160256
1142792250381078528
15326782410592522240
9453764846916132864
9831866520600137728
11498906393127092224
16098434217464719360
18120561289654941696
15208769172482746368
2578396414332960256
13907746305267597312
3845904776473071104
15120443587182651392
13449955864468119552
2877140459387634688
12016307490086400000
15166031727373328384
3492223163069524480
210398653348918048
5974586685785607168
14069417722404304896
12717150498372116480
2477497283326452736
11141781163732434944
4064144681836176384
2686375339353683456
11929094202404524032
17547973579759601664
7210728003536963584
12358851128884860928
9165047897901816832
7271676596331027456
8290711660204446720
7645377492463768576
16101920604118355968
10295342344256724992
5384395616889424896
14988692960298557440
5393118113142887424
7034409130879275008
775206691183818112
10633299823414802432
14070518332390221824
11906205492660246528
15778284543857807360
789182287274524672
9091726587591914496
11833821279429218304
16569124073309540352
18227457655353171968
15451560797483171840
18285503918927570944
1490164276594205952
16086992455646021632
7518131562654641152
7967611746071068672
1243935316816166912
7464343788447351808
17697966726797950976
7759864460049486848
377976626601329088
648704064387375872
7017716621964672000
17392718122446612480
4203824721946446336
10772718256159920128
1218429540228437760
9896715464708839424
5599329090970816512
18161904741102061568
11463403107624421376
10447345228452995072
12737184586601027584
17636653821654333440
13268550675317839872
12329875515333988352
5073760834393289728
4090555770146497024
10263814966751633408
13792827819617669120
12731876169505947648
16172919698429753344
11183558990582829056
1562684519885094656
16544468575805587456
2212851411882693120
1922931741759539456
11460093966055675904
6545395878647892992
13961234256415365120
7571343173333575680
15467862750822057984
11283001692618686464
18246673231198171136
12937421337760339968
12719569590869751808
13743293596725655552
12552456752056371200
13340334496436326400
11568309980245590016
3442895135538352128
17407058300080701440
18339823047059705856
5407038619065053184
17699763447093460992
5459123482420913152
3862284557051077120
9895860363246118912
11029589459505930240
10636057138580654080
12987503961858174976
17133478758749341696
11941382611407542272
2311591363154054656
12881415086379841536
8030765935997815808
4475695347298074624
6005538664793664512
127429626687873536
17325980295543500800
7038025862174026752
5191857480562694144
11173535600942180352
5329634658092490752
4146675569510809088
2861040422919567360
7393591717397550080
4083898704612608000
7555767083383956480
2065511778242671872
697101361294448000
11050118827002615808
8884194661684198400
15081550356619771904
12012334840855373824
16618150903891730432
6213714946596647936
3881413143175984640
8918777494223647744
5586236918985226240
13474739677636585472
1387021029874522368
15280323909584984064
18041805643134035968
17746254207202392064
12210221165141604352
7129538062389651456
9207070458985186304
3110036720349448704
7706992826099785728
2016925513611398912
495892796847422656
1412213250451887104
11234275585292527616
16961015995430125568
12495510562104426496
194452010819221888
13217230204251809792
10191084876009695232
8989397487255790592
4764949883446183936
15288611140594829312
8343446992805644288
388598953695458112
3555943064052988416
6426406401662125056
3124109009207577600
2394107663001414656
5003553418592851968
18434494672524318720
15781633642545489920
17593447477712805888
3312400548446765056
1829981030420915200
4837698409278391296
8714009202778439680
1435634192933065984
16036384625648007168
10732226896194191360
8878472391334226944
14849913550384459776
11115808113266683904
9902326915228379136
3155636376437239808
18379357173048862720
14623317180853909504
11130007442293794816
466921610644494336
8697657565029762048
6354182597173180416
6919572730493535232
17445928631890098176
5444832062871016448
203273195943473184
6800521508851428352
13036833962989123584
17144120052011192
16216111062036230144
18357167156981141504
7008745810699623424
5598226403501227008
4203428140285420032
8288516767353851904
17821564414870530048
4508984673991439360
7336580695435813888
7263843471603663872
16207575586442860544
3983227551209271296
12723964886563534848
2483900462017219072
5970760038610349056
5051199893602975744
10237292598794524672
2832413678001053184
11619714369743163392
16281301762340411392
2859735660794543104
16239589889259085824
1150262424966570752
695183901710583168
7314425838173378560
2986450233134694912
12012667272478402560
278104542853754080
9772419002622713856
11319038944610932736
17264521147105404928
7960717737268497408
9436488343204759552
1152686846510570368
540461147238729856
5952722242051755008
2072832739058374400
1117405034876261248
15111678044616908800
8123760591947316224
10989593423841335296
10473247884605347840
4744904787954163712
17333125705931761664
11053759900170264576
2657399147451715072
11395417005343969280
5431587706519572480
2405336069537188864
13809403936622256128
16452573304911239168
3345831675837627904
11444998501303705600
1072656937200021120
12578193888105783296
8833923078303797248
3596492866202176512
6785597293781489664
13721195278556661760
3140281293945602048
16270510374521251840
17944991498230419456
3082016945207778304
7007202562268131328
16902327830117525504
8132647647871464448
4153211520978959872
13967767340142002176
6574029844017347584
14794804916993296384
15968875289198440448
7452018674607845376
18076398134580383744
11943085529451417600
13645404100515137536
3406058764761635328
5443307036410500096
16963943821004064768
5375741256915059712
6539417304450034688
9143572290261638144
11364831570530844672
12004712977639073792
17536757626010699776
14477710703190173696
7132259661610889216
13838395393471942656
12204386311959033856
8794585591936866304
2075099676015729408
13042710827115943936
18053797245886834688
7037562997741544448
14693809377867020288
14234289413087545344
5416353668592026624
8921215196916142080
5529265612612951040
8851736404043205632
11642828492380143616
12629617589211031552
14767072627879051264
9390203434081388544
15526140631241127936
1667678261265432064
9164162953802230784
13420363706480162816
15838675243676559360
14099360583934730240
8787651404235961344
15598030948712976384
12114483587222558720
17856987020923109376
18211963199224449024
17501007645905442816
15899468074007113728
18204611804302563328
7123861600855926784
8311922170117921792
15723251117744048128
12484377462573219840
14730415327595769856
8703521542201195520
12640921021159829504
10993980345697214464
7228209217466873856
736000422141825920
17194219842360629248
7190968230977707008
11228608795967631360
7995887675780321280
783372262399296384
9139374041623395328
704995900800875264
17364018252665196544
7762708722865752064
13298484991831486464
17346805938429169664
16264859373024276480
8298893237251239936
1177396148435254784
11204792530060826624
1676795300861573632
13012591768784586752
9783229264538730496
534538247171915584
17110217238428180480
18020625007793135616
11535697523199115264
814602643701533568
8668997014616291328
13788277049623234560
11538107147806121984
8932766062541997056
13757067730821904384
15506579867235846144
784459164602091648
856173379487574016
2306017970312320000
17900446355464392704
2887622372064918016
9576160919666880512
9918619154385117184
1149360123764302848
17630940477680529408
17349148484641331200
15081773076911726592
6038548379806135296
1028660366444627840
10778822265088038912
74189446030241424
9572118028233558016
13055356837644285952
15089569869083133952
7061202509914177536
15092800756400551936
7588663629943413760
17491984032476704768
1158593235638159360
120011964461260768
13919921817307365376
10128440276288870400
8856050739081911296
3100695080368697856
16188864241521197056
1787445421412050944
13927251186737147904
3918841716378649088
12571679209893101568
11672802801161203712
8077916555562377216
14196005301634711552
14290951328441174016
8146507874405270528
6567129755613082624
13343348878197057536
18203725867933028352
7432456584082424832
1215054329812435200
13324564867763865600
6996843080650638336
5072401590406561792
14596912978733162496
15492759142520473600
4413005959983501312
16344674675429974016
10772773389549893632
2892035989754763264
17161823355178358784
9241412991192682496
9851927614247462912
1754721315103940096
5356536832546877440
2083702742283845888
17235236909377445888
16077284724832219136
8130366085398709248
3674843788329828352
3688801413391283712
1785755556795768832
15502832269479749632
17644848585650640896
18124473204540123136
8509235326807101440
13552196147010050048
8151937994693240832
14122660532089036800
14364971071042879488
8395897795948843008
4648124898687758336
2488324956347651072
17074682522806333440
9656107132593825792
10515863540307937280
13771460568515354624
16816396940209334272
13067375155775281152
1554767479783649792
5397256755598707712
1844282262503617536
12288636300793755648
5708583286789262336
6752650872076996608
8492656456637601792
4548498190230051328
15056012995358320640
10746091416987508736
17833666940849631232
17911543423902048256
1609418621839946240
5623237937092920320
12822597782865852416
2021657815127514880
17546786399025954816
3646769752591865856
4269392220442320896
11770336005109630976
1014729453323463424
10684193835213762560
10058678674787989504
12441854826790594560
1589067988118897408
12240179738003918848
13667558239018113024
2361884079075085824
14666323362720983040
7792922240497726464
387327500837949056
2127760463220147712
7195946761086476288
4220865576702766592
13910912864990232576
17422826222538276864
7268196355916726272
10478350929354520576
7697152097480591360
11886871893885573120
7989397004605593600
16297701101295411200
17189653103758790656
3434804807530723840
2524845489860160000
12508248386169339904
15752857192493406208
3846980284854343680
1776215815033254400
14091548872288311296
1721015608874377472
18038168317261471744
5204440072138904576
17147287652459376640
8885256878296685568
15857221151240603648
7375976882175488000
7372588512029845504
8295417129637605376
8111219194759403520
7682593121920961536
14718659817364090880
540605360375185856
620868391086378624
5199091690768167936
8564757296472833024
3512081941993543168
13873407695008772096
16484864577083656192
15273451799154079744
17571519203493425152
5935855468392909824
5145884944975773696
14884334971609651200
12156416255908800512
18026340856396660736
16120185186820763648
8110875448008112128
9675478045383723008
17607177099889170432
16964706548116025344
14728751348521732096
123883766751083488
16476761797557207040
8004329760614360064
16331704566528075776
7355574925739935744
8613669142067678208
15284141774526537728
10883965000036870144
6104339766537357312
14464174629278912512
6075744816681844736
2236433116772342784
6545730624765145088
8242664161752603648
10037381877608167424
14217660425154494464
5113640093299505152
3081918777827796992
8625125545328020480
10373834228804755456
18207745002137679872
16024502699462356992
18074015773442867200
14965524412479504384
2188670919847899904
4145532054324220928
3170523108285365248
18058488132257708032
15532186120301232128
8029732365195830272
18354272429596211200
3060502844519505408
260305023325157344
1569445683433479168
8466980446549004288
169859215262256768
14506307426548578304
4343633629415009792
10696910220807710720
4750508401179762688
9633422563836790784
16895560655813347328
3615788359015289856
3485899247621204480
5137214899064577024
18276256674275643392
13184376582271537152
1898044710603427584
16197715712775446528
17883284380164952064
15881621703368935424
1381980455987832832
5039137185207989248
7820394632329352192
9990348179746091008
18215857259072540672
3031251497110691840
13171963550992029696
4409286552144071168
6829741960538757120
15435389159318620160
3631961162216113664
14126398514920398848
581302168539399808
15373540483238615040
8833213832266081280
16276484677773266944
2946739103237802496
12789354534373267456
9609812117349214208
10033211026337835008
12116809267311663104
11120310168062728192
12107601339265630208
7272760900261569536
4863255537257302016
16659327249251260416
14176687855460814848
7948208847685654528
11806090195322247168
14594206144707751936
15853558643339483136
9680886997843548160
6754313577543785472
3320431189227243520
15410177615289495552
14251476196871360512
570128460559523904
5877624332707950592
12960252886296254464
2060371071958866432
16155241643677718528
17938293063596048384
5580073504261291008
8071384586122438656
