10113693195820863488
13002261987039182848
5371310417735146496
10712110836403169280
337801522932872256
14675707519279730688
8000034786657047552
9125823868226733056
9987634918851876864
2735463192752982528
9463227987492333568
5538271362348364800
13476107935035752448
12769939963274434560
10495446848543778816
13170346753041690624
1257802765271856128
7273355781586235392
16028539286075521024
2761315457272028672
8599264788984125440
13850202351805851648
2457591121617695232
8615889720880594944
5977522792917391360
10125427445765621760
6255210166131414016
15385157825254684672
11416456199897655296
8753303831612899328
12020738438900371456
12872892694792552448
11734409910536202240
2683907959305990144
7246755066794685440
13187335172996853760
855290797644033664
17578298527443054592
5132917258612149248
15342427782109261824
16689410895761743872
9684893679518953472
15063631580918388736
10467651929404506112
17560392534950715392
15521883625629267968
10561656632080465920
15379299063534786560
12317849436605622272
6156301062405579776
10656326148562294784
9234168373517582336
803163254821142528
12435466275783290880
5085325256353326080
17898175135476174848
4492320759908800000
8251308481951834112
9702029044036413440
17623807113114812416
1259884061621277952
49497678268036760
1359725147376988672
10984174865441144832
13233993711459186688
3350694436694811648
5706686813491001344
13596742992133969920
16331046265217701888
2892222442788320768
4192255785690314752
11153438804962746368
3728709922731407872
17380485929502377984
422799500215725824
8405885552383942656
5240821550969950208
593706481691940096
15920222540918448128
11120588052615770112
7410031687227005952
4797822825559739392
6852762987331800064
16667253029690589184
14664118437099190272
11598886693690753024
15177922894795503616
10214362965448269824
204963523315553152
17892949691879047168
12885668630267115520
17762081123624710144
361731087664684480
6264077182019954688
11356787577678817280
12786147157849763840
1422827983851454464
4051649965945406976
8793414359870814208
7905706188943314944
14636114061871259648
16958682466740645888
10418140742392268800
16407550989922934784
8919959043197100032
10414225891278039040
12248333803204757504
2687066884174433792
8470551639989978112
6098640666406748160
18143078879098826752
9772177071701592064
2823269528888866304
8469757277267615744
17611656544384608256
17340539522857097216
6984134043704171520
5326054943822403584
1965597406480164864
2751556397443928064
9162646744177187840
11038494281199788032
3032204107669103616
10327377492385150976
8732877863879213056
12905147000960638976
3124596352201627648
2565309071827886592
4397606169103562240
1443682414262753536
5131034086645069824
6133159078334218240
4551387310713976832
7280074496721688576
16904452405528692736
5167131926868703232
168409130825933376
14022322130933786624
2376088886360687616
594502289215938816
13331529092817557504
961700529308694912
10002824266894661632
17040032757789509632
12722926356869683200
8507331977434033152
8392175385931932672
3523320062591175168
8798233792705199104
607567131932568448
10107472306314379264
17245030716813326336
18101355792400506880
3106451243926491136
10890225524051060736
16649825305803397120
3845939745346678784
5096430162309045248
910031930034316416
8629814037742544896
2771008213549096448
14721588139287050240
9308035766301831168
635076244528545024
13196251692625455104
7112193414868089856
15093041359040112640
13594921906222946304
14019721607956457472
12599003530203326464
920491642805104256
968413750440698880
16989908391292090368
7660285823428500480
727120644935280000
10074662889957505024
5618195574389117952
1548241114726154496
10043173118055516160
3345742999913311744
2196235993806021376
13758616027879096320
7942129242672521216
4121334695964947968
7968441393011942400
13359425321148825600
2106348400111451392
8402726862091346944
4388522355915410432
1872311266633625088
11697869086837499904
7935709200429496320
17998348371159965696
11635909161361856512
3076574594541995008
6954291381562366976
10430895337678919680
12903085975234758656
3993979153044113408
16922550173104205824
13145595218002012160
15338640326415685632
2412170875783704576
1263644756005374208
15909299911705456640
5110534713243425792
18411198986275809280
3293897904583662080
15143302199708370944
12091954837999917056
5937174892725602304
15685105316015605760
8731264128039028736
1728663266292228608
9046328588107084800
12900444194237515776
6489889586894859264
16064063866495322112
12317377985918425088
6812674581209053184
14993657145257058304
2530847832527713792
12202956918051534848
17234378006200670208
2238049333805272832
2573896436969760256
7119380435530753024
12834549267606581248
6309652640501441536
11687018592880472064
5870505393419088896
2361403056844579328
8363585340047978496
13327326922104508416
3958730797912552960
16886309718936174592
16551331335155011584
16528997749077325824
4184165921915044352
12875506033838061568
5735318441846416384
9203984879901589504
10665271760199532544
13123648580189280256
10072332969521090560
7788136788192335872
17948953527613917184
8119824725850951680
11561237256266043392
803305797463072512
11979846942145492992
14513753086418436096
10827440070600183808
6991858552837823488
13620378596848445440
516763461773319680
5821976616780470272
8880481916922058752
9338074852822126592
16236873942303389696
3198171273084840448
3360850468504921088
10750393837556488192
13454280214551365632
5794773015900105728
12723635453932318720
2708141781008037888
1135777324712541056
472990866491856704
5660612995756413952
1396777102767171072
2337881715208987648
1602050622765836800
12044317111668938752
8549796310537047040
11909771800754882560
7364393473247655936
4209253175750461952
10388558291873982464
3905795592961657856
3745621092921817088
18051807031968026624
12761474376750075904
13146580100439619584
11181563746378596352
15623991748756160512
6906880563527471104
15209022237313521664
9733108211910166528
1538409778847037184
6557790819926197248
7455310971648903168
2350617520284481024
1319071211241673216
552290458129041024
6419230167169280000
2263058067238658816
5075509011322298368
5247228777385417728
9423809196717133824
8605045290673852416
16814490119274817536
3067600059060605440
18066724569310259200
10930462563798614016
818448080730567936
1831438966080731648
12286366587538298880
12594163323951147008
2628827511272584192
5101301548973733888
1447397213587201792
2986698366675778560
13832414552064425984
2964757386658752000
1176490502104320768
16913894288353267712
2660929802781823488
15704094919611211776
14024389000551518208
5775182931708113920
11932949496238411776
12637001016831868928
2199624913477871616
2963372809263811072
12035239256753436672
2029286812035048448
4749218539892577280
11600334563536791552
14987389618538631168
7691344433399216128
4356290315737852928
13004100784867497984
3477955071402754560
3216896515999223296
13644923934909196288
7125706829238794240
15178202565444878336
13908965973505067008
9543424772624570368
15658091304790028288
11757030409540474880
8674661893717961728
6369870069328287744
16924900230247415808
14352008347610988544
12788052512450342912
13624987018593951744
9227283591262732288
13528266738141427712
2747770314892759040
7545310415003410432
3302279088979255296
8608024960959212544
4885421476568594432
16353964304000169984
18024698951236298752
4162211614826121216
16575010793537482752
4626514955809687552
16140184268210186240
5177874089566840832
13448557641127401472
10493557626285123584
14909510026856359936
1267717869619167488
4376839242412891648
959756146526607872
8342516374007822336
8483692660564245504
16037902634866823168
4402723608458190848
1618956713153604608
7931051902751130624
3862435292090816512
11942674882473852928
259010179878738720
6425421148932595712
1568925984807635200
5951963544606992384
10122214954039941120
14493095641782786048
10844106245244631040
4598398244947454976
5510658988926541824
11377672476354912256
11742763115125286912
18013814477326841856
13994285988959150080
11047703109392066560
6609205602067657728
13184521946514268160
13885452930082916352
10063190625093933056
12682170706037616640
9723668301925044224
3850303587019032064
14468653208046807040
14259184550640033792
1473588885182811904
17471262541002393600
121590621534759040
11877446771157612544
2909862883186864640
15205199131852935168
5547783100144505856
2772157376342891008
16924777191659276288
10851671669063075840
4183877917536820736
10919104758417960960
15984633705957527552
7971764935534068736
707161821253735680
17254833103374968832
5464032747065640960
17269604616389230592
12503806304781363200
1931585208273966848
3771054797531681280
5872137832760997888
14608281477367384064
8149857345737835520
15481428193954533376
15139590154010128384
9280702800752277504
3483929316855350272
15757649416929734656
15277457457772009472
6244158062502844416
7478948008712654848
9647319233988227072
2895535130296607232
12739700685304805376
2437695034928473600
1143692724837801600
12812532651604295680
3603392817149600768
8326309397409853440
13407686995766665216
17739439749343973376
13851998779644684288
13761444795134707712
8955253293394406400
4385103571635297280
2185179640514137856
13965302316990844928
15004538852804534272
4201729446086681088
4682003159323865088
15812523200747812864
1039871015832793472
5798763784210163712
1786650583394862848
11287973580287909888
2226615466470299648
4887350442521732096
9805602797966145536
6100134078635154432
7078404846068958208
11336540790001494016
2252170455987781888
14278427320732327936
11923980135651000320
2604598900916165120
8451859588576372736
6809967474744430592
5101444756636091392
12908635391532019712
4103219822961386496
14858116641555415040
8567102582892156928
6205191719320976384
17574649064717027328
8605749488825283584
10139580682474035200
10780468116145293312
17726157587231086592
12495123709495519232
17335457070069323776
15925578358462593024
4991420569788180480
7205476710827644928
1687764875942523392
873916610126966016
17111434587390294016
2424648825822754304
16654607733956155392
9357755093000681472
3052997709551924224
13459892053865969664
2438331880688918016
12427854754063173632
14278967410390515712
15922140936061063168
16909305087495696384
14414186745590368256
17122359844816975872
8908227506231072768
5963794202117458944
13893044334302887936
2847760730331990528
14356430507451752448
14112519029963278336
10164790951366959104
15217431448743409664
9575002887295207424
5217643538206518272
15321027282346799104
12450679271391088640
9702757700779972608
17752918339983333376
293899700088332544
13089506072379103232
13169098163597152256
12060161897958928384
16691085313667158016
4526431993961168384
4680298466970188800
7584358426775982080
16847976003077240832
5499942140194291712
252416019324921152
2935332539508685312
15532834382350653440
6524304518806482944
2592494060243855360
423896750586787648
1309885197139442688
15984760232253016064
13790276367618484224
4509892737731043328
8599083854715912192
1123008657104001664
15636584641886339072
1249495917286788096
11262583092171726848
951963335805121664
13304243633692919808
16825635929918251008
9436953086475237376
18207625139492128768
6317012531144787968
15120668607103928320
3722274775962957824
694317423765360512
12596337013424537600
12023545944538929152
10849009426745372672
8773349015673422848
11361740551191269376
14820763127772268544
7349901150960909312
8368814448696252416
346778839833993280
14467235000942288896
8888514020519034880
14284920281993123840
611994403601733376
4350601704555072512
10725324962982371328
4482166291319953920
3438001776549413888
12143474775834101760
834544126306761472
14068840529902323712
11381105363099398144
12643432645598849024
1735601512939900160
13002513207043907584
17106218603714713600
2382446681253024256
4454779576136953344
4148973021029242880
14932715039168606208
9535354686223183872
15733214816363370496
8055882268970279936
13577018946958383104
5553074821126664192
15468025833472825344
17290845754377732096
8047986071331969024
13513143483625492480
550537683204481856
10306861327872518144
15031518736292583424
13288561531644080128
10849451938878406656
13186230111177199616
7449866342908019712
1233820500330288640
17455810405564817408
12917044050968000512
10871770637283829760
16369371375244304384
4046274068618107392
846302320881200256
1921785685393560064
5932660111214905344
14596768544747646976
860229168372387328
16041297430145005568
5594647543515126784
1812406011569901568
7824169999587357696
2926763824580745728
9409660533045852160
12850301855201224704
10274671314369443840
16409476798117287936
9242958625453959168
13925251292831203328
1852012041234471168
4595136344351985152
11670989277747775488
5496103162073840640
5755480073783085056
5560429122728499200
4999691757781882880
6235343932039400448
5065472475028207616
7910574900607108096
2033601994352499200
18165595631182512128
14754883596802197504
6575821070709228544
16452148149709588480
9466570021007138816
9380664303778295808
16082662071479113728
9327733717129502720
11458552038911225856
3736346580579178496
15255104779073257472
16954887163290130432
6187158404736274432
18392132028220827648
14249358484912605184
17593165315466352640
1108182032915962752
1794960953927213056
9098549806102082560
17913602226794573824
12609894595995969536
14470948563653111808
6876782779364364288
9809495230499076096
11731813070330695680
15068653868969707520
15990811062333724672
11716285552493643776
9481391341032366080
12813802319485591552
18429209550535589888
8330719619392033792
14186367323357851648
13983498598059778048
10818987795035205632
2167612409402785792
1596136564125937408
15494779924930748416
10373232286249969664
18062175699600158720
15980984884336783360
1004236802668173312
5811007953785246720
6316946721112759296
1962308294815929600
6025372595463410688
1895062980237752832
14378961217260572672
8084377815916034048
13113952732007976960
4219937429295571968
7302126345611895808
8564670949146706944
3244677713860394496
16034694417616128000
2068231669730013952
16673341674996705280
1409227874034842880
13160648829472542720
451729468039210816
14381121182224760832
13024951695576233984
6102413788424168448
16560459752242823168
949765991497266560
4316017321333677568
12695153210360807424
1290324501930323712
3467513113252026368
190096010242800416
4706507337960052736
8944101949301251072
6793879606941850624
9391813419938494464
6338229399429211136
18009932198528135168
14282010067336824832
3513575937831983104
2361269960494567936
16893986589752553472
10747498712522874880
1706125234722659840
1808544676312220160
1315640218650779904
10130363553250428928
17236398233473122304
1364972235654621952
3548633949029310976
6949491384705232896
8664954501143531520
17272556395266904064
16396340924093685760
13874602922585516032
8475280676708483072
13882342919418230784
3810263179133342208
2952410641415702016
8003832946722502656
8189464756946492416
13088080035627067392
17554242268534700032
4736843921621796864
13287248998403250176
13446769059659640832
13666522744627554304
5071912378659547136
1846978009015915008
5508375867600786432
17073791265328066560
12071155219734333440
14180520555296540672
921004475654187008
14219146843184171008
13005943604521273344
15992939428269844480
9336158261020211200
5602708512334605312
14379942957075070976
12409860698322556928
10973376997115817984
13592017886997903360
15396616677069676544
4833965317075009536
16474425164432961536
2232859597530947072
1612972011675269888
12020955851544059904
222540103665053280
7038335232659544064
16426245638522669056
6257537759833293824
735774740432372864
3324652878080779264
15220068728484708352
4398401257859493376
9048108373463623680
8439687893706649600
11324728296434440192
13716678722832844800
17596755784800663552
10713625067838830592
11117301885054480384
12530333031164803072
204975827654750848
6497419479953950720
4961372506653328384
10248747759684055040
12279176278391863296
2668140639518210560
948801619350003968
5289459311099812864
711013171506197504
16411595441275357184
5312301097200525312
14836741899815708672
15816288230928578560
774937055296527872
10891415849094547456
18319180264572475392
18299264512109359104
14878927954990051328
6174368950979207168
14335230726628214784
6383407399056707584
3293238303554195456
11732750857576857600
10478093483222280192
9570548928083150848
12348398114756661248
12722948153725122560
6670762913723892736
13184230939174326272
12697851720553216000
12244098174806980608
3538284328166803456
8176121061377478656
8134115653734720512
17523681512602093568
5205614752656014336
3434846279262726656
3001703741428390912
15617186355187156992
6684525907748220928
6205302747796281344
8785089801075787776
569158179666156224
8101343680389614592
8508940906244474880
12594507949783926784
8853001295120580608
8162996200061687808
4483227451570510336
13309344102978742272
13212762968633040896
1477487235412070912
269794059844392864
4613042839560408064
117026769683280832
13839355169076637696
10193889059032334336
9917632792755359744
10467481967440637952
2522993588291687424
14908346417809887232
16135543296457140224
7938929224257362944
14667537628246599680
17283945275681839104
13356986194848866304
11368399203081830400
14656407592317214720
2842460737389197312
9410397553020033024
8607512580906979328
18179267226067992576
3188700168137506304
11893750140780533760
9862353302522298368
10969297591824869376
756482271635474688
3929225131836400640
9023909819517973504
8148038450785954816
7020637272818851840
12614792627921592320
5029128707319283712
10379581500591296512
3673942265486408192
14783286582327236608
15988197345856581632
2835325584918016512
2648037911902814720
11933132286207219712
13201656486984513536
14963521317526286336
3580119558333638656
15873974474278897664
9542091976518037504
7972958133074586624
7338931851415230464
10077412601311619072
2430403729578934272
12326010143962013696
10667578716919326720
4964735657063244800
14157081688948795392
14200635230572103680
6448590387098089472
11969890028576872448
7561532469761865728
9434511530478274560
166445249445791488
12134060360785991680
10288951177767196672
17804785879864694784
6059833350050907136
13228401507241781248
5615678127794368512
15433271524393592832
1754711990643186944
18049926841927057408
17137579863195967488
14968719267922948096
3421350694806364672
2378269143934810624
16240924462462468096
8800372711301225472
11567805995911587840
1299181608165766144
2676945426203262976
13796509615450204160
16977356952678584320
8241692229025418240
1424449347421486336
1221194366540898304
13173390118005622784
13668634149574791168
13597056599395713024
238855700257966400
2558810526564592640
10409777451332595712
10174037023967404032
3084656120351713280
18086473677690525696
17902808783086219264
15363237693648560128
3843371476720829952
5475637517390304256
11957016918123333632
5109272796662878208
9942006841246339072
17238234681614985216
5927696963904724992
4721789510470835200
839608665361563136
13090013997873917952
17111557333724411904
15665499049404928000
18341704880397746176
13443199386177869824
7237014102304520192
639290208879047808
936784622681472896
15996899743766110208
16182489094788376576
13207472453950756864
14755547404417687552
9837874010688462848
9388124778891356160
1209148886234017024
11728806234033758208
15835469885125883904
1766108685072869120
1583285927108821760
3951415855672129536
7318161569086381056
3363487731249444864
9735693116635885568
6629750917748649984
11191958020108972032
4457943813338026496
9293488929057396736
8962622027983682560
1437370777119826944
12918348492544999424
10313733614771087360
3589920357565736960
14986340853002237952
12915498522859603968
10885891851546798080
791672346176216832
829384878793021312
10337134331743918080
2424877537638222848
1856981857727515136
18266806102403606528
13713036875519444992
11910738301076672512
5481837133038812160
6508203992275825664
2135379403689257984
16777062334739490816
16009110435585089536
4401310633209682432
8795206453642842112
11487375041536518144
6679908171041808384
10958324704415244288
3335213007550358016
18418712714492790784
18420502255270977536
14457641798916933632
17240817632096868352
18262569743970787328
17160872575941799936
17832626521226375168
18333851275367266304
1401981839348715776
2883408205613915136
17419216547743844352
12851365290697469952
377234231314757824
11718075772194648064
9207930007535049728
8715852210627538944
15808290822017990656
7971739451654078464
13186132783860854784
12463066916549713920
5571357212246354944
4368038038755879936
6259333668073198592
17260715175840122880
10491601677368502272
16914345631384311808
1361350842103830784
