7649535681643428864
10001685687129399296
15005611760836276224
17507221798292377600
4911472509706083328
1289943695128601344
12685323001538392064
13958289319596697600
9416877644552290304
115656650408902224
763240665840686848
10405438620945481728
1517720715263679744
10625902457589248000
11437735408211806208
12655999124449300480
10482755966182180864
4700682355975739392
15451182791592230912
17193364870162350080
12732919200398030848
568482032825099776
16016342605983930368
9227615599142551552
9928516752869859328
2383553043117033472
14744250412696369152
15777953063121178624
18194145607960829952
14326732505101787136
11838717893446223872
16203239872653893632
499296900455647360
14906764081233229824
12712139832242403328
6578003383631494144
679919898941252224
10505604492265297920
11804587172141625344
17473273544059430912
12329794047660619776
8694614176281616384
9654652855727362048
11808924786674980864
531678088795889088
17786428208066512896
900534395013156736
15658154375264174080
14913210918597722112
12933017968601847808
15856698358199339008
5748786285017973760
10179480669299349504
13008099835912615936
158340401227540480
10595860017384177664
16739950015998431232
12528906814025211904
5567896985552178176
4282953512584612352
4561592327205353984
3301207364190908928
11620653080036497408
3773268562523550208
8459367868885760000
6817814538536673280
7377181522766920704
7119505964312846336
2915330748037109760
12358047610108901376
2265919622186342912
9834406575261825024
6450710811211602944
10211228095772608512
4511829734079115264
12477909845939961856
10740089674096314368
1030491935272755840
6688370441537849344
11358376692595951616
17132946651455932416
11590199839990659072
11438523046629421056
9606438380873154560
4076385239509480448
6925188368067346432
2191554133958492416
12733289733138626560
9249741536220672000
16840703111424059392
12224597009793566720
14979520374798196736
17300182643080286208
16787840113779320832
15406845678949240832
5162870417871270912
13928587007793664000
15181385144377108480
9580528832742670336
8231584241326994432
2386561610109969920
10780200657885601792
16835873909215051776
4351604893202185728
6115685482724390912
14496721897320996864
9665561773167833088
11993947341012262912
8549275232112488448
8377894339062563840
17976462762660120576
17233821184352804864
14102165855653535744
14357137156547067904
7209719855620629504
5875016697060766720
16139112180305408000
17460572194984003584
14681393247279249408
16229010672335161344
14678780821590472704
9769367114860279808
8934100180508506112
11098246635374860288
16803075057061629952
6158409327724619776
422296886938390272
17458409551782402048
9222773435454371840
10579466855278983168
4358966692352074752
629628625364312960
3636995280249758720
9660342444525174784
8217550699141522432
18039875078576455680
111742892726935760
5533563579138653184
5977157690684592128
7464269640260619264
13524488959613841408
4505102033512237568
15913968121734443008
2989989839738617344
10478407598223917056
16345795207080052736
9714001010553600000
7678097048998384640
13825417085377036288
12189104668592302080
14358127894302603264
2940067107035037184
15753477047346417664
2571877769421920256
15593649801868259328
16995072539000717312
6675627135943721984
13092798373753700352
6351535143701792768
5201756024125071360
14067046126863243264
13128577567588644864
12435165255018760192
2154527961530647296
8753381136114788352
12647714572741150720
506905909608106944
7941126543602968576
12279647950584915968
16183143957699901440
526044548632286848
10406798676167985152
10564856704075272192
13049541372268769280
10348852964638050304
1116179421307760768
10553351405793073152
15916722282937024512
458861128026631424
14929299299969783808
14179476755042162688
1504620352077889536
17270862412673431552
17903659743769489408
10840926938498779136
7266488504068500480
7524117536863439872
3387695025839789568
8071449232866670592
8614471934389105664
10880708300590012416
1926348522874331904
17935666067462979584
10695586471737159680
691474199478391808
767370628680430720
9741679830204116992
12633905932785895424
16526516398598115328
6268240228427174912
13916827511977838592
9902760100243200000
10086493314407421952
18396691852188465152
13622177076634349568
586808429093859840
11120525755775817728
5874016173823038464
6070823896175134720
1327539428053122304
4357677512681282048
299957908992308800
14902910465213298688
11210408076041181184
958909797614460672
17765089023772409856
7301648918847831040
9724999885952083968
14267805972891365376
564908024794578112
9014000704134400000
6838011460807002112
9843871445283522560
10423447871748124672
12608487804690862080
18218522460538511360
15509017884719243264
4872322752577873920
6292411734474135552
11648769052277448704
13539605713469167616
2632832666903126016
5137791127853324288
1682041205166431744
6684849944882523136
17924053326002341888
15454952515911196672
7052808539565343744
1401402201376967424
17413145649375553536
4809162667443960832
1426182424398998528
13252487442572109824
17433016216658366464
15693714653301055488
17391188907476606976
2186498856412633344
6774880366138718208
16028326589719988224
932596557468411648
125456417488703888
18435934657598427136
2549696516631221760
1313935408177830400
14202505428917848064
7715739082193458176
15424248246091624448
14379182322527072256
9494678611741192192
13206985115933417472
9515543439732490240
3506584290071257600
13021480703431956480
14028687628172328960
12750524961225068544
16562585849075834880
14775986028256870400
14241151579736870912
1733081243114066944
2082770994662521088
4897300418779426816
16113585997525800960
2858433860382961152
15771354569389293568
1376336844199264000
4460632327750953984
7485771758512443392
500903179221522496
598476933890500480
10648569809658660864
2487738813088867328
10009288477391353856
14475812760807335936
17655163733010595840
4204982886461885440
6477609338642958336
5678787199964084224
13102439426028920832
4030781510666009600
5179856742943549440
8594190247416136704
1151267213676768128
17008499655908081664
8931228689197572096
9396205514152501248
9849634750519242752
18315709919608492032
1200011383290749696
8679546169470740480
7299822430739151872
11907657322290110464
14493563135818954752
17618525771139444736
5356687624260418560
9317325259444244480
6416301678813103104
9941474769693237248
8382834801817578496
3927810961362629632
13169025960799569920
7737138589937195008
16769408422964393984
14456117867736027136
16821653288097646592
13239503549317740544
9092077961180644352
2734690881837578240
1917257453072963072
13050868372740843520
11099421345611051008
4952382086379977728
4949047270005916672
2848841181064847360
6882127062116862976
17556404984188594176
4866740901444454400
798879179055290240
12966374821399953408
14280831239944916992
6189498630671697920
1258211818279777024
17008024659677173760
529367764807229056
14663626530114902016
11644892239607250944
8478687703301740544
7238159384172852224
16641412611118706688
7299065441337210880
6750986097678414848
12399326518674716672
6685949642578931712
5134560086054082560
17400091523613968384
8282617644421752832
7753748798366081024
13789780614758774784
12510559856272914432
3103875898596280320
6373628950340435968
17084609188909238272
15737509547808071680
17039052001219084288
1456521942624064512
9565020721975920640
9916087241123411968
2219786748695879936
7276984167032593408
7640840197792710656
4869593569166966784
18063233989707485184
11801395514237939712
11742712732122271744
614624026870584320
5362289981745837056
7512076368065693696
14725171336422875136
306893052465376512
18428730553741328384
920437846670064384
6860382752755939328
4672823139143180288
10167258655797719040
16008029962312050688
14245733928876853248
17323243470875617280
12484665406039515136
1180972022063567872
18411105475336507392
15708322229427058688
13071986667321276416
9245399040187678720
9826802569679884288
4589747729412380672
6797963947928485888
18129526716386658304
1339612193954254336
12576611906184882176
1828497871895708416
5218593593161776128
3231806052751657472
859081460174538496
8449684965879592960
11878025747495995392
7802942655167311872
3502538451608776192
261728434802243392
3571801650300980736
15526659179803381760
6563748536564370432
11250935221048412160
15103203177356746752
1844145644560969216
9085635284009893888
9183558244113143808
16845977274693120000
15171097688553449472
7725388743418500096
4533554228290123776
12195281198465703936
17082810269590464512
16218680755801571328
16854049914714644480
13303611907703265280
4817839866783503360
5796243942535664640
2450342036833687040
808026577997254016
16864599548185853952
15203226354950703104
8801791495045526528
6735030495986117632
1148379703290662400
14517668059901941760
12392119604150841344
2038585338540473088
2360301064490790400
13434496003321595904
10315729861415632896
12667447295786768384
13444691291444639744
14341541968425783296
16849917605292621824
12728683120192899072
13029881529134954496
3783236909708176384
5039294521584697344
2983068778616884224
7555768446681789440
10561759207356760064
1056509878967972224
2363130377049362944
13529325346980079616
15457530151234287616
1988557009680948992
13143701535788509184
16106898256324454400
10662881607113766912
9753939537479845888
12943201641592289280
17807572246687229952
14964866127135819776
6553788442768216064
13360379893550426112
11846588300219064320
11210344928463785984
15897540123928788992
6211480893221459968
7446412121756231680
10512095746366982144
16523237366368313344
15365571113459855360
11167255370609125376
16887986440572510208
2001764567512057600
18293510991583160320
273519982013466528
2430472716769093632
4384199721176559104
2320735882690389504
173879518076953376
9683095569183156224
2240265056539311872
14950296207054139392
880216942670779776
13762936020729231360
9474245322491531264
15579751468861906944
11686817796285073408
18245738043195842560
12710955107806605312
16229580391466459136
7697350959811898368
3864387266649640448
5784666251270777856
13580645555759476736
7397800211781962752
14303732725771450368
9730329086949459968
7172143370171599872
7473780718311488512
12796519500754737152
3131798438639685120
13261756924443080704
11283151115018106880
4795775606801112064
14621654243613339648
17914276213967097856
1536562203706924288
12229438535807977472
7116010935579527168
12995650972921419776
7421541711221199872
10420859182569234432
4992360074693442560
2556487296485649920
2395106042630186496
6605930412903089152
6096888326281850880
2805351444005157888
1936475624571379712
3318803467047968768
6441456836266770432
10063499799731058688
9235586867959427072
15297977351880196096
17796526887897679872
4613979548067472384
8033824012675608576
12379692795626582016
9141339599751223296
11096759536983171072
3249554435793118720
12618281792068409344
166743269140625664
16244148856237910016
13008842001576142848
12835550033929463808
17273413942550396928
5912407122497534976
889767982239409408
6609596646638971904
14668535101147305984
6823406560207022080
230108166525874688
13170497525764618240
12611039773756669952
1124857971737714560
5923464845588621312
8578833830182419456
1116199381225620608
7196628344980610048
2377764960162394112
8081348746757740544
5954268900224704512
5014597132603098112
8965044999486588928
18204353592556656640
2663240828456192000
10883151244474167296
9397426357919756288
13156233338678153216
2471429315630959616
14720167627897419776
12586404693379667968
1414242824197701120
12111489556226969600
7584616366201485312
8235334073311082496
8748826281212487680
7345351238720319488
13295500565270245376
5151112529354738688
7093120560899065856
8242701527821007872
16086645928080711680
6812964340810185728
5593930093788846080
15195365539666976768
14784612751239827456
9326782602270144512
6649439035767617536
11803345830064429056
13879167330606895104
15682082379536156672
16366339846391609344
7784895927780769792
5147045792251950080
9921084350660294656
2476563989946788352
6349642937272333312
15726943019809804288
13382144683654356992
6528048332434341888
8564023244518742016
11557092301417541632
7435266125880931328
13628856642679697408
8576885675463987200
9502060192913152000
9278010301737238528
15025096268542828544
9396829921943183360
5864576653518784512
13545997434354491392
12575843383299940352
7047567793469340672
4011941725902872576
3753816577368358912
9083393995424239616
13577624603756677120
14046149831240349696
6613489298758172672
14857522378842544128
5801880339159653376
12312752250129522688
10283463855593003008
307114656179663296
17001202825032847360
718313196352709120
25106527623495244
5162133149097874432
5867246031654393856
9191641056180466688
9745457060302770176
14501075120242655232
6026760287641276416
612329306392906368
4850711375118213120
10474725783964682240
3863108778877409280
17417637983238774784
12100759771601920000
4705356506513240064
4904416068713092096
17225438705357045760
15993852157649235968
12163908569903947776
5813497835352558592
2257593329417169920
11588565010430314496
4661691470193664000
1247507473106849792
2070855863557705216
14459592481777135616
11845192623296964608
2652033158337790464
12178033982767777792
15769857277275920384
7769367311414687744
16241828364925063168
2320897737791987712
15615371198292510720
621990311907636480
4669559416796057600
8705388019779610624
10282601931539841024
11739078953354256384
730318240408995712
2919121320572557312
3234146613363541504
3570854710172507136
11493931752574498816
11813586137331996672
5538428280945199104
4855885169451328512
10754736741044549632
6832229187972150272
3110583613699512320
12646864236912496640
17472823015089174528
15839465607712073728
12787445843605411840
12738199563384414208
275477991878234560
15676890061123919872
9660651507172022272
6786021269582348288
4356709692624784384
5035831518740297728
7798399291170575360
4237238757012546048
17068403236197449728
2750770277050310656
3389390157386555392
5587729143530727424
16690631728779300864
7257675086513584128
17214508938996058112
16606648390208110592
16960916143194681344
10074941398510622720
14746357004178837504
10210883947685419008
3944713912707486720
2469224158059887104
18223196954230272000
417915163717183232
13927804824073734144
7454839469411401728
18086103194929446912
17058222916084262912
17834593619813898240
16862249123173935104
9766025943061288960
7327809810234447872
15515537751566755840
235285271476289472
3257311608719826944
163424478688213248
17522440933816256512
15482863098297284608
9491551949074755584
4929967173307058176
4562459256250973184
11845647257184225280
15780867492136402944
3821026578951508992
13252111221886668800
4264305444163939840
223928935159309952
8016882537426720768
4949468202117052416
732236358261900928
14754642574631632896
6800783840765182976
10037353274721185792
91361907561137824
5899214031027050496
6098452901481196544
9718555039724306432
1021210674508896896
17657866818334533632
18077328951366187008
13977162889173100544
13763009654730209280
347059897374060480
17124645869284749312
6606066136319319040
6191520056729013248
11435480496063934464
7409141744882419712
1431853655402921216
5431657207678255104
14824102472282470400
721508931757165056
3176531836216422912
9836823847375638528
13692569665652299776
5401913828999476224
4907177148444974080
11731569651927580672
9115330680057461760
16489419515320952832
695836952155547520
9770844716085344256
10532169977584648192
13247165160436146176
2870295843760655360
5692821343068450816
10524679036522397696
16743010590529224704
6922800265266935808
9623719447648563200
7923199292946644992
5865898120712360960
1243788181305675776
15759767152827406336
8674187339359421440
2842342666505842688
5356982755601457152
16228499481174085632
6691616432787568640
9767880139585525760
9876378978460170240
18192845177749989376
8354662321605510144
2439131959352625152
18353355152495941632
7974437346343477248
209168043673326528
4432615180687897600
15701490341093021696
2497704000729032192
5457804677774256128
12425690190271729664
17573802459281780736
5231004535518511104
14253630453618898944
1346594937683558656
3518144816835676160
11913916692629522432
13310690125656598528
17135915608718123008
1550167929734167552
5320737473930509312
12375508368431157248
8791547633899942912
2782181939959486976
10439750393225986048
18078123359871791104
5314675001091008512
10761509649095145472
3144457965411743744
5134335656165238784
14829466584731258880
17163342266687700992
9843435011238109184
15970149321744793600
12343198215044374528
1751947642509542912
14678105708325195776
9084309640074590208
17777421154888134656
10031575619554039808
12923335376079491072
1233891311080717056
1568994913553163008
12087659343382683648
17024067977711814656
4773272692397674496
2494116977116826624
7792592527045537792
16167530158305089536
14687228516440084480
18092601689670623232
2694677693712266240
11790944060187357184
14767302056978538496
17516876886474031104
1213010177948177664
4113437774250466304
578190258300608512
11288407097146290176
593005585031193600
15798631820363687936
10923646184757278720
2353174574278902784
14597948321963059200
13284678026055923712
9505067874658476032
7890812703692220416
17232650185015863296
11119892910425638912
2160603621878016768
6000643369364475904
4255689100273429504
12015159779738943488
6110548463967104000
7960353397980439552
6064703210056097792
8683013346110158848
308122657679617856
6698770794413518848
12738195426339221504
7447232567331976192
3460220197014237184
3306468426026800128
10074810828183279616
6217708815743111168
13305460844795082752
4157006762950759936
9116250414296903680
16199571534861514752
7478843004253636608
5977396181687915520
11573188880241022976
3443545424746258944
12960387465396492288
1369806414548161792
9313082954765182976
13014403355706976256
9340554614183682048
5399074439140704256
11064801887189182464
3812856663229330944
12876860503095406592
8604029131055922176
5151612536412928000
11179270278157469696
9476832779551154176
17273300283574837248
7942633454802334720
11743166270401284096
8207756588785393664
18283429017753298944
408990539000811008
3536589344262394368
11379088707218903040
6370086611731278848
9244768291132045312
4374155724683220480
1565539844417784832
17422621005127905280
11635116877595021312
9879881889440243712
3009534237405413888
18271407564367712256
10219599596588310528
9025746170920677376
1091473613580326144
8609750686325902336
14513228948577640448
2552102201527084544
3842991662791926272
10494869058563745792
5784366068724323328
874399223830756352
2868611518200984576
9458275944338489344
4511168789764919296
12064271569536258048
10114305166925002752
11338652807879694336
6322475945371177984
10937685680820051968
11113883527442747392
2742360527987354624
4905188331184031744
6881378153319801856
10090955018066989056
11183720807910387712
15728328741578721280
3419252537104714240
3327965205280667136
15548652838561472512
11557829532848685056
9932183060730296320
1672514088577680640
6214328913788201984
11240236277201971200
11745038698144710656
15098587386752471040
5652073400562357248
8048143600803000320
7789232936048594944
450144633775229568
10986953029408985088
10297713821272141824
8250233896050965504
14136929576227024896
4031380183912962560
1730433211756285184
5527252934638154752
10656365493348933632
11322286049080995840
5007350629937306624
12954903345593645056
229136659060994080
4382602013111117312
13724493027617843200
5521219289163351040
260143455887609056
13139463998326388736
3171391235074658816
7135877210610518016
12989988502834200576
9750674968607989760
8988236256210979840
13129706527791060992
3825723904635618304
17270559122573617152
13985831471526025216
11336032004325228544
5090054185036900352
15737945405871429632
14759664168277936128
2404569045792993792
12288222518992896000
14761470034380218368
15506088876299059200
17295697995733440512
11658153735410702336
12537148435332855808
771172418649679488
13973106814913447936
11045735570592827392
16075016998816843776
5820558943805463552
14461211309101723648
13237072612319246336
8481065035092951040
1165345209565422336
3230469868789967872
1207415478570999040
17195032883359500288
2990362864311610368
709980937605280000
3353929511088988672
5458344278072945664
777960350308677248
13880787104459550720
2159003803254444032
13060905866937047040
15974947241688610816
9295233722333982720
15258791162874740736
12514532096507262976
14079477929774612480
13108016499182002176
16213083052221018112
12395679497233117184
13281884037116207104
17082306612411389952
1117046086870592768
3726846098840717824
4963551346840969216
14665619986132344832
11064048812854114304
7915845416207518720
