235832353942367072
2266735512657304064
16075561616244406272
9579960473822808064
18046672072154941440
1242966682323288576
716370789927651200
15894491702108856320
6952569583942105088
8199494680803225600
8278916251735267328
16724821644140048384
969912266766090880
7095224652416441344
9671347989710004224
14603791695578519552
18129938074848083968
4070178906880331264
4202472531467873280
9904240045396037632
17988228458415695872
5273633205887123456
1740209069824151808
15730159779546464256
1914245102896526848
5573452040939445248
3997798517494492160
10933266470686781440
5624404635813708800
12509138150827714560
6548206875448541184
13215945300982798336
17075024402650724352
10837450226316222464
2104898208974005248
1485608373247842048
10389576323834617856
5070077170286743552
9450007441399945216
15364907051538378752
2631137145580899328
15781866550955495424
9049334939003960320
11039340314192437248
7237425977261819904
7101241184161103872
9846149170755923968
2479508374874087424
5668933838588334080
5365619221837802496
14919387057248122880
14028086156080504832
5709446379145771008
7741006670814411776
15767440637633398784
10401141296908427264
4293869677665889792
16705087297479053312
16397409193258702848
9181070438419109888
352675220951975424
996627391954424704
17887669448675502080
17827776083373957120
12051205085525669888
10979995546990344192
4241949561993598464
11159566739566602240
7082667014196328448
14345823401962319872
6606032504019272704
5433594554942538752
13464704539448653824
11714184217872001024
13204308931551123456
18221964864836380672
11880833861487849472
4149284305041493504
9735788559190949888
1087642883834936448
12258090581467588608
5747301555274027008
810119798728591872
12574579115317659648
10781555495956584448
14378591902640594944
1537828530311725312
15476635535575056384
8730240231979531264
15428738481863976960
6582888336053616640
17281202803303145472
11656445255847882752
13182288165636167680
9198005724767476736
2633564875629530112
13655840530204203008
13526035867377643520
14386728235908012032
18122140176071127040
10589190370099243008
10942406343494621184
4714946260782657536
3971331404323349504
18357183320070809600
16228797507539075072
7374504886403696640
9313222303231791104
6284054560998526976
10355692827306221568
8200717928987951104
9589268845817325568
12829508661621407744
1566040052387937280
11411654870585573376
16031483647048308736
13354623541356728320
15062112639322458112
15361035719300175872
2844314921488054272
3948729190646422528
4629301338924886016
6406561428750064640
2734009868133783552
5697138978439477248
5373732878851152896
4157888942600035840
8087466175085510656
3098550627699614208
197947452016698976
15194992457397182464
11378204362415171584
16242330180792399872
13749555665175400448
4722578489280359424
6224484012834361344
6110094349836696576
13831011743728384000
13150033879525683200
11448395508838342656
14008460329365434368
11436230162030600192
14718023409767432192
12617004982048378880
11136942354044721152
3836840956831428608
9912852017824532480
1383710324283806208
9973018186755745792
5395976760747210752
2210759788089359104
6892698695132987392
2770447643674405376
10685427632421148672
8742104958390647808
18382883797027323904
6982089217485238272
5850761449857203200
3391969800392872448
12531103960221786112
13123948907790237696
1834353727962060288
10607825567359100928
6260517163959416832
13799536179898644480
5332542490748616704
3950545826238443520
1753403648250088192
2039833498030379520
15316578564544223232
14322036817073926144
14191247632097994752
7524114676423088128
5367414227969083392
8873443866823245824
18445761278035853312
13833286131681777664
14404930615670878208
787104966611063296
16089573792473147392
6629033801226294272
15206813532810960896
2190453634760428032
8910129533127494656
12044987009333633024
16894542333205004288
4071754429238235136
16517865699176421376
4141233912798782976
7660776719880824832
11391673572291936256
662878012228408832
8185648614045839360
11855486689489831936
3478897555917688320
9047957644180229120
4220561839498718720
11364272617186738176
6442932485298072576
9667805383546839040
10403837186161721344
4896169325597086720
5564616915677003776
12176254837923942400
8993378540542384128
14054269998127069184
4230843054798910976
804481922637907200
14311011993613613056
17476506313191907328
17366932898523064320
17710964508849485824
13558316435281397760
11650540238616074240
3290646143262746112
13841855623213078528
2389707740932479488
15655839691553271808
2644523243013043712
17744805513895680000
2558021463185735680
2802169979518865920
16442355098744457216
7669983316698867712
11918291266107734016
455565913294315328
7783552551083882496
11372697067359750144
841135804820443264
1944056852618304000
1570944034150427648
10243661520469753856
13648263784867299328
10889064406365405184
14595616434347839488
7366399279959018496
12876656214357055488
2096426436276524032
1334557568500059904
5157007536379394048
15127393122235985920
1271719830487599872
17832204962816634880
14902605787304224768
11041088751962892288
4131934093046629888
3775227473230699520
12288742932550125568
2912936530414642688
11762848744478574592
11007347414323093504
3575328262152730624
1094716523510188032
11108007528072327168
13087303682399098880
13434442094594807808
7865600942629150720
1590792357520489472
10471557011743664128
3674722436758522368
12840845693718591488
8031302449276742656
6303226887523347456
4414993823199700480
14342667522712107008
16220460357189681152
11077126465725198336
16818528695303053312
15739459935482333184
12176697167944216576
4916756642737639424
7006905818193469440
12307903749574334464
8140146224058779648
10730261794450343936
13190058155486558208
13522540154877822976
11927348522705829888
16220437519665786880
18356228101669632000
15116301852892776448
11939198034830430208
555517116421645696
17373452882666610688
6352757829813027840
9071209116407019520
3658081306148908544
10323969972647086080
13093734398410319872
11470044195723718656
12006591961330685952
15060260945586331648
9122690403800829952
5706353316797283328
15342941057705924608
11626992036433854464
8726630402153508864
15402757073719074816
12112021788318648320
318163546956204032
954919274720923392
7262693833649440768
3341879665494931968
1083392458330006784
11614532710177824768
8621698493076358144
18350602613171939328
9660434119965079552
6434612120468366336
9469820784531625984
11282826559121111040
10592866843750148096
1027370067945648384
13495384807574337536
5829890629777982464
15415747919176800256
5655887700862251008
15005887239154599936
13607887858920202240
9075486157131014144
3995912107118787072
17373490144513941504
16328574863681429504
5745403767021574144
4078635939383810048
12711048271385233408
7434673171643319296
4875924473277875200
938087400677959040
13069516344748425216
1433314638953194240
18184348734385287168
1552915738706701312
11680144983158001664
6961290035419919360
7876522591979689984
11027367891989774336
6515429228452023296
110927287077591248
2175804853726311168
10014010514473037824
13077629689563981824
8114167586504594432
5632657042505861120
7932355311008864256
14961120306129483776
14382906601046644736
8681399056702679040
15774166179744110592
4344508070532438528
10165880046308102144
1099833296700875904
948505388900825600
4895772503395750912
6852135358186082304
6448868573085480960
4417808696689955328
6722651882775118848
3299944439613158912
16525757610139490304
4000983998116294144
4469430541031998464
8640928682279615488
5551653999648746496
8024866535370747904
4166983025587815936
12375677042864902144
4150153087128979456
9751356781965639680
11027756817020028928
9319737121396920320
17141407260514365440
7074810423379488768
11789518340173641728
5978345661790232576
5612542953659240448
1376112984182121984
13312863576686737408
12486439416074792960
6643779190577270784
6524591012287687680
18153111582506772480
6000697557811700736
10954428394992271360
16480684051891650560
14915741320801335296
1447714623426160384
17705955462657531904
6429577066020760576
4767139960690535424
6987910658188542976
220211078220909536
10309576555306266624
319697792948695616
17973243972122378240
5225707047541379072
12841608912342579200
5989424192169724928
18069749718536087552
10942634251107993600
15088521655166341120
1425215360106119680
13357323645167108096
12283424518886457344
11403097226631540736
9937766645000654848
10024010429094273024
9993173353166555136
17621068110323392512
12116986941117704192
3120987790622996480
16077536660630558720
1726288755209298432
15569907023541753856
13571707087918735360
11393234553027553280
18296958489354328064
2319615250886781952
3225866752158419456
5459551089390710784
16011893797667606528
12362826364293296128
7318110615357743104
6775191728824044544
15917283285293615104
17725005373084495872
3239481771775470080
8504796772958896128
10300074688154527744
18042830832637202432
5832143351228073984
12694319754979588096
15492447178620684288
4377306141524879872
16269214221908676608
3788423371096774144
1501172527167225344
760333710640704896
10733275774801543168
16704119189706405888
17705252796111198208
3807828922713003008
5525136797716061184
7996418322153352192
13904987484346667008
7918339262349938688
6000567802605834240
4327443541056787968
9273849807013396480
12047570645525948416
2405271155200181760
12373264568821096448
12697940189513478144
12112035228799473664
7191759223401652224
17049162608157392896
1475698982156149760
11518627180897798144
777249983096576896
8479936430621463552
16493672092308262912
768201005483580544
14888259309059504128
13790752889744168960
9664556012021663744
14213470539428100096
14515534569063251968
2334506352288166400
12533712392575834112
13967220101667704832
7248807133837219840
6591447086055774208
1326318867720765952
10151353253078120448
3530019330333075968
15471737639751880704
15673397519119214592
12633337931877113856
758454669552851840
8817488857273647104
14863138831977353216
9588730706810679296
15574717714794936320
4720258346478983168
14914955618366005248
17283861993821759488
13001461130712045568
16336723115350380544
15687993268105066496
13705257818751244288
6946055232675684352
4156379339894521856
180307140961861792
12561413051771471872
3615932763000712192
6456712695642557440
2665775262882203136
540123239429397056
16542520327942537216
17053323440296527872
11168515847578560512
3626077483547207168
13701698777922125824
16720431838545500160
9613495327183749120
11781460555156934656
9014331639766799360
7352736576049525760
17872026926850191360
5863662095883390976
3541576044152816128
16620980690989264896
881958953056404992
18255548265054830592
4809406780585540608
18102865706847447040
1847905882105586944
144246792989775616
18266523883841234944
8007744083314478080
7819738876756317184
15821384266452469760
4432631495748699136
5706172658100746240
10875288220881844224
6908045176875665408
10217986343137636352
12240567270815399936
15173670918958784512
13588895083347314688
5031676094955289600
6749862287750037504
14034801822416312320
7847695511537899520
8844924832820524032
11759578161357428736
18162769696537049088
2192191529726235904
5288925025001892864
6093598130886045696
7532792389475870720
5995945338743684096
552640357212091776
5070398813397622784
16796887741405689856
9720041345613961216
6972390454460776448
15569991196439078912
7924179502821026816
11629758609854666752
14544635370395871232
10142189712577873920
13440378022027499520
12176575396667688960
14723003581143248896
9738900207732256768
4825279249350885376
9455408855689781248
13076888264065908736
9178248074341643264
7452262576757543936
4160452999319415296
1832041584437419008
1355996078226368256
14239106412114219008
16669493532759384064
6790596711845769216
8389715200968929280
18027697632933752832
5705061736808456192
13792390409732931584
4587257320697013760
5017095984669506560
7490434166306203648
670955293576608512
6715493691683410944
15593266278148898816
17860469512314703872
4079589985887215104
7568683864215743488
9520331879478343680
13697123621405110272
9748441896293904384
5496048703900698624
12816228017456496640
17080362145883852800
7647796111488285696
14644293025595297792
7353549285110284288
16392247052333359104
5658986247345387520
14888250509213284352
3096344121135104000
1305958578688001024
10651835636248762368
7557661202573171712
5467858757499099136
14068919323934076928
757502637276271616
15031942747001952256
16835410760642715648
14391284323782070272
7676595299434579968
14927417804839759872
12900816242489393152
9455200407415906304
10476057941476108288
4632642349408982016
10861774392626116608
3653586931251898368
15973904381017651200
16456577282688311296
17062714775490418688
6314949567429797888
14745139896267433984
18269468633945835520
14470950508196780032
922573077049916928
886865757030228096
1322283684387927296
15075566075799257088
6703116837280841728
1502261505323963648
18374002363508664320
11921982791667812352
10045810247946260480
13367412599196983296
1431504605556349440
7488835859716056064
2564628244035757568
12264609001549406208
2011524612022354176
2681267105703943168
1202967991343372032
9484522089692401664
1350129976976592896
5933161829545365504
12363125876993411072
8298690610758893568
3883634140408502784
12297348693446559744
13228308435493683200
15183960166679465984
11550365513753053184
16570519476855951360
17957317204834877440
12130738519931539456
18325195075899101184
3035091489685683200
8900565844913699840
7628239928600135680
11542018024067246080
2189048246936306688
14149576198461204480
7805634005243936768
5596640692808404992
14406738408959100928
2856981804644060672
14222075868620806144
4999178411200045056
7429729124863659008
12686945037585928192
10572722595756793856
4928518855286421504
17859451058937755648
2303619474469710336
4544339723802153472
8429517262358446080
13515419306709667840
618892595492756608
8203197122929693696
2339243338007044096
5328575494328141824
10867936217454379008
6610788157902311424
2759818833581614080
3462555663912711680
15797031979211173888
14936515838273361920
14656580255916605440
2760617899527560704
1175489659684438272
2494549372074439680
14099146977753206784
10083124881266323456
1348308622796100608
13740436570494574592
2067601838537672704
17990720115069300736
11407225917954324480
7418710504625490944
3732733921858976768
18021663245090183168
5018477202667406336
11074840670069553152
5253543023168144384
1149831496577526912
1979010419337507584
9408253783480743936
15554620219609630720
17500093942053191680
9825445365462421504
2669646218152259072
6161731609173379072
16352132507856414720
10008814764151177216
10026345846374270976
17672821928790925312
2762619854350804992
4971859784275093504
12060705234838484992
14064462349547112448
10478909139013038080
9059504587166408704
4185799610300598272
17920838113749712896
12714683553753436160
12282713141897746432
8360817471486357504
12910354999501637632
11955689874340685824
11110103723781341184
6003796556687482880
15350406495283582976
14437024480703567872
17880864440079951872
15171914859867967488
10187705021483718656
12476555803544745984
7511510132373013504
9056235726000180224
17670569702205816832
7892343747887962112
4886956885859884032
18259915740498927616
5483067096771028992
12842651044129839104
32496739104852032
8045063495436867584
13465053184124692480
15698242471615297536
5464959685546989568
7440178435969392640
9699830025427066880
14199023091439605760
17977818186877382656
6395807711930226688
8504417463136778240
2290394440654090752
3208285616398448128
16039880167990335488
2429776779257805824
12799844948853356544
10653079101927245824
5349350226362938368
14866687183107233792
4618302996291234816
17752669829952114688
4532164088582827008
4484050261835614720
5413012612662710272
16996062046256203776
16785300597085884416
10110084815322132480
15370418009543182336
938807675487356928
7263581750559074304
7278701369665666048
8750959661266001920
13049055248883304448
15354375419018000384
8777341772815593472
17178602606450876416
12038512827611856896
4729880020121879552
457189733564170112
6755543045437458432
17480561896709728256
4921250710385117184
5501747558117351424
15367790015383056384
15961987960869173248
3556335960188288000
14456433816006467584
11444603226749130752
2144274993954283008
941967320367465984
7314884824160036864
2764106300838136320
15591241220087564288
14540375516189403136
9300303140814336000
17939814733013434368
1989760416707976960
17762018371702333440
12899118467213273088
11385164073570660352
17780818129530724352
12283588436244092928
59212195170126992
899497171300114048
12871613011415476224
12471712102738892800
13081554132156063744
677167388570297728
858542478240376832
17102545720623921152
18180863928653033472
11841672743253028864
3452235350906259968
4212458585421484032
3646766690896987136
74182382716286464
3442424754323573248
8793134166320726016
9808074736239099904
9567052050381264896
10768670817492314112
1806030503215725056
13609037281968422912
6859851931038861312
13106077246197604352
5157639242493196288
7089903083160060928
16794010391985006592
17487745155688816640
5487945824532037632
3344206131477251072
6551430017895979008
1609510494139407104
8479793374200517632
13628804226398709760
247467189592215232
7845500856516100096
10292260776880281600
11275599011775442944
5431919946782035968
7160575409924191232
13708634072474322944
8453779281731847168
3160037514558296576
18151608474321655808
16394129079227965440
12502047977841348608
7186284700798078976
12356648347431204864
16132354803650844672
3923396368977007616
14539159331875024896
12226931562518521856
4414820358594857472
3785559018455942656
5675294676675597312
15003058697579337728
3862008159897943552
11600094384464992256
1534249708035851264
1426294304936067328
14429557801532145664
9208584646617233408
14851991349210759168
8295149991374917632
16773255036376461312
4144483801284146688
4146648946680454656
13167016203973996544
48157126534935064
10813005531663798272
7870662697802991616
14377057637698754560
14390606489105541120
14854821032595892224
2514231860341165568
471848506431708352
1923309600730270464
13555245296328949760
8193214779992010752
6265885068682297344
971169751001289728
1431306699011439872
5609461364832593920
12250103048799223808
3563058161099265024
9782927968386365440
4214796453567859712
12561805208016756736
1571415319567983616
15466905207962290176
839076933083501056
3836419156000982528
10407278732667920384
12108599866070468608
14148413672364455936
6761561464637479936
8201731847866712064
214211494667750496
13527029445944739840
3488956781010497536
9896090711445600256
6482982789141330944
6360919127749384192
8065936684995702784
12374455528603500544
13541987226422718464
11871158105566275584
14271926363064662016
12596845000622170112
14895379353830735872
5838384139799700480
14389212343740915712
13966698407773503488
13808303855438381056
10207901888236662784
17274213901860345856
994385245691968768
18379499831390035968
16393015287189129216
2329378962592537600
9876897184283664384
5913582629067345920
2504559216422272000
6376910582190534656
6023959313704039424
11694617370840801280
7000614221704030208
4045542294352037376
3055044699120132096
5811840979497048064
7963682219462560768
2210658908234649088
755987963843579520
18430738337168142336
12217635910039511040
15249653175253291008
993586373277870336
13431167264035282944
1174922008394041088
8538099263542619136
18408201932595683328
10438974908437565440
1288775701177006080
3244584400778652672
3325519026820475904
16406549827496448000
10361950773064384512
12444501465613881344
12493084025393993728
17479442720352075776
3567087271015817728
7365397270637130752
13652642300648179712
7123696834453909504
5715070259764842496
14067534966585419776
8886937510689849344
8349830434256149504
16708920692411994112
9843806798329341952
4581423939694036480
380718350941316352
15333945916221845504
10563082454781323264
670152067608049792
7364308185511650304
7689544118378778624
18187728881231243264
10488154942468847616
6424416189516318720
7967987621882131456
9695493412864770048
9234592079092518912
14746010510595241984
4000581981127396352
1899385348801825792
4500105877802201600
12954515010822754304
6164434429411577856
18010377876126783488
3317235789730262016
12944955917834670080
6382500970922651648
4733089029148080128
1250583793994002432
323362226255585152
730248114935774592
5378543669707140096
14159277529661681664
12315181348877148160
2889318213187190784
2213052804113703936
1250574307463897856
9401419794747170816
17348790955175503872
1038434323526912256
2231503758015708160
8908037405966299136
6271482742967790592
14503964145814716416
6246199110537170944
7428515408210751488
