13451073321862649856
13715777082512189440
15416340425584588800
6531652140415680512
5867447033379838976
6224079811806819328
7959850474972914688
13981325710216253440
1653843063976545536
2030466985042425856
923682236007170688
5671102175359741952
17605649552848670720
14634294969740795904
3204103276199440896
2781916677019809280
6266767730753228800
6319433089844239360
11269267870401638400
6577859807229198336
10363942549315796992
12973969432784326656
3730058236053469696
1759975530699752704
16178623165096474624
3143234833627475968
11475489863969253376
4676618030282494976
8107291963678638080
7299116819150633984
14328468728542230528
17492496884524451840
16376587865939806208
16578791462986457088
10008749498652157952
14883841240185563136
5473416862589714432
14820996264726220800
11843915013337550848
17928205109625276416
10869813713265045504
4405449124299416576
5429783600722873344
13709572561351456768
10077659590371885056
14417729317446944768
981427650426300416
11058892738767820800
4738076078090037248
6326076827756455936
5045898217131271168
17938383939622045696
13273659839371493376
4397142314996153856
9316647516741476352
4075083104633997824
8306295362405906432
10014907119042213888
1690054939587250176
1063582101777926016
1606546837674970880
14843446512539779072
8321633706105473024
16556936198602016768
3420624119708913664
3410158243441116672
8027861954340150272
13788514108056320000
8008158599067112448
14424046849771685888
10142943910875777024
6372548234209784832
3291567030404394496
6375718923493591040
13511054411468994560
6498698706263234560
7658026829227293696
446684401321015744
1710711847824198400
9338327247565240320
2941748832101134848
17809846020864882688
7451283306972430336
6423722865577582592
15603604320449122304
5130514843992851456
17713012384990291968
671893038792827776
8675990525630162944
5660773853565557760
9936056980047011840
6219736156853288960
5279564636660083712
13442954216593498112
10385712725253310464
5005776933326336000
16808995020367540224
8658800071981174784
1657670464722913792
15067706086022916096
8417074581537926144
6496452365994752000
4374472425468399616
15656800943527268352
1258353701264068864
3808848630009155072
18115254474110717952
7642529202765154304
6973281823567497216
8664480579488113664
13104040064283090944
7481898396160297984
10623073462988994560
11203674892650747904
8997382480761271296
320183148670617280
1641007279909430784
16399839548132347904
6544942436532422656
9554905830326863872
15557877855426736128
11279504832567095296
1505060580346382592
13684942053570127872
693166334166238848
10383096202012319744
7183452034521839616
5877861543899401216
15162005468386510848
12238567952639746048
9214281137732671488
10786721519529895936
9739536502601488384
17995367511350024192
14676871452407379968
13090356927920932864
1066995167285081600
12060751762316380160
8040220051478683648
14615634592103192576
16719381889418678272
14542476348277665792
13888405747892389888
6474319359063830528
3055641113312970240
10449704168297048064
3613439966280124928
9884975618599030784
2023196838718265344
5679817106954393600
6166149240264643584
17712295272128452608
8704995817832140800
1799331452071749376
16483742393755482112
9109159053913419776
14591484605919062016
7312257700166076416
17795443569945980928
13352008876966369280
8050860123956329472
5290971621820099584
11140789053153705984
4610966831271853056
17115586823236085760
6777105973223124992
7209212805997115392
3557870596523190272
9920342061460234240
4881703804259520512
2910266377629564416
13753018874470529024
6819487803773016064
17204704916009564160
7811425636270659584
5946101347439494144
3477294160721721856
9120852214993944576
16361856773804177408
5673547295731314688
10096531434890657792
6982620870378124288
16714519811656007680
8696242197001759744
6347162035639869440
8226368837895751680
11684405773786853376
17345673085424310272
4470129327889083392
5553850646156796928
14602369287566913536
5306678646590388224
10627589313297090560
9934612739362086912
3116594247844241920
13341727914126108672
12992753447205167104
3711567850248699392
13418919136418566144
6957598842537321472
117820700811974432
17253946556436262912
9641217252135583744
12724115244934842368
14934084767176863744
194234051061631200
7970812070331345920
10203620213596030976
16842895834226731008
10101085348389339136
11995216610405996544
18296089893392799744
12298685646234269696
11109523330002917376
1318376817876474880
10199712348389081088
15980974420801216512
11923953647758106624
1012573723228528256
14740960037319966720
12221408057087864832
7401370211547229184
1168362215806397440
8234215887626013696
4881396550678236160
14185598997489778688
3832200318146817024
7467389743630823424
6443020848944499712
16984003035858026496
4182414261468303872
11649245304701917184
11019295453245138944
9298634133280122880
10084256051317985280
716642304167432832
3457173904530883072
9151556213192786944
1422109539261811456
7660215574572427264
17441473845580072960
3696921301504415744
7775050022675833856
16135117588504778752
2135654905261218048
4372277731208980992
14042218173874130944
185187201336839776
11408270111877789696
8077458479279465472
6709402019311332352
2050688979948592128
200433106251743200
4741068911132040192
9581521513573498880
14095485400066686976
16545210145462319104
16964970108877377536
3752595148305302528
5872217907246942208
12320324893472704512
2501797492877416960
5717232931240568832
8976555804868712448
6704326838860870656
7206929951830132736
9079531999852240896
15032970283650934784
10138232511700944896
4549881438622498304
8706775735871466496
1341720911475052544
1189071473721735168
14899900988942479360
5118954514827016192
9696095814551961600
2803900790194088960
83854965286917280
18223277330868948992
17411436619724480512
5139465251554676736
10770827007098836992
6738340561575918592
17448902705078118400
16562476598481707008
6368608435101423616
12938841871339614208
13746470998223388672
535316594770918656
592569682719638016
15840624002314776576
5868926706786816000
964302156771975424
14895475541075755008
2568158197366235136
15070786338070222848
12122306188152784896
10889380179260741632
3707651141463152128
1273303420219934208
11184415375846791168
9281661309482217472
15937996619875598336
2460827325158739456
2090191898061989888
1981942693414851840
16007843724040822784
12099034840969703424
4114615467645979648
13592131842793623552
12070168903340437504
18372110805910374400
1590248763121797376
17718430352089167872
667637099551943168
15819597499052593152
4802460233520742400
5465440552351234048
7376133569960160256
13082816780692606976
7002722321567697920
15806288003426035712
11607732693694980096
1765871135021415168
15310383328922034176
11812344174926639104
3142925388275628032
12854375350600353792
18135326725748281344
8763641062121861120
13508326019724623872
10578622837921945600
11799118385131743232
876483736997959168
720731054394956416
6068975969547159552
14276694613052506112
10147082042625986560
12978118557011671040
3447086166004329472
5788460657975735296
2249694358049083392
15797629419515459584
13813170549668268032
6262475968328077312
16207161246718566400
16910294607701899264
13871286836767713280
18028338179133386752
14223527945092546560
6590785834748945408
2203129936321373440
15010184569027747840
9869632092212453376
11614318773573173248
3678647776936537600
760197707166383872
7387521431036959744
14001377528238737408
9318676051051538432
3770912411097040896
10670268153758119936
14426923476458010624
432526482676513408
15007766659015389184
18169706602116272128
18084048525603373056
10786734455410657280
4392674020838224896
304115832641149760
17897365986493607936
11368516852195426304
3752757165252215296
8155040838177857536
155817404185416768
5674167869590417408
5982817591033611264
4417122135955354624
7407386640860428288
3825712740622056448
1423306808302449152
976915246511570304
2311396989763195392
13622395798294013952
16913457511015792640
1752255439619046912
2023075523647086848
1168087073399865344
2570578058751666688
11813283183067934720
11363952922431510528
13890643676871139328
1016728519528730880
18376605375419121664
5857576063120859136
9213433584371856384
6580242036666692608
17865675948518965248
16385540103875708928
6147381732151487488
8216305305599375360
4361177899322538496
10265939028269463552
14488428899009341440
14104569462770851840
10077250492296599552
7789833317564198912
17603771811817560064
13085003771857225728
17080356440680822784
1590843241761698048
14426720993599934464
7794605500188635136
17258508236652404736
8108526486332597248
14601042661547458560
447402695275337472
7510656353148075008
15569674528489334784
15128103471446106112
9525820072995098624
2590942678453797376
10792732329786619904
12262820587915204608
3628036309793314816
5543756574543943680
17983751492446574592
8329241326573901824
5509740395002744832
15383271499970750464
2061558477783453184
3949456293447907328
10630756521970081792
6079387621881520128
6803022202946673664
8049868185943086080
14452319632528455680
8533838102682075136
11559511945229875200
2966419427817878016
15154963031892004864
2156019947807683328
15320419475382202368
13751188366951800832
2277711227771922176
16222071024581568512
2306830302410774016
16961948972620746752
3147322494107385344
5814091671001525248
1263164495157712640
9288850302104739840
7838315935628387328
10691552464751292416
4122561321814427136
526142602966349056
144269993754089280
1108736182178121344
5001359594667278336
9173195785904010240
17588107208900313088
2382984727261367296
11308701678840619008
15376995857715185664
4082853092671187968
11361570829287487488
7691104749127644160
14380252409532852224
9779458531103401984
16006535463681280000
14986762425124177920
246830754486239744
1774322518729815040
1691866719133453312
13666367181598107648
15914322981461252096
4866826593677659136
10460204205582030848
5264852038045611008
13696764813335468032
5788974612522253312
1571412217336615424
11587716021236338688
11426467677435443200
8418358373120264192
16435564346162087936
4792592205861180416
17864072571078670336
14146020604126900224
17703786246707154944
15332990039381268480
2883260239936845312
4398409427428051456
3017665792109297152
12352191152658628608
2672684910465901056
1908855276278696448
14975752237822535680
6967343950524507136
15740215153394167808
8227298951759159296
9109745560421465088
3276277129938860032
10860598501826134016
11768031479736793088
3116803044410135040
12912843139996735488
10120417322238486528
5091742720345724928
2127891074748623872
772191779867105536
824849781097087744
15262418758374289408
8596693226210356224
9408356289689460736
13057599359696445440
12559923413289502720
15316864662423832576
11831593056770222080
5022536744458638336
255854911226759200
7225568585752057856
2612603140179899392
9997272649480972288
10538226342301478912
14252157201890852864
17405161278715150336
9947979559225872384
14875842837980047360
12681848168321153024
5629020085856388096
17775627233654317056
893556734856920064
11567753246797010944
6655913942971684864
9435484697583945728
12356079337457899520
13736945492784787456
3327259175637983232
14147635012868798464
7398851091736323072
6100804280893770752
7526393300676870144
15470374878799003648
11470443098751096832
5295870042548172800
1444190268362815232
17440721849344573440
2777938612111510016
2401625506672388096
11639243534433988608
1746751679767913216
6103275692720161792
14969552267245637632
3743978429120259072
1790086896365419776
17668645416614369280
3950429632410962944
3653311070680172544
5344185552148966400
14803279613658505216
5871264299784674304
8840557375232050176
16574353419194806272
16667237627670142976
3105816223050912768
13094810863071574016
10216690383751702528
16874555882601961472
110154830893492608
14436489615363770368
1747248897813081344
2687696207465744384
18216584252731383808
148174213997460512
433143529206436288
294379504124474304
4721538471378443264
17147349069855012864
9477440915005634560
18197456383353581568
13814789694595700736
16833685045131642880
16552666047338909696
17197361142543638528
609055370437228672
16954550410208948224
7031806733785689088
9320272729281421312
14404897208131076096
15567190121617453056
4124830297179947520
7924720419964905472
2335629486814554112
11652626104419921920
9687000559035742208
16371370020641384448
6265353693279500288
9364207311046209536
14952471017021198336
17890322157088712704
17407740482499414016
1565806959968628224
8518535222140080128
9842851328084281344
14983051044874799104
15149051135538925568
6973704023555713024
6542290526181709824
11546486790995369984
4682358498137768960
4218980202430608384
9421507816116072448
18236182753384988672
16871520572093392896
15893255962697222144
10549014593854369792
1645121754365039104
15940637475314601984
17342672316833015808
9127214897292355584
10714388373275123712
10235313327452141568
17681282794370379776
8616701033621690368
4611354219263107584
16223645332087986176
7921104509061936128
11560489226717435904
3974165594376894976
17935748738396416000
5026376499046551552
13282993504077438976
16903740698330044416
8025013884238555136
7296265413823152128
16430894979313383424
11007304130826807296
8306077050932577280
15553852794297274368
5468758962668181504
2303123098831808256
5923128598648278016
14580016123649363968
11167797350823333888
17323082509080055808
9907930170642354176
14117194653160896512
1024835495405382272
7482570875062576128
2192576207558144512
15725504178954156032
15079491808959389696
1452173566967586816
3903470531953840640
11023480838614568960
9763589122807740416
4592435917511132160
16702884938448594944
15027630073507022848
10646252083315580928
12147651667497115648
7786956736049161216
10149691208808974336
13875721258914723840
14154450725412276224
10078707499582928896
5766291662257775616
91269350443486304
10408358704194607104
12781035242264795136
3756589709306919936
3453775646764458496
3023146410468283392
15937687453010595840
9075622105571912704
1379692657485728768
1006472188684056320
14449068958338961408
18262006567818326016
17857116559313270784
10389321997800697856
7948288617016607744
18280875927877152768
17636813782936358912
8589573786920074240
7541587912981734400
309434289013645440
17254357615700373504
7121840313256635392
8189057147938440192
5539773131991639040
424856883954773824
820510881527745536
10730838828877240320
11932543166711570432
15811142559865704448
834507788398668800
5105748939693885440
6062089517274844160
6314655005959742464
1324281263841055744
1566132380295126528
13578111788625963008
3958663466394816512
4463193049033719296
4987589278583360512
5378847402139671552
17183700662058348544
4668862129010888704
12205193317936115712
2938219353203054080
11414891009016629248
6155012055225089024
13040307791456602112
4504875940872180736
1233893607113512448
4506573646625985024
10712767338640789504
9192479215844020224
8043164136682643456
11794069606700185600
5110649515282958336
9702998107700893696
7048658554980632576
74920910784110192
8522384581349472256
15353608548548366336
3861858252114096640
5719012608383705088
13199759271246336000
1817104736850588160
17816769975838347264
13730071634043303936
11263584626767273984
14140387058187175936
9955560777676599296
3495629413745710592
6754175006522650624
6842276046183732224
11676211239304656896
18264639812973901824
12283724509549914112
12740123420782809088
666660461976115328
8988069892712574976
14952522511669303296
15875854481029052416
574251904961744448
10647515801577836544
11185601988445222912
14582500965357393920
1806868384156069888
4987215022127720448
2963199955606055936
9922531776680882176
10850796583690473472
1965829202085983232
17312713493696546816
1875583548433777152
624992423008792832
11204482123806140416
16045416489961881600
11800277216229193728
18379402478999574528
15500568516329060352
7764684612247569408
14643567690455928832
11662568556797347840
15587979137985980416
14166080843790985216
14744354279111968768
4708354807612567552
2927867685561885184
2460614906127664128
3022437212690938880
10965119859724197888
10314665704183410688
13086785699911055360
17200618043275874304
13161215068751169536
17912610285218273280
8983645640581408768
8301009895752125440
14769346534460293120
6587333694596723712
9990838791526010880
2117940805148372736
14434030844398426112
8162168217315942400
4638864949908477952
10650851906642092032
1632826398514384128
8747286151320769536
5844255056869076992
13117406333968490496
8302604697090323456
10158830747190401024
1463622841433316608
13175650337676423168
13280224811190798336
5120139660126338048
16338156276215287808
5655745348549666816
12109446981302898688
7776230434610445312
7564506263544027136
10408540966723569664
14102870299519416320
12633940930271617024
18275886709747582976
9654181070418706432
8954389224047355904
398568572451179648
11588472138863169536
17533069270002679808
10040260489176776704
14824957090337658880
13089248279182665728
16623645457041496064
17026963210156519424
5322221742432209920
16616008977623719936
7161097424125146112
16814042789489844224
219761178148941536
7627020129024004096
17091072608939524096
17697551793757804544
11406361268963713024
18246477852486483968
5788812557517315072
18221628334059309056
2178281999308881152
10969020288852101120
5357031076317579264
14895090451250262016
9921471802211780608
13994837854093295616
615875099305332224
16068646525585948672
6829520431309359104
6305662683809662976
9707744974638344192
17417339400074403840
3463528545407113216
17798129227595251712
5353526888751356928
266000169300733024
8639824334408087552
5097243174059428864
10539589780435474432
1978750401233797376
12889149761979557888
16115664752508743680
10439660570244839424
5957831725274436608
2023163953396261120
549429842918061824
12334340077095546880
1192457193657640704
12168872632205944832
13207260865288482816
10557687407796240384
6308142929492243456
6508791452287382528
12777985954671388672
15112214518464229376
1993642009036487680
13310538800927401984
6448665106353117184
9692389603732256768
2468919251772897792
3654380160881340928
984836017563261824
4345500653050770432
13515921485795067904
14896988512795443200
8078557971249462272
9027547748072141824
16373558067474245632
8981744897592500224
3186973898934767616
10661634820559562752
15490613893239359488
3205702181444245504
14712034346219491328
11501348295949772800
8252880804897903616
3859852159154029568
4530867194424699904
3696369109764951040
2346534131451090944
16749232616484497408
13044044816163545088
946039038564194688
660636422036408320
17857776987690962944
12434719734162300928
17803336585297713152
12771041233759158272
15527020248585172992
14227621049656479744
12783830015618068480
5622626597134157824
12692231357863499776
13948521234235426816
1964312056696457216
14199888564288356352
5912295872188032000
17281810236620984320
11443626851190523904
6561641024222191616
4225632083214739968
14045034621785757696
2885929273581958656
17173320308481161216
10378784887170154496
15451767304645595136
215413422464911808
9156116910035603456
15455279708244133888
9949207212394846208
15002280438794414080
9572826071314556928
7034632060337203200
13729332983245957120
10812726064956188672
6277990208142852096
12090188992920670208
16137360471595872256
8634720263734565888
4609133703120947200
11331438832073756672
6012616792592889856
7137666558554689536
7516456301749771264
14318439749864056832
12741095514390251520
16922963139887495168
16443896156643196928
9479319130691729408
3294938841364204544
7180532219986857984
5039187623169661952
9438499977836533760
7734037697250661376
6354877435466264576
15465591122594000896
13547108036944773120
3292896969359094784
15786202946412056576
16338100461533968384
17591803534569730048
10588912143438925824
13976613260810147840
1698676352196232192
391285378073330432
10714052794444386304
9480989057109594112
7097163948931897344
9171789254698231808
17461260076057749504
13556720137361915904
5772391389857411072
463415669260931712
3509027602771991552
6312255918154883072
3051275996481230336
1716112810980007424
4129298951307219968
5420154559864118272
16383049880039372800
10912415735432943616
6998745383720246272
12522939156005953536
607718359170815488
3710136261320366080
149773854934470848
1855267414022943744
7995057904201472000
12443469153263017984
9966037943906811904
15452147622237022208
7564056031749745664
6903131786716255232
2240447381086482944
11639535057353525248
13959952548457502720
1415842092044141056
7867222128363529216
2744170399318650880
3229320979406055936
13393937228115642368
6049749642896972800
13675449720095522816
13240602566258786304
12946359135831203840
2703315525109169152
8841413055627398144
