2691587685069907968
12657121613001070592
11558129528070928384
3970969709686734336
9650411654292684800
17776788936381976576
8527492026703768
14748090379317686272
13991515073068554240
8144960565178087424
15589212209707241472
9593278363067267072
9572897166869211136
5046311243116346368
17905761566435207168
6826599654565998592
12921230507717234688
7512282019549825024
4649490370748911616
7523795863614932992
12591994731378681856
14543589713923121152
17260088388102893568
12272399448082448384
15943262612451305472
6134158739665113088
2027326909198811136
6360379597929949184
15306387624496351232
18133942407256895488
7545393030582098944
7376768235291497472
7591539281976940544
10198506999387045888
1422782459796605952
3804681758454561792
13537413829376550912
17501838997767985152
6315647094063537152
8821976573639676928
7542938890824745984
14025706573181208576
16020386900102422528
636116438072232320
3442347526273361920
4097739164165202944
11487090962769782784
13078269682537914368
11902705704057141248
7398356888722874368
13734881943973490688
17391657597776607232
8832672913146118144
6380477383770258432
13476109033404749824
6905842701223672832
3334034958738790912
2375722544714420736
6943741749237367808
11154609083376828416
12564155604377296896
3904356393004640256
15445948201074999296
3764189894502098432
10927872908468097024
9234611347597244416
9631654761217255424
1959912224552345856
15751916011359619072
4607608670349340160
14820390718636484608
14479825426617378816
14777551968790257664
8111227096584780800
3466580248271564800
31882246506888664
13308976726833580032
12578965535484254208
17992460792996532224
14850843867788550144
8482649428637191168
9527222901627072512
5138224709280972800
4115855049094709760
1025953124318002944
4673288597180900352
17500594905932400640
3718194352275968000
1803211127164701952
6040034256922104832
13688347228467156992
18098220396105056256
13513819369495535616
16911036259792752640
1241246827770548224
14538768576469686272
12130944289446316032
2992375424935485952
6134693715249627136
6493147150334512128
538550307713599744
4116981834599778304
4168439856963632128
143352990549248784
15980098873080758272
10563100207711680512
1986615562425262592
9473843579414962176
1315473268492766208
4349630246697279488
14048905119809273856
3912781437572669440
587412125694097408
16559956527990413312
7416416913736724480
10810788518012723200
14940043193569597440
17832483785944373248
8592071617237836800
4197984401659767808
9813779049715167232
17250196214853459968
3459446475128582656
2095008412892094720
11425077975318847488
17238012718230083584
7979966313554506752
13633207216454416384
13540456709177395200
8152158211258842112
2892135356954769408
14545215914528542720
9185974547863274496
16455465913365192704
7945024192286879744
9551324605423953920
4470245057225158144
17154826563809431552
9485250462266210304
8790355087434018816
9535670270837424128
17775361344995436544
3424686118745912320
6709736944770010112
14629123385765533696
13335298161360259072
16079148968659030016
17925653080102328320
2635212800584040960
5716332468074398720
9897713275247357952
14403667961712427008
3087859956363376640
1629852868709590784
11308391682777024512
17303116430983831552
12648491613621485568
10022792958950801408
3381452972445999104
15958695770387247104
17646695093139001344
1815970804827970560
5916160125078386688
3563703113980336640
4425692185203726848
2107104849293491712
11349858941942648832
2135267847252418048
15804169357525270528
15811611174845124608
4514383711678715392
11409016176882837504
6509564858259358720
3346163226956179456
16935958104904318976
6847444790883778560
17857027956742051840
8311028335453616128
10420017077645156352
14196348142205026304
6103887363947520000
1548902357639429376
6076965570926015488
14851841385717807104
6960759159875780608
5301546696976932864
13618331797996677120
7613100860369845248
8240998714361530368
13581309745508179968
3777965124259686400
3115486212911236608
16745399456628946944
10669819620811511808
10605353469926045696
15117723789537783808
16621059109509554176
12979618896842627072
3210783192601471488
10255168660548939776
14924302280729864192
11759139297471453184
12580380551496056832
6427959373065833472
14451011810129029120
17250571479865626624
10360905228368842752
11136407579427801088
11382079446035126272
18266567216882880512
7335358471534134272
15514530275074809856
8867265348777390080
11072633078378768384
14067407432519419904
4143089200946768384
691599420223806848
4975474565233425408
3818045207722594816
3597181152655755776
14205564799890698240
3113428624043449856
3108929900823872512
11860403288708302848
56562350419110208
14960245818424987648
17450227105825441792
3772934802849666560
5042011925392455680
14628949144419676160
1822127284831535872
6792852250170136576
2070145425587979008
7051950685537860608
10341004428829870080
5458735411719032832
14182586775303811072
3268499915648454656
12589987671920566272
14749418905879894016
15720058672854372352
16857677236336062464
12048395834212114432
12425270855470913536
10398446936074543104
6575666721674242048
14164393882094106624
621574087823799424
17182998836439529472
8181659011626716160
4499425329448499200
4768175070363611136
17530429128036485120
5787395813006281728
17134918750674460672
4067779050134278144
17657969918433859584
2408528972507195392
642003193742904832
6090272026697485312
1620958437518979584
17595638499094439936
8822519838450578432
7992710289869646848
13573920090034972672
9643183035210500096
15634409254391517184
14118177736769140736
5972380076755354624
10370050113175427072
15830467455150870528
18156678845145884672
4733271179326739456
5668787123629718528
5717527710734023680
11900340956657522688
5254767038687600640
13296843393090758656
10075862835508058112
15359438165423097856
16828128248375203840
13379548716149039104
7396066341818363904
3474952107394778624
5904351929147196416
9748421187340077056
12743821210617862144
16610150379919544320
13040150624110856192
11668940004909350912
4432757578580567040
11824646344223203328
14287200729752133632
6954446019776698368
13723733837451638784
563868798610675200
9951311719736690688
3997977043281505280
18425120940180627456
3419558524533140480
12962188902097172480
9874758443155947520
2267673363580889856
5463477205186497536
11128364943410604032
7598205638012585984
10076394141630867456
13820476328109645824
19331203245412572
11556448829761853440
4646116904401120256
6646776509169063936
15159942009038141440
2315576074810352640
1176953247532253696
13624596214426202112
1408349529740109056
14514315651206270976
13779743938470860800
1210999731754909952
2622053871712992768
5640517974188326912
601779027553165568
377816367731587456
7750991206134315008
14682859006842036224
11847456620427917312
369277650997774144
1391553893622192640
13544766744701194240
12165782999736315904
7559284961503800320
8157049756107181056
2728344251046142976
10033231569723830272
13216102202398357504
11730239286287618048
11407274776573292544
18309038378826223616
15479763083761731584
290313321849563008
10371074356554240000
6758409882686686208
8703563594467663872
15059030552431775744
3294511212540243456
12291666460777011200
9308780961961918464
6352708821350021120
13202381765411760128
3604597361057521664
1829896049245024256
6836284208933310464
5843720364706374656
12665862401039632384
6624797962266133504
1929548491619355136
8067225826826103808
15676536927889795072
3325297703763794432
5056781486448712704
11181671952783702016
6529647545522830336
8912124280298615808
2233388000518873856
14537364288203986944
304040160277237568
13623148964959657984
10957440424492509184
7335029090268664832
2217162328296221696
17584538921188884480
16272727254104250368
12154490106180831232
12325992345383845888
16952588274226276352
4400743343265390080
13668495443643881472
3245466119245361152
1230983404369870080
6061313188409233408
6459384378288434176
4028498386630005760
7814568021886320640
9046508261840366592
12354504351963744256
5070617318012139520
7359548473594274816
4306282714569572864
4636021104021687296
9744826519899320320
5461913081906308096
1428779923979791360
9444882147818555392
1282428012268340480
2642336506752004096
6731812677084801024
17189698990553430016
18064471286225586176
5174954212493336576
3326884155231169024
16345761484808472576
4215950788187139072
10958000356336025600
11066246526636140544
18392377675742267392
8669823958065740800
12625388914199773184
3808330156479917568
6066973301691242496
5102931799453419520
891416868374434432
10726937844813096960
14557830632533776384
2215309790490356224
1098399798652119168
3768362932733784576
12343497067032719360
3224820518072147968
8887871449348015104
12144773477884338176
2054258548716039424
60856938519876600
5255444760028926976
15702279290482661376
13287117561518878720
5381116692025274368
1312834248035600384
14556000041571850240
3888768943543111168
6751894070349168640
12446926419567767552
1572164394187681792
7193507360923837440
2570027529182881792
14122050463848699904
1620411450357918464
15013210616069763072
13476630995081330688
1119859569608105216
8759886373397171200
7872644216357082112
2437116253263010304
14608931476424144896
2512871559687710208
17286543053053739008
16408217746825674752
13157953427738775552
2088058459507167744
544450353355538688
9847920056612022272
17332338346852624384
11624080202601730048
11065398064149374976
12371085031932379136
2321294012599691264
10067119704225579008
16867039938530779136
14063705744512063488
1544202427245500928
8428254648373255168
8083278612929987584
14498348171398395904
9501118278050254848
8181834496953792512
10069846830464421888
3494709476695872512
11067540900232468480
12008364798347495424
11500577725918849024
11250339390149193728
11473797402756136960
11252224924986077184
9219590222384401408
2103440451707764992
9059576470068363264
6038704698752229376
15198342667225802752
14317014441528864768
14105433617105397760
14571059414466619392
3406353183343453184
6180023203196289024
17265652591950831616
937638401851136256
4997652579391042560
17076405310271256576
5562326139568199680
10482343351251613696
3811999406966970880
15162579163164950528
284445085332793312
563995641594528512
5801157288187160576
1747590956357805312
5595427253977044992
12592327211910213632
3123605512255987712
9271745972000376832
3735064038340104704
13532007173359142912
13482965332188237824
13456548669669611520
16333711147507511296
6294432720691720192
11618513570752471040
13016428648829626368
11880672200003983360
12310933713913446400
10657351222333011968
878274669029234688
10806065777595652096
903232925091481344
1965948576796482560
11954834833284061184
15513846512671954944
2324613752157801984
3735055527046964224
1136564410102157696
7555207961404736512
16079813720491450368
8782319369948433408
1640348329070710528
17939004976568139776
5471805158464012288
7170638118112944128
5340825697560055808
6574005076797752320
1543812067620043776
17997823967610339328
3876014694130807296
982736917649740928
85213878546239856
15005122972772837376
9651782689809332224
830131525849135488
13950672210169878528
6674168172236304384
13830515443706787840
3177594252070033408
14320393270540568576
17683917379488391168
16233423428859142144
13230918972273170432
2925946819564640768
2498902089932346368
1037989279669738240
13680111448095293440
13238716778825172992
15889353601768056832
15092151483068246016
7552461713900199936
4065511621293415424
10631650276178532352
1194150671762381568
9510653091270739968
16626504694455142400
18076401467124226048
5417334123791740928
11355844296562315264
5695222004024308736
5835445111009575936
3192892559911351808
10547201522150090752
12472570049563844608
10269703127398295552
10622111050442901504
14194106497839431680
4961424068010485760
5771761449394527232
2066985939679817984
12761403481239896064
7326995325275214848
4427449946074713088
9602104269622814720
17830790408377815040
14415431814534369280
16641066928793094144
9791609561208928256
2915406967981355520
5762841471215616000
5217646195275826176
3454681712745772032
14068146311745794048
444048005157217088
8731916034325925888
2971710552401183232
16138580159815104512
17052745123631411200
10440110985185103872
5861386639550009344
16021953313056215040
12389566036980443136
17751719078920900608
6210130587487305728
14410982596603385856
7425898480906895360
11804524379947122688
2437134225442459136
7364375897435283456
18252467503701962752
10125630063054559232
12901680255764326400
4172753764032936448
17124261097670174720
7962256109658697728
7620144245786859520
4935900857532179456
14994871412417835008
15703179637375166464
8416347779111184384
15663501063483011072
15573545064854110208
12708283957515376640
1269507592860995840
7055300020881049600
3631609814550758400
680912477925685632
16100950670893688832
1728324699289682944
8070142184811751424
13413601121049769984
1169259659230414336
13818570789122846720
8992353893404029952
17413445545308332032
7987324109322376192
13211252082452574208
6378825188092923904
5484719115979931648
3144581372820484096
11652505594242213888
1444995338336327168
16351675776526186496
3021329160600344576
5247587085026167808
10295093129891907584
15486508905073586176
7075299401735696384
13505109797439631360
1637766181883205888
9009451709420978176
11990627834576326656
4939774135162194944
13554473292739313664
13965118506001113088
15453250130293524480
3571125140075204096
10231742068534433792
1574290148260545024
16069598308306731008
11031482808153395200
1052164620738864640
4433208230755431424
2372724266373709824
17198699077223264256
14537407155552624640
13073387165892835328
15574165428726251520
11456110484898373632
17880158551513620480
11651427500069027840
17928193998055364608
18054153113950730240
15523568684712361984
7989627620762672128
13972944398878803968
11144268945306152960
4855720386762010624
5155425287145705472
12424238945307936768
13681600210650355712
15752147773050083328
15096418617737811968
9763261583870900224
14799355530977560576
8077175046357505024
10158302811150219264
14449146356161818624
8798151855417478144
8932891910037452800
4266631783910177792
13852972855250604032
458398420139319808
13658768858310234112
3809161805013577216
17504342344895043584
8177338028103437312
8835388709815467008
17614293807749308416
5595624191383097344
17301981518584709120
13284103950415527936
6052365683518793728
10807020343172257792
15106897201642565632
12607527759051831296
4374625372797548032
6745963648906861568
3977163072105027584
10000537722486956032
13351057551860885504
673551034788305024
11805477698838810624
13717274378395095040
4342788024765676032
3855477492543280640
12681933454629322752
2402664048018962432
611816970633788672
12425616911502479360
10452904204716619776
13358727925377411072
11900585264507850752
14243780906777026560
25955073942230500
9137320082714356736
10910912040422955008
5167940445785758720
5488008547336827904
14393950818811920384
10677313086496993280
5367955430487326720
4445655240470780416
18028993489100525568
16156461652675915776
16862059752547889152
17980496155418200064
15694070645015754752
5240681078762188800
9169357587259568128
11468739262417971200
7850160934002865152
4367115910008062976
3001702953161401856
9797973103750725632
16468666748626231296
15186925144151218176
15310800745638998016
15179313601247623168
936026338259101696
10982208040551708672
16042192657179394048
16001142757313521664
7939159592572177408
7601949065379288064
8193132746038283264
17815101373471070208
5650424688895561728
12404061866117724160
4440558280527507456
17351785235370334208
12223158279786616832
16374142458190096384
3972941989276235776
5406221752198953984
10339027718124939264
9705019630480922624
4328055298172243456
100592847776435296
8141953149567331328
2455163295524290048
16215848616366864384
14790457503894292480
6109010045664544768
3965434923113349120
688207324718987136
268747817653012864
5477053017075818496
18023759734790803456
4484519681556866560
14463495273216659456
17604846711879710720
11451193731037347840
18331262006617927680
1887474100642149888
10694632834553909248
6781587678363884544
15107278857212332032
17415091572890281984
15131144842525800448
12671082534776119296
6883166140489059328
2539788719181656576
15485314440330745856
11073371765379745792
351754750293023360
3002914681899018240
11254132420209289216
13189946118813652992
146572645725522816
5977674098197041152
1023765871198464640
17264737350699225088
5284208189552993280
2443950456468478976
1480506533064180992
18289568483289507840
4678337908571572224
14324992451994892288
18086274625728399360
133172790697646928
16101829433660428288
11809024772699219968
5590637020696451072
18148558435617830912
9148554510315379712
8343668922828707840
15523682231191046144
15541284083937110016
1450557458908441856
12916749341423925248
16172335185686566912
1515448903742776064
14251843878752354304
14086113151946020864
16581922907439654912
16439898705625464832
3257796244341604864
9178286312947278848
11588249660900323328
18391644878042101760
9800597774670333952
12091187028369643520
17178441748015405056
17024908567553992704
6323146690708893696
3394692405610579968
13076381908731183104
5644361120257956864
12877585233399277568
16438127601403398144
1373236211568830720
4453903607334722048
2271544269285023488
12909828463604797440
10102261172124487680
12907458480058644480
15588870489921521664
9544264959389353984
5571312553845960704
15897738918583625728
11151080738745440256
15394961198701529088
18268219163271485440
10781273501688535040
12776611436274722816
2382750913614726656
2520480220214394880
5334386172028523520
13471923422721458176
13136001362705864704
14878447658113587200
5802016963622438912
17912761559245555712
12244219138669903872
16110650549264316416
11361819539737640960
3929346288555182592
4329037746670025728
14172715089041881088
16177342449835003904
457435437647320832
10424505485345257472
6406951664421049344
5886577974406057984
1592381987063846400
9135867083569246208
10696407130170697728
1724606047476165888
15718945348675512320
8143388997031118848
1714278202883332864
10236807548198541312
6880221694438906880
15593991453449345024
3567488106195320832
5517535506632209408
1638845108257180160
12789716746617640960
14562206055749007360
3356868586207323648
3499985352965243392
18007485101115648000
10642136546840225792
693980770026000384
10059446364197083136
11465606775634630656
4736522880464492544
1411104656561950976
12692767809164730368
12355576931884032000
235960331383689568
8440760001273266176
3902870927833030144
6087501857849565184
12198785174302711808
11656085589417142272
11142016071764561920
4948819335103900672
10612111957282228224
6931650725084709888
10537904742515118080
14139992845747767296
9941350932628502528
8677057228857886720
16156593388315492352
1697822765429099520
1317391358843620352
9451519476595808256
4154156180566288384
12709078321600626688
748406152545762432
13902548793242286080
18350971922348406784
14305632293071781888
5107560860982494208
3427469638569158656
5873269094705047552
17027843652323086336
9739074660429340672
10747529958605762560
650735066256679296
6455769918128222208
6170967422195050496
13994296393847164928
566832040829335488
17669673971798710272
3762062753006033408
7464348764346580992
17405540431379267584
11961624139789234176
11896461431457585152
16425298116495337472
9621847118836232192
7643186693030548480
18103531371364964352
12203418145833971712
16086735600448557056
9082983983613179904
967979677282271232
213515807959005120
10177901426523406336
16698364355040004096
11967032579023949824
3657286801331915264
13829434063905327104
5274078642155853824
7982690046111319040
15394865913130256384
12491231640315133952
13928257135833155584
14180375753814290432
235288489049476608
5958814486367381504
10877017901501294592
3768062091497614336
16648006212464001024
10031327948919894016
15642159171387383808
7252246879743537152
6505706040539341824
5990207658943575040
3770887533363274240
5222332593942952960
12082095413712902144
13228919709770113024
7796129770931685376
13563853021384888320
4018379084983414272
13932170148098570240
13232222296211546112
11739047743948011520
4169279077865260032
11287658034473857024
12520916724143994880
11123818368397418496
1363926378212071936
2611998334019576320
13912401039618211840
15029931587305611264
2586456832827883520
5533461332944505856
16777561881474445312
13942955134744803328
12868889411134136320
1812692431597882880
5053398442808103936
17284287031963021312
13281091047752400896
15293449251695755264
9668718269985617920
6501691193996046336
6000355923523795968
15620237487811217408
16002714527465949184
10553777818500700160
5309284975591686144
16572771689560428544
5338022527919283200
