4116969918216987648
571445585989453440
2860498196637720576
8311448108302009344
4914670087091717120
9715539622855841792
7060818037728149504
16950935378975969280
4654630205647107072
8647759906292663296
13846146962581915648
8743030898488779776
13238119222048950272
12010902404269846528
5000065583126450176
14934572393359523840
17161699921266624512
3782082967799732736
13316749803162347520
7282956188597082112
12597328414839070720
1686180941483144704
6556899451035652096
11105448228763023360
377461744888411136
15764987979200415744
10536483795250933760
8605326156999519232
5561064480858225664
312584418937539968
2916470095097300480
4192453596570451456
7933607459675810816
11280904672757059584
14828159620429178880
13121843621056927744
15071801191287269376
7800036171120330752
3662659727957893120
13645540183698237440
9994329917835677696
2843447354501555712
8136375546379064320
9124854187704623104
16609666861170841600
4559674480974156288
5469859365623347200
11450177190204024832
10736865615292102656
18232670275216386048
8931560348678526976
16142487833978447872
7462623675008087040
3527573646325557248
4125898117332659200
10843766261791797248
8278672006843059200
14979002349307598848
9328067320415795200
161941880098473408
9178870192778529792
8339520813092052992
8052410749251043328
4394446275108187136
15064105273815861248
4717266850195167232
7350823409555009536
17115564839314800640
18184167792502280192
17820495746384093184
4102378913477486080
11864653946075074560
2719767251741924864
8669576197187072000
7732011148669483008
12576569392982568960
641233145529862016
17115798138642714624
16348827640242888704
2178648143202397184
9367655206238896128
3780606440148381696
9876625474314430464
14464124074744758272
11997629536617218048
14148937931153192960
6991949552066843648
1608417298670678272
4989500674467271680
14645155116550225920
4199520118861889536
9022021406053507072
11874971582015002624
16311046147415662592
8698405366200324096
18395964324921624576
11644766062009743360
7041401323308807168
7125554034930229248
10023650675511083008
8533487380288328704
6363186576309427200
11592873276960327680
10571884040555507712
8753787822048545792
15965789867693932544
2430723185054597120
18133358696569159680
4574393330561214464
4563358336142303232
6252956142217080832
14650946392624859136
18173908743939512320
9982268058905925632
13927590021302538240
83360738242803232
11371788410148874240
6811308781903931392
4854876458191962112
3535804582439805440
8431846754746409984
1478523676548101120
40458289861020704
558186555038424000
14558801586962599936
10741239790477834240
8585913768381214720
3779147255289586176
9689881906587547648
17080703597638563840
16353669076300288000
5957352417655406592
13389531423243536384
14105950428441561088
15028094518870552576
18154209297502697472
1641229630102323968
15165448823672899584
17481551240620265472
13260456028100374528
8933831528860419072
9302059023979550720
14236567610335358976
9896375433078863872
5721128809034975232
17214343460208279552
2060248987775884800
14069958641359120384
17699145529807288320
15466671008810993664
8242497805009228800
9741054405781293056
8576996550696327168
15482582490762002432
9910180591620700160
18126045473134841856
5241030083544000512
9790897535401379840
1196392729393082880
788177898892196480
14065993187481604096
442600226707885184
7088784162230859776
13673463934796474368
1983210462563476224
4005206083436807168
18311379134401845248
17998825649393735680
3355009884565988352
17008756514828713984
4991614490419012608
12568120148713340928
10360081517110116352
12987010429433018368
12570670652689199104
11447873028372228096
5910740649647994880
13666529496374478848
13965718053889724416
4471832907973745152
12458725257923944448
6960065874171328512
7283371928663198720
677381165440585344
11986919012701984768
10403115251967983616
2480672947601391104
8164396830686789632
11448865492449783808
9524638086171584512
7038503424657483776
8145864116523010048
16807176945227954176
5876970093067620352
10630849890430072832
1225530051824717056
10361293167158235136
3280553436668741632
123725550313203440
1580192803243091968
253236829300184736
9782869681583253504
8234346862442400768
13644918085407711232
5981481097206291456
13992834370070953984
8584991252080726016
9935303478365855744
14053097571599443968
13965247062835263488
4467096071696827904
12875291395605663744
1820449400408264192
17742417685167278080
6230843512860170240
1023805659165255808
8406376159277271040
6948016842206311424
8679089984891329536
12934186256113793024
12580571445210009600
3768144900738668544
15691092234189703168
6736769143593230336
11032830025597333504
11422916938579619840
9395501073623511040
14000128977108676608
11157931546718961664
8181629776005751808
1730551657475396864
4278620642306170368
14392932416160526336
13247523276490205184
16632308808474449920
12094113068236019712
11206080930064889856
3993016938987431424
5336597820375930880
15453856587043721216
18192118632978251776
695219342927254144
9680211985639770112
16873155877409916928
14413638679995947008
8534621730101331968
4601956459257804800
6184793696143170560
8671015397352385536
1628515910535446528
9100539143785618432
3422873409629350912
7686215061269623808
4226163552551837696
10071630090838052864
16751791778573170688
12871555217842098176
927743674112780032
17603538466963259392
4741879696154683392
7959600420664153088
6654804071923790848
4978123017225827328
9420209526787508224
1042107090260910464
16412559321382543360
1795979582656315904
3640379605966659072
3049649212150342656
667673995230920448
4964416550333378560
4998370456064849920
4499056823941703680
8661015149573770240
4090587852723510784
13674946470303365120
14195126108698798080
7484392581917807616
11003397268344260608
5712190213199009792
5953210760961157120
3074506042909616640
12273838055207890944
14213616032940613632
15723163988297129984
16952888122186868736
17055899848161896448
17093406845747001344
11075403166466080768
4060534614593579008
7776792813928284160
14522684866000146432
16421673663597924352
16001369807435587584
3004584603919936000
12890923145151045632
3423922735260989952
13153422307797377024
10996497864103675904
8666568555093480448
5924715241132184576
16996355153225990144
9280780276934805504
875738771947202432
9107261514779707392
12565771517562056704
14320452708999626752
13249159529004929024
2487149242011124224
6283770205428632576
17127582713651474432
1066045827009286272
18125887315325689856
16101300446566162432
11170074243549923328
7195469479293719552
13874433653668845568
15269336513129361408
15250935221789638656
17770764646338861056
5986995034838664192
2434574478640264704
11612533218986887168
4633915373812371456
16940350230274963456
12006296397768660992
16950834581386823680
6840284861248321536
11694723108273553408
10288426765662244864
7030380881050040320
13907958851366512640
5422524584021037056
2748353156969956864
7166143762263705600
17894205987475443712
11507014107659935744
3993571669290826752
13465883170649092096
1901070419280272384
18306387691340150784
12796348836308326400
1195359957326320640
15175387280478822400
12783351383512356864
15698589810812647424
11737508613010577408
15427057289793622016
5460765467215024128
15768711624719534080
5899783015476528128
12977695790600157184
3300488738796665344
9787272460646656000
13665120266602702848
8381610400309416960
3732437666773606400
10631890865269768192
5536503207296909312
4845669447936381952
13711218680947951616
1521564519455213824
7576562038860741632
15067883773189666816
16640937852120748032
1319882666491011584
4653906734295085056
13626756788803305472
7406956876640265216
2378939777233416192
10667958817245976576
12330026946066470912
6137553395941757952
1857953129890408192
11821525414053044224
17948874236592377856
8632621205989081088
3680463833928731136
18173823603470008320
10264827390647076864
14123017991856453632
10666219909668616192
8840444424693139456
4420190143172853760
11740727262485078016
18221302254026426368
4236284318693733888
799522365037795584
15349042127332818944
16444652152671090688
12528442130195742720
1735434929675518208
15249387307408113664
16292051484903616512
2555407830507549696
3694337465224225280
2559992981233267200
270399724020309760
7896586711380071424
3576932870125458944
1877247162105426432
4634673320476738560
2290175063185937152
4266771137046855680
2323589671624232960
4178444476153028096
97405774387852784
6755388894820974592
3091160748529669120
6037571837678771200
2794829595921510912
1691986878419626496
7256202824951171072
15256256153272485888
8616970018284037120
1270393298798065152
6693435289226485760
2066892717522668032
14340227266262097920
15869543646053890048
15994316543597799424
3737339512624427008
6999651475483638784
4854690794732981248
7611018328604720128
12055648802795870208
11025611053535936512
13273012931653263360
7584620681163709440
10808192299143929856
1617085864797616384
3016311722594955264
4786412121288738816
27321254540461976
10474769707524777984
972904955714251008
10680830672141772800
11440932987264546816
9755668153085794304
10381786582746580992
16405169294128556032
8229741250494632960
16336665996683382784
5758068385713289216
16098834469336166400
3528023280089658880
2732767487759480320
8526992023681115136
13348925540773963776
578511947272780160
2977950124811162624
18310594005333915648
3777684438660861440
17980746581262049280
769140101058054912
5591294019375111168
4927077350992640000
17761058712423241728
13146470996538957824
17515210412492091392
12987980136283912192
1897506119235537408
117620050787921552
6014943854514460672
984365049160681344
9806661126319417344
11357465331253557248
8585599478365871104
13308801232863164416
9458226849869580288
15191901168293195776
5000139599532255232
9397145474511855616
15729444024557295616
763851206314357888
12608592115050211328
16289431985744891904
5680780235981144064
576023710372580160
4300642542978082816
9184579009269597184
9391313480558811136
17723914038841462784
13004321162312110080
13276534379035029504
5579445422699289600
1349915541019569664
18391451014046062592
16845769004895821824
4214464943042515968
13742107162853066752
5599662159860843520
17256563307649112064
1680387131578798848
5958501454263453696
3740671672767597568
15144440808357359616
12991715010211573760
15592584028724097024
3045028227310115328
4468472182195049472
1400107777001885184
8575818184698356736
17688786025322045440
13032679923841628160
15516049037099630592
1966377657797981184
400104104912220736
2119204650274563584
10890183018799257600
11519926379715543040
13097678659322406912
4874361144606142464
12937208580693372928
12372672745561026560
12415802857513629696
17893802731170301952
7654342713362778112
17472895844046628864
6002525127789206528
15963868178795999232
13566599488236177408
9153724006850777088
14159917682933395456
16791797384440731648
2546079271976544256
13557375303062237184
16990278586505117696
4300524244653651456
1276601167095017472
14500599476757334016
9611123352600084480
9589676123414249472
4256997720405535232
1462948996640250880
7672897361176535040
2358614468067664896
13066943040974626816
9493487059018614784
4759676213613999104
11542658547873894400
17423416698307942400
3086540241443212288
3281130104775075328
17636162219714416640
7205987593771965440
820748441584023296
14217212558184634368
14802677776075368448
5231915858649205760
17434719973861738496
3986945055080805376
11203317574974097408
4658678393745823744
15559533056553385984
16387624157205291008
13909476751222124544
10248344618275526656
7902821756730614784
16888779410296850432
3184076375111370752
12468057123188127744
6789643477626059776
8162124291027638272
7118993600633309184
13466670653894830080
1711012808049389568
15723236100455573504
16012044069038700544
12226102564539914240
7737404560033999872
14901152878267963392
17504888841646561280
7453860557222291456
10765725740502366208
11555022287418892288
13970955211258230784
15479836418051895296
16767942536821800960
13026169482675677184
4656623883893900288
5392804547078256640
12844394949930223616
4978281248860627968
914224748387882880
17287294931031015424
7507866651931965440
9957387030330451968
1728785189311322112
15666283907690426368
18277983842561607680
15155209262982115328
8495036093590885376
4915045232733522944
5054575613496411136
14442817673217798144
13645372601583343616
13365865790690899968
15073849979467425792
307955611203135488
3186476557075783168
18290500484685348864
4172612615175575040
14222004094676312064
1885298336701507328
17729603309002366976
16769791675520466944
243635694698440608
18290671004333719552
13207100803203258368
1183148579450492672
5814147694717968384
14317309544723808256
14128185224048207872
9401758849452036096
1775697115652237824
10436529561138651136
12650441296606070784
6465107589945901056
9653285120653027328
4944894515690576896
3826315468103083008
243349149304760672
169151959356489792
7858881256707049472
4708069595708396544
17316348156039372800
4374376619450212864
10122267523554220032
5081062734604808192
10148393652445390848
15257387735967442944
9432990482135126016
5248131790074231808
10571937510470463488
12121952554548312064
14449516790835003392
3069102005001643008
2719035394961781760
7469996860847865856
10342099212617535488
4722073185916451840
8435939778931921920
6470171583615955968
15982261219358089216
5580692112475388928
9635716039642249216
6042538224723336192
1155803916307012608
14525628397890260992
4717440213012761600
14786446313187487744
15712335673430890496
11141021118061905920
1849950823340240640
4453168215880717312
3152683183036386304
4580761453925916160
15096755813884522496
12706864641162125312
11201623386038523904
8358471715736977408
14315930221926701056
9372718360161658880
13314182121761509376
5384385183893704704
7849294853600979968
10029618519463956480
178445434362813216
5505289241920997376
11429107621462628352
13139437682067187712
13180752439450030080
16781702746819872768
16256640311618066432
8975047516094799872
14966432618770659328
17533145156747749376
4421682275637563904
9179026339275995136
13618538035537307648
13784274747553161216
11074978905589407744
9971962067882504192
15664307902590488576
17471962555229878272
15616188180409882624
11802863338090250240
6680611507815854080
932707055525034880
8819261526348540928
3284050413646090752
15189669534066001920
5359618725299399680
14047693476916936704
3661985250154774016
17079154807691134976
13961427865221761024
1853392280054676992
17153816137009274880
15976465859542628352
8549243718198573056
11119988795996207104
7371905998824370176
5081944666682637312
10307683668791169024
5393079468142360576
698863591105251584
788472360022637440
17278895283340529664
3320884125276506112
12260802350462713856
4820884969466868736
14206126227907850240
6317337926145039360
6286214563248628736
7703671091360952320
8164608433863985152
5068398617966791680
2083342431508751104
15159095968684032000
13416618932206393344
9661354020025526272
11692551992731379712
8525613052450390016
14050641815564912640
18282523105926270976
11313874810496421888
8470859108661997568
154681852701265120
7928723728372636672
4400757908409178624
13242426503367149568
10496630512086118400
11562081542017656832
7877845711296212992
14196326494352896000
15090650981095071744
4590192494922456064
3880055890493176832
7022305462662545408
2637042826084655104
17725649648959694848
8831595983785419776
5053716998822126592
7492488274467206144
10805717823643138048
6108395072349571072
10843300425227249664
732830830391236480
9260997263339458560
14966375726109192192
12943973744851456000
6752877864463473664
12230066427999590400
4272631141071013376
17048202432423133184
146102745345564032
17761354457175584768
8506306826118565888
2371809391278527488
9725396058431248384
8001080104924193792
1710109903945183488
8326699380201421824
9978193067952959488
5157675563621288960
1672628497331875584
11339758200321992704
1077758447262129280
1710213115013966592
6738766841421827072
14782895031611254784
10757744682522890240
13656738163756734464
17599546091697649664
2439269863112309248
1383504973857367552
4909627405779019776
4875310409659758592
18397959268588398592
14930568419893825536
4608842053631673344
3741450144638555648
9946087675743332352
4218286808958930944
6340569438826704896
604703615900162560
12921613293354106880
14060708655867416576
1452180539998337536
2457863274533176320
4482730542388608512
16067994809317621760
2213646978514910464
4671591153762169856
6125052436682589184
5619670784680181760
17699937278559174656
8864856832390769664
7440668513223302144
13973937367340886016
7604868667848944640
4789383725384527872
14429122075317903360
15578508130287628288
11937541342884327424
2029499357425768192
11065462669898512384
7194372746789299200
6049056910508669952
6585217371152135168
14205575804097728512
15862542592675569664
17321913666252621824
18099478735036801024
5348089902672504832
5686831045520648192
14963426389903720448
8809238870183981056
14920705799411906560
12000800804210862080
10927240921555044352
14859117277052086272
1008885458941091328
3489665295107262976
14065110708693555200
10593987318345361408
8453399237510044672
13380298063441108992
3702103470070821888
15452639243526852608
4656653893340321792
12471589023169073152
3774344119019779072
5308671493547491328
11236615006566369280
14718015041337589760
78686935558977376
5303732508173792256
16592531008926316544
5723257991333718016
9198599645271896064
13988892947717820416
4129851977861952512
1542345411925523456
2632102971136386048
3341782044319980544
7544721801593308160
18236372341939859456
13012139624765431808
15572046966524948480
6754313980319182848
14339242191955572736
2603649887665129472
14015424747196131328
7005020629847128064
2787874813286402560
5519362013280657408
16231693361166497792
16994299211109347328
16447034579555659776
708298225152447872
3180344221982053888
18350172844908242944
5903496388559676416
15878173507873386496
4362834483307744256
2497816878520587264
9814630290656024576
10421791984211247104
9576723250214686720
7612797603198806016
4545568209793069056
4787528235376827392
14697548752845926400
12523592648438732800
2128934729580894464
602068677692218368
13065358775013738496
17427633393626570752
17091998018075609088
4768680787889857536
17256347052408584192
14108880931280107520
9870967151105241088
10378650238686889984
14972384638846803968
6876954603921329152
13489385797431076864
3350725251343619072
14788725692349036544
9120438515958415360
6663346201605240832
8335644924717594624
10335179730733840384
792029013362389504
3460459234218784768
16801018589940774912
1707226439165044736
3407836923342942208
14405594465020919808
229408507818676672
6643756662151420928
1173693673121428480
669813049319028608
1411093082736838656
13852047316323000320
4796037684391966720
3038838740697147392
8245617570598259712
18088156011397142528
17754360670485288960
17761010696436434944
14794564373026584576
15909530535271974912
13468789812602048512
8622083118203174912
12890992379278487552
17674451936256731136
1098743153412597888
14062407640426135552
12148234218084714496
15350109290164803584
12854554440351361024
5356396425811333120
5054720602398217216
11164728436716562432
10302487408064233472
15963821233930696704
13357577655356848128
1099675309728954752
5521988263164742656
15439484822657806336
15655082777899120640
383532955520818240
11546269743872489472
7942711328612193280
14733489645195513856
3802812631619971584
1576445024182726656
9717723126008610816
13822131234696308736
13117389054517504000
11709992035230388224
2806015164242101760
18022579016648933376
2114592386065065984
16213090494926532608
15720329518883256320
2963877257027232256
14614518607598997504
16342809240622645248
15345426198937980928
2131548210261981184
7249171925689810944
2313058525094750208
13524845070330456064
15761856776553807872
1303347077984593920
13840145736130027520
11278555057852143616
1095801039137275520
18166792577857601536
11457251254784903168
11749002781531408384
7271185038256644096
3682484543495526912
9769842184562681856
16623784861574455296
12514396588036876288
18169134742243450880
11504140084541456384
12533422590867390464
14706015624284674048
5368682425000157184
532818916742125184
16641876622030460928
4099322013131844608
13993021131485673472
4677841198585408512
3846557986410652672
15658064286037041152
8335453629401802752
7701968430233396224
12240554029314654208
32395916136512764
973461373334125312
5802181833570692096
10026075842836103168
17956855332468250624
2853783971457096192
9831297759766173696
11453185849193060352
12632660251353374720
235341493211091712
12326432702832048128
7561346856532342784
17398885074636541952
14969172106158942208
