7473800476751855616
14756463484064440320
18401193364937723904
6694003373264961536
8358912992611783680
8093284690642728960
2162869650586186240
10562836823186546688
10983587040839057408
6828308039318846464
4755335324813517824
1802193523639801344
1411664821441341952
11869155923607668736
5311462910535314432
16715638840106354688
1849025663404143872
810373062329239936
14312099170537744384
8141597090930837504
2388417301758140928
9429909060532705280
547312427705641024
7972529204842164224
12389688052759949312
8507212135705467904
13520923464744636416
793832262672199296
13584436405551362048
10722350071479334912
3548424728080737792
12520975809327161344
6632922038116923392
5301919588290491392
2470608849357832704
18042651086308542464
2689719654761081856
13532744036962250752
8156929210436454400
235440781550666400
9471374376772855808
4426646469307088896
15569289564892643328
12086332465681240064
14244733618834755584
4323087592481297920
9004654272891858944
6226645663321663488
13671430024345141248
13960495502894786560
2084991315369248000
11735667323106088960
11574900768808439808
10350291528322992128
7297176809592107008
16264132169907032064
746788279600077056
5171670402375654400
12955599180884305920
4266631302743225856
17941663548047370240
3003428466814583808
16760886803577493504
9297170285806362624
12219551152760532992
9169374285889296384
3515674156205785600
3280998852222799360
10492940619921348608
10440098716567056384
11370112797575131136
8460387350539470848
17696558500671662080
14764147203111266304
13724056668536692736
10599885109047808000
9489666256391563264
14529179971545952256
2101799075859902464
6852412764642834432
8875768818915096576
8448924896188120064
3604648223926429184
3648903281215072256
11900633589144866816
7234322450533828608
12702113556402917376
10583429344704507904
8966103532480976896
937398506298985088
7907379387024908288
11871127776886878208
4125282600274199552
1060675727606269440
5978832407365592064
574125201276945024
7148999948785087488
9610644413068980224
200550195607818848
1269714914931068160
2564089641492178432
2272066986079862528
11857672557176616960
12080820996730431488
11641160723114885120
1798762207011280896
8357705688116773888
15968552912703414272
16620136703449810944
7867764722884445184
12766835186292260864
15211704105798967296
8851296285621310464
3214151341195852800
10604202736319311872
6172853504425466880
13983486086399770624
7625318890079965184
2521860707298507264
13009757908809041920
6854643978211582976
17026148130541152256
14126181339407140864
8447347039288993792
15512601822354894848
15537393570616154112
1694794546337271040
7379726030160396288
14311538297039169536
17112367667982501888
4913381973273109504
14875019100496828416
15392698552781533184
18348488604158619648
4026757286267280896
6144122312627005440
4581122811880490496
17815143868091781120
9983068276459941888
12025654662370029568
8076480198450951168
11171194743242579968
12870857503442063360
3375291039410534400
12900810608094599168
17176361647147323392
10043107229503221760
15967979658355963904
17294112143545581568
13730623274708883456
2102784916742893568
9650037102989047808
16354280636587055104
7239638726393275392
9551072175235270656
8671797700944034816
16903072187425396736
3544582575868402176
16574435845883721728
10807041760383068160
8712274719639318528
1721047217323107584
3006557435552073216
15389264074319562752
13597156844142688256
5418334914579078144
1678341820443397632
7957134313991955456
15199118314520825856
12526673949894850560
2296151862675704576
1316756717156552192
8430568208090834944
13606865622096506880
6147715883950881792
2909716039149633024
4082998536593212416
13844017971982446592
15591463514075652096
4751007882727710720
12187779729220653056
5547114509543839744
17714941885110126592
2483840650405040128
13864622289189146624
12012750867176972288
17038883884344481792
3423922145343467520
2188891730248403712
16054185353698142208
4138677472234544640
890840324869273472
5422672758753748992
7507809765204212736
11466984688591861760
5324041809581110272
7598308615005712384
1016949657310385408
6713666857895719936
6097783457523147776
16587864778043082752
4523619405652470272
14556780273763231744
15132428847617171456
1284309527086892544
15504145934838181888
8863525580824576000
17333397613753452544
5788786029349870592
5809780067461041152
5389332352301185024
7252492188272252928
17638743261040566272
7610989564294177792
3397808237907922944
17544764283081242624
17890416158029135872
6164814306223400960
9130291707859987456
21121343778680808
16475873527395512320
12937495914583152640
4687492412744882176
8673532046756192256
2773973957167002624
10901787218656385024
17343758573002545152
9032978375497780224
2353689424240486912
4722222512335749120
11442523690536904704
2087940757640331008
12673989656862697472
16612838003505082368
12069023182481940480
14968120475663155200
15640281201097195520
7942387052079343616
286074182084371104
6623580058580294656
8059257252048123904
16299085045159567360
16065702059079753728
3677749406799522304
8424755132547735552
4092554383408456704
14760605715136804864
6572429635536181248
9316020641672402944
3526567587576628224
6939593287333187584
17773717986203054080
890345423472378240
2309225675081975808
7451459241458620416
183905637245119200
14896013349409873920
7894453523617403904
17833609498701910016
4178155773505878016
5289148440853701632
5502483609260429312
16250148361539727360
10141379619040309248
7147020226841575424
1346108086047579136
12862367767979575296
17091301403271372800
12747405198211756032
10373339536423993344
16951838174435043328
11797875184666847232
11904096782908985344
3324294318948366848
16714979788058017792
4608345939636953088
12947889735793760256
10309314581625645056
17734370755478577152
11505782299643529216
7153710177252483072
10469579200821510144
12800207762611871744
6809375266144270336
16461834770686521344
1158200063575872000
15445571783018905600
578518638572800768
5031623194484914176
17347317248190332928
17888565541023682560
2730223911556125696
9834848637998774272
13292809909709858816
17524809557357850624
12453664752252583936
83230362404094272
3358959711521254400
8097479066417223680
4377841054374871552
6707603882352609280
1753885338197963008
553876054439855360
17011158411811276800
9256098552294107136
575645925962881408
13024175166152794112
3120052605241957376
7301062268756213760
9849543729979054080
10939712814021052416
17319302974395047936
14190610177636694016
9137196304683784192
14111720598972628992
1034595979863573504
8492010055718928384
4929095329536212992
18220139416418209792
14960383324105070592
8154242492487430144
6813871073040219136
1795399436841199872
6439801171574810624
10047650089009336320
12785655227841650688
3650782282972873216
8363427892398584832
8121071196601852928
17312620213443592192
16838879357151197184
8002566786695021568
5681824106300768256
749038300190187520
9740847872888565760
12773265813785026560
17762509604631005184
8776680774929247232
17711498759760283648
10319804625539342336
14297927549448443904
5772677944541488128
4831221809045065728
12833415624905240576
673122144779824384
2075760577082691328
18352739882157875200
290593325619855104
8305714776262423552
9999159016615766016
11854531564146962432
3588642376271553536
12971603041612021760
8086891493942802432
1262690817633556736
3897848712486472704
3563820008946644992
8959416777962240000
16170474727297443840
17687143115280435200
8492507387899144192
1681174629662502400
6846614100124631040
416413779390191104
14040553997511385088
5484589187192636416
6701204243553320960
2217590527435746304
18210307190404163584
1290929153295171584
5162625194562782208
14315998378787934208
3125871550468198912
15980239408698458112
5487884503408581632
11908569873783693312
3941953463020339712
7292240899886313472
5171285641030120448
10291746799242999808
9322876038387279872
413869952961268672
13592418859698769920
4715832067467948032
6802701430481636352
10073454042248529920
17132739732503541760
11442693409789739008
17032305277296859136
16012798340942069760
3253782383510589952
7903291828721291264
16186642039257960448
8632764939944437760
15817196251558897664
5716283987031366656
2192494457425621760
17054814050595950592
8000459376079284224
3267504469807446528
3862238765591714816
14164980608852670464
567797068487166784
1493974424595651840
6242306758594080768
11052277502525577216
6314993705880834048
4487413751937388544
15520487294029502464
6548034039310781440
9188551288770061312
16751879245362350080
1432716694786385152
2911112838404219904
9851485304463298560
14949978897765523456
17075572186545629184
16579404862880735232
5631577340882621440
849774123674044544
12524099199153051648
5824273976744744960
5015426700113510400
6814040111975442432
8587727673552178176
14799883734280136704
9795963601039978496
9074663776404024320
2191856767504386816
15726412726517211136
8659736861650530304
10159529649108975616
13142107004716443648
16973339029057839104
10334592058419881984
18416037869429256192
3172338870318809088
12163362050258655232
5655350811063802880
2934110986296460288
14713043953172914176
16631578676831746048
13567366739500630016
11642094522730407936
5108601079915482112
17404275124418897920
1168187364889269760
9432392102815133696
5344441309440086016
13964974812958208000
14817198540721539072
18254582616037246976
6072106350235849728
11774480228519266304
13610017612035454976
732009003567299968
15470133287991613440
4277057385409445376
7279410553028912128
8041365036792227840
8813296647879049216
2840987417827615232
15808966814062168064
4783172404017671168
9472778161486868
4726364405803232256
9262128951667609600
1819453333729737728
11916460228840728576
14355435113925888000
11663356441592862720
222312342747745472
7119371600481613824
6221357769876616192
1075524390533869824
16442294862399733760
5429984363058147328
4157136246424604672
1747178563234887680
13217393326936039424
11767323745411532800
17969337654891079680
5856553886360283136
12187431856337285120
6176793590841896960
8703693814165758976
1582844878281208576
16599846823536037888
1683503971374043648
10578859858933692416
17283052211595493376
16031913598723483648
2405613992832823808
16605558254716704768
4916554508912070656
9198076314718038016
8718450893599052800
14259208092008935424
6687387974928558080
3950955705896227328
10381851520170704896
9890456968529680384
13190727410286942208
3295710694986400768
9933984823070617600
1199937200158979584
2580200067504052224
10432503186422433792
12477734684861108224
8908328091806660608
4109908028701940224
8922509007052430336
13461302557953630208
13113129230260271104
8336232401043374080
10823209027331237888
17083579874596253696
5110170882485018624
18058168455195918336
17469742028385923072
7574129805661741056
12000575851520008192
7106505240881906688
16560823509943701504
11683325480648093696
11206072292508135424
12304134824238239744
10198148572060346368
7444187311965533184
9252877453147316224
15572108095331469312
6373243229591620608
1845110071728258560
13913935745931855872
8549057080890907648
10336490251438751744
16132837347382005760
188255052400140224
5680965289022265344
9134484754323034112
5813509717160811520
574844549980436864
11824765784487446528
2320417979813879296
17386398567150338048
739943670230610944
15356634420914604032
18225249084446689280
17631157028155070464
7802370123532504064
12075325892400306176
3481785857042634240
4012562414821196800
4307717880775080960
1626743913281411840
16871583952928106496
4215313599462820352
14188040742029465600
14717228157123104768
2744777944634932736
6930095414681457664
7233143904978242560
926413907778203776
11082488236389466112
16137461101331845120
11049465190318034944
4663320086708145152
3322243412723125248
12672520050933448704
15698140706033848320
10282811400236660736
7864870960526881792
12098134359826223104
13832759458427572224
17118488553638508544
7263673062809078784
3037064106484579840
17344983488613394432
10949824325986295808
9617541742478311424
16715096361676498944
12880770264578547712
11817602879652923392
5110244884312717312
13121404439892850688
352555336440118016
15566783068040611840
12257569000790790144
2428748651099816448
6320630710251826176
14108860000469534720
4798819061556633600
13472681717064523776
13370703907655110656
7826055520647815168
10348711891643815936
16239500758302900224
3011327792139342848
16663511828331298816
7269752242561220608
12119814621776101376
17006325362208122880
12529798956747638784
6382516071794079744
10397727243840235520
16400498085333092352
13126468507016067072
17448762301454637056
2664520525820115456
13376982727000051712
15979013976734906368
8349809084120853504
10660315861141954560
4788380729710039040
14816465620139388928
8060925379851408384
15777962895914446848
13653338143847714816
12479411779309041664
9349064893333575680
8045494080893946880
4577538758659278848
13123442035452284928
6663618773721909248
14560016406373400576
11528788806293819392
8902792742824048640
11123782193040687104
10319725162918653952
11949835462799411200
5920782131645748224
7943962245447875584
7642819484055695360
455324330101611840
5923838692742077440
11784598355834443776
6843606912545940480
17829191012844838912
15484001534021111808
4413047368095629824
8407159576931838976
12580198493824307200
11936159766846881792
8033478605117413376
16703917601630334976
16049614177176612864
17859159408763830272
1019436371249630208
11988492295047176192
9788820569058861056
10917035171770757120
6686854111928064000
2954603260817921024
12582384585853198336
10973289597700771840
14924151491403116544
16246726800100096000
15376418345902884864
16382691826481141760
2487051219733087744
14394864627751319552
11590635846682718208
10372260838563205120
18039663408324487168
16312650815139166208
14976161732365330432
6097230872778233856
767214406439899648
4854156608786072576
12358865958398736384
15568143322894223360
18010183670118086656
10153246201171793920
5542556396363187200
6388103293900408832
11384664689297672192
2610882316317956608
13906525145871167488
11967291171513968640
1280299832120293632
10833041335588878336
10231497250670483456
16897193301812469760
4785572727548013568
5340468413358307328
7596639698781374464
10483498694086055936
6728094561075641344
5611928901200828416
13404102490131908608
15680125133600159744
5432142235447392256
14588091635548870656
4964586512917329920
16452050691618066432
7057795339206733824
10817961440491843584
12799370644879456256
17386743958430251008
16148921738981675008
14066565152936321024
7049931467948004352
8829515071635471360
5162227624026843136
16643833218060953600
13111069082389739520
8425014364293804032
317760082741566272
3370843750553580544
10988838898319427584
11633617897416634368
12905069151651198976
1695337827943920640
442604484629227136
17784703480008402944
13519999208052090880
4264372785031510016
8533659101894392832
482044160840042496
2239353067857252864
15408751182610753536
13013808896908875776
14304413408876238848
5543021117261352960
15350896828824975360
13109611564195528704
16951806157213751296
726770598078898176
4633607937337680896
17213586431802337280
65564428572583320
5489263314265707520
10366966786453258240
1599102382787819008
1353868075144721920
13102236344056682496
10617401543630614528
17527660856089591808
11700686811316250624
9899806569152444416
13566563343154735104
9916510994795167744
17696607301408344064
11174106450872545280
14634287378196627456
13384894498886946816
3470843930935986176
14566605432350877696
10784979392659124224
17606458988411871232
9890283361358974976
11775895385269069824
8285791285414192128
12197208542368630784
7614402069531901952
12933568299619223552
7809486692609810432
8459218523676925952
5375875182742812672
18164733815533787136
13296422154915872768
12258890513501982720
6157406611355678720
5941156194823867392
15511939075650371584
14029134784820764672
3037181025873616896
1419033997948189696
13686015612620627968
15601606297284716544
10370070299087702016
4305082060934708224
12786532731203053568
6962215595496578048
12480666875797305344
17680295950235346944
4041162597737781248
3554236295539404800
17842062344530925568
12465125778912925696
17448727475933569024
17169587970012987392
1162714692316040960
11595564875925348352
7902654424429217792
6745641155872844800
5592382433898174464
68310108603814696
9850308939584868352
8170189721466670080
9506874856630722560
793001603865868160
2493526082690190848
14853361357394575360
12971935709147535360
15675568451941279744
13835552385166303232
13271351413141057536
2062074384814920960
14731330434919866368
12030204831329665024
4741257384252412928
4139200115149725184
10821722993822130176
5516394366904383488
3826821300039093760
18407160109877635072
14533720131043129344
1031152790877943424
1420588439157820928
14570062834983944192
2085669682100899584
8014137904605097984
14502721920956309504
425837965272312320
16386307378058960896
10082286503186434048
381442739873552704
16738068954643652608
16043284371621404672
15839566571364055040
12392252733401159680
8416079558662072320
335466123292342720
14851619606319796224
642635000685364992
8539376731264064512
9940848236541292544
10002875739730755584
2749349590877750784
6271101587027434496
8589107505935575040
5175595123638689792
6200403034203014144
18320962625144461312
1892863038820046080
13172835740599975936
766232404553899136
6068506233856607232
6938266189010204672
14256134254092339200
13270223730858895360
6064742032555583488
1458772047407623424
2802402718603281920
951102778107415168
6159641057410663424
228034527048105120
6634899996698722304
3494691958101598208
10817806689555777536
63749188760387824
4606132067408988160
3102326841025269248
3443455780848998912
9654323035189518336
4070298647635043840
9515056874763991040
6549255146400032768
12510370579023087616
13711602903592067072
18239177017937958912
1219484157448515840
1417934524689306368
4802865615083151360
13320217806059104256
6882599459342853120
11300835996944191488
2431726289316997120
14780471106776076288
12586908110163015680
15947053575310467072
7981456192328800256
14614202022934827008
16828240228055252992
14151954122362765312
13500160468176052224
17039795465628205056
15673061305644705792
797566097126654336
14814375672496125952
5040330123013933056
17274613984692463616
15318899434261723136
16996712024256784384
16680976911529166848
3124343334379292672
14502374367192541184
12127740083495936000
2765367584942193152
14317733087736453120
7128335138611506176
6692903196668636160
2050299737382757376
14125836339782625280
6378750821077635072
13363732029565411328
11139784704239845376
17200275623615291392
6456131724201308160
13529480639631984640
15660212662220066816
6283095480595478528
11453087530952185856
10463713877707139072
4507660839999133696
2845938967514348032
2652427666079858688
11903397068350380032
5262370102975345664
6855020448684470272
17926881797984712704
9641778864241125376
4312494945765665280
11470365163868506112
10271297779296409600
8704167658504150016
9756612397401954304
3895105857349475840
7388648823548923904
8683163390041631744
8562533684295363584
9538458015116595200
10903394121608851456
17235782935660179456
13138725866938736640
5328802369715369984
7070314419481222144
8734085684261652480
13451752172543105024
16955314343549431808
10335759391889395712
10986265033994217472
11562726993551570944
16117034317498613760
7125040552737481728
17448475319897163776
2501664637701755904
4252985089649759744
1241588657745361408
2078646525695820800
10821038869927165952
7102614501489529856
1970881104729492224
3196412038477544448
544421740222518464
597567636390219648
12580142159117383680
17229070025521778688
2584068609343399424
543909237278699776
10341237470694299648
3001535384301838848
13104905940633073664
180636242422720512
17696509811999821824
16560672642109700096
17677499820108462080
855318742925488768
571318038219330624
7795853054305792000
5651033045749593088
15628465918815178752
11963976685112750080
6916786237915738112
3008182505351938560
412882499572689280
8547531398226430976
4917693375216752640
17364440334115594240
11994000058207907840
15806622895233368064
18384473161485004800
2425323428479994880
2957794467106560512
10717933482869008384
3028353298832225792
17471690080608055296
8976388230351684608
6042124566303058944
10309379641232357376
6785359357381757952
17766589570756028416
11733801197342822400
12404586615661809664
1889682384062187776
4437845638350476800
16638216046806769664
88783764983766752
7030838627345295360
13330571345854285824
12268288267911534592
7780751561396871168
7107595148910760960
6028764402747347968
2154498477360780800
17218555375582263296
4749180795144965120
3865007104798871552
11547201234391556096
