7691178289149689856
3488147103200397824
1148257828464736000
9682811776294807552
8490229730656162816
9293154136972005376
14627075147468656640
11537452341259831296
11372953910873964544
9479448410390583296
2433116210215495680
1388729205981813760
11867353104224014336
3217753605017849856
1881184221329726208
3218923667479169536
17331650814182189056
14255322415562905600
6491368510382910464
4006133494794967552
16613474271648630784
7788651134481373184
2223347251027867136
16538050958099566592
14917570301262163968
2578045741780055552
5882064984939613184
11162329578481594368
1698163331603558912
15409867449257863168
17709563336127522816
7435653402432919552
6566547962538167296
1934626991267494144
7669634105035537408
12231870133715738624
7585785716374509568
17222287161921503232
5580114958010260480
1766816840279755776
15775579106521479168
12651743495099121664
15633328893197430784
11679697539280039936
16876412741768853504
15284837869397942272
13311188924384114688
4514606379655974912
6211839625990709248
278814737707902912
2460257665795840000
2291374263643576320
17715011104945203200
16786875505136297984
1723560848233452544
6675080686911130624
2568466911094077440
13745241510722449408
1310067799477472256
7448325520148579328
16271474658845196288
13830341496324524032
7961268354911030272
5212626373608339456
1011575201707830272
2265071747578867712
14438177726472644608
15015379493398360064
7545222401923312640
18147603377701578752
6852339562139666432
15917291881210419200
4445517524177082368
8283831365961403392
6194679045728411648
15407069173437749248
8885584940284261376
3047896959765372928
11632871874342363136
4775526052280970240
3909684793005481984
11186758038714499072
9468902165710143488
14952930589321291776
9984811489291436032
8933195954014724096
3981749943607586304
17598108594379814912
488727548750111104
664712277695793152
14048017744489203712
3069353521717213696
5174707047902892032
9219575939347652608
5238788938843033600
918008343614312704
11525636951792642048
17895032334598021120
13135825498726578176
16716123510163283968
6485580099488843776
2255954593673480704
14254942528415391744
456904163850996416
17995833074357006336
7705276800248942592
6246420528355013632
1395920774306254592
13026309919583731712
14525787352303034368
1867941413593586432
10889294946016348160
2097714059509338368
17744014668050329600
10078371901185783808
9265405659618627584
7158712306065340416
6412015162300679168
18133192450574954496
10115948799339143168
12619789230373756928
14964870497935486976
17179389282714099712
2739416468222575104
17090413629623738368
1974618304045902848
7048114676856741888
9172141159676206080
2685293333167953408
5165079451653822464
7154712786549591040
13323594385523003392
8395740015857176576
3577483179493874688
6719707230979552256
13196056689767766016
15625659681476077568
14346028193086081024
2287692836793454080
12640313836155308032
8787299416283189248
2677653264682176000
8419174711401825280
15041423013289490432
13920816300083896320
13146412037188792320
11986265323335356416
668902117431351936
5140119887990726656
2138141447027123200
6124806028877650944
704209318471303296
1180394231780372224
9819971600679520256
5926575811365226496
8047421347532008448
16956339490756962304
15552767359994204160
17912469879889635328
4602612440932017664
1116253586982427392
14758171968740755456
16431687174209079296
15229628073481398272
4308649275211747840
8747142019862949888
7195624578366945280
8367719243414556672
15886720421450463232
7153943499278977024
12464739268340815872
3680224421315256832
14738841291754539008
2549781525947024384
7329668043335835648
3464221055132993024
6877218791020130304
17384446413645623296
12506810912450248704
6043289066561328128
2321191899336576512
7885018129611405312
10119189653562707968
8155707429964315648
16904689391200688128
18327817125806217216
3195495095018814464
4988878882202332160
14210848014243239936
9778957828107085824
16085458188528711680
6881733267638689792
5746624409500591104
3468630731119004160
11755958267257450496
1632960982518702592
11046225223681298432
6438663787938995200
6460328185027950592
13712863359487272960
3215477422096444416
9576166952102721536
3992281140926931968
2319103388846328320
1144002211244366976
17925317417789513728
4428279911081055232
1185652034148131328
13453889156460359680
6533057489254815744
11890703362919464960
15118664897731325952
5747428595184616448
7675642660699714560
11166772338813657088
16047548925505626112
1916123151294745088
3321421415138737664
13040146104545265664
8822199303223569408
15392821827313152000
8080527887353142272
8951660023720712192
11022220368748599296
13372482531127951360
629107541548148352
15821760342808537088
1833012397976705280
4739060364665063424
5338138771159784448
16713687545794105344
9422214144014663680
59982796271822024
8808283674973537280
3013999026277834240
4033853178309458944
8582384059701541888
15898229001406392320
5624644627449180160
5160037430535739392
12473095761774845952
2868413696032535040
4955912600077627392
9724005717226551296
14055126045795020800
12210687099150510080
1499044087444346624
12766411813672755200
16682553175823353856
15559236258302797824
4336592250653835776
6082879400773943296
11173825016793892864
15883295975690962944
16119333246874005504
1484911665663297792
17032279228026404864
9860600886270898176
2489999119483057152
13091833210472794112
17759661779010060288
1626246485315204352
5371120870156331008
521152329132976000
13457112957232932864
362283175440450496
14458225141362061312
13311732368722122752
10324705298955134976
2513120639334685696
12605868530589462528
3400647421107609088
263247304339420352
13860832184103882752
15446070591865139200
9553585607871580160
10675429349228943360
6561416288056169472
1977574204821811712
14310597150780884992
9156694816534702080
14362215191905355776
3546857918723084800
13044580251289063424
14630442317418631168
12291421164351932416
14209424439910948864
17149360378390521856
2483461800028232192
9846829429476741120
11456809685891540992
11929009034224605184
7994289584947307520
18382609994701355008
5277034470681251840
8072578987918613504
255565326075195168
7664192456645397504
10808920430420666368
14804886892159850496
5233165265968780288
2741535505204249088
10552153080391546880
1712698938924228096
16820478223450593280
14770176144234334208
18156843486993821696
289024527770809024
26152135879274088
9205094292594464768
5748945749872049152
11387724434175594496
5336109405828062208
16325188262548520960
6693703931796515840
5167859323648992256
15447636512940195840
4023708066511800832
15495743053407203328
16895185744185554944
5186118530390619136
18299892054380171264
10757266578691796992
11078086855000090624
2603965539951894528
15459480231866591232
16700823881550563328
15530717240233971712
11101226326098868224
2254606177972761344
7374296437927397376
4470466592880437248
3912421735064077312
10700708001115301888
8514567593410528256
8331740047780264960
11990627839434483712
12860216343526531072
9984322947313059840
14475003835614390272
2475306123228187136
5786156689037198336
1050707541767544832
10375403561546592256
2947257464794699776
2563833279592423936
2193199641426118656
16667845655057477632
3683332590003909632
3105270608793337856
12595766891571972096
3488283238701166592
14753615796401819648
16578618846341423104
11191704824317474816
14800457493474222080
3729148301686899200
9175154904098654208
2339819049494871040
17564317899729037312
13929346936108091392
6454812534799479808
12862297928175775744
12709251310216986624
7103276508703314944
4198724809583781888
5523370564092161024
9159718946540563456
8512008864341135360
16056530359075971072
12024795722097686528
18223657705453365248
15792401565667373056
15079937089830731776
1247231569327207168
1265636019304897024
2430461126399591936
15559346334763704320
448720698955000832
2335383382060164608
9193312000214856704
10484800392461701120
8562827863411817472
4321233489036094464
11238179198105421824
3173193480584782336
9016396294089635840
3531757891924828160
4493435099745113600
7283272790156008448
17011615924203425792
2345540477616587776
12163250902463096832
14962615355300263936
3095687048649595392
8886847729162140672
9049106215444057088
16864543806768087040
14195527384852264960
14603897849347366912
8295411645233007616
11875738903335012352
8234707218022844416
2847253966865351168
11968924650735255552
13551045876932155392
4817794108222423040
12159875854519597056
1391502615727281920
6977677233492580352
9256004599035615232
15700518426703585280
6635094885564835840
7566745308355240960
16005975985006868480
17889529734301272064
1060066602786141056
7707025832493369344
189353718675339200
3596665511915203584
18326078992838365184
18325883892191809536
18254064638227603456
9146540713381253120
5336207423162226688
16227677751174383616
10531543751647928320
1394041065915009024
12214865708386852864
13864589094446637056
9206376579755207680
13557226224787288064
2391694618040819712
212809719246691328
3348750822084993536
10745550900736589824
14203512968897249280
3673684980092861440
14742811565193615360
5366279924236581888
8976737917025606656
688408407636723456
12473410440649687040
7711604961769876480
9608944116610211840
2551249011468436992
96896516834247408
10093797945445107712
15727566691042580480
4950386144532789248
2711021795106579456
6964822564861926400
9812334270030063616
17664711337225117696
3250177732237452288
1394495632232747520
14061179411538139136
5810750129176374272
6312669981686321152
6339577736406750208
10766883349170696192
13893437048955498496
10973672906892605440
6370500703131292672
7592714931522210816
14243683755692394496
1060414656283657344
7440831750765353984
13333714790469382144
9089509945341637632
11104806660389064704
6187337899392397312
5454136240611835904
10761244505939167232
12887423128595863552
7846932640017467392
15290516434943924224
9495440348205719552
13885257996578342912
11121928278668072960
13821275335754489856
1149694121433332224
2621587248954062848
10208129556860803072
15173894097182552064
14542859106620966912
8444455034383005696
14119159601104599040
8045555968043706368
1472636918765420032
11791094010965391360
10849192766623166464
3991857497632238080
568469321319712064
8960352736094997504
6112167164994128896
14942367778878060544
16765918481911918592
13668444112324263936
4086457055072424960
13326374850965788672
5429243213910986752
12064124129877891072
16738187828397031424
5527865728324511744
3817503672147177472
4383587282258950656
8153195772405198848
11110780318827366400
11631863495950696448
6861016403700214784
1764566822192920576
10478880417769259008
10764206771564408832
9364638534907293696
390391407244789952
6807701745022956544
11744230854658478080
11640126612011997184
14472287466161586176
7334360182669628416
12811908339655782400
7744968245517694976
14059290454531911680
8206214252358963200
15227953014845704192
18422783990486390784
16422309095474044928
16748150832669358080
6459826227214231552
18380870894937364480
18313235944183197696
7652757521726429184
2054818327777619712
9270829468165181440
604048080152675328
17539467635472906240
7061821815397059584
9334681626215720960
6306277423924980736
7579124789228145664
15085265881106227200
2413025863982228992
18135412377398061056
11917485869618231296
13371728504410429440
10855818756074045440
2160513392050478336
12554533468018014208
6630923555623321600
14552773623006459904
12963945123568287744
16504646533176297472
5241252939609731072
14206828002604675072
15490415712743716864
4918167119830979584
14808431773015386112
6609244503526536192
6639377668468981760
12204734273705826304
13686243789522274304
11150749176239308800
17870435316013676544
4703388953666301952
1170567000213360384
8485075451096633344
18336069563279937536
7425432814484850688
14997372693674633216
12476993632632932352
3419180751480412672
9709692190510184448
3346006319206849024
7406504442205318144
14219377787998832640
6293663385758889984
4241801317513856512
9726630235806910464
3110540803703196160
12667464478074576896
8983863324020025344
13945161578929053696
9734566203219331072
9703126568631246848
3433109967471751168
17685605801746718720
3283035945304334336
10469524083002937344
10547566250028396544
11485499123554807808
17619898127786553344
8197918222716072960
2276297695653367552
14299667709962645504
5534834948525657088
10073369413469745152
15725119334103879680
3188274099305624576
5490846544434814976
15494611177729937408
6066030788494607360
10730467286850314240
15666813509947883520
1690055997487579648
10682279462692732928
13373767171395041280
4824926831143491584
12528052460783652864
11642913893283733504
7299466337168025600
15163911540257878016
2287513530254258432
8678417120329833472
14821258364945172480
14026805468678686720
6105598723999424512
15739846721667510272
1829746963655036672
4219188099348675072
2527694200880651776
9754962489343913984
534298848688012544
17260441351963000832
12195828438879459328
13706682911513229312
15660940791920721920
6620221726514609152
9134328050024698880
3183501799008578560
7885879383889256448
5146694061526045696
15678574122327783424
10658067718234349568
7063931511829066752
5379768841268918272
14607918938050045952
16580866040214212608
14423645400345602048
1348247565310657536
10048358364905234432
9837008097022324736
8579035557903978496
8757933899921317888
5645119351589366784
1399131364484924928
3027755530972037632
8019027043325831168
11167211644310759424
12330160129396027392
5125906225783463936
14319263385725591552
14295074196448348160
7808296967459334144
7748863584327372800
18388725762591387648
18213229923537532928
13618075779352080384
17814437978298669056
12831901630423781376
1199128229681510912
17535427670649600000
14633797308528470016
10142434187141122048
16121363328446013440
15564798781851670528
12902232804661858304
6573108362916710400
14093875333484453888
11773504761207322624
15547702138854154240
5445997488268402688
4236470117345357312
15729030330743998464
7306595222399097856
12777393679483244544
17897644369342234624
14063602527067748352
11638409664983181312
17133616311509590016
4301217795252872192
12487899557467533312
15973321384303017984
14975206114019430400
3746059023431662592
14003018592634454016
2947097138123176448
16922634544659197952
7828386753125919744
6680293196217537536
15006991745382354944
265197618092617472
13507295746736543744
12160172760205125632
7609273242717172736
15726752128082929664
17239850746058045440
15941084325213505536
14761548291204917248
8257499067408986112
6957126680933300224
2374462085599383552
2898664991470231552
14952993105490710528
12832115977136656384
9187109057097377792
482132011042952384
3179412040162795520
15338220674163126272
7655487890809365504
16590897742707771392
1724195815685529088
1532342474642641152
2945115721253165568
2204338591737594880
668492844862086656
5166555329503233024
1691135854135336960
16686520695395393536
13855245469159741440
1873707775463651328
4109345359800258048
12580219533796691968
2793181070390480896
17978236530692575232
16598930412002050048
17982035002719453184
3171124132953124864
17931152256387917824
13076568570443995136
7800987568545440768
9851180100365651968
1895697905233848832
4818987514145503232
16512735528312354816
16987717648406716416
9301880765270712320
7513781231036372992
11746383745508558848
15907614843658622976
4526629077186638848
14770781353784778752
4031950492762102272
6763347432997197824
14726556168462383104
3524890693549779456
15968943131885596672
6881851312962754560
3998764391627839488
12496161380748183552
4495368939108310016
17601911191193499648
5285061975241953280
6652698477210722304
5597709825648688128
9875378193723293696
6278017211499270144
13665048212394711040
6568642048591590400
15609517883581872128
16913982730518097920
600498730539463552
13259577080798840832
12699609029573279744
17695116200323381248
8533423694330912768
7876646782809145344
3493609750959389184
14183655890392801280
16612877355215611904
2520370987588003840
12642736657886601216
2426238366067748352
15476951625894807552
11329274526283153408
2760405542285315072
2921712531375926784
17795987495862507520
7991726924657564672
7167928965593611264
1926891551101973248
9427471634153613312
1524742198438472960
5954679849796178944
8564462625059515392
9281189668234274816
4396812899535467008
18042553009409914880
18044924322281181184
3974129160827767808
15223800337024655360
7568782276971323392
17777463833644457984
4787050390988352512
15843260639079393280
9307595402792376320
11630259834050469888
4685092166643349504
13208592908396120064
2642421155552335872
5890782922438265856
8475141813454090240
4201100623399810048
5375917059214821376
7260317198706290688
11029528570692665344
11363652095128209408
17745684815697094656
12494907125694648320
14010394108508362752
16829727215679367168
15179489671447623680
12113920108587466752
8655765319798764544
6987631618159762432
1891082049931565056
3334693051925529600
18414886873239062528
1242467299456519680
11951354657587968000
1955310249660760064
14558967036565084160
10108260498062583808
18084159688834588672
6244996588822712320
13705618139957207040
7610410580692548608
3736291611022027776
5749749194034954240
2438472157764357120
3242081716828685312
10794455215260063744
14246713408417736704
7773783192340974592
2082031610001234176
15473376284126976000
12276749040101912576
3479665724620902912
1163332157885646848
12472443090662666240
15609983768694763520
15094003532913942528
14623838699887237120
10935094967497103360
13280304956848928768
2135007122617532928
15999522121868083200
10565020117862260736
1640955136614290176
2136740755018908160
1190322285591371008
8179955186225091584
1558355832883094272
18071429546811512832
1627635814030855680
10069981541309087744
4020268451604062720
10488627042524116992
5712718388052870144
16779947838645966848
1016930603455892352
18266829978887884800
16523796847659491328
11665971444514344960
15033057621584017408
4236916372817946112
4265210984297796608
15983495529919066112
4133026108900941312
4788911420121219072
3189322380521252864
6573784122406220800
15338594081609773056
13304086456777564160
13960547700215777280
6232634459898560512
6801385472239155200
10672515327606814720
7810924982590410752
14304106304665393152
15603141707248148480
3089563312267150336
17824370783657357312
4941469742266608640
15790100973822769152
16427422113038694400
1496942703043245568
4076006815981420032
18250991871448739840
8335477230478016512
8743100713271581696
889556514013921152
9594933216898119680
15911696407705298944
16717308861593300992
11983389999398998016
14768454832279093248
5294475163343426560
133259402666083104
3830200625776917504
15013116881351475200
9931356540958144512
18105592246842198016
3494296999181007360
11731114026466787328
7689602092292078592
7616433477052235776
10429101102259982336
6955517449193291776
14868200308331685888
1681624679790409728
4608341684215668736
11075847109435383808
9603801731287779328
4069658095479516672
9514579637268451328
16766389100888997888
15462686806244052992
17285911008948228096
3954748299340875776
12686114685868460032
11801025897739081728
4575683675554498560
7714775033526853632
5420216212180253696
5389276505623445504
1193140173765986048
1226121556038444544
12269414316194949120
17603091319462082560
15151949338377062400
11448026408837572608
6867637780913415168
8457875966919202816
8951986000869841920
5262130627057944576
11396438816095262720
14389293039978725376
16909865691029248000
8385022622990706688
12244839940838156288
17662550816268210176
9674433000004626432
5564796961216746496
14631630090894417920
6536370892297006080
5010165277904346112
9624708886647046144
8975395764886501376
16838849220765919232
9977264637149501440
17815327002513844224
5803802699301848064
13032659890313662464
14426663309191796736
2423743558505396736
362468707916256832
871232525431961088
17349449306560231424
12622627694811885568
7151405641758791680
4163055304842271744
10359227084398872576
469298153549026368
12685370123165933568
9501148872689164288
2166957636075776000
16529398720336580608
17335854002098956288
9802551310906671104
9835854974394755072
8537314210873838592
9143304514004593664
2245266636761550592
9914754681472241664
4614682913501917184
14897993569435701248
6302683148759366656
15804191854785714176
6685210603283694592
8953699720253769728
17850426080042563584
13927953847333195776
16215827655052638208
13324436541485549568
13027330547211388928
6892883977625239552
7888511302024458240
15569677739456649216
15951817216344694784
5363271113649915904
3180289100599797760
6031734992167131136
16393449336900225024
2111706273134715648
184928459067071520
307536365648077952
2877559043151872000
7392127414004875264
4701600627250680832
