4023814916960975360
18387880842864347136
16700105688430860288
232947122544547040
8170282849040543744
2959236925869807104
18260085475237154816
10906799313297639424
13930947558004226048
16442706187140659200
13896323038393466880
18120450541411672064
12194636121926760448
149359821955246528
56773975040512640
8758966643094771712
15919846406054832128
8770193279170853888
15857252045576241152
16833874843366338560
8407846694856871936
1983284865669240832
6780292755290483712
10413853303406948352
9299641485475962880
893161246537069440
4957351110223251456
10007684247664254976
11124710778839808000
221049233152415328
5906601475662512128
16682192297788770304
10167165127567153152
9331165645658155008
8883821110191951872
18334047004605618176
10707691756791463936
14023280202735697920
2397691805729174016
6586954256028909568
6114315025599376384
14647895651764015104
2202448342079388416
2484223172556935168
4282231512301917696
3473558674125206528
10257033583205115904
15768761943889303552
5393407755533048832
13236874748027162624
17853665861482557440
11096698101748318208
58628754276223272
3931510932094909952
10877590360942483456
401405398602731648
13210063154666948608
11099207124802375680
11058196621123917824
13129315197705054208
15908325925555589120
2416225175853943808
14888892415581325312
16032895266579400704
4894148466198900736
8360425486752114688
16979696069626701824
6786931185122877440
18227544754882136064
12868489554758451200
17389708317241704448
17248608126671106048
12031250224138446848
6448587569472368640
2013334302701514752
5645199790239821824
12055256150189828096
16774534411931142144
6909043799111447552
10083967022443749376
2263726511674564864
3691695429356563968
12867542112775897088
269471834820611552
17129379279504386048
2970924260057351168
10148455260646293504
11897341788623468544
2955605631577363456
14793380864660719616
2904177086114756096
11138803840419389440
4973911356051332096
3925019360757386752
5813522498012138496
13778355373783220224
5425525764560887
7824268818501909504
11121361986354255872
1974746317059332864
9137016794430862336
13298814621834229760
15493409995300325376
10130248529936429056
14661336795376539648
4016135161340941824
13457937730747402240
6617725624485824512
8623160111350707200
5755618792554494976
18018017829383061504
13392744408386385920
5348489330240403456
17183579414048133120
17886067363804213248
9209847578130142208
11599014066384547840
5243928867806299136
12561868744362971136
2895926615957264896
13838122901858347008
5399382037178503168
471780028653147328
4094740398404932608
18387107438783496192
9967425761111472128
15950071721090719744
10422710954016491520
4810936100706718720
7439839472909494272
10381883206881433600
17098606305496473600
16698691319320971264
4553380439011449344
15377419586181312512
16053815748965220352
17221609219305105408
1874230247934102272
16705669942607353856
18059690634502739968
12584878103625138176
922972635993608192
17217725807602503680
4739664576623869952
11803182429687040000
17737572634902650880
16458455944539881472
4587233823657128960
752922321596948864
7068618028586935296
14330253549193099264
3367534105955391488
14310788806363574272
2947805768431509504
393982743875802688
17083925517596119040
6542469282942615552
2151996273440375808
10545810450855421952
15426374974279708672
16956604391090008064
8049296283377933312
12971266720998199296
7772644137639754752
15740706760761716736
12278531472664967168
13524943549161039872
6478263391186837504
658994878139099136
4324506143686945792
13120975513559631872
15385154705751920640
8713213515122150400
84332882208604544
9541348950091112448
11289535636019279872
9253458762565322752
16147076818748334080
17157849736203034624
14726429883456864256
9780126438028701696
1343478686178491136
508035304540136000
12439500620141010944
3778224861866361856
9475783573297766400
4803563556671141888
15230589385773830144
3433369109769381376
13644136517871147008
7260213918071912448
4967553544720258048
13352309841898676224
2087000749038406400
11124729511538675712
12577811570041475072
7842033177293587456
11249232297576114176
16292846915557353472
17936744236947662848
11236128804094261248
16046841927373967360
13110416355919972352
720315110669813504
13478725656943683584
1140876586141674752
1028021701536260736
5397640666844764160
723522450403812608
12217553459587493888
3373078918061662720
7698215940250059776
15352308212944826368
13221082709048225792
462953095970439808
14426163178585831424
12435162372619870208
11731015268866682880
95977882764203280
1112781302215617664
5104126818567963648
2586501816770197504
1950673309530900480
16672305739097880576
6528056549579945984
13744396557683535872
12901048604731850752
8229414139325393920
1344952483327644672
2887280545606840320
13578381239091963904
11492529507107801088
9516918849140115456
16426732998663135232
11876966937773518848
14560714611145136128
15518825138215897088
13926571503608584192
1005236584101412480
1178971494412186112
13717387630695059456
8731175647136675840
11475799203876554752
8149595632179271680
13120895492707092480
4204011719702450688
8728123789344174080
7666621589875049472
5003387107997937664
13295262045345937408
11169009782366570496
744268833414473088
18079085432747489280
944538189426884736
1865564942161841664
16737324346547175424
9918764632499984384
4085127092291578880
478685528921826688
5491346877015278592
6455050469200346112
7713948557161121792
18136150538727520256
937031057902854016
3759521707388998144
4686647842674214912
7259239075517088768
10272783624608614400
9577939445076803584
936577431083984640
11464493362465376256
2168242978013142528
4459150224115241984
7106977625750093824
8480541959491514368
9271858319433625600
15684499131884648448
14859622840032030720
141051852553524320
5417155010895817728
16692400991991939072
2950634153800280064
1446156225874967040
15028748768976504832
15771577904200574976
8900892858389709824
1367602344724698112
2110176897538594560
15308986543181467648
3062377051392321024
2764217470908405248
9079108918628008960
1705905208542299648
3475958824474459648
11699914180855900160
9053666617451656192
8850995668591472640
18396241282499651584
16911137788168370176
7559994622997227520
9229929905268119552
17600757075762917376
14735243939327873024
18239259120902232064
12648740693036734464
13260506423730528256
4034055182812560896
968440818408734592
1330291043757148672
5054403172728401920
9954962051416803328
16746296320767875072
6109278240967927808
104944814002793328
9655254506031165440
5129965190254964736
2371602978783942656
6175502478867812352
1542556605972575744
16364501074752567296
8901957224851729408
13174556799172950016
15027351469399009280
11737192696288954368
4807725496119365632
4817153051054693376
174839297741987520
11936224983610073088
6442832349595629568
6269008334761492480
8026142197179284480
2591712829896025600
3134573364037749760
549496014709973504
14644902482486472704
1131288232655792128
10343484185688489984
3557965844094115840
9452811044007698432
13943589699631159296
17516074375092051968
3944214780043471360
6068933897143191552
11598370388550443008
13024372745442715648
650952331877438720
993283191512263680
369569757920783808
15988157733190784
18107354058365167616
12846049662586656768
15733164321098225664
5141530273078864896
15083502930555521024
1006010069113897344
8872183436349658112
10287126785277521920
15226437291603300352
13745302082750947328
10913498469670473728
6515552369460629504
4848451034895247360
17363219996806893568
5455007854133934080
5138596538283798528
10646828317064603648
9177640005140661248
2962353755967673344
2401772516114523136
5168376701426739200
11902641447372560384
10802500372414928896
1599712055821419008
15698977967919110144
302515956215265024
7099962070873120768
5010984899431260160
3017392950357061120
11879113428036425728
5118512863161437184
4660501970916247552
7807191755153460224
6591031710491010048
6934794684453464064
228222866990029472
16129386826720126976
4085746869546598400
6503344566027440128
10272184032938350592
8086599573696110592
2806535125974168064
14506452245167947776
1866970057551248640
18071129510510962688
10198010298133485568
14985423492473876480
8354334813056169984
3771857884750167040
10431332811939981312
1476911274607906304
6980703913875142656
13581740229145774080
10300073559451817984
7444067708170387456
1856175990775783168
11537348551264960512
12648650118003922944
14007157154141894656
7479115293025183744
8880589176450867200
8129455340891779072
9245565431288422400
10350256115210788864
9388136439799091200
14904322108078501888
14627082301830971392
17274833636505970688
14385854209465163776
17269979281968128000
1082464238942940288
1990711385106795008
6137758086866049024
5401345040507134976
14558621122048833536
12631944601496680448
8126722270800428032
13580782226960484352
15127029800329555968
17142220041136310272
16394806314753792000
15920713138424602624
4335329359586947584
17773515846660325376
13927251880744867840
16409102076336658432
13588281739838199808
14153973495313506304
5895662302895681536
9612316257529022464
4078209424766872064
15297984707615297536
18312446248038238208
8128028627867021312
5080402431178853376
8313656633651023872
1176286839124765696
13996784798727657472
6116236277475360768
3068327385890548736
18203251811058411520
5061388071647143936
5194042557236221952
17736478737117763584
12006832715448301568
13804110530370928640
15120152381906206720
13827033048112289792
14711797449290651648
3915577187728285184
16456808418660220928
9634044088054460416
17003758682334058496
8403814139595034624
14859676977731895296
6530280422860371968
5138769224384283648
2779222431378741248
5925845833438521344
10011776312942022656
1433856464256172800
10339261302738528256
10242116739951378432
15862895250458255360
584754052377010816
17994112650951534592
17249148881797437440
6916122434870452224
17381343759631722496
35647450934312136
5004828812347850752
7925827282226457600
9528675740437385216
7996907047462637568
6998967946787838976
7769215618178180096
12589565172839127040
5916919741157884928
7925611158729020416
13268505503630888960
5832647963518278656
10339687878195781632
12428682999720005632
2468009998326526976
8092959898285236224
6999452882315247616
17611532798602096640
7886688678479759360
11605250434428444672
7316660058169749504
807719213131081984
1091883127638034304
10688424571803447296
10498470113563566080
17052503012350679040
13137785768474916864
11731466568588517376
8826475129418898432
3533341657146298368
2942067193536535552
10898542783261087744
7811705638381406208
3352594501759564800
7916696763096760320
9953985007979503616
9577709013177044992
17867102216644685824
10932855368371947520
8616541509508120576
16363906578430492672
7038914651361633280
1047767113787547008
2599375942456164864
2165892896258677760
10734267230493675520
6514942516992245760
356809538830288832
9982760362157371392
6876822847104838656
14928614576394708992
7248849665011484672
7583674870280395776
18102131297081266176
1082995376583319680
14663120773780137984
12664416859603812352
18439270571402160128
3335924996383795200
420471138045482816
14380765359769024512
1216251378979822848
5077189954080953344
121246731825648240
15190602795495366656
13838024847788967936
16840673299229200384
16612219327867125760
7863043405796860928
158800258181891680
13359200914190084096
3721012284521479680
16152598788793643008
8193864822743351296
16434700290842830848
4486326262519265792
9350278147631380480
8871452703471371264
1531276371455398656
1455586408245687552
18007482195393683456
18114038323536048128
11780713478969626624
11616614212438972416
9258552380397787136
6359369362017849344
17268993157186893824
9462720555734611968
4581608884166838272
13024166299077249024
15814484983643389952
10091934525851938816
16881803031248390144
9638470616716701696
6398751906044241920
11954337014918696960
16155169834048210944
18224862035061448704
14361646788273311744
18053074879214745600
2155634140941888256
15227558044314748928
6018461742462311424
17672640654914234368
1316768737760794624
11320396846379915264
4997541259115639808
2350762712253147136
1818234333080701440
1297345501866051584
8402317834654911488
13328594552720175104
1034560803689842944
14632934069522710528
13560710360920852480
13917679472303663104
12038766409431537664
16275338620527388672
17241950231036776448
1484900132425560576
5179605085366753280
15792996318179938304
1069087873372430592
7590937859033467904
12360212133394286592
15228223993320273920
10219421101244442624
682640967049364224
1400820107914450432
2112549433509658880
14475480910637936640
10248444071901005824
3421428422150500864
1071945658613691648
15610202632719218688
8683061862671043584
2448446808865347584
6646617227450489856
6214378930102853632
9836281438860322816
17198516478878973952
8603673672803226624
14810597371390228480
4547415220111596544
1317063440961227776
4615514064606072832
10633006369825927168
5565243980679425024
2860142836714091520
17188877940451952640
1238356242728999424
8007085709928460288
18414423190374193152
10025090622469158912
13131346346512154624
3124860016364174848
12892739928872355840
10595650082785990656
4903318324878794752
18265314031302115328
4311869579597752320
6359825069936066560
7778329016643907584
14373202985911889920
4764930146351538176
12894459437291866112
1673211666126136832
769894496182630784
6432464290182533120
5942481595869603840
15429399463574923264
2114013464918140160
2309341451777134592
14973604081817315328
11882285367698298880
7042453977221293056
5284855025842985984
10283357117736810496
12740634062167097344
6480987265420350464
11293873621054056448
10927088079444662272
20986533945706864
3637013078437456896
17521381478820104192
8782044831848509440
13271050872606201856
7894461683215162368
11755445917698244608
3828304010744736768
6604563027535669248
16385727439481913344
17120432814333822976
15910665305631105024
8362013880577254400
5410002387948172288
10789823261223335936
3822828564456688640
6119096896340420608
14237571523482759168
17520126047727392768
4473786228469553664
1461848463799763712
17160711771761690624
13946103792587368448
13278058614780180480
7146016021920705536
8421353259809549312
13761447167331293184
17601181133790312448
2126674093090745088
11220437476720934912
6573559168960675840
17151691859449802752
8172431023863468032
2348563286510837760
5521006731152630784
11261432253811853312
16984085984170917888
120595312323041296
8763419387086308352
8905491250473713664
4769190985823269888
9032501562766211072
8500926175086656512
14191740055383367680
9157940692318261248
11571111014249795584
8388299456492673024
17520908000729083904
5365052910384411648
8670330024647343104
11785894431638878208
8500614146678365184
8345201118936008704
13979548185123260416
6589626359563148288
4968893408278051840
12500839340120096768
18409879597070442496
17192067059207985152
8580332686454848512
3126148128614491136
4887931938346522624
7097866972940510208
3027913728638302720
13892228949136932864
11796364449110495232
3686315941776131584
1152683482880716160
11646456564032182272
523123067515206144
12537678788003819520
9366183134277713920
1702674805870307328
13330473922166173696
1123346386795611776
230467331467680064
18276849028398411776
13233046675935797248
13810947314125907968
7506847018052662272
2164361070980349696
7958790010657473536
11467025794712537088
8031834749068769280
10232230973374150656
15059469234718085120
17742363207140378624
1286133909943545088
16726043640580986880
8265218365747290112
10858087067059994624
10633186617803927552
15425185528156100608
15689836872921370624
4663002816724837376
9228784411057608704
15475578336828241920
14570018562039312384
16503988344161734656
13126183847614824448
987425257777036928
7856219323412745216
11805590863392516096
4628992172875368448
18087676605974607872
12193738529660311552
7192423085831734272
10295995188515293184
4770162843754324992
4038675028333264896
16908730980011642880
7127668427129347072
15480798972466683904
4742716930840066048
11013675007447552000
697433287193893248
4815937159670272000
9268954136545955840
783243400184422656
9083796487224505344
3744355460150120448
6602162144340072448
3805200307396464640
6694254960750899200
3432174658968528384
8694845404319383552
17207310887023429632
1499757099396484864
18445909531248592896
1424575998713069824
13155742008304533504
11544914319971428352
12150750302057609216
9742368001292756992
172224767378738432
16577282393884700672
1441984352792324096
9585393127415779328
15076047466887319552
10007527562666805248
6286744981366577152
7365876917503733760
12927273983012831232
1228048411289053952
17034291868999182336
12609849827869108224
14003591975522318336
115337516072832416
8974377543053364224
11726307121910286336
2516913440876155904
11595122251000000512
2873642576431044608
6495952505458734080
14672174370016303104
7976995536013578240
12708220895953897472
18444423792862230528
8831449531163322368
7870657962874849280
707355856907332224
15429117638776037376
7700795302193926144
2730180128367849984
16452660094872915968
17821681127534417920
10950954494841473024
8234939318257002496
2455387927224670720
6557949646381540352
9914703495754786816
600935438729545600
17057077064290711552
14575027270518298624
9415271667977168896
5834014607261474816
14522971018774407168
13736337311926501376
12259275461274144768
6966611327646108672
6921475382836961280
13100761958349479936
8678870542550010880
7552198096254983168
10196582331870619648
8952999493516164096
12743006656887916544
16486971606603218944
14708182928299259904
2050479359671781
15472132760240041984
10817739898522210304
4764209118541185024
357891390546364672
18104993596174841856
12341472093192353792
13624582296138395648
4640498138723042304
2291786346676789760
17820862352640258048
7138979315565705216
5164630489713197056
4987145738790236160
4446026128412415488
2633227119805516800
1047792345923527808
4869500956009936896
15708991898207578112
10793668990142236672
4869021760994710528
4845145690120264704
95174048800464000
14018727376539375616
17389850645022906368
5544240967871958016
16029264808148670464
5412426293825263616
15268650221888862208
1376059106095469568
7988563763009051648
16567047111623477248
12733861188850225152
7777094416383667200
18284046684113246208
15282931304495157248
16734113786962653184
16061141735387813888
18099342082967332864
16928114567651735552
16934727292049408000
15659567683016460288
2948783721182163968
6120701157990867968
17065419806103058432
13428328923635898368
7210657557393328128
1539183342294426880
8817841604146363392
18302515828279013376
15607684487518154752
908275724394310784
17119989225882222592
17067881152871598080
5529967101856398336
9773627738389260288
4452027532229531648
6416096655943097344
13787557293686099968
15747707250891190272
14388596266741927936
13922683325113327616
13914481203241576448
13618326264764962816
4120529841051980288
6605297077910690816
13154418147601637376
3032093764866147328
11797046880522670080
2085126925046476288
12801077772654870528
14323052751424462848
8781372278993373184
14470247589651187712
17940496657559433216
5742865346890687488
11721633341759113216
14891872489900587008
16388325191745771520
1736337773788116992
15512563289573089280
932431820034636928
11394911929682458624
12291000317102829568
3870282965848811008
4748717614185963520
11043892165391319040
482077025555677056
9363565702023804928
14592029727093397504
7600241871243972608
5358482432654860288
6349109502519726080
8901886255631517696
16072671042182227968
12271143021821054976
12481595080511635456
6968842234386119680
2908871935851005952
122688597217818912
7572225041238965248
1347231820258149632
16472192021713739776
4699151346353487872
1834903453190572288
14067335842988683264
8974186533402413056
5874149034003378176
2831602055071422464
6337726271369105408
15972378535909574656
9147407346678061056
7702512256390660096
3746831347912750080
7490757504095292416
10564597100674375680
9082249273765524480
12591125025953361920
16248970803607418880
6917726589320292352
8065156679911496704
13065949133471395840
13443322499221516288
10291669842778408960
1092634281200251008
10251129999280297984
17180375935807215616
14689866259304300544
9594121454920534016
5393790577308547072
309847990406333632
1965786576889548288
17159586486382751744
901599553353783808
2415554479081718272
6473183667881560064
4425035264644297728
6124865270925705216
5278812801329192960
9044613409024296960
15417411354059575296
5880333826979047424
16989131448939857920
13021311679182051328
7384053811023981568
3644562383158558720
3661750687664577024
9109140513308646400
17914155666474960896
5442619060385771520
13918055870798094336
