14407460971906351104
16528585699739871232
430366195747236800
13292556810831159296
16214517082489413632
11712193754591995904
3238278283038726656
6740654751557146624
186384400015796064
14093600783273418752
5692843492199911424
8382578196656835584
6198119994468363264
11715269885684623360
10467810998631579648
1514974170348856832
10190741340084383744
9556596887104790528
9758476400531697664
6500818422532883456
3231807819514900480
11377241762386880512
15414253417761292288
15929885665439731712
8025350133978543104
15466143709421721600
17324896971963176960
855497780375591296
14278268568369588224
14385655471098806272
6299493141844566016
14259664170375419904
17931983077576228864
4326254652129933824
15559811621723492352
16133116972154636288
1729138182546631680
12470498338852247552
12719486480120401920
13272089264525504512
10193155289313042432
968355160454241792
7550752523830308864
12925328974418034688
3655624980541558784
11714931176234844160
12851863268115687424
1665875333661368576
12257327815903483904
2155787792551846656
1170165222952922880
17223654077781166080
1349197842830584832
6630215651011695616
9272429364126691328
7654647856035329024
4051099288226039808
1656247951526847744
2780030910429334016
4550248194426355712
537034182360197120
2523864045497577984
12621212839054632960
13255563741229883392
9419076352743122944
5185238680490427392
1122218488988628992
8322752464268531712
2358220051237741056
17914684671331155968
16295147441230020608
5503056463119074304
10872354316133877760
1332879097013659648
7527777759596673024
2423871135530695680
12531591511377336320
12353331401779779584
2640732848952453120
11901952019247429632
16506212671494793216
16171088164126795776
18384146781217701888
9174381875845135360
11925874808066689024
12707896957973581824
741443689131185152
6575449898292221952
6589527767051860992
13128862260545402880
1225704955831802880
10313005602061793280
17637419490538221568
16448420539775713280
6108248363435824128
15494623077229387776
3126127509341149184
11095439717364289536
10760524562415568896
2620088336462842368
14271197312929325056
1147322623229020544
12899413391943731200
7909471654153111552
2693354638872452096
11025914324211931136
13991328592924895232
3336662667901795840
18342105139960369152
8082737778068130816
10908289224616251392
16542075433989947392
18446227462287589376
13414228663441688576
5151141666515235840
10261726272337729536
6336669586862873600
3238676686894830080
14310931173835362304
16315327258997489664
6088660659232429056
8360766713357077504
15163595062699819008
11622671964611500032
16797683426070675456
13569686445978607616
16111199729574318080
11513479570831323136
17239738578047936512
10707894643780132864
11133107379260313600
15480039654739787776
14282029537799878656
8044192065327073280
17697640438601388032
13175390217532887040
7725916583170430976
6340973556847229952
17214265009875326976
14096994408351490048
18410088306404495360
10924341064042469376
3637737034720445952
17883261188579063808
692096414641212928
5245560642007661568
9688108137393184768
1184883447485051648
4769570062931830784
14098236354362507264
1639156255362905600
6205723655787143168
12042098627846064128
3057966681574088192
2036670647612917504
17285728885848301568
14811474748715509760
7143959389632138240
17262868537996761088
8362070801187740672
11045453471191293952
882901302992971136
12576899416121929728
9332098082550837248
14343240357745268736
13944035623989452800
11270677362898573312
13741009436552603648
4812509852977717248
810947526923777280
2790535130443969536
15719082843648583680
4790375693074837504
6584581592702118912
8758995432353510400
10196767120206319616
17751345648120686592
9612328743580817408
4484037457016151040
8180961741488930816
15610496243513503744
7419436973663805440
17183312875628722176
2661800523968523776
262925852887565632
16784943879565965312
9345530999897784320
2857372167855043072
17956658033051246592
4343570833900061184
9136909647591683072
1264342158880948736
13392624091252877312
5789011173789387776
6620192889570412544
6719013411318970368
3179352521866797568
9432589994268094464
3832285863278578176
17968035642441793536
717952007608413952
16923329760224288768
8808751315742220288
4614089076114924544
2920125061621289472
17932343733488611328
189289419270483616
7073768536938016768
857781753728316672
2011815069153785600
3492909097576663552
2781985131928310784
3572740197209862144
2216552102583592448
1459770320053143808
17648117312474759168
16979383330189316096
10987614579180283904
11063876751679367168
1334617787394578432
7458598188908309504
8087522615063223296
7626563748909348864
600837179952391296
18284809979893385216
3520483141494718976
17860264926869733376
12826684093524121600
18120439605518757888
11515464011171921920
10205165003955472384
360676657901573696
15490343488153640960
17079147050824921088
10349537481831432192
10903178865018632192
9221354175868954624
1899370383478709248
1218893948286381312
16499203711850565632
11304048523527698432
13594064816963170304
6780080549776207872
4108898797240046080
16362271519306711040
13012263123096637440
11117429066634797056
9779055873023037440
579495561156424448
11080094398149031936
12498304422105296896
13541743241964802048
10557705361979435008
8880982062086939648
7481197753815707648
8727320607242439680
9694479734321561600
10482110941209464832
18094777628392634368
17469302746971144192
7148910349066442752
4901949716254770176
1123091365275980032
9092721983018534912
13088876743974117376
13933923407372580864
3251082155633037824
4466093983555501568
17382551666452740096
16914878664970665984
17842670056035733504
13019297668776486912
11031350211356448768
4324147233310496256
10962414411446450176
11505313662100615168
4616580969682439168
11820321131267006464
7340526830715271168
12191942681430706176
17304852736201019392
4991648607177049088
12131718173965107200
8123803749954669568
2478879833565559296
13190153613936340992
7865924229115825152
16247574773168930816
14200033003482333184
8377385513220935680
12096483398926073856
11346241217466150912
2568784957221862912
10659998869868263424
17729155157977937920
13359106806926239744
6180580020195861504
4100585196995988992
406344184127882688
4792897098692654080
11572688416488945664
5785830574308747264
12095966689792808960
16246369642627696640
5337767982544707584
10852403772483315712
12105227027607654400
15459455902151505920
16247437200116867072
2047084079850201344
1232925451269773824
3010754120264402432
13216265586424176640
3031398540289361920
3802198828653869056
16084661054536499200
6050351956809391104
4978379122962449408
13745096684814788608
7406757958996202496
9990777269397460992
3639259628829563904
12779449102904764416
17631563528325576704
4920195500891462656
15075957743371718656
8433037381939124224
6787834059752832000
9325172461845182464
244103787278015488
6777705723558812672
7153716491512642560
6716632469064794112
12300193707532199936
14057909307069081600
6527586939754382336
12346905369648676864
840353615621452416
2433839819623505408
15909418067254609920
12492973280744282112
16063158113834915840
10096491890563106816
11768883155379804160
6615802156724737024
4768047501784413184
7814319592311835648
7780174181370384384
5744857201763006464
1120402467477860480
9572907733575479296
3310843009001239040
4379612654654264832
10067267589011167232
326526206379434688
9155854855916592128
648631340907960064
2941789839500152832
7526658603126785024
7504634956368167936
1133002807440228992
3752142371866956288
565901984363536640
14168068712020088832
3378209716714542592
8387800058417684480
2603026480550323712
1600058760587471616
17142482905173956608
3019071119540326912
16133752108608299008
9930648940155125760
13898281306449346560
18232980049726615552
16749944880479696896
10124336775026708480
8999770836624841728
8085112900439504896
14467998980215836672
625649173546671744
9581973242823737344
17573661284584861696
9004595757382890496
8762621992708609024
11664809188789983232
4143202378564972544
15339635394732032000
13605901768545089536
16715376641324648448
2213638197392876800
5715998559620544512
16580506792170352640
14748406702057707520
17165894011357884416
16729964592586420224
8999234649487080448
9204627099450601472
16451501179567458304
7845640530770916352
728087388940715520
11064112022560917504
6429023169382305792
3200273418803531776
10590948099812534272
7934156937128908800
12698030159177646080
15156190535323400192
438407512222601472
6496161280835580928
15986263386684829696
9633377461099501568
129588988924079936
14437958657359304704
6142178163867983872
5240725783298289664
9031357800769891328
9211443801840198656
18209804222257188864
15874024127520081920
13637717872738844672
17999660103304540160
8718349263874544640
15897576619473868800
12333688294764222464
6527951469092245504
15356144787224492032
18329959116363847680
12816152229577889792
437612913912492416
387991384679175360
870908290688332544
4676553396866920448
11558936709838168064
1578925654302778880
2088530546404168960
8072554072897961984
10349291668409169920
7126845812494436352
3174348394075617280
5773570337552986112
8705277716916487168
14287443563760248832
1803817024648486144
16014636046535489536
4059543156051766272
17641259637512501248
15160761854747631616
85797793212993920
11539983343177709568
14482858254138271744
3982944705046931456
6972137315134794752
4714149692573683712
14025394101115736064
17491305203159451648
3984284821583477760
16549735613111212032
10024428363640113152
3973824295731826176
15300578474757933056
17993287400726427648
17255532579618131968
757584151414666752
14364336340645396480
15075405410238613504
12900113397028210688
4493340654296928768
9660989702789525504
10222566656932755456
13811693857886109696
15276836742073536512
9760803080788856832
7520009139733585920
10728303609380515840
12263175438385496064
8397159352974732288
15779604256927762432
2292111801300718848
1274724045365854720
16970713586185197568
12274466081181380608
15443391524768075776
9993804789805520896
8385298468699377664
13944506722103611392
6430538284354442240
11283758693126127616
14017760797659361280
8764369688352537600
17864453701212594176
18333359379966197760
3968250140350372864
8708335805413608448
6725978649161909248
15139047551746895872
3390986637339687936
14428231059283210240
3518923942124655616
2475890404069186048
10868989135044659200
10833666406968541184
16535685169504016384
2068907892624890112
10096127990670274560
8849955578875958272
17367264665802797056
728594858603582848
18162691931195951104
11308196313944414208
16031402378532134912
9387626536253954048
10348270758406791168
6461380699413881856
4700248605977389056
17355396279260127232
647443774570518784
9585744345760745472
10744004004477048832
12021005991824113664
11190499045825435648
5495197053863457792
771832675887871104
17893627245325418496
4744531870764664832
6098788898796367872
16416669815890331648
13406683527649824768
13510156977182248960
6296808486476208128
12161873463379433472
3909703070421742592
16936590906308888576
431057876269102336
10459642759834339328
16895667608344868864
9380287648462135296
12765058100392394752
3369247502901270016
17779915271715837952
1718447954423277568
5344791145471789056
3674335122553229312
315756449866153280
16949052292719568896
16905660908685926400
1354088827790172928
16946372316878153728
14048727107317512192
5311295717931222016
1923895110306476032
18307911901711093760
1997809138603892224
18243791636579024896
2805029164345388544
1955414577361558784
9062850922151478272
7491745890785255424
3409206923683784704
11020854227651686400
4684998014874648576
5403559640808085504
9196333803701127168
7503319308123810816
9087520936541713408
18404315046275348480
3889167773576142336
8210682424357716992
16588667524211570688
9261179705149085696
16359862532480458752
17883747886237304832
17223303655076943872
4228872937576812544
11860460520250200064
11743737615234027520
12831801629947607040
8757682057213246464
854300851132130176
7642392369890774016
16045864022224484352
5813604407351482368
4117215625192098304
1009308816682925440
2393676654439345152
358077274941839936
899668798459035520
4142342996324725248
11006100497171249152
5276152175187374080
991486377793287680
16734221513740058624
3490196972242457088
6989431876079653888
2350488944053579776
666726888082630272
3609719863707961856
11861999337822060544
261880192193798720
13867440453096751104
6519977639695148032
1801117153836501248
12046199108328175616
9505384629628997632
4787504191737095168
1902253018671536640
10469572432699787264
1530977029724562432
13738523515603765248
6700040828052372480
11053969406385147904
11186865175418652672
1117975821864877824
10463542619012159488
10790325425425788928
16419914191632013312
10653452773664401408
14416212944000817152
5298591747458984960
12146678982036172800
11893226709208256512
16829385893886488576
15249382955737495552
17002148654010619904
1951650211024199680
13002438237164417024
8432143966368233472
16274666288981714944
6702318496306259968
15857702786400942080
15690805554253006848
9383871887060824064
1306810587023609088
6079372258313433088
15392376888988672000
9621997123552462848
14184387456128735232
3473746322220063744
13123730308478461952
4929029091860069376
11730654111056896000
16853337757090148352
10104365635313803264
18395835666824341504
2022239429248430848
12080228286054817792
13747104915055380480
7061643193970550784
4339463991418284544
17924008179466954752
3929132845106149376
7973119278384262144
18179137038608738304
10750882919304755200
17994859887640924160
3950658911361063936
7328800903168154624
16663908421606699008
15427114713549051904
1037160041571812096
17484731008130299904
11683313141402544128
16929194848488235008
5408941777433487360
6633624157049675776
11557803720466446336
18441856523889025024
17013404295536281600
12850569986891126784
3247027546335007744
3251240210420595712
4103055885655753216
15000005520293775360
12737251939596830720
13775477985552963584
13959619743189600256
11828436366530277376
1316438676871727104
10489914692497696768
18434106184279638016
7764720570380491776
1863357279291943424
7239111310768351232
10297688021086427136
2082825201939359488
11572437919218909184
2915302976394384896
11128314487939450880
6550961239899948032
12743670348883998720
1500455721843333120
6795672908642442240
16727858978535258112
17114688766343065600
10147317970409216000
11737929918552616960
6588616729529482240
6178430839559569408
6293516691540101120
280218124913898112
14497958118642124800
8999833074431638528
16099723425599457280
14895194471234543616
16126437424689666048
6116396410326789120
14668303756819427328
18345252762764204032
4011603660862771712
9273549569925482496
4244759213320936448
2203202966284228608
3523603426791162368
870203716965302016
7441125866858508288
13344088977994565632
12890304636151283712
13551988476672897024
14465116317455466496
10903632321235191808
8025683242736463872
5977190444845858816
15651051835085273088
5372947289352272896
17826098463506057216
213159185794995552
3320955067054814208
11900818745247713280
3999941966477808128
15018399999683266560
12862061873585704960
870386158074601088
13823096610122647552
4258787686278525952
9912732709016678400
13999612501717518336
10917780410880618496
11133348267094548480
8407824961827168256
8179301933550402560
9064141916644820992
17999225737089542144
13657665700680810496
2359175434822974464
9989764745853728768
17880987247675465728
15432150646948890624
4480319338630245376
6542849369715782656
7776337720503651328
15812524695510865920
10166484146351020032
6529979191066608640
7422256046317722624
3219116891570778624
9517691708184399872
10472340340063668224
9290038987961526272
2279566506475455232
2724228246084147200
14028580646195830784
11224685305458345984
12753822594315343872
893798013538956288
230301627822243520
5851194904055481344
5104021103488109568
3835308947843853312
3454002865691392000
4141782316539384832
8209119605014532096
11789611016281788416
6967079090142045184
689558191732828288
2590927652056016384
114165582774537184
11349564188841046016
386833113579683904
12339659355708661760
14675562763578781696
859168709933590016
10562162303087044608
3353682058622671872
3802816350707664384
17173923315263094784
2835467541059606016
18036392289821235200
5176738922243594240
25641227902566920
12090862337745997824
8273515655174765568
10758569190648780800
1146610252176678784
9522536870960764928
1948317601191747840
14330240216985671680
11754836616022599680
16718966983495299072
12636204950406717440
80090592656222032
10843079964117168128
10447905453770104832
14359341843828262912
3436160824586105856
17037895141987055616
9008820656226570240
7317882008634507264
18179718248258965504
16214982175468732416
11133392173037312000
14492299280889860096
8765292516333790208
5309828093672474624
5546911337914675200
7725544867195601920
2808877990609401344
15790315739249356800
13282195932760182784
4892528218488090624
16983553234497452032
1883876338890491136
16951929852699000832
14013251063904518144
13074467320213532672
1839223352119995136
1583450849434192128
9459357227107784704
13348868041164691456
17536453762789908480
14890065332274067456
11107892667202662400
5090902681002533888
6056838279427774464
10820191698291388416
12902502366429052928
836200186705794176
7757668876873093120
152041818727260608
13462233481428717568
10852147687052584960
14972098840691533824
176759981177836512
10985972883099813888
147512421398978784
901945463842611456
16106745545915228160
6714098457155254272
16507919168321089536
12218948955443306496
12501187320664311808
1212439154303994368
17307616112693161984
4958346680499608576
7640344182956361728
7342994578302204928
572772009635232064
13268748545482176512
2346911474952791040
3509903173828580352
17891995951416844288
13138862196319942656
12569865228489730048
10294438035951276032
3944303327775920128
13034224157776996352
17713541087492689920
682582650546816768
18095756928405065728
5846655659616777216
14224763007425423360
9474413869335752704
6510295196530653184
4666101591195096
11522431054439970816
1301625642863537664
16003181027859490816
3606553682519523840
7403170245477932032
11831468015625463808
7174252740418477056
14194259088787036160
3214523623225955840
16245041957034797056
2693200253890537984
8782499461602381824
14437749268137000960
429814991563204544
6224878706934000640
12780981672145016832
14831833819249780736
9900977118795098112
4039767303454769664
13272430426023841792
13442548327687686144
11159429916572567552
11610063886724814848
14683783184811431936
10472743714690191360
14126496945724977152
6740659362836299776
13671804708956852224
10260401619380744192
10422981437948977152
680925010495077376
17756825460291354624
17662742783868952576
5668642412231713792
2439941224981722624
2793886331189117440
2008573345027211776
1566238781817148928
4342717198008044544
15383689591953418240
15691658623535869952
14820251092721246208
2647266033200785920
2616929112697263104
6868510062371255296
12236609297326036992
5904601512130772992
481113286811472000
13081394263411478528
1194157704705746176
8835348845170862080
6577386244643628032
4689075026048534528
5201707358096129024
7804955658532898816
3854510633448878592
11172140825270319104
14774411154726139904
3529707838932897792
7275737440847826944
16007111140265082880
687652115763867904
1670846389971955200
8669528183633603584
13379338182528741376
13049785029815818240
5088248791175933952
13860117976345210880
17637293484568567808
12026362916598118400
10577575033785573376
5143801451571387392
8526923061787014144
9318613523168135168
13573064457089437696
12029782544372813824
6480492698310239232
8698144829576228864
6243600377164343296
13698791183813986304
6746691450492328960
1230431977433696000
12698359024773822464
12491435006305224704
7678466317097498624
7263790878503581696
8855757673919725568
8135545879673289728
11270732399928297472
17482351543913209856
954625642384638976
4107803272269729792
9420394367333384192
4779967019769739264
18055524248638330880
5376576345890068480
3332534429988017152
6995014483502103552
2075520466229359104
17525173564423903232
4704415546379973632
5952063362419707904
9013836172883798016
3588558445530446848
15315755237366489088
16416022473536954368
4029676126325670912
3692114225430550528
4513431556694819840
16513022463591794688
10975167116381757440
5865365159332131840
17745538280641959936
2860133559933295616
14139862908462149632
8755836814209720320
2840991676782687232
13038069429066608640
1140424721209050624
980133396760826112
10796477789327499264
7547867217305469952
7547003141275581440
18112694248948862976
4017939844321618432
9441298960176060416
453476738002896000
3686225024738051072
