8184401527053453312
11674256260437403648
7148344727478129664
15275508542775646208
5524900424955340800
944979528020100864
3797207514185082880
5504138709906771968
1562630451108917504
927616393523745536
12637295819917443072
14664444717303140352
9806624818507360256
6911499483220183040
10606914960013852672
9137196990753802240
16045437556816994304
3120514622932736512
5685250785205660672
3396461231461463040
835289595299881856
3796864901517834240
16012502723297779712
15462804004027611136
258090029607559936
15140159445437511680
8112039889574700032
16529464250695245824
5795734264373950464
632697237486764800
14223111138471475200
5570476573426705408
6631248487804925952
2391951626794400768
8808938760935629824
9626678027249846272
5180467533198000128
3533631265710604288
16994238990099535872
186385865912511168
2146117606602617088
8764785402766863360
1386105778677529600
2181765472372041216
16740989409992722432
9466519804841000960
7593778345192958976
2445429712583707648
11903866462361387008
3879970585706601984
7940307630892036096
17809368997310853120
914202243436497408
15727255636499124224
7380512168172086272
3944249920180082688
1741718033319591424
7890519943964892160
4849306402659894272
16472862699838803968
4925706911167125504
1983708362750329344
2286983969364479744
15140901793521303552
15509245412638963712
7485445808586916864
16940668316885204992
16651846122436831232
8401664245309638656
3068003216712246784
9085151441515340800
1276875641861063168
2113035622924763392
13115568109850753024
11783012528464420864
17767558246609758208
16549360069815257088
12664012161672542208
4088864014559552000
12384601597042647040
6563117835004086272
9354801146047086592
18160398845642221568
1525448034535636992
1045606394418988928
633658505766904704
5570474537274953728
12963652299593986048
15545495681969317888
8490538549263720448
14027874757418356736
13102487583052218368
1054484257138253440
14669100589811103744
14937130005132294144
7445304661115116544
17935391165263454208
442407198397062528
17332677138799949824
2667775005958767104
2855126480796839424
18380389743840880640
12441443923994314752
8191378521777210368
3952372691317521408
15967585437128839168
17689303727397251072
3630364123145124352
17467905688183504896
4053154065076828672
4558230421815644672
14171343043406034944
924462212124804864
16523789818182385664
5312888496639531008
568138801613117248
15126957514667204608
12098724662964539392
1187089737770051072
4368773833834585088
2808019769378077184
3713800634885949952
16944118565321912320
4349827716991880192
16375887927202607104
7362291928146817024
16115387641013954560
13325119152720515072
13318725628510646272
17913684992526438400
12944522264341106688
16599471278969720832
15648726019512846336
17053555113734008832
3247553018882098688
5115223289123850240
15714915490838867968
9227493744704407552
13455614738576560128
3846083000704544768
15940648950198697984
5760964652868914176
13690266399370975232
9018006363786860544
4532646106212491776
2242600643794139392
7661453244688827392
151058605750709696
6129990343017709568
9060897512463208448
5694035989409464320
14030510391623989248
15826348093871065088
11930330442527821824
2642067946285216256
9094035683542370304
14269984061723062272
10983882117807845376
5623183580420617216
13544115631197763584
8833758633864325120
7431599523600747520
14181649559925106688
12999534939884748800
2568488933644161024
2025643684667023104
1038635547859484672
9304329107803600896
3497757904830481920
8011619369009581056
9706736149317732352
5374930039449069568
11655356537604687872
6381123095952301056
3401439481904801792
15955756491017216000
15765710028498059264
7419488728169960448
14224418208616110080
379041763517535744
10588225009006989312
5377545151415945216
2138629077285179904
17879685314962145280
7874829697373351936
18284628818327275520
11897981996334497792
14598853548881596416
11064346460960215040
13444838166859763712
4531112451410368512
18101510644577552384
3724910009037423104
11576507389619310592
936451115345749504
8460640562329455616
1861103598698933504
12118573370464684032
17437356730402357248
7699460305430175744
11119767793708163072
16323205167815514112
14208534255497052160
9596945636514486272
400869348176435264
3116786406720302592
7030813698116527104
2972585404778766336
11949074497733267456
11777746938538741760
13853224247153264640
1313424673818035968
16113101069049577472
1626209960206056960
8922971872076910592
7555257000790124544
7284477845607493632
9673262661259190272
8869848178162663424
9495999908981970944
8640274931454687232
17474153501153654784
2949892351542649856
8854510473177176064
16826844950940329984
11878540987736012800
15367449074875512832
14809111563459444736
6796171124676445184
382498027624593344
10179351178849970176
9327166084850096128
8704036364569728000
3646944905386242048
8979824475663077376
7996817453550567424
635366057480557568
11186080063304613888
7102364791737541632
1306829262509419008
5886201448799071232
7840445896824243200
469871303338927872
1779910703302221824
5215127413026448384
12242715148137211904
3200452076995782656
3672460876501215744
8755582555047940096
812686376131856896
10959780848042921984
10609665480103192576
16666351367278268416
15113402626243674112
16502432734673784832
15910726484333895680
8032567883023298560
10185705097705865216
562651462966276288
2008945440321470720
7104560490877759488
1638966626876184576
6015535749583773696
7618550375556625408
10589651573246482432
5414676259902494720
6516660325935558656
5699324902620253184
8380140028030514176
14079691591036200960
15295759190912288768
5254862013142403072
12452396210099091456
11563196601395423232
4003317111907722752
15967621189023109120
646242455013857408
5469631407900479488
5101762441284937728
6742175529292301312
17286071754203129856
11077461550983190528
2824842453219252224
10357847664280756224
3541105271636481536
10456161992842065920
17666886130451920896
2967099660577317888
3938968027535689728
11054305644968779776
10180190464235757568
14904490210358716416
2359008795187233280
1110087369459836160
9134037026081882112
11499995340864909312
16301245526559234048
5701698810544563200
4085837821166156288
7537517074839580672
15221377023806701568
12412378891749849088
4064348472282776576
9816882265367846912
18314343410659862528
10100985578620358656
4939205922716841984
9850774775266856960
4252210537543276032
15429987014044069888
3880944845901296128
1046363810656763776
5410784865368794112
16767318759317878784
11068655435976292352
14420896451140065280
4239906396476817920
16685575234960117760
8856606117210995712
41477858673658048
17436762231278192640
7227609127615276032
2648363532143404032
3389426362257039360
6564614540010202112
15546690561934368768
8504777403327959040
6917677170342623232
13086704294753695744
15875440827797569536
14099838359961464832
10896190709080983552
4523309336186776064
16971336477769162752
3370274205291561472
3739598279039948288
133464638656102736
493874576881689920
2631695243294695936
15126872198336663552
4706125688070223872
8193682858997286912
14131231735579521024
10774460837942605824
14065524677249931264
2933223118420755968
4788849106471379968
16746698229506990080
14811981500443717632
10794887585178693632
9884879520920877056
12523474356531484672
14023776636607647744
2860409403042494464
14660966837059655680
698252133659848960
3441398883463898112
7509480319165600768
5879676691135861760
3791159396235923968
18172113386750244864
5622295600411179008
8170998133018431488
1868266285479335936
14970591255003353088
14002514624367769600
13030797762958368768
17526132450677843968
8934375682689530880
9094095715970635776
2356202282845079040
17517414848116455424
4614541852004651008
15300658758723571712
18321620052332824576
6656317180958624768
11563943402742419456
518150670062249920
17454692925945614336
16556291449155649536
11909591556978862080
12555399420494848000
14626448499980832768
15785460435743375360
2010394461255216640
18168620792793714688
16276693218136129536
7490338344152960000
7794372492434845696
16437931147214678016
3708880498945675264
13926266184045666304
2160969403001978624
17492369169332858880
16368221185619437568
4704795877400889344
1715082881100593920
9557451743386628096
12766403045265115136
4238922437602252800
9409290972213526528
8029304077011726336
6426296201466204160
14336378416212750336
8866110671056424960
5056353408722681856
13626950711067813888
3780662182628940800
7418883797234136064
9917163668839047168
12117166843311245312
13433814711591913472
13407021705597403136
17349359208350365696
8523487658764742656
7507258988528561152
6366575616046274560
12369728388738803712
8551861164818294784
4676411964925010944
5584836970253096960
238260591499807296
15192458450410655744
7144946570254489600
118951547255180848
4300174746991695872
1233239737063113984
8117012137013520384
4559321290644212736
15926552866319906816
12567027459800422400
8459696931773766656
14789968075648565248
7213270447174079488
2904445436836456448
4660614952974019584
319441059752021568
10751631689243643904
5595182199370750976
15117763906442645504
6055406856658637824
6556217006182812672
5465993742350790656
8838684212353178624
8361735691933533184
6988479652966561792
18268382159297273856
6914891471900029952
18410307019332315136
1906755081132110848
5269610414165120000
16196767877957296128
14510443562697398272
17906068305806559232
17514300003405756416
13691949391873763328
2253819271174446848
15094426729235978240
16975441873363410944
13202806546212392960
4366481469464374784
4647382152468031488
14765531841100482560
13917899637891823616
5990150708955359232
3265289005075078144
2329790408975716352
18047305785212272640
6147672212470180864
12008905643442337792
1416528590450077184
2914322391549897728
3674784670237538816
6407504405247384576
14153727949988272128
15586426311837577216
4936154069459451904
10301668347990134784
6683157566470549504
9180933511171957760
17888797139124004864
8869632131593352192
15447783522930604032
8373590797893616640
14931715752013404160
12671836100417886208
309803629840166464
8086320188850904064
13681707483060011008
6199927369365720064
1484584447985274624
2189541383414080256
9059165540522694656
11891343906051848192
9767188768324546560
5575510506308766720
16579712545133293568
9817325464171880448
3998345417042651648
4539841239336005120
12016571287935414272
12816718184265402368
10792763742512932864
11210330232270999552
4684790230298086400
15638427948732076032
5966445572195584000
13849496245002981376
8402247002427153408
4893415959116280832
16773192351506788352
11344349597047246848
1730184460908049920
13530989102903828480
13769530517589098496
6300799069024806912
16654808990816798720
2070230505382540288
1752856444271426560
10167940385941776384
851003875506093696
4281453797534901760
6766215592793828352
10729039126494822400
15294524272582293504
15698820655549128704
5830091046975065088
5886943905195654144
15250462830073913344
7034005209497830400
16492530224172093440
12809818378514214912
5658268454398175232
2546618940602977792
15410637620160532480
10618545190106054656
2620978381832050176
16986154793209948160
6006080491136861184
2434536784927609344
8571479516495548416
8826148946595401728
570930666413130048
15222643526385739776
4621371382020307968
4323373324739770368
13090105609459867648
12693397676331220992
7089377379174473728
17576668766585595904
18109701683659618304
15135410197835669504
14887862517050976256
17226794882061684736
2505744898403727872
16978895714988320768
5365073436328158208
12888566832068773888
9815986805173166080
14510653418176643072
5839250632986654720
4435444325074124800
4218516628978067456
29563572179277912
16119930343816196096
5445985956464726016
12971452208303437824
11414004442562635776
12026937054298822656
7986691882907503616
10400360935374000128
8616150199470725120
3294281081367690240
4730054775333362688
8042573154940820480
11652854671577389056
9482629174101571584
9366587303385704448
2395902096207906816
9963002353465747456
2359476944183172608
17870598751183536128
4999218719695310848
9689190731220807680
15577219632875304960
3713262479472209920
3798038615749915648
16991680896949155840
7460681544485585920
4675983487836148736
5287574138221975552
17530760092062152704
12928057595437029376
8004203257615339520
14446583472417325056
3233284406332420608
8490077949125720064
8624474949507802112
4959254393414468608
13081197459494768640
266980433663035168
2715174957720040448
9224546628199804928
885252831250886528
7546853300801895424
10659272213177602048
7493850392260407296
8543563723956944896
14859571315327522816
2175684343615882496
12841596296079282176
667446020258412160
7198379878249288704
6920441873406357504
8522562584061515776
12341794628745121792
12088664251766622208
13757663568508741632
256090338013954016
9131804131905351680
15946123989018949632
12190478010202961920
10153753528706338816
4165189426385197056
12503358187767881728
16743272015130501120
2865215196137959424
11882662522906421248
14769043961798459392
16785525985349066752
16415809559184484352
11551143524308733952
4910494816826378240
13725608904668119040
7201767262877008896
4790161531202953216
11397610907416932352
6857841281459562496
65337773089719240
510672414577711872
1352034855695547136
13775530731503239168
9670345658797953024
2847612975383375872
16128265473404399616
13081984387667922944
2112172047044173056
16874625678426658816
2267080092551780864
5584938937958542336
4946883320122046464
4401316421762462720
11556007647209578496
15316738177270722560
18180861145012383744
7749453098165486592
7902801594362112000
13326881933698447360
13869221638210396160
7230702765684886528
8988777771565053952
9974473279910322176
7593629100694044672
1404550693933990912
14162146867526281216
16654922271615111168
15473848164114763776
15482359478461870080
12632592957824860160
16576296809784633344
10605222138607855616
14269263288739868672
14296397919829841920
10546215085744132096
28191804599708836
862065886508023680
9542166753827835904
1900527005326453760
9245900836312512512
4244041214813830144
5568499325283317760
11702341069319124992
2105727660718496768
13032535387802331136
9947247759606231040
15681851335887302656
6519704718565091328
7072002673636390912
6341530896395392000
14790280415286788096
5639215902078581760
16429425545160228864
17321858971389505536
7959902060570281984
14217265056153036800
11204268396601720832
14973845599688828928
11508792679509569536
11898953431369797632
1555872275854220544
13630866352137484288
9440083906718287872
7937405300641801216
1346322615053602816
18406937742657368064
4871880450314890240
8518053595784466432
6597878072566345728
8106579461025512448
14982492185822976000
7607383236404408320
11640224518018164736
4367537628326866432
12387437875537012736
15107410951085217792
7239916818002977792
1933443374699138560
17377496921712920576
11588845569751982080
3149385793562308608
17160775395998343168
15878932988898523136
9301457510185908224
14321397858786637824
6891276007823150080
753661084094844800
4936987714901454848
4848878122484419584
14453921931528722432
10927583736513585152
4884217492590087168
14650015524931936256
3049159498986142208
11858696363345879040
17477726440236603392
14087769731341791232
2490176440202824192
4688746235221856256
15860633533277468672
1374586524006125824
16875110686726512640
5857793768516353024
5894140898635668480
86342182851119536
10271085523500746752
1994266285825104384
15842040439302832128
160112510255698368
10599987113404874752
9426916294791954432
14122600749938386944
10723744803450437632
5199582630344528896
3026035163496948224
11855738344675741696
1059998132207419648
12841014566149992448
5082148056343937024
7717990671888690176
9175354197760490496
14335782102380120064
17481722426312073216
295405340153731648
816439793199480832
15751969806906882048
1061952387249506688
17456171261930504192
4659635153927962624
6090798067667081216
10921953775248195584
11320908068561704960
5959113408553399296
16623870907152578560
13260716720689719296
1767868433229072640
10663343773679454208
16760065920656852992
965609231312895232
11032946199470757888
14639673128185874432
4006662719353537536
3690485990921516544
9261079682980253696
14774532024327051264
14770765697962397696
7970696412361848832
3160424804667021824
938330383120567936
15851867874312130560
12878960395496153088
8971862676661218304
12343894774741866496
17797992972584431616
519698937068960192
173957403114058368
763711710855852672
9464126571644203008
6606530533763544064
13462548796081553408
10610493486464774144
15858606333692209152
11679179475238037504
16093615903082055680
5173508426220816384
10941404235894718464
395809533758581760
29875777480875172
15648339483816597504
6480719693589764096
254600127091821376
17020397736449271808
1798339875387922944
61846620284069480
7120066144171005952
4298548010911029760
894488664386046976
10891157095174998016
7181228513702789120
10743803067693568000
6250285322892064768
15284323307940767744
7951598156206014464
16182936204563843072
10972955291823716352
5387502171850386432
5967907407477416960
6855118534132759552
10853373499883446272
8401561283632457728
13409913747917832192
17821239702539196416
5287240045080591360
12848644176654082048
8956896515073076224
232988093334705504
5237161525715175424
17056675980989544448
8961025373712048128
5544465343781903360
17717540161390764032
776296997511347584
704570975697666432
4428495882280886272
11106637368781666304
10149140451270662144
11334755374256812032
17747414569856176128
11664423102834792448
15110902552476661760
12607122969305352192
18044725676371908608
5572771395662026752
1126455185050403072
8806017885447288832
16960165004839677952
9310275290374387712
5111926777315757056
12693176303235713024
3990188289087073280
4342255627786772480
14409598858241548288
18298948850376642560
9730325435112583168
7039059920805438464
3425369389848157696
8477740062585336832
1023622861550299648
13333079428693458944
11866862089910059008
7591906013485452288
7517888768122976256
3256390283700169728
2967433512676329472
13301856096658501632
15339326211143524352
12941880180752754688
15558051396164458496
15932578479743182848
16452800089176745984
4986738334634437632
4598624436839869952
14069658211910488064
3164561779900823040
6485005143661635584
6338618554353451008
7851165355838204928
8276303605773538304
2026459554008210176
16615749447314554880
4015867515730289664
16134313611490629632
11115125198533332992
10375467402425399296
15261710621783271424
11974525712359835648
2144581539129577216
18099319227550355456
14842963485926672384
17870710324780724224
3139107223465868800
14613283238682681344
382588138553620224
2135662071248748800
9944546924165806080
16878888949271105536
4755460408454548480
11927957324166504448
8863612307414248448
8481912781989715968
9770805905768345600
15104692649645766656
17045025804820783104
16418028213025495040
1859725507041900032
10692309400992823296
9830432673590669312
6399591359358825472
16343635091810781184
1693628941383063552
13229338256560498688
14970728213040154624
8925174713155570688
2518445269819580928
9952809446874198016
17760056259836987392
11908357574907561984
14674653008739035136
2512395058095287296
1913844067317058304
7512513191658749952
8173016896081371136
13270273460864417792
7091468367847862272
17635228829974558720
16410555798734090240
7271919660250630144
10682349151352373248
4285777070320404480
18087144382726443008
16628322316784336896
9875539929294839808
6849504074608790528
16604863187333287936
2998052355372094976
9288738018848034816
9452910319020767232
3549398128455754752
16770619508711036928
11403755920775018496
13299328434973169664
7659083204862368768
16809300386894157824
8123560837213084672
5022930215389203456
5617025408037540864
7553402820046689280
18174964470456471552
5265170934807759872
11599978339544213504
3702901132109393920
2059168775724325120
2623352279607856640
9859792174586689536
11652668055276527616
10237926770417377280
7090813321782901760
17063504016594231296
10084480461476960256
9102814379818328064
2117699529132178432
5732561522671085568
2656350583918048768
18299521373110243328
15502352471729780736
3392036065538333184
311694324677841728
9585388958253438976
9311953416553312256
14470960509420392448
6223993905846688768
16051547499675439104
4931774283251266560
9498816070561437696
12267601500997879808
3790102791822524928
17759101331616581632
18093872519184889856
15676612640443670528
2254335973682082560
3989730323278760960
1982393512857360384
10096231539823175680
17533818450324592640
1002296611853180032
4492522534872273920
5933291800736728064
5441006199897195520
10623152897358084096
9124898783261832192
47741593800202312
