18015905383170390016
10925403775196747776
12334920285098266624
13347116949575018496
2179582661019164416
6619514590219132928
12326962799986040832
6236843454877238272
4657310586026377216
1362102649862665728
6388301869653477376
1269518187085090304
15987135451865595904
16348721202011600896
16847786275698532352
4369725828730101760
8849190448936238080
2323576206545449984
12260535374295881728
11312404826595719168
16134938690167984128
17004344676902111232
391305729773048192
15540628515867521024
4851394775678791680
10938683564020142080
2558844938115773440
17444871675879131136
14045743893091033088
10003689304767938560
5604369918866374656
14974333252436654080
2202241359534558720
5076214440204945408
11496333859702214656
3139407486446871552
1790516516851049472
13180044994153189376
2466460216135835136
16333566773353510912
13298353646855004160
16397747069756655616
2548969551109816320
9578764203179870208
3085206056462124544
16768049962082822144
9115383053443293184
9460245281399500800
8616012867168180224
2365540044842604544
935148736052992768
8738185444103308288
10828714402154143744
1253415880168826112
13790325063526084608
13520918252942747648
1204719530369714688
1280833527003750400
12087925490849837056
4220940707678448640
6308523766647072768
8864655740865642496
6593200355028801536
17981644861496016896
2914796888579242496
10294477762714892288
14786907546309081088
17464354983407689728
12348431912589174784
14586975264651507712
14555488735993436160
16311506777685538816
7568084986045782016
5111990875864326144
5805960390073522176
11829108087300974592
9409010736518397952
15412885049234163712
16493669148743692288
14829878662702788608
5475022638236572672
334703369386735104
10116723836778014720
169774500913873568
10032416318540931072
4895605069591405568
8774430217110082560
8959544344368282624
13078452221477875712
15917887856663828480
12101435747111858176
10268168418634698752
2226741776759825664
4560524765100983296
296048515349086720
15651445017884375040
7272940298709530624
5559041245566592000
5215210211398894592
3136806410747870208
406721781001398656
1647748631417434880
9907318681624383488
6703968176131801088
14479518480179912704
5631247507555958784
12624681721556342784
17860993037844676608
13550856970869880832
5292523982928970752
9272955999181228032
2433297257916362752
5016581371686139904
753001610979224960
18404086780398673920
6353006247386017792
9951365368728571904
5613488285372292096
14543970842151081984
2636002259282979328
10768234852407750656
10767464132398471168
1558753516658226688
3807259636380990976
12971882241748430848
9111497459868945408
11399190527691661312
15636276310846343168
11405943574601441280
17480179134517700608
4025798235749247488
2465463420618857984
16620675770989615104
4516681545618019328
9798952861083564032
5714243036128046080
9330131823047809024
7068993008973664256
10263076312702926848
14844910459446075392
948481536198460800
7640929423991951360
17058208934633052160
2343270962640639488
18376456489969664000
14346565038384740352
18095710499938521088
1706899640725458432
17810749580551194624
9256217764395411456
527147215943159488
444753845312962688
4442714256400649728
16338911458855456768
8103081345864269824
4322790976810115584
10789588869178963968
11542913001623005184
373587169198196032
18393473861323036672
17920170299335991296
3477509099122552832
6353300738855361536
14603316158141970432
12112834979929843712
17671492715897077760
1389418554785900544
8519943075285892096
8053286703954958336
37395314282704920
16753489133869424640
5710567319023682560
17117226389127057408
13388979082361190400
5253352077185528832
2798646200286157312
15936761854281431040
17545711037223047168
14519295337395625984
7752252991503967232
7072995630282573824
3735941477531385856
16700600661328277504
3017981877362630144
5680264113965836288
1496021643831516160
4172993340463030272
17575163454259138560
17483668474655019008
8006644556317649920
6210519526101231616
13341772299989710848
2648420327391468544
12240761689277591552
502515732934593856
10044395949914294272
13785768539096612864
16518191362487883776
5135951023298607104
970114159887498880
9921674335629125632
15789109177322774528
1990956005282845696
3892740755978306048
14652019339750592512
5211069514660474880
11917612478879463424
4816859573049118720
16373080943203631104
1856604264397687296
15321385180372281344
11845738032023093248
10833527710570936320
1557364366683771136
9644124666980577280
12934610241979817984
5737909504007310336
13604635721389326336
11102624115131828224
9452114058378784768
14750691642088241152
111455879674258560
9805897799600230400
4898237332805914624
6350388236040417280
8546484037477081088
9816875454893707264
1461258711953986816
4294558073121100288
15319579545940664320
6883894081722276864
6594182529887268864
4108746354287526400
16409900613373593600
4557634661590221312
15070528539139139584
12163379746838018048
12081627735070464000
8661765728242689024
413307900581639680
3170576925312059904
14579307895217244160
15924631688473303040
10804689223760289792
2209379474586609408
15876083501188079616
8377713697965837312
4007089435157147648
14709603532580646912
15169421545623625728
248509055697539808
2302180051296016896
4440142824516693504
11578069116043591680
3165986925288484352
4219084340845002240
7315322280327984128
4299162753678465024
17011176310390636544
6395699530763382784
3393061803779381248
13314774109216946176
13666144188002924544
10259023566529021952
9332374214747881472
10209366605931046912
3866080373772733952
7817886658166312960
5209392550549442560
9467627471769939968
368684133438126976
9437260592647075840
16959551986523232256
7395286532428592128
2415685122639084544
7288245817054943232
13499805967219795968
2160878197215951360
8796482794833972224
15240994356456339456
11078567509075415040
14475846024658704384
1415745986749658112
18361012768073256960
13864692742457513984
6447909876756108288
2687531662941243392
14471179197183483904
3672701516618756608
8195657008017404928
13923515367473944576
7555300482631926784
8623029974190073856
9595142454041991168
6507498680645131264
2158674873458136320
16732153564590712832
13708987925797965824
6413862042131962880
13422936881773256704
560313516112088768
4220388630834372096
13158838597723246592
5721727703926865920
7796094717801980928
12080477876538544128
17951909039956705280
868024072770759424
18432012827911303168
2606408291471139328
14306390559558430720
12916573464811806720
12539797468003299328
9987003316980527104
17438758929644441600
5940502858634104832
3541263261314765312
370376060810290112
16387107808763172864
4487729550171746304
6298002685519132672
4070978961583430144
2215009313678610176
5630049574470264832
3963699080262466560
15384221981686169600
2918693196564033536
12542767175199203328
6371567456396647424
9876267512968622080
8707085574444797952
2369002138512272384
2666107970786345984
9130324047738295296
8030944853292341248
1049911800228119552
15385096046456471552
11036056308857479168
5661964661229875200
18378533292965445632
2811341807086376448
13731639109267408896
15742123626075482112
4515622577394343936
12323843740551766016
405286128618152512
5334948203103222784
10601870736741750784
7930227610084788224
9306385321073971200
7569541171517736960
1320435574064142336
1561599124381881856
6292434592382587904
6369472384155716608
9088483207812930560
1978675842367115264
936823079563791872
12720371372945029120
10074272032956985344
17034727110667671552
14751955497445472256
8150173965152749568
2073116435576237312
16656367256633745408
18167056455191177216
330553810878269568
14498601547424581632
11749353936961228800
16296318594258075648
3546120548172601856
2042411328530671872
12015791081964257280
11883483854158055424
10333067168434253824
4756736775790547968
15637898442822606848
10170292801825007616
4699832270490016768
14783068995377541120
2648579657864684544
16274486851832795136
13848045292690487296
11702484299392442368
7410626912904445952
603543597192600448
17008741423937040384
15840456442625667072
2438564298951623168
13229707896737226752
8920998862555970560
2519628072068833280
16210992602056916992
5363712999638657024
18016270646809942016
14794322555475318784
14009662819852320768
9262508526253971456
15187368582899113984
10113254756807876608
15664523017176799232
18149950463564853248
1268528969224068352
14782174860957093888
1222533479778640896
8848478222228336640
12468835161235576832
4466724977436177920
8266648878278733824
12376936783968284672
16406613766043719680
5092361564076385280
2929911216542455808
10949975534508658688
15816816930260193280
10789094081354582016
2537643541040946688
1107698325771954688
15200561830765719552
3799364097998114816
9988312874444779520
17486616706090598400
13966487131250296832
644288366802137600
15643847857664935936
5564248898454081536
10372121152274008064
6499831983094006784
16727443192843173888
8406782605687842816
6934854367148267520
11862126003725647872
2473149088813258752
10216472608556627968
14077012543851098112
16405037200960487424
1902107668050574080
15590627545384396800
17632403982476398592
4778346152963356672
12942136853284356096
1106561769235988608
4102714511337434112
13449488703370594304
906563057145910912
11914517706011772928
2953576055641549312
15675824218557911040
5946237289035983872
4324965180912764416
2480190145259826176
8664505746067872768
15020457007735068672
13935800451857670144
3126286665141688832
9853460673311598592
451572753774986112
11361509192858075136
14237596085620412416
12848545351561517056
1218754951755770112
9918227997661904896
12320476327636211712
14042453260853194752
14735315213553571840
6120802538114749440
6820220176821686272
850062025811875584
379641661688719872
14245291560079230976
10245157919645566976
13864576930904612864
1664411326231320320
10463839295753912320
7869380223306458112
9609439149783828480
17988180264374009856
17521199841491400704
11140428113225990144
8646850514957613056
17133243554817132544
15092053422154807296
14523524409554640896
3261614047218601984
5765378533083505664
6380664365276225536
10491554850293788672
11452112739626969088
1154901317290299136
14555803571957321728
18303921943996350464
17215459336746307584
2959071047187087872
13925530196497291264
7647724670831613952
17800271036391591936
6284124556127866880
6044847938496566272
6184077115262953472
18282742079070883840
11382910472447569920
15332127530394093568
17224418810951245824
10071674295333120000
17698054128567502848
9429141418652438528
18314549050074849280
978165640551377536
4268807123685523456
12621180544854226944
9450756556815478784
16988689196677660672
4526023881363241984
7017622938191079424
17676990088468705280
14634737583172427776
3295050699670848000
16221344878575376384
15187806742050920448
7995603297334895616
16755891410910285824
16691704099090888704
16155531563681892352
7846415086991256576
6816864074719423488
9961293505918183424
11911899492085317632
8085890155208834048
14873317642939631616
15582690018481737728
13838278534944491520
16782582745468065792
12087443655428716544
15113653165169491968
5259751946947620864
86056082721047648
11434721449658777600
7592346053725106176
11016710032989167616
14286808776559687680
5766248853283319808
6077638327705831424
15785336299319384064
15472194500503158784
10883580611965548544
1305846964159885312
13754492287559303168
9530709737200295936
17629261600096657408
2108957885534572544
2115696149438572800
14536894164461608960
10253195069500487680
2785627947914614272
15730197022655047680
14054926550179258368
1167858002039827712
2173961021279941632
1449520686981532672
14998688303341649920
7608732403156484096
2839387408090824192
976722367293049472
18444087766205523968
17475726302417305600
17709138897246918656
9289930936094287872
11925362449200883712
182334628913438176
16950754143889694720
15255853786848573440
6315769608130882560
9522353193789872128
8759342547074411520
560996210423606656
6400084537784248320
2190878261185929472
6721781441514648576
14523944285157056512
2265157782865768960
16587956378564857856
17562791870482685952
1859425122199446016
3389680744026347520
7533650646125752320
11520358638135310336
11958678690714130432
2042767724036119040
6399219389518260224
9970773426341521408
8368421032838842368
859718718463871360
3991008308093268992
7308637599300751360
6635410398799655936
18299309338284761088
1044138135170066304
10172250075501832192
2511753896979921408
11883853825863301120
1990709704355691264
12168225923390992384
3961584944288980480
11186433458700144640
4520496780264739328
15982806315222448128
49188637801214032
173144088760485248
18420768602141829120
15668333133014693888
18026510056637136896
14058010607082117120
11954747621613447168
15332495279622547456
12150346771164745728
4009155805214979072
15048988501791080448
13343382414589454336
10336134866256410624
16813953799198666752
113625511606382352
14698865347180363776
10889253855626549248
12211088489922889728
16456028178795061248
4368801110011948544
9223804813458798592
4067104674373964800
582577924522780288
4376768159723724288
3295219453666400768
5655450576162875392
7560897079310134272
4470865622637855232
14005388141304221696
2881393039043248128
4463547583462754304
11897308014520363008
13425667416102766592
9562817271707305984
9108098016442007552
9977939460210368512
10967326461313253376
16663470432942727168
11448332034516600832
12956897080693159936
18361796285658138624
8304623154178482176
2509756367164523008
14490214722205945856
5805067744486103040
5878641124074338304
12830155744500578304
12658394499738298368
1275960060870779904
2480453084425796096
18001921734758404096
15760394571850170368
11015984406139760640
11177663441952962560
7292680503485280256
1148294487418505600
3153240570427198976
2890148046336270848
17858387731867803648
7575239914178245632
15218310302197618688
12994764760542892032
4248265388317499904
6964912781026470912
8101838663247678464
2247664173598499328
10375346714002876416
11066224544052443136
5699963935815628800
15890439782212816896
8149400175130412032
1545219292664237056
11452501821333061632
5580626940688944128
5612176060627287040
16387436739876593664
250365778240257344
4021462282556061184
3311536995419156992
7710597805815087104
1828603615272142848
15954159052225562624
17521196286728642560
4264054703812870656
13442651360156823552
9173859171223789568
14087281177212925952
15801722842810492928
13565969080521234432
17475179522584623104
4437195722920808448
5791037039242752000
6332545967129085952
18210974331820556288
17026456927338690560
5662119225026904064
10139975014150744064
13423660101449680896
16186036761862178816
8305989022307106816
13148447046751244288
4689143143344759808
6042970790840684544
10071584849269905408
10269688942266949632
16398669808505311232
9186138481318096896
694622074058823424
8384189572320872448
14847660775794720768
11641407917626314752
15589712181409587200
1218859378743768064
3650375378795134464
6116307195728167936
11283646969779490816
16797680911163875328
6773806999407088640
13112573227753101312
7313875964286673920
3773486480823893504
13030254354548105216
7223073126598480896
1428462939137813760
9124348980761307136
16514351930697846784
11537146545679777792
13117452689717276672
10531722478566825984
10140335068177012736
17078876390154520576
5820538915831140352
9281408963130089472
13344061047446728704
5311104287352344576
8866715038058680320
13153659246759751680
12706606044272115712
2480191621380307456
10148911658966775808
6659776132274311168
1628897757499117312
4759320237687438336
1998350205413876992
4071211350834196992
18142721947383216128
7319398879838213120
6099117052985069568
7288848763086698496
1681966374866900736
6252671946494886912
4605381848687172608
1818111517420467968
5358878296932936704
4064592678229221888
14940117087853361152
10055932564316096512
3047081616943803392
10572008593448163328
3187734658805464064
15652944047308900
17576953096965834752
6551045090795305984
9334850333744226304
15345816959470336000
4111686692849736704
7982870409963200512
6435392238894049280
5204848919196110848
5076119918359553024
8820705373660990464
14909610342427625472
1765277706610187520
17943112295190142976
162064823777289536
10186983737663717376
8114736104871841792
4691202620121596928
11085752207872067584
11634774703002738688
2313402757321215488
7662338619029740544
11753026441879433216
16947985788669294592
3291288956328789504
9232655677332006912
10643578826378143744
7465799480207565824
11166553202469507072
4769149635615037440
11448025043682230272
8162676191171296256
9512997480828246016
14759443394354829312
12500887980600836096
4219651318283613184
8812411972162841600
14622120545909221376
15518501641288077312
5811935979797073920
10870742768498419712
13892675978996654080
16708774729156818944
10258021445499844608
1865598309087452160
7030097375376031744
15219220726935355392
9993129456857679872
5772035577216623616
1022654889764243200
10015018370050988032
6184672375638140928
3629618876070265856
5594978611931036672
13796235221657993216
6215677540623721472
8559748311956177920
16861726581724801024
2068277921082508288
10703504689479895040
3252838485002096128
3004029982687985152
16904868502882367488
3310197130781972992
3545944189342199296
6132550048616553472
6600475991949639680
12658743452538552320
16878202540115109888
4909731872419089408
13939134076699109376
17761222802168358912
11532671802415640576
14881270253303332864
13714465052600391680
17314488609061144576
5651094887649487872
5307199515834713088
4079759208136328192
15657257687582111744
2906079986402446336
17030628932329349120
9333929296761456640
12423152857186076672
18413418285868126208
17592979119517609984
12459067671919001600
8209785259300754432
10370956837297057792
15414237416779397120
8943835350798794752
16356140030748291072
11557702449357301760
1148662803837470592
5561522468417615872
9039499538269179904
5832601292412571648
608157762321724288
9715574331190775808
2201211552044639232
15131832587516334080
13571027275388540928
3391282343212555264
15330862948422950912
15927963811233177600
4176589629388590592
3791260675145094144
9212133724209417216
8294463664773869568
18152379507827173376
17576824989490368512
1983280997806216192
1133447361967026048
1915537362295787520
4859766286279922688
17489266284540633088
17307558295058690048
1055975911155830144
6751491258316796928
17065270658544902144
15963397795304787968
7397250604344816640
18236911739316535296
4739942567939520512
4117876500795209216
10626026465016950784
18368219940300263424
18397560025868476416
1272734647649747712
5625754426679540736
359334620441468480
8340801861132817408
3844368670108120064
5554577288792419328
8851476209068768256
4365545888560361984
7776158270597252096
10338657581580091392
11742792090831464448
14357426994228219904
11639584521196664832
16106229548665190400
13950713725744035840
1949108075976629760
9992812847925686272
7087876590564171776
11622066146572003328
2174571499060241664
6053936722601597952
9255037154058395648
16503358907322204160
17404220061938350080
14052110725229090816
17192433928104259584
14863602885134985216
2381656933346007040
7458193528162093056
1729288158116510720
340241434728442496
15249100157139513344
6844181371132831744
5457771973017502720
6945547399353075712
914131563249073280
18071479481185009664
16072257618144159744
5435572774786033664
2751455131896605184
361277282925475968
16114304394397900800
2038915080106204416
18195772122009778176
16667823445777272832
14913541189353881600
7885008566124592128
12332357106722222080
2509167037415624704
4223094090113098752
2185756633969076224
6740350118223066112
16030358326859835392
11660406647639369728
5325360142518380544
6843872541127179264
2071020599892185088
11333173949817919488
16293686822998573056
13672931127249229824
5701739133363844096
8571347615795528704
12484493648631052288
9869955339036436480
13506212397346514944
11880802017713321984
426587918652854976
15835101165967357952
12046440587742013440
15809821998131105792
14372325295845281792
15787621202355603456
7733667292644892672
13147463023316797440
13823001236705976320
4898835393251343360
12462670443574740992
4850688245890680832
11714243794939787264
2522871309131489280
12550392743754680320
11696187541618214912
5977710588485270528
7074957360739252224
3833073743104181248
17965581940049231872
754491703807428352
1932629119017561344
470091677637711616
163174522480668832
4000527043754873856
17582552690084122624
2644570882841550336
16758347178579042304
8316438070802720768
6831736430284297216
17509458694805383168
4621237763061884928
2403431754291516416
8696009108960184320
5363778679295040512
15464726385981427712
7306884385147659264
12488950527954538496
9973061853155907584
17634439035713531904
