2634678272470824960
7849300566244042752
13246488030031347712
8067969094282723328
3246949016406660096
3472407228447094272
3341531585295910400
16083453063541303296
13278878253398102016
16031286176512372736
17114805573575223296
6206522213274056704
18079071575504566272
13128706974801311744
16619868428737894400
8227032687595930624
10086060905107691520
8884668377367663616
9458910308391368704
12147354414662576128
910290871813038080
1820799777872738816
14373588617178349568
18006235736391917568
15558754997026447360
11125129198322116608
9456275291934824448
681447386849122944
2519069952877785088
1493958708550871040
12109372342272360448
860712164227952128
8573352644094427136
9300016320723212288
11979167700874199040
49313502675452704
17900819398424666112
13120791807968661504
16254113162504083456
60764925499107920
7723546544489412608
10151334424493219840
18309179179031271424
6964147586369387520
3452369226048999936
806270585441261952
6474817163680965632
11373956409915052032
14105105659837263872
4245400656537712640
13531483786449219584
13817951090311458816
15218592963793573888
5398037078192324608
11596203939662684160
13572544002546022400
8274360467455611904
9026854527139765248
17211860783462557696
17210572868014637056
17776386473156632576
9915891504307499008
12134529466049050624
5726699570205460480
8902735875840848896
16848200683883859968
5912835199982173184
11375974730549827584
10229724729635768320
14425547895077662720
1492643515862955264
8444512838544744448
8071887819250094080
11812932735442325504
4301700771369192960
1763962368038882048
17351075765671258112
10817952245448368128
16305112923991044096
4017777051811862016
9662828489497491456
17542597083513178112
17908516135490830336
3952370413034373632
6823452437986729984
10335483648696373248
7719344300043353088
16897005874120441856
5629230914733543424
9113175280632555520
9739547460466475008
8138848067449562112
13917846927238596608
1932936672576837888
16424626339228579840
12473760171121874944
1019651998315324416
3068939711311444992
5320474116597679104
13617958472882681856
8456830554023720960
2242946907317832704
2022115044432721408
2733378236836377600
6939150928711447552
2722296909278993920
17076383188163194880
11157130638392117248
13972402707641563136
2310604578933620224
12136014046353717248
4010371329239250944
913915818876973824
2647373453909956608
3439966543853139456
5524854999935425536
2527188577303824384
16636790349711964160
4867446648001185792
10055909620218294272
7217732223726047232
6131661767435316224
15643243335152011264
15224088874365839360
2899121620946519552
6923098265171145728
2724411472238046720
8974166397474168832
7424953416352089088
11838138640416301056
4976196849101205504
7135062941263020032
6370649738494034944
10409912867209525248
13263238553768894464
905684875172480384
4975082369422307328
11350333502097375232
11414772091915044864
4476859599693250048
3134312762826313216
2638254559735251456
13938780296811651072
9421258388473362432
16097202466334914560
3395499427028326912
3675791163034287104
9778768201050955776
17858364667269005312
4388893297487184896
13761075615262494720
6761673364435936256
17368816327475664896
4662850329483048960
14365752884613806080
8776102955667691520
6349159750709722112
4447875792199585280
13385337484494557184
17527356057797185536
11237449231117207552
11806417308646412288
5675911489190288384
7624500365114890240
13093143555970285568
2488572600575595520
5542840721042241536
3997075928942138880
17966796256563433472
17457077986206603264
16767781573529700352
13899183543248197632
15699114055672979456
1740864492053193216
3620925822741745664
11359447598064349184
15742074713591973888
5928426976494156800
13595077508381552640
15061326678861707264
3623678822919309824
12390769261214971904
7309919852192429056
14213803415964825600
333930880422371584
10682342953382311936
15286046763721113600
1321776198079231744
15169200680532914176
18282963606227865600
2806559495903261696
11586456094191689728
1340785869376144128
15764959638161115136
17014980856623394816
12826306829701724160
10136283318150223872
5751169749494315008
15463900844860649472
11649644489106122752
2867427575204219392
10012564060928174080
12467760409526714368
14894010316968402944
14853359522656014336
9485248603243585536
14303235481342734336
10700513540834975744
9427543361960525824
17660050612163106816
3738865202745557504
5735943008431784960
15304472614884323328
1211552063486457600
2512471004618353664
12557174498701531136
10951910426712840192
825087887815173888
14487464526134239232
18367026071723173888
9349506328263974912
6484046680862648320
12687285423111735296
9375153144562747392
7575496025726292992
17790974625202053120
14505606163437340672
1048187981615600640
10830760461531459584
10151945539270825984
7786124852325848064
14323824593648091136
1536332990605116928
14337306270624387072
3179500689797915136
11945622912069664768
13556213510700861440
14566849810971064320
9835028062841094144
6842847324565354496
3528260880630343168
17594321775234433024
298457544919957760
13113806854422544384
3074681778996953600
12654309243799265280
8897856515077506048
17227962677346603008
15295661462524878848
7806163689872694272
11189151663562534912
3548611316835590144
17898793513784379392
11802566415431284736
2220877639441549312
8655896542236787712
2109370095763155712
3429701690937636864
9933893125005791232
8352758545513575424
12817940119983157248
5932424478403865600
5823171804222503936
4014995976308073984
10291495210700101632
16717016292120899584
17979402565064962048
1861575585142462464
11306183239576696832
4383021378408760320
9055554536327128064
9459827393673707520
14368869101255034880
8261789771646813184
5639804408344162304
16608751495649558528
18113752962527639552
15378401817939847168
349270412071963072
4481595489610134016
8008164339895363584
12533834798287368192
5532370415746982912
9330152137851805696
1696127041500094464
16308042746855890944
420740374917446144
11068632891760900096
385633378643376960
7086755198945781760
14345854828486438912
12202734179486261248
11868109404346155008
3378719279153513472
1743780735122756864
4786313327454720000
16631972745205358592
6148805127730560000
8141477665884468224
5726067784699704320
8842206429867048960
14658148091420465152
10158667689711835136
11002598346861748224
15341018921197516800
6583637333591915520
14737806390879903744
17264569226528444416
14096766572430878720
10817045913268992000
18093394428136554496
234014119553542208
8867830241509220352
15569180957509363712
1376779945845788672
289033586887280512
9045565984310262784
11736114394109358080
12051077149073203200
9657433271839772672
3015594170274752000
14087444498764906496
2081967120101393408
7307128520045751296
4344284213229012992
9624238731801882624
12882585557160790016
4872272964841033728
14703261784283664384
466362845168936768
9134994713591613440
4990529530406233088
4818266150830144512
14160781496019286016
6544577718538963968
7728808699091662848
17054203584163407872
2943270922102280704
10885364230094665728
9218640658325605376
3316099187811343360
16918778764153014272
12359327395073671168
7823614034005454848
1247339072389799168
11015395357431203840
4899145709505186816
6383667767213221888
8888074752824006656
4767966444203335680
8283126756812816384
8000140921986838528
12364077839968841728
17082538341206525952
17481297214749194240
7209182615786297344
4543217079082861568
421871679780846464
17274473397067864064
10860925240217448448
15429299764083224576
8216511739935703040
9774692227669073920
11481501051658248192
3473496127991315456
5359664541386398720
2203969857271237632
16862750041739069440
7332758535224937472
3349888144447612928
8255169350131181568
12526590944544026624
8990703301390672896
2252673910690443776
5559493451168632832
10627717856893536256
2053272885654478592
4341377608183461376
264714010058158464
11626361477099708416
8021238578889437184
13942739467460368384
11213453762594408448
3298726421009184256
2939896550127156224
17758201707897417728
14150645508659998720
10590488746100426752
16553813846794235904
5566626599226147840
12253851771252766720
3930820481452222976
5531589284220675072
11629895078599610368
2742278291012982784
14418912415886704640
17280100556298885120
8824357251661873152
12438369210647871488
5173066122317503488
1572202837417832960
13051312999332192256
17894390123795361792
7538862241414618112
15246579686585450496
6227595372422643712
13928466145176676352
18342166194817841152
7027505903257166848
18340788016605779968
16257874534051710976
11966165362930835456
17369581500424136704
864477334867497
5611588620506440704
3578135938739825664
7805473328943137792
9484167306447538176
6286642723850013696
10515166668636291072
3735299956210834432
143494912783796320
1911325057864822016
11564983279174561792
8021106293589968896
6721860781518584832
8080053941506064384
17168103384335052800
17645954782897940480
4074116145328337920
1963063520381056256
10548321352217552896
17744604498349187072
5265858925743279104
13236789622004291584
13570289388145541120
14569697138544654336
5170243449928783872
13101795673838012416
13074931465509974016
18275370106558707712
17911450284858998784
9771112390644078592
13239296947536879616
7167675871175651328
15020997986394433536
1451934353493317120
6889295809854009344
14486894472894646272
9721703664731449344
7629880575919062016
2489069081691063296
1065866881760701824
13196228513738366976
12709942265293328384
5365060368564616192
13095987228182118400
4624773867253858304
18201020849872078848
13776047538011105280
2464200772907229696
15197834276021929984
5006515922371565568
5291983621534449664
18042212302994681856
11979171706953838592
14584268986459584512
18372492002674364416
1207282853413431040
838561735794993792
2449873154139385856
10975143479163611136
15284548365230544896
5734882583822498816
15049909222934454272
14107440333169405952
6410414022988292096
12908209327202842624
17230657084682346496
1135008950261706880
4036250754576570368
14682743176960098304
15325638596635498496
6943831880322797568
9386105198827898880
2254798994260228864
14567417423794319360
15656791011396800512
14430737548159160320
1690229910604089344
18264098658158151680
12820633586946629632
6153586684906394624
10213233814159812608
10655550988073553920
1028513456555966080
10682910889785047040
3642990933971322880
169544732968782784
2431227874999175680
16182868155700459520
10060171028972926976
3003208450802508800
15029617819210876928
3200551636810854912
10284705709032073216
17561311368693286912
8567952776854721536
11542935902227396608
9485577711905204224
15610173545145899008
1737262961325134848
8943425757752722432
8954829161916076032
8796888498091012096
8262473700869365760
9082323721637279744
6192839524851243008
6588082394969266176
16992999149423253504
17015264974045423616
11499731730832064512
11202275335705782272
11884327612260659200
10272764864323846144
9835498058309400576
13022858483590246400
3005787119718114816
17202876421000255488
4649266684884358144
4672586767995385856
16550012699531735040
12489100747420131328
2002335413271309568
12302291323755280384
10721093118095009792
4136625849458847232
16398186766494978048
4739454606486883328
12630123829979072512
8991764219829808128
4110527793043358208
2309880878741739008
17549429942643040256
2039595941130499328
16626720646533306368
15645792716919820288
2595816915648273920
12618909223712540672
3562034525548201472
11379729691640088576
14723704201527230464
9287644348323633152
13600782030046742528
1691035832420816640
5420803135432118272
3790579702188330496
6504515061117811712
3016237747487921152
12733722722736515072
18190346574413326336
2154365834938471936
1505014927204954880
10794713964482627584
8136806586795574272
16207802362552516608
12173996255059853312
8380881627740260352
11859870933240518656
16825028302648594432
12171260341841346560
3931942154394000384
394527747553566976
12651253763110989824
4354099327625319936
10978900390969751552
8796817031054988288
12351843486553657344
4298128640733892096
2302051934068978688
13338994470110423040
2799372069815686656
3614734442840511488
6887562505684545536
12901618533516355584
7469209525572278272
3647312321020443648
15265087063718191104
2173256970464421376
9033985738110205952
15648396347649654784
1609520428548863232
15292918480807340032
13666003163931934720
13654985022609512448
11221668045050843136
5270082402470983680
2295350108826363904
2752696929609010176
6050225823398772736
9863948210269827072
2650206974722959872
6877799075792509952
12979555234635880448
6929143631734861824
12765204058690793472
13686710487571011584
5354897374839199744
13293770742576037888
4496472364787636736
16009858050865383424
15862421185811197952
3238274154081390592
13099863489887805440
14183818875278520320
5359496392596121600
13324514740688906240
10660659800735858688
15223752848118718464
15305169784430471168
16004003071645513728
8371929408120250368
4121189369763977216
6592529308372365312
409250481972157888
13878948847485116416
14032584179620083712
1191280096814025216
1203825968812549632
3469355701117509632
17848494574119272448
6008108013030103040
3934994973934590976
3736610785995422720
15223701255608614912
12972810255095236608
11810260662899525632
3047073702342531072
3955778531457272320
2134474232016318720
11833901510059735040
1832204158476404992
15610545538461812736
5197336783680497664
2705688435072626176
11779838607582492672
4944238877084909568
6311803236877831168
9017728579457062912
562238786102128384
2760574940380355584
14514806752466761728
6383660714399720448
4025530643293121536
7070011357748241408
6084607918405910528
8226243394299878400
4814210220667269120
1319693360037408256
9501220103939553280
2870980008091513344
13280802184231942144
15238741268755877888
8712743021117242368
15035100724951537664
12179095583624521728
15292246702179131392
3982003688663685120
5746925557252450304
9819040256033568768
4418296164652752384
7449931142701950976
6728281259503077376
10672815908103243776
17707831518990098432
8545391428542544896
6025322198103171072
17976280900336850944
140699025364271776
12871983191039041536
10157520183303729152
11510877396495015936
5829281252231803904
4940841795201999872
2630248181893995008
11594654865403709440
13050923368850814976
7473905331514073088
14445562079210921984
9690773791054596096
1998548553973224960
5752448148255703040
7669731247617802240
10776500068951150592
2672420180617197568
10614723378778859520
7319838648247342080
16143131902876776448
2802217080916491776
8916540734705738752
11693505053891401728
10371054322912927744
5151838162458319872
8677541198451331072
11211070197284052992
1502509331419237632
1194263146774264832
10924358940657428480
882361362986011136
12560303556734222336
1454623541409616128
9356214453326817280
13564072050438957056
11326482102190940160
8326170549465660416
15693373096581097472
696020530045632512
11911379604975144960
5804346483940589568
7236144692497509376
1697739495945620992
1310337824477055232
9543860467264411648
1693556672937105664
5626941471016946688
328483608075614464
6012266230952015872
2835372509668282880
1784440146360506880
6183027064822672384
9114732890100723712
1570355637135372288
17439216928083296256
3021065704342219776
1174060351873254912
5155321523995621376
5203498989168002048
6372158506189703168
5776806742286840832
5716185194955275264
10186631709384052736
16641449762562736128
11998810782580684800
13109905415441184768
7314196711622049792
15106266536893528064
15463019815692001280
147576701086457568
3630687397219385344
15740819044348280832
16426541719806287872
5204274575734572032
7107609480500354048
11381653103582742528
6162983075487194112
1910832352798661376
6903118353307191296
16018032300356149248
8456665894966359040
7767867105826512896
11049957234385364992
2744619847984499712
2178147691927868416
5865702144082896896
5127367420353461248
7680197977993614336
9957106720705859584
8660622205183828992
7807416681952286720
17734461750248677376
2874865181297071616
5598487856994240512
6645894257957508096
10938610174618454016
1942190877191900928
7517321680177103872
8711604573836529664
18235412548055189504
3807656868925566464
14275046985790574592
4825198961405248512
15223809434301767680
5951097206969313280
1296695848209422336
8449919373710515200
9179839429266903040
14219181732964448256
4029208350861742592
751327818406716032
744210073825226368
4258925702458524672
9091530347129996288
3983177059269224960
6493865635232558080
8777681662757956608
12086846445757704192
17820774879174500352
445080046356538048
1412277636803907584
9469926998093527040
9106038910042236928
18086245106639390720
2523587721517764608
7898003765894492160
13476714689000431616
15197701688343511040
10740499274650824704
9886113057502754816
11861743922887487488
55839735856868552
17179184388774572032
11962289095727890432
7444589527802016768
16093303637346551808
9971613990778988544
10169441774166091776
9409620667087294464
5180917208262574080
10779026842924476416
13404537986983393280
9462852022339756032
3903018866580447232
8760198334987845632
11195206532557060096
17564015910429560832
13273308159550720000
8407037460163598336
53727374727919176
16939994837419155456
8990317267729585152
2928480935971265024
355234063973542016
1191227440124974080
7688423611082086400
3256732170288502272
7117888754725005312
9742529654993467392
2763700692820122112
8915433637138264064
7257267723901846528
2880937806865705472
9385905050656681984
7571775721807930368
507199159171130752
10821987047484463104
5384072381101911040
7180347741884691456
18394023702601179136
13472789220640319488
17169297535593469952
1632582778703418112
16927379817500485632
15898281892914001920
4632613052864382976
3954418408423372800
2343320393323446272
300714048112730304
3863848996951597056
15158858653091907584
6033291700589807616
15038496874873749504
16997078166867988480
13704413689770237952
3950060802566679552
9528304013648269312
3555084305655083008
2764694368981257216
18369808377796947968
285859453370427456
2853073034218319360
10235835202749726720
15337718158419111936
4887274372863738880
10401844193460027392
13683588811748796416
17358654922582855680
9590896948757377024
7827981553432430592
11518161857434376192
7326229494983132160
4671701743182254080
10378846432381009920
16034964497085175808
9606626067353673728
14374405609236647936
1270342014936403456
12041827302622359552
7243239775075013632
1191912054863376128
13385790868722722816
10276941674872002560
7474978189468639232
7809965190195683328
16440972669365284864
7495498047905910784
175420899277313728
14184002130920026112
3595647683662301184
14958251493084428288
986003095097629056
11305384431009697792
12883862303683457024
3788561071852053504
4878105164027570176
261966948643058624
1555652470994643968
14770217124242472960
309434197708375424
1060401377906738688
13583109108102606848
11992392694681989120
2911256171933894144
9684545605849505792
16497361450067699712
14023614245953980416
7039118734831760384
373262063627207808
7661278348151307264
10762068978777378816
14387822997516609536
13983977746163955712
196563177868093312
11937381861838393344
8284910459442889728
12030196748517541888
11630808648596162560
3458549724426276352
12187894393127374848
9649162324035584000
3131915910173756928
183748190226653792
17051891740192210944
8118416629223090176
7866972488366537728
12059258121491300352
2618379963833623040
3220744186795462656
7292758986292670464
1313114726572011264
11584207249258874880
12366738968361232384
432065947440410176
2749892433101710848
12658549312202983424
11838378491567919104
18296162741989869568
16308536851093774336
14116392131647481856
1269439337456457216
4280468670348290048
10737376397357500416
9576118952256045056
1039942304833685120
15299374994765467648
12566805591952656384
3320734992115044864
15045727754045892608
13014076331432323072
15146808509871048704
5828544906335186944
7367857224716459008
9873265312840318976
17014032170519443456
12556722919426981888
17750247162345951232
9373312477508247552
1987391220451078912
18236644096035602432
9681142053701402624
17582241440014272512
5583749150471288832
8591441027399384064
12409737418812270592
2584078277359280640
14120147866228748288
13321455740628516864
12789429796074434560
8643649716167798784
18198427053852188672
16439350553339574272
10087991255301568512
16943850420309712896
6841897568554462208
1407313138729281280
11778949190697691136
8774177544762767360
5313239804175913984
15535688083565619200
3705146310935441920
1505737288870740480
10003288533886754816
17813825051122866176
18165843607960250368
14115250085233481728
14460151450425298944
1329773570334171648
14481514779817795584
5026933114993128448
7280163568435745792
13884226524314931200
