11363691663567247360
12444144845394196480
8699403615712800768
11444826789970788352
1754076437004982016
5214472804059633664
17215129356775016448
5278312931431340032
1279891086340918784
13204504540363188224
12126648326236203008
5918091361183827968
9525779403227848704
13712538496766357504
9834214989111310336
2031872553435434240
8301847059940763648
5936711468003760128
15118534431617003520
16029419266624190464
11352070900472094720
17734487843554019328
1177052547691130880
16299596795465099264
18339413209016555520
8361321939099171840
13393169309080586240
3160242586813359104
1417338242697426688
13801128695238076416
11931361237944240128
16771872081582422016
2161379890044756480
11131599639188729856
6139442710029021184
7873365526950358016
18244932728196317184
8934754547026802688
4918936223849178112
1348150234100961792
5115677769189658624
15236205159681351680
17332959736079351808
11455661487436142592
6147811932167258112
3903674491717723136
7853503988708998144
13516882056693458944
16997406299833331712
7212891015525050368
4177869099884262912
17174973783681126400
3557536760113329664
3051717738752179200
15500408783533008896
2886596085467013120
216884146173173408
4891472158482606080
3541339773168109568
5523456807191455744
1461742745270811648
14327022457809512448
8534223509955256320
16293067563924609024
10518733428924459008
2707550576991562240
12481846211376687104
4384614252870070272
17479649026062520320
5034816040099093504
16142698904513751040
195068072143554272
9627114097504595968
187653119219285216
12001563920530671616
13559750106824396800
8269783117562700800
5587279479662054400
4870649001001980928
9792945611262083072
9587992162918100992
994287970029742976
12310166992386000896
9684899432200318976
14072887004178526208
16760335771605688320
6540399452772940800
14176500429730148352
17863369336903720960
13027201874070323200
6239622244483131392
10977346555760896000
3440568326452921856
16352138665655816192
1751494885724305152
13383151155304495104
8572618285029155840
636253606747899904
1200447385085675520
5476138088829178880
14190460237317189632
10313819131002025984
7961929887196659712
3060768803269978112
3917532954994225664
7492041474510081024
7204463380832649216
11533409472270764032
7516915996280357888
13615069905353183232
17531000523929081856
17235475893162983424
17793944564645599232
18077209795178307584
2277122619518164224
14180203779251425280
5093047109010127872
15074036850155714560
3640671376381936128
1671612344067078912
5342212819634826240
8102075152582301696
6958440974802375680
2914749152365545984
15033084457594060800
5158565878140035072
13816672404935766016
10133399362597283840
7547180718021112832
17649874100389672960
5140863831988884480
8592761730933863424
15183188949250781184
1699010432432359680
6935330897600001024
15780798450895689728
1157382359199570432
6025536415171233792
8089989236886419456
6103457656338985984
4251640177179052032
4181451739606579712
2440074094222888960
11515632055545978880
11420259718160115712
16277318353781399552
3180405643667228672
13957606650583480320
892860708441936384
9939341282352721920
2074767203892701696
16104934582923667456
10710963460109232128
2910887489635456512
11255482287035181056
10694177239163899904
15602948653479831552
5443601588355342336
10770466771378401280
18183524385238730752
3443068363146194944
1667048899386305536
13880967738120390656
140737796394498560
16519511842677708800
8621743395507894272
7636688845569083392
7649334710463059968
3919992348115121664
5191924709782061056
7634629733842131968
11152991895470610432
12035063027850235904
7260443005386886144
8936575754696416256
10270678215413317632
1219307906329985792
8447357075434966016
10862623432118315008
8870716941823863808
6917318238736483328
15575545608033495040
6839169359397734400
6137772648920258560
12277685576422303744
4008840725270385664
8627193440832356352
7735568987667970048
15586159923209031680
4419206601078759424
8329950756457754624
4318100802105904128
12626768852946640896
7671064302443631616
13325167321407627264
1038541631377428096
12072505812176576512
3985760167647140352
12696086020852819968
11805923123296184320
16654114312052508672
4715797919070011392
3475586560016041984
4650995566462139392
17364668701049743360
1802056741495618816
2006502385533095680
13618686707328786432
12471856977245605888
15787040383201296384
3728734737450850816
12109893899650770944
12723744647339835392
15378417754317707264
15244732842782357504
5801648456412561408
13146946346197223424
13306989024197126144
4531219654577209856
4360614292719494656
11342049554981679104
7134227254289076224
12516174550519515136
6454900231986158592
8756458258601869312
15702344440230936576
15344042528035303424
16856250170424850432
15138493393177376768
10887627398164811776
18174927126033244160
18197924733670862848
591633932898406272
15824372584248272896
4565926479991880192
8249539335942901760
2011356405117390336
7422638157096968192
18111087928423555072
1471146782407942912
13003352607296337920
17024414680646127616
11356965663918723072
16556497136399407104
6323636708977360896
15490319525982386176
6176305721672492032
729514882689841664
5661033709693088768
6600571162125341696
16670059395827525632
11618898671007184896
16123610334763745280
6674591277538438144
2335116090063994368
13865778611789219840
8172347668804675584
6550956500452916224
7366735898087367680
2279386356570581248
4900707102940254208
1782230928819161088
18079289148264779776
228007762156204576
981097744301890944
5614216110352550912
933977189219514496
6808046195860093952
11594856736021661696
10333503859002568704
17057706924836773888
10009019848652494848
158644181864321536
653775874504837504
4305607263972750336
18004397064785053696
17846456046412777472
7479231883732662272
10666488262502336512
15659598457343893504
16471493142891997184
1941519280328045312
865307831948800896
87900813579958240
16915275117921378304
5977938335295880192
4392500870587316736
7297125693907708928
13541934476241168384
14104690246911576064
14585496583011807232
12406349997528682496
2246556400405018880
7807353993529402368
2683120306034353664
1471930848507967232
11055126072806707200
8144612558819827712
17960432991581405184
141388725946342144
811495689010532736
996568367167098496
10087226291217750016
2540675094637247488
14824780213123135488
13655455445291995136
17003984258669170688
9723421431854243840
14352489381461417984
1147546868012465792
1790746544618674688
3513469944627013632
8255686510376807424
14922784071191711744
17974164809862758400
2906930632784720384
1238555930405459712
4787758148987512832
13872715826804772864
8214360383624653824
11316942807578746880
2998649800206630912
14980343059462107136
9889108636872423424
11535485709972862976
1855842817179649280
14568927620785729536
6661559217445580800
8456289854721876992
1676629413116111104
7989726387094379520
14515612304240566272
18139511982282530816
14052650110541545472
4789234220102936576
10511601217520857088
5948560677515337728
3221299153238948352
11027103654901714944
12626263902148384768
3271483749887173120
13744028452898752512
10131201678620092416
2727960221982139392
6964575981116308480
10601053307709403136
2891959116889593856
1679481244235153408
13501204082905448448
12665911572826738688
9658882384890935296
4115119669860060672
8262512133039436800
2927575991099959296
14587895173773834240
14523739325236058112
5071967421183332352
12780785992453163008
17087882138858442752
12372972955384778752
17233248021947445248
12915485635921106944
2111851758406419968
6749714183360739328
16092143421564815360
6104506365957886976
3412053110613984768
3357210335781822976
16952993786984849408
12173371316782815232
4305024200149897216
9661363065693358080
8697688964983558144
17218934842371194880
16708727560858695680
14427025958372335616
3932069879302563840
7400633093254263808
923207678764500864
8645745680527078400
7217038891417981952
13413286702081691648
721890466253078016
4604570723046892544
121566261176447312
17265076343854981120
13567427939489021952
1999376629539387136
3912437945077635072
13899430901823019008
7953953958062720000
7148504413486274560
884054220829516032
5289210260734131200
1635617866964306688
7274782740851696640
8854538412182522880
8717149844472057856
9741014576627793920
7478449520101649408
8937111463346417664
5331811686522439680
1849535362448508160
13910819054804846592
4238193925242633728
3048926028272294912
15604865948244633600
8922649533987776512
11368086820261183488
13502025106163871744
13407065456974016512
3373168430604462592
182623712681716960
12827846060229695488
6923485844180106240
18056808936667906048
12427010239637475328
8968001562959384576
16222189441942425600
13496166616442230784
3159769191263578112
18113246748079831040
4167812389323311616
848688919897161088
5760602866317715456
11717194316598583296
12232604426977642496
15991291480153526272
5458292859181751296
10316733339789682688
18365074544951875584
14203483362997284864
4255599913480106496
469263336078590016
4763959156098027520
3096007010136794112
4152024421605349376
13041557583570262016
9507111339780421632
18125637775478566912
8074166707947942912
15491423111018149888
12411534281637402624
13379745608684070912
7983130913178146816
5657275384857564160
17293227404314314752
5783798443046877184
7530397559540588544
7530920680264092672
6851786396346109952
18259571363898253312
1879488237699712000
11114463696956229632
18277143076458803200
11742934804673216512
4213070356591742464
7638760325504377856
5524369746013094912
322840953812668096
2412949360485552128
14848733875190812672
461474139460403520
16041603931835617280
11950015852448163840
4316160057470779392
7504742322778843136
7252493650110386176
18330682344095105024
6606492810450101248
17206124058409150464
16934219271521075200
15132705166800422912
10343225481598146560
4929033111756994560
4882469718372663296
16162452642792835072
7742144645764317184
8078425806043729920
16669206827379662848
11183687794919364608
2302122704491549952
7258137122915400704
17884138791684571136
7342432907603745792
11835515067121442816
4581109837414551040
5738561596892520448
2947513348962067456
4987676949710713856
2397512732032506880
16842629181744197632
4468990434890036224
8755730449917623296
1679871091471216384
11332029663115638784
3921259134491700224
17674443670069014528
14320829059220549632
8307928088581067776
13908367892546770944
5837079254210472960
9409487158878115840
499464647092906240
5078308981586880512
5197402692933918720
9942401132828155904
15402528872681834496
9037144511386095616
6532195469206797312
15731532492437495808
14847364788207216640
15298794015017113600
6578180845425833984
14760146508030523392
78359438368843520
9749988877011603456
10052949452291405824
18337858637397315584
4505675226036563456
15471292646234937344
15004842580189337600
5004858206543017984
8379057266917110784
7261942540362199040
13123872885769003008
767340278512862720
16644160802699565056
15749713955675465728
855976766720798080
404085305356512896
13390280700929908736
4915874741335186432
11310330774304774144
3412541765716028928
4574764979698809856
3624581355130749952
8989068957799858176
3143998529162764288
4377004376866728960
5744103426754574336
8476847877716834304
668466852348051200
7917100669108896768
8324242220627618816
8214336414019193856
5288410322944842752
2348166412754159104
5234043837273493504
6997809838778458112
16494986900378628096
13359570921597792256
6282239475061619712
9998079225059510272
17219260695564412928
9104559969669534720
12977974769340674048
18143569505063966720
17790800997865353216
261589403691706240
15291895674748299264
17479698042747744256
16097659104600897536
9552628880889606144
14872341947565064192
11775371397070649344
17993940817290360832
13450005556241213440
17388171638346741760
15190687046789259264
12653478781276295168
9595178093892820992
1120696844710534144
7722755352395610112
16930964955784101888
4321176665124410368
11675158035532949504
10472039505941975040
9493493153101877248
16126340902235031552
9007265180273124352
14547697483474800640
7755134066473720832
7733778518233800704
13348673906027550720
1450545079252472320
7526189622858305536
8136980866698189824
3151200103014594560
9127365851933729792
5080085763785102336
11383405284028704768
4431080169998368256
11703061477474764800
4409490103746131968
7657496148432184320
1564970158442563584
2857456217865980416
1572845200157157120
1896662596368263424
8016657420514758656
4870264874548483072
16980765992921657344
10380667209478098944
16267332608447684608
11028259671788582912
9134396276953266176
5225832236675210240
5056793413700462592
9570285297663971328
6869439000265980928
3661992852496932864
13351611597276364800
15851534109905958912
547721324343975168
11176917372875083776
5663658795746215936
15336981873622345728
6655984145316797440
18241941262895114240
10747793908983691264
3448673678644532736
13923780649956710400
11488974081876080640
8353814220030298112
2480888909858420736
15494316924174714880
17640202832181407744
18190859108186490880
11220876355759570944
17102192225729181696
4467182148763418112
5642321264763912192
2193507410052127488
16842699443482607616
7683538628164985856
15649520077240598528
4314128979973694976
10342979842666633216
14481652599222210560
757335084064840448
6332297856203634688
15426306103662630912
16324716168326801408
13614644123984838656
12171547460968687616
16201811080120571904
11526586849852825600
7666519237756035072
9510216255047686144
1081192074357883904
11239471851764885504
11474757884269275136
8295491972225065984
2570966658971579392
1054926866456487296
16617771356680478720
7550532357580612608
16836957679524169728
1524303868548282624
17195924268294488064
15539510012969420800
11301329236724639744
16683190874094469120
10527268270605285376
11572996294144354304
15042035228644167680
15448079321362503680
5750136444240386048
13382087908825933824
12872308959744409600
312604754435093952
4102012427912456192
9522744068917747712
15230454888160139264
7166918019554043904
1149306956828631808
6902036370585577472
969623424862930304
4806847516589995008
49629452045248256
10209222170630432768
11376290372383281152
9290226241667831808
14682857593190461440
4742403504345934848
9208190041626140672
10770755329185994752
17032954425429483520
3842607371384059904
503565985630559040
552194662143564608
9648397036091449344
3819039813550961152
3992279120681720832
11582211118976946176
16330708373677174784
18023804272615002112
16211606606900150272
9065517615218286592
10236270466006568960
2598884709433986048
1632074009833597696
12573455270990608384
7390024971142179840
3911042092016263680
6630320406924318720
11659200893475874816
12107624603709079552
11514445097163173888
14567346112299771904
8144937196167151616
15022954832147472384
11371795385499326464
16457815954353713152
2823565338730133504
6724398553326834688
1279827007897470720
17819404610829854720
6392334289212013568
2763392937747228160
1037420998369692544
13905401523955204096
12234467106971764736
5655436715664517120
281081823978889152
7277992838212232192
16092229188966500352
4781812262215124992
11020819272441294848
4522574606768726016
16545267616486193152
449325663594338240
10518623305083707392
2747708303655372800
4101427606887660544
5587186669573402624
17005752591337146368
7255048848458399744
17280777390369105920
5451707029932779520
3151228349043579392
17980517139486339072
16303150415670075392
17758014086663211008
1321887528109870080
5454454725057988608
5671667692077605888
17630750786281121792
12722816035297519616
18250659182840502272
911801829252500864
13778563288894038016
17759076016354398208
8753790465927147520
1143880615652189312
5253023792940442624
8972095655241162752
296565550990737024
18217411220704768000
7374883191511286784
8638521734387412992
1711358914825222912
9600422628758425600
3145304514905515008
8344952436081469440
17080298349700046848
4897426789404716032
284772814988804992
17876893501633214464
13565682298333919232
2575574427437564928
1753416925854736896
14311812923034750976
13136146738154094592
13838251690006646784
9621712311085367296
7874419678385174528
8955616479273280512
12370769202245681152
7141188682018316288
318376902383568192
16046756357613830144
7481232179342655488
12674239277875030016
15549331755860570112
8814766601348126720
14188998729893025792
72677349207723328
12752096280170973184
341718326681184320
1148431060609193856
12089731212120526848
5970999532180013056
5002954286845854720
8666675288055632896
5312133175618940928
16836418939281244160
2427147485741663232
9322816743344498688
4560408460666532352
13285034754459041792
2921125844233961984
12784082441034174464
7299160315363686400
2582346818537713664
16481784366615326720
17985832061146775552
2073172538563368448
13097569046364905472
10026457403008137216
11702376956101234688
1108894015098837760
5989287779596019712
10294190564602714112
17002785699332995072
11302452252509757440
12968454322496190464
1625490763322256384
225709043063786272
5933997880613169152
1323219465371398144
10477908622545332224
16523537802257111040
14249319034139725824
16245411973500278784
16429198819223857152
10675080942032928768
14985800049126629376
3996952069838209536
8191900030759326720
17450752035484882944
8523582772066246656
8995971843502513152
7460818951176232960
15798896217489809408
8337367345704410112
9113899157149367296
7640401942925048832
6747150269369007104
10202870275844175872
854718283234508928
14271970673245036544
17107878422582220800
800071023674789888
696739312001255680
14126450000980985856
14493612990797543424
12772725690246770688
4598975633532853760
6902726983388670976
9888575770861828096
11331191174401136640
6699698048927114240
4069029261929553408
2104989735665253632
7384613914703875072
11206588739557824512
16928498473727772672
9491221675276163072
9856557506534526976
4927681103297453056
697384602364774528
3713038998874064896
13183961821944856576
12357685845438554112
10610456310830497792
16526500990441553920
10531948276141643776
12842234902061074432
6065253537767512064
15156389771691755520
2543442215041120256
12239155268090216448
7043573694359924736
13392351473594181632
17761451987016523776
787302176789261184
14958760610519220224
15832515634877464576
994444317163249024
12574495156254492672
16940479925796319232
16586593858052421632
12311713434374707200
14081103576537786368
15351069121693892608
6628578148520745984
11782877561584373760
14256839377570347008
7004140861419839488
11416652127691087872
11188379624914046976
12675148593983223808
13145360186539661312
15486703707609159680
4074198981040503808
15400829305571022848
18047521445838530560
10626818822354429952
13881275967855499264
15507476948850567168
12931752817039718400
14649474444610113536
1456783046945135616
8126166658529480704
141972520835282848
3744748710688947712
4522541887423674368
9452979243985305600
16484602081141121024
7260855623553757184
11397392306025086976
15484722414071814144
10747480495140814848
883554773658492544
14038521290153005056
7690149793692946432
17643251325947015168
9286357332496142336
14320765718684901376
12997073520845404160
3017200251886193152
1231440936207483904
13701659482361988
2902872446657778688
15766561304187559936
8452229073182008320
410281353590466304
6043166022091019264
17564375818522288128
7383843758513628160
15634320669565444096
12073111486660724736
4717100613373854720
4454887892650703360
9518801463598102528
9333970419582744576
15776052926794340352
12612518275946835968
2818166405606729216
9709121815252183040
17685620615249410048
18041422587349006336
8459007144483349504
268866103985410496
11663292846188185600
13415466128630779904
12844969609770676224
4765936720158982144
2762944129115832832
11410061112060323840
15493220854228670464
3214071264976811520
13173001937615001600
1425586805217337600
15691657035728162816
11877823631184846848
9017648918445825024
3827872020169453056
5686198472516790272
7658612180700792832
5859956469695772672
893929003139740032
9207915458470923264
9500048572772268032
14179024951717529600
16034716697957588992
13121800381926410240
14913446135522551808
6448225355428101120
14151937576339013632
935920171853013120
6337166767377176576
4984867480958612480
17235555387549323264
18355213805205843968
12973222237711486976
4786497068322951168
994395994860269312
15552504862459107328
18189936051009753088
16044322701881763840
4248508586435923968
6756667079569602560
1176005777151316992
1723338629020286464
4256660939247653376
15144844658900355072
6296010399084819456
14678529661431554048
8372384626422882304
2803297468164194304
7185312867774462976
3356349824540431360
3560609479651196416
13629153496041203712
4236042676710419456
13138983010539051008
12350317159911796736
