15666809032288671744
1308110694108847360
8488619630663095296
8201028515761247232
17441059910385293312
3529994302092649984
6261487157920438272
17878409272298969088
15463315151391596544
15762534240858814464
10364263511885752320
8511132849572146176
9084960189243877376
13621752137403635712
912322471037622400
12147101215048771584
16176277831321516032
11626108856971116544
1724705532180253952
3907919481768029184
15859191438254532608
8214178703935140864
1833482718447073536
9412401086484150272
5907045620696600576
8751009706861236224
1822338438873147904
17468720882475450368
13959261673521512448
9360916335790030848
14581443964079376384
12796781324316633088
11427759437100541952
15493608456501827584
12787339684053805056
12039951985983578112
15930243038353616896
11576455004896194560
8553503604767301632
17979990318744414208
5095031801702515712
18400546185962993664
17260078442787522560
16507942144022099968
13019025614456109056
12922667664565237760
13245536228743233536
16440408246086506496
2227714744274074880
9332421544482232320
17787739501694756864
16860633511297323008
15072186347799156736
3190138533562654208
5692479603491298304
10453054481401657344
10963728563002320896
968716160552409600
10659596394147401728
1400129376260930304
2308905684479521792
16214859595898914816
11777785868560078848
15094693406967461888
12528091210915500032
16935036685724246016
15164641920020049920
17642640602713841664
3960865943139114496
6744461572246043648
17789864469941710848
13182590783954948096
2348693483837428736
14567288561885984768
6199488012942682112
11694070460183961600
9499952796348817408
12054997508306415616
389996801289713024
14069926142495655936
11244470615734425600
6732411725519964160
14215947644347191296
4874643116399584256
7218735927340654592
12748384743634419712
1931848156798948096
18096046883026898944
3641895048714232832
16190211442799859712
4531482493436882432
6288077545819210752
4883940017508244480
13742625326899419136
6346616445707870208
2272552641939461888
13085415923399720960
2906018963389900800
5086534361278526464
1730648053853117184
11145039889622482944
1593035055075234048
11137522386787971072
1977528984075947776
1137749106108082688
12331743244723390464
774892764830528384
13127173901865732096
7400200516345712640
17457380612615239680
7666278758496701440
16865585928194469888
16005881287604574208
13213237052868356096
16180710186412765184
17221748922052468736
1553430986973187840
4647573255308500992
11253037924961720320
9399587715928817664
3390674302581522432
5927027522155353088
6721703708730415104
10854650933030344704
13816564052672337920
8870182843494593536
5812501676958823424
669644044476042752
10120879290831206400
1026119574241202176
1506820490965120000
13387260642490257408
10639710023806793728
8911736563917679616
5701238727548133376
5311454018207801344
8090917631902729216
5168336978398180352
2804162145953400320
3645815752985723392
14116564508604348416
11794843906219534336
12757365241689298944
17245423916378738688
14728286473576613888
16069743516191209472
7897627266415546368
14326414382946136064
15059390858329165824
12855455454013016064
7023403651942975488
11677146176492615680
11449882432675969024
3879848594185684992
11702341017641994240
1158089066686442240
10424537602752391168
5495348072487175168
11374970462586148864
15488362639744884736
15970356728466026496
9956017329331152896
11148441665926393856
12144634894142556160
15986623999246972928
15239574065378834432
340201168921476864
7979432651605391360
14805544093729605632
18080809729896271872
14083572348419176448
17083971567008929792
11758309503799934976
1528218217970974464
11453496144881692672
13940793004940869632
16434980649244141568
1766767881333144064
12097228086049042432
8237807898410959872
17773710881374775296
17093033808612685824
7309382020614760448
1193444459360046080
1278110819777958656
14819613965925980160
17639586609786273792
9586188146445932544
13142544403163602944
5944905831034129408
15075241942446872576
16913376321530099712
6024833479241721856
14218214807259183104
4148241027583844864
2724417659509715456
15434176642492739584
16700281296328951808
8140014590821829632
4952624097244029952
4273092471621661184
16108682341673439232
16627010543247947776
11513490462658482176
9276302108784832512
16318886626187939840
8500123871933704192
17390420578380083200
12660898682554474496
6417674558885424128
14380749248326723584
2416711447039311360
9873267079687137280
5147955959020546048
7754944029030712320
12626970747197853696
3120225644985518592
15752770757360619520
3556743885593347072
14477855816556374016
12336212880792272896
595447175030194688
4640187668091449344
5455458128269264896
7146511724175618048
5960535788208306176
14195352725180645376
11032765189573048320
9822813644505139200
13584174033683841024
2321758744168642560
6055386099725640704
5530016712484894720
15739200792224514048
2340905203318918656
9393633617147930624
1193483815308393728
16756886811997794304
14304032568331261952
10217318629687552000
12476203818039672832
8394397860538482688
16452111038558781440
7429562870227291136
12911961282859755520
17618662002988783616
5730051271411957760
4047718780827975168
3005482758430154240
14518715743447617536
10196257185253761024
13981722794343669760
1736748971072958208
17609526224055324672
16556878344335982592
1668689678770855936
15223425053935964160
4270481588014980608
13657409402733109248
18297825120848736256
12659224254118299648
2520905166973285888
11794178337300547584
17918051165679171584
11327601353444032512
12508869435562092544
2179849217904368896
9428413806452805632
14308609304484544512
16555884289693876224
47889628120808480
3071776444801434112
2460473526430180864
11265314257724938240
9911890052064917504
14047619107253798912
6853572414377005056
8415820879904801792
15331143787718213632
17194468576413562880
3717367446323914240
17847256875406733312
8151982719940135936
1622484327449881856
17341836755832029184
357779164416379392
2883623407092305920
13713329038644606976
9692478126370422784
3924533004610041344
11482797035927017472
16502113703548010496
8683398729685577728
17466325666365888512
229480997550123520
4374296992501693952
6587223861045807104
4984225494805466112
2130644501870645248
7622335897168075776
6776444538600049664
5553458977711561728
4931399208253854720
13883150728082708480
6193282969664911360
11678213481765883904
16781579107351672832
6630412600199518208
6342859802942361600
3467347115392833024
8859648542100112384
16876344729978251264
135930648463361456
16366584596177184768
930021333703563520
15975242806184359936
5070968038576552960
1722101193087184384
11936765097801967616
6842002852366825472
14656011592791138304
9555048822884622336
16565133357964220416
6622463387556361216
8264685955691770880
505608065254485056
13127702506034003968
14974809756349558784
5357727955248582656
15036147605186318336
44521429433610112
5976514284323652608
8585386914863888384
3814825746649710592
15435015799862444032
3580553528196207104
15377421123583744000
9052006452442109952
17952247158920738816
14346428753312008192
3217626954857527808
10432912181441062912
7329350028289118208
3017171249867696640
5709250120207226880
2118391047184356352
3245730988115454976
9689214620560977920
2053958955978757632
14198369095193331712
17972641792377151488
8520372084209068032
2265674935554421760
15333734878700892160
14363960111307630592
11494456426173538304
14460686203377758208
258532981093974784
8323167528139037696
12071307178993326080
11388711029695080448
5643158079200357376
9910825230991648768
16475928385136234496
14145382263455418368
3211021905184417280
8268266053229702144
18256721429194018816
12527119403208097792
11461717770656401408
14633439995193982976
2381790173150395392
13182941759028269056
17606292056897601536
9298808774331168768
14721687564825579520
16412826592623368192
14455843524158703616
15697047589665007616
17965360767227291648
7225783834290401280
6990847104177439744
1013831661943339904
9163792637149537280
8561919893348918272
4113515407831095296
9151061635731416064
12372104180797624320
16148276566219730944
12535540272964771840
5920811786803178496
16603239681990330368
9732793733966608384
18266625438938173440
9465638637320065024
1195583841120136704
9726718396537139200
13142085658083432448
13514208088176422912
9832252889739589632
18021738417992585216
10451140845223786496
18329887751836938240
2826079246894274560
1456106837896613120
306921357975203264
1965736080270140672
9630245440561653760
7038276108755116032
7824972864155658240
14361576355030530048
132389376546502768
17388984192920700928
6968011392320318464
16593508714520678400
9300476456555337728
2150366721291744256
11062464676967976960
9625684274320766976
17948158931559944192
12508749658345906176
16885617542267813888
9359321125031217152
3891792978938608640
15109775903559065600
16727896984879376384
6221191767192111104
13868357732844122112
12743002168358125568
5639457014000184320
16528094317682116608
16273214706070274048
12592936204321101824
8404484183295234048
17311700240711217152
3369105627060737024
7585696669213158400
1989397413857620736
11353848263649703936
5121906904676164608
17165346178775040000
6768301416537833472
5344061310059012096
15377590754758490112
10234384873145104384
9503651458887045120
5684421776084443136
2071531880148530944
16294582685457016832
234254154994992928
7330898467219410944
4629133225106237440
14411934498889568256
14655653811016247296
4485056708861571584
15850084773253152768
3214477633452454400
15387223764354617344
5389986443426520064
7479328221556957184
11541159817736042496
591202048665367424
2271882253220595968
18138393769766592512
11656480239980472320
16551705014309240832
9984676458612957184
5987008602325860352
7284473979097046016
6589966565810406400
7769564778446044160
7768233085054777344
14760120785180157952
3679955978378017280
229690548872595008
15374065461811251200
2947176108946746368
18102352723813980160
3229108525401916928
1558040313972972544
15015836238938591232
11731759032315398144
17019713093795260416
2923028310483645952
9162610075681835008
7789677672285694976
9132928980262791168
15051704329772476416
1083709540328006784
6630426006794207232
2254534391309882368
363745764957332480
2664471886813471744
11428312647404861440
17952543447808872448
15686956698316462080
12142487800235290624
4362346238548882944
15632253810698815488
3579858171341812736
2949502077236940288
4946875030994624512
15825565767010832384
15110600278412800000
18170784234995429376
6190985102524981248
17077427228597651456
3914924220452687360
2164023338797506560
9428333887340257280
8243457261982898176
10934448839686719488
5303889721711320064
6079186537155235840
10510498038374561792
9714809493669609472
7473626414558240768
8686433676028836864
14466861278306547712
12753123560873379840
14351953885570715648
14783448117600804864
5932451575623317504
16896573294670292992
18137010327073060864
7476001556707301376
18321803632814366720
8338114759162616832
713751094426076416
14331475369143429120
9544310902283845632
11140622354760493056
1977949383199772928
6308870646699692032
8852441550820163584
15613317940669054976
11239683403900837888
5220602507298494464
4665582974458257408
11023887842412044288
6674859957151029248
16919387487127873536
17631450273604837376
3870443740619236352
9788083055798984704
17999708770381860864
15451553198302994432
8565138889495564288
9995420773175672832
288583827676975232
17627473830481623040
15562539620303534080
2258154499104036352
11265450851736186880
12948640475556995072
9477224019607736320
12794272726300729344
10163002339352174592
6192616737490135040
9973384439851665408
12282609582541879296
12598672785470793728
7317195568705471488
14966036307573229568
17985854435077163008
5203574049399407616
7482765216815358976
8058617828975515648
12605572665832587264
8683800643234719744
13154172876079194112
10352498503486945280
8100033142419205120
15695926591420745728
11086426464637739008
4144193566328247808
7183736347602501632
5644874094249709568
4444772523974227968
5640946605828422656
16151349395512938496
3360144008755302912
12388194331970875392
17197593009428799488
3314430623682174464
16077858966214670336
14705981868910403584
1785950848315925248
9548243762990297088
3047790384646296064
7415863294339650560
17389222954863495168
10425479170104078336
3300571414485942272
18440457313057906688
11847495858801498112
13242246182848512000
17264232869593774080
6083174477066257408
11474610094304202752
15494037737203443712
104446428357517712
2713428487200040448
4539574263910043648
16921142953138812928
4474408062840595456
13625348576977489920
315121042028729856
11481648063260930048
893585619203843328
8521417813903145984
4712051914110641152
6622291838405439488
6799832683004067840
6762616366138008576
6548505775133197312
8886127678481288192
12109676307166068736
6348410624490967040
17917179494436153344
6811607716875441152
16737700153338877952
13638915632181225472
17739700995923116032
5068018250864296960
11246263819657648128
13248787262444380160
3493359159517514752
11805410340445169664
9614913201742364672
738075105159902336
9506144575717707776
5685144728637123584
5528400698113931264
15186142909593077760
14150634499983521792
15214763171747715072
5620592113437366272
11868362326504740864
1548351591705804544
3588194921572433920
7724466948066563072
10043597025737705472
16318859349244559360
10870415534380498944
3284617530243744768
3015282413214578176
15121830830643707904
10572864132552724480
17854435375559462912
9165555062192449536
15008088823616632832
16128777904087607296
16782349350920378368
17230131228535855104
5134902483591497728
9014747067389059072
286770639336189888
2699715493398481408
13849298678711373824
15556462236793657344
12506644366409850880
14847058292771979264
12796673051669245952
4880930648323202048
16007739169513060352
15901466274784839680
1728944242477660160
4589402214845304832
3724202740721714688
3627732178533255680
16535559684281436160
4395942320213419520
4439381301767108096
7124244569852962816
14167361517448265728
4245731709176427520
11108329732423180
863713139307824640
741407498397141888
18271109388612995072
158072054871200608
16780467585589405696
1884493093335956480
15169029419882110976
17979694112673906688
11916951284137263104
7783461285197647872
6943309788401456128
12823396636015396864
5995572389736773632
4800973932361881600
1897539716462894592
5249104965729841152
16086728938231205888
15885146647322691584
11642926368518359040
13968413611686481920
16664902042661652480
3575161902602588160
18221624528985192448
15811817468757643264
15975800301369929728
14938171079168030720
15263274451591628800
9927822999612585984
16438799855639246848
9254899022671730688
14752459491273785344
5410811418035842048
9981632603482388480
17994939778432305152
14505569988371169280
3799606307290237952
5907034757036470272
18280653893557207040
6229836908769240064
7381530965394579456
9511792413108295680
16104763216721596416
16736183635218419712
8384575082582231040
16892619904990797824
8731786430787611648
9256277217876824064
10095212818043353088
5190637256079347712
12575439867118790656
17740021501207273472
3295299330364366848
12456929512237232128
9579846445166899200
9361769412260679680
18224808312598554624
7309291318218747904
6466466940086555648
3819349961023178752
4564690550045689344
6591048598436732928
8921326690832616448
9736347582560299008
11474421788664797184
7990485817381757952
16417752071469150208
4532880263166418944
4583700831733039616
2133136267177357568
7912906690366073856
16031257480967751680
3412802725972469248
2162124956961471744
15470638371471038464
10066763405166180352
14127691955607705600
13329888009764374528
2693308468719641600
17368491179044972544
3637519053109087232
12857772759944105984
1654022154553923072
11039923305430013952
3143233494123167744
10551906100079869952
5291234830133875712
9882931508222021632
31702815170299912
6773506216595836928
15195614556231469056
14596035503575203840
14789768436277448704
5744787910155945984
14005870941460244480
17280047868888752128
13993328446002468864
16327934898224955392
15078569399419092992
15505321286943115264
15275311879067992064
1711381127162664960
12636109694884241408
15229335764207230976
5467788539387055104
9235296523873519616
15384252586528083968
9196852211442286592
13187339786606090240
10838556543160700928
16336270200898052096
7738644293791362048
15463605461949042688
8337793627848231936
15645547387821750272
6408257454450250752
4047076177000580608
5249907199866177536
2384582419965683712
67714486940486744
11071697951591985152
2384636631512141312
11171544284157581312
10073158840364933120
8390115759021850624
5069209892772576256
13034774324175898624
14108948153115949056
14303652240055891968
17915102309462075392
2535691534039067648
5158031048609850368
11036084122613186560
4744070177973392384
2286207304186573312
14149862658858211328
3848374664176877056
3917475105079588352
15967326600650899456
11027643307501463552
1532415033991803392
10521737748571068416
449782743070201344
5854970403869913088
5525508670856425472
9210505615719626752
14274494542184962048
1947439699538590208
7279033797891191808
8100754170234863616
9857739119748575232
14354629627883644928
5136918239440343040
11428356988017545216
6290069344400670720
18089683511187582976
11723451640814731264
14086180174677086208
10646911808676585472
2510527715813498368
18004601846280282112
13925385615155494912
13329101988240320512
1249562774560981760
14634746331491502080
850951735061499392
11702616719521759232
14587054809335580672
3923026863461981184
1552090806659034112
8718080991074307072
11536370181078263808
5271975246036448256
9121045494359884800
7127076084185966592
5338115885166823424
9812556905235052544
3492067320832580608
12513352352415852544
2622148650493467136
14815208096586549248
7983868572091967488
12185435582390265856
16357742550341349376
3753549833907365376
12086423110388436992
5740525734360889344
2400442733600690688
9562959818398025728
16107622132314855424
6460159533334938624
7371141580348662784
1438446614262382592
15818306935004944384
17127055824664238080
13369111601929775104
3178593709001699328
12949319412789104640
8211928164378654720
2642060250151662592
4904188111977929728
11327207333049409536
6625431202482127872
15284837007595931648
15246712299512037376
8407120821048220672
13710731098724732928
5923265443176099840
7742371081329045504
16984782565939787776
2598592301423797248
13061164814849343488
9229749659227107328
3246933115505590272
12207347016452921344
5097940792999105536
9815786239089270784
13437088181308203008
176819286684966592
5906789285298050048
8593280158987732992
15686078089673183232
12229323087369011200
13881133228400310272
7330200608031238144
11946827564209526784
15570725873213677568
13780946661540581376
5767148080773877760
8555066314904620032
10770330410632718336
10397144419095187456
9126474906476582912
11025061781463240704
3728122662944536064
8032487289901072384
2131286456758866432
10920993369146150912
3807206245944799232
13390323891722407936
18237534745082331136
1322749191145358848
15283420358588133376
16798058947969918976
2941514388255085056
229625940104341760
6913047246327120896
7089692547935778816
14946935748149489664
9160022050064684032
8117746332650525696
6373934029922951168
8059463292504583168
9628202991581263872
14786268228106815488
13329669235526311936
261229295581065152
7802695251784164352
16053950833722171392
4125576223393725440
16515604169708505088
11199223145451282432
11977335824863858688
10975211717381369856
9180361912075209728
12213273242763278336
2644695783199811584
2283388212228464896
6852331932243915776
13367051040113240064
257068692516702144
6370037209151279104
14534544476936648704
15818972697379803136
6921361165181540352
8301618583382140928
5754853977631297536
3615728975509193216
17483233576852502528
12227440380238217216
571789544091864256
12356705989309239296
13592675868582121472
3610386970554758656
799990465609079808
9690599143410298880
877659486726077056
5047741478977461248
12104259264237150208
16183214319743768576
8302015871673550848
12436394614636843008
10379677024734965760
14823980845562112000
1494130849854462976
12927745544586670080
6433619216886053888
14765487107705401344
14337249371450423296
6082294967665553408
8566889957477505024
12406656255684194304
4591898617498895360
478357040911861568
1916704295236825088
7956952527679332352
3806235845493864448
7742445241395170304
15064292957425012736
11032123753040926720
5212434255057990656
12859771164248197120
10800255227446853632
14104664389683204096
17732317581196122112
3389021832268328960
14586480288692705280
5025364674728400896
5507092410423948288
10468263381850875904
15088872995893884928
8433443931701178368
12751686172393447424
