1553499664919190528
2309571571673917440
561824092657135424
7132854500174916608
15814622393029376000
2110232542521154304
6258374532168896512
17677513264792403968
7674694774589096960
6236464390082650112
9074013968647997440
4144082922090665472
1856778559693232640
2927468862985368064
15763296840191959040
11445428533743380480
14854389421321050112
358272663288664768
16422581204138876928
13165445479941521408
14462598677258819584
11922805996695738368
9189053321918187520
14942930168051093504
8055638363705141248
14786965164090793984
11759552363692218368
18378308528071743488
18315744889278048256
1733172334176529920
14901953411971678208
16769315167561842688
17786467482651629568
17147420173103921152
10966948242111275008
478672334715298688
15242339480507705344
4127146942958713856
13738533504861104128
10892895999219027968
641610832754595456
18318093895646269440
11699187100780795904
3839723275731446784
16458479573269501952
16504319930710566912
5041470846997978112
9908032808822765568
13176618436520151040
3686458800029007360
634299787996514688
17307786514417801216
13341753523128657920
11296803248820074496
13048906891445342208
8460528551736178688
11565918165922850816
9487113184006137856
17278043928326758400
8455157503621279744
5358807449911947264
12739054785167161344
8622713123324508160
18230010818699210752
10641269142983524352
6656464590483313664
12665315590124595200
14030578353685848064
12510351339382904832
16119817648206241792
3910202968291747840
12981024185391247360
15384134455762046976
1110353071619227392
1049166765898305536
10064576892934963200
1026441389407801600
9703707248501207040
2934528846164843008
7940064037315371008
10435345283114000384
5720928088441640960
6030609551680424960
11234460847181973504
8857764359488336896
483359225028724224
17092450893046489088
12942627860380520448
12488340680118530048
6963600976544351232
1540523139158426880
13595227067996860416
16477265589892552704
1594399662548212480
5545352532792738816
6885934239650195456
5715747662835145728
16297283197139259392
7393107248536728576
7717891009843549184
9052993971090779136
946905545180153216
11032359359053561856
2778961487794826240
13397930882518403072
10053685268603389952
11144718435202328576
14794324584617908224
8823034862138175488
4025139350218044928
7677420187222235136
8769849651115343872
17049367361103443968
13737965120547735552
8012826357277984768
4126588109438346240
6363166808623321088
7488386727102845952
6256631583652050944
10788738438313449472
8752746447406077952
16528400432806610944
9502575474123669504
16431219715695097856
3126539137695307264
18125026309075841024
9956039523189379072
3015768821948027904
2603298238627153920
15650038130752917504
17609928298795110400
205473154310369184
5339967425408842752
365465833889217216
17346388156821997568
1089662994200396288
11878287383646701568
3367102651698962432
2688248842777145856
10899529034639575040
7704944088640319488
9530019204015355904
16986171811779104768
12555782061005836288
11930671704741152768
13039295192821602304
13034138617889456128
9368079732009979904
11602168521063301120
6628215006579773440
1249330969961151232
661535848829596800
10956249555202551808
2743885899236553216
3615438099186132992
14639416459325655040
3964747358017343488
1769325010161281024
4615685465911894016
2250939157487170560
12410666131263709184
13573067353322160128
1310761871790243840
8682520453435796480
13387354592074119168
519840406507048768
9922810575000625152
7263461295782690816
5093169990789066752
16179590141852309504
12844532848518547456
102563665297070656
8710514672282199040
1248332604216414720
6147563729286334464
18068768545710968832
2091776586538909440
9901586974139088896
4544500387260921856
5391890177318454272
898087018593280384
13596128219342974976
5699001027866912768
5832042383965574144
10851546878244651008
14189036140249442304
7074326261531826176
8772939372475929600
7286109641907080192
14716944617335429120
17402123126626897920
13094423885834063872
3573494519015719936
6660400057394860032
10060921912954152960
15085416102787346432
13417311809292124160
1080348818836747008
8348818672235154432
2511060338645786624
9856902386695569408
17119961109646102528
2085257460920105984
15133207781091430400
17474311545097877504
6876004536818709504
14330797843211069440
9657550229186158592
12075859082721597440
13506216201710977024
13976028750788884480
16424591857076891648
6303668164040992768
6857578611115640832
5002492912154990592
4017997431402289664
9091196022078555136
16622420986296352768
6609459638396735488
16805133183406725120
11955969341513545728
3584457976190516224
10682982188665772032
1078539811626805888
5561126527409224704
11959192023199537152
1655334705979809536
8326120208667751424
11751784817771053056
4784744878079019008
10013145253826168832
2524380328387436032
6687668937854990
7132278605350924288
1243699139412304896
17873090292604086272
8271498235507997696
10458894066778005504
16018650532032919552
10194738536797724672
18056721340873222144
6211806781327512576
11129686169324867584
8458438995011867648
10090698641814528000
9346343326220873728
18098078962123284480
6814916420237488128
9676736112064591872
7683416579566737408
15341519526613405696
6699168708718182400
13227111998849583104
15025697999530014720
6221493788535905280
13638597855148697600
1287544560450699776
13120563656554196992
7898541966487481344
11417327895998953472
11349076822016585728
8838993990738862080
440022735911847680
17334272802569793536
10344805979398975488
13390930817861564416
13778771316887339008
802536130053414144
10082523091665213440
13709024447242817536
13531507857358178304
15381688561794975744
870759291744571904
12236919645908996096
16757989398454544384
372871373972246144
358892491049941504
10669535846778030080
8671605377581252608
10500195864419362816
12018648727845849088
803589142938055040
12584821314930190336
3821005991133785088
1437272657896077568
15079769274833467392
3339156509134505472
16686526912382703616
12002894198603845632
17201866417955078144
11292954596868818944
18032101833797486592
9713023373316548608
16811661744146743296
1772941515752163072
10990889441164382208
368798614902997632
17215135148497917952
8180450911357211648
2198848417393227776
9660805631266103296
13751671161841522688
13346085135930056704
18329968521081993216
18372057200727384064
5743023876294202368
15990339861687140352
8069502113801337856
13297554513734133760
15341891427317370880
5885642914547015680
5021339174165088256
4026198573263354880
11484372972295071744
1663671713285078272
4237028425425619968
7736343961618964480
1276137268785302528
10871145017523828736
12234175488951312384
1252647955132860160
9623935068081954816
11672221102530551808
12089447909164492800
4178632898801134080
6825983669790783488
14035726748464080896
12319718149631596544
12403728442829502464
13971157022495373312
15729015143145766912
421377543596188864
16630216091157985280
11579325787828836352
5644103907888370688
292743010210652992
5049113889465806848
9275982793092624384
1923898471746442240
3375315120678927872
7562396578602625024
7300443675964878848
4659237085000246272
10615340603235530752
5416146966068443136
10349593127316776960
8146212405676594176
7784404736219444224
11742664414395566080
2170917463360713984
7361762015781939200
17734560038157651968
10209705072766734336
18015579132587593728
4133925989855690752
12692283951968292864
3321456771858908672
8972296420039563264
15583224357956349952
8044714619144116224
9318272762086453248
17643032602604838912
13161491941864200192
6772414491990843392
17787546119157172224
8445836425254739968
14482736472680300544
247532708089801408
10722362550702063616
4805639984324979712
2232743603274105344
16406898614067664896
5121447971429820416
2118154168605604608
15357321849981632512
5836854865118026752
6464669330114677760
10741373499844900864
5005234674825778176
10549845662997391360
2974086836056811520
12718743455376246784
13566950935889436672
12878779656815882240
14996956916766584832
7736137015863348224
5587075645035374592
6833610929497014272
6301064838377405440
3889324064698066432
610365454131938176
3338738649572549120
16753016014337138688
9419005260783890432
5312654191696148480
3086701905860366848
2216253080949029376
1478002706320049408
13868142416157857792
14231271492242370560
4775517254349283328
16229184868531103744
5282302663596972032
9526215216533534720
17627146233666734080
17969453927600340992
9525903665426796544
8681276568122534912
7254753538006532096
779814104361492736
7356859042768996352
3001367234306743808
11537044294288023552
11669525634925631488
7801662611967159296
13294494788243439616
10037976841330161664
14320274305383567360
6867354121322033152
4830682053114734592
15715193056604207104
14709549500439230464
9652271722528514048
10434055099219906560
6525521056930245632
16286626787935545344
4798080068833972224
15476462352701696000
12554249420487378944
13493274513303875584
1738661940236168192
4856283036938760192
14549021382344681472
14822911645589891072
18200516949108756480
14440541396851191808
6876076633302685696
2107071538636605696
7484261442430742528
10025077274627727360
4101425392685560320
12454488642878953472
13126748267808358400
9251997155318657024
6187151961674254336
17384885615248691200
5456498942053427200
1203233412777077248
12331512785671845888
9776812551551809536
7448775203951068160
15367379682357923840
11592542302394949632
10878172021841217536
14363724940561137664
8686597653012493312
13742088444873654272
9664767102772178944
10564708245998800896
9247308091177211904
12822487219017474048
16814568018578644992
11395167702219855872
18116089828665667584
1720061427434706944
15601892028038844416
14857770675496038400
2304398497419277312
11352928590616864768
529420204709938688
8692910997368621056
15485727083481329664
13183495788283193344
17463342392967622656
1535270552398006784
9342995198429202432
9851399520269787136
2045269234111514624
9214773283873782784
1132071520626139648
17403738150885122048
6796512185218588672
10569373651401449472
2653716863188665344
9345209981520533504
3664005543565593600
17182268530910965760
9688413791893620736
67501907873796560
13904302813303568384
8873745620331488256
9116985988301001728
17054014102352437248
1171956331472580608
13858050009315438592
7116899822078621696
10969705492127793152
15589877946061197312
18426041093068589056
15409841975422185472
6481931711792770048
11854415299455383552
10684791865721249792
2143961102809364992
14268106152472254464
647901159394050816
15570133378645663744
5027115729096839168
6074193371110410240
3639487972554792960
2906901308839318016
7547613648282015744
5324293223154707456
9356620914084644864
4508028792831372288
3031294114724345856
13034708348564017152
10318068246050234368
7481452689419923456
15615333542414319616
16802711158948505600
15330858825535551488
2802719528315430912
16444882640789536768
4863404727909001216
4148558150675851264
15583778839493433344
989295517848242048
15151896024366827520
5662073701866310656
1531589427766789888
8402022853948631040
7502207932927376384
13532297519152916480
5549163281356410880
14121291531138852864
8229222191482002432
10818923808883945472
1053237724488154496
8598877262504570880
10909328651817234432
6379354935910190080
574135353075551360
15565854770073192448
8075995712406260736
14086507257202825216
10369178426394353664
18028601084546635776
3934742923938360832
1318866611207893248
17915122260089634816
50529566872098840
16891627114393274368
9137074458605860864
1631097166524924416
6857818037535463424
16958698885227122688
13803700148118650880
15009365815390652416
1939114725756099584
11258333009199579136
9797682608951373824
342426413225461760
13756184027181197312
2838448677474717184
3472226064944249344
15107579102624985088
3187715516741763584
12062565833310040064
15922657174799710208
13051926146629904384
6143187020151147520
11702079003257827328
9478689815388712960
5734578479109929984
10710589350837377024
14972585831982542848
13441316448809113600
1264476747594033664
1592014805715043072
7705385680577463296
13728447352292325376
7241612096862445568
161639587140794688
15045188656262957056
6430836827582338048
3443211618647466496
8893856354361987072
16359421728638361600
13837738490325798912
12288930068551675904
2796439517489463296
1562858182512211200
6925901475161349120
4175715291528453632
10776403480677046272
9840078341275807744
4546300523742666240
17800698621016735744
16520004541256445952
14614245477687855104
3466802915649073152
5556063889088151552
3894878106276869120
10124721130965958656
3878184808859176448
15104294968754122752
345077795073484928
479968854597804416
16184793290189744128
6112410012374761472
6804477733474120704
14037057304210386944
3315282831191967744
1872675478547241984
1231120145974771456
4637972513694001152
3286522468978896896
2008646988970313472
1096949131455521536
17698174503127943168
9771949659548981248
1630734434887788032
16129509057352028160
12542863676965492736
15877005516815118336
5772386467837020160
2156178408979810816
15284372945630863360
18117747120109312000
11014811874238470144
4560019753833475072
12209566679924535296
15865231170764322816
4143785643151150080
14303957002504187904
426352329599453376
17951417918552604672
8427681538270110720
221774547141930336
11317529659105349632
15222945430284896256
3250672057104338944
3525010653885334528
3791563751847847424
7541434717975521280
13375276958626336768
12708134035113949184
11827394653385377792
6877096705569429504
8085464861783576576
747594869362481152
9035055560054739968
15372099225748467712
15544086090632798208
7609256578541394944
14502123827103469568
9954965712799555584
17802040279910027264
13738992843223169024
5978969708651758592
16237799434676084736
388038269120281536
17529516734603487232
5954290692355738624
6525669718202034176
2749785232350302720
3610705369558314496
16939481159642681344
9373100658086526976
2526259242541906432
17298094718855542784
15323433468368611328
471920379593112576
12669292752388904960
13215798104765077504
709893511540404992
13973963703012532224
3331794933291713024
12447406975235590144
13805179327411161088
3774881662199429632
836795671924186496
2671830814486679040
2111838304079099648
4581652815467758080
8218206868690487296
1740199938375187200
3195083928353352704
8668664355491592192
711717005955278848
3644594299263973376
13976784157823703040
9952911586323009536
3809873930779553792
15177690143225384960
18256850499888871424
5597673200350475264
13040091636357836800
5510582205935374336
17657867617238497280
12454534584162689024
8874777720411086848
6793724919715386368
15015045011782901760
10156658026526935040
7743446989034163200
14305215128488308736
1750436725332711424
4638983411825998848
11826854021571078144
16360860771696242688
9122140029621774336
1022909878321915264
18140255244629579776
8537645409757095936
8262164032676819968
3221581599014699008
14120005239609915392
7657236062318548992
10302010487800547328
8525408483484307456
17454771227473053696
13600341898227314688
9722054125760000000
12148214364758894592
10272864360195489792
18349616996821569536
9365290790170998784
8406367028171407360
7804383733627604992
13599562017594345472
6955824254678415360
2544300975390568960
3897520754169308160
10984371266204243968
5854365988800219136
3361214067341568512
13885275350848753664
587610972815261184
3798474707810042880
987443654322417408
7302822897785928704
2863997746329969664
148491491561219904
12609303164476489728
5551132761559046144
14654304244475502592
7837765243933455360
13498465443051278336
6763550584401522688
10438297567134386176
10124794040409114624
7187117640573817856
783941977608619264
7417927928978236416
26716888619707832
11279532441066803200
10409473042043985920
9442627169696886784
10732659334297212928
3091429345445110272
1742479903589152000
3051548985316572672
3277017926235517440
11811303724086579200
7710358842380033024
9464973256766296064
16869862981302126592
6062088163007186944
6810842811075249152
9524615368429766656
2379807765134095872
13100869984312576000
11436276964960325632
9447926572442298368
8459176466173827072
3516351043945189888
11232858313991636992
17147146419466108928
15292343809248110592
12114812859334615040
7796489599590342656
4063556747200142336
13871743146656624640
164310862903972448
8864671914594104320
823195367442249472
8352739855069119488
10039418723827957760
1222078744949954048
17684379875271702528
6864422002132359168
15219468464362629120
12125527048730470400
14271940601060722688
17463860690131462144
10324858598535428096
13680042701872953344
7150545249087935488
6029897834817652736
7858272476240066560
11000745218243133440
15120405046970499072
3593184251342921728
13381752751495469056
17898914795229288448
8047362173955921920
10154877628159678464
16871985348596156416
12268421957132032000
5723925353734352896
10725721185787961344
5873598468945300480
5854076413331581952
18444341101050062848
5312829641118682112
7945049502393073664
16612803146756270080
12936933814426468352
6312563740537462784
12777224127155415040
8727369454011809792
14370480730631045120
17536823158335729664
3990719541322927616
13027267368653410304
5197166245736341504
6225465380256553984
18168931721244993536
16514400990116700160
2744750837414817792
2380943485167447040
11673826690598346752
10884300323781367808
1339141512563094016
11687013537516994560
6637751973023954944
10443350423406071808
15946574758387066880
3851374524275224576
9955017105656492032
13026940016998109184
2549594384923212288
7845715231009541120
3474833958478292480
5453929174270599168
9778386735330400256
1167219905770902784
1359465386275942400
958292418459416960
3596313696553337856
9547652161214375936
1649211021503276544
13301080364986875904
2317600867076304896
4481694271922073088
5648743294581436416
9431457179595102208
18266077905746391040
3239056362154117632
9937431343988713472
603024403961901824
6997601484574827520
10736613196752717824
11604736763275532288
17219706805721919488
2253947211811100928
1233193730556342016
17788236524482975744
6933251737331431424
6682219281455266816
12264458525772308480
13318747298632718336
15905193269118038016
1707723034707872768
3486447259730992640
16340226873480857600
5736630529966394368
13269125716072052736
17216751780129959936
464079074551985152
13478185190257797120
3441509206651125760
12118658809306185728
404660159090560384
10006626680199649280
16747813519989110784
5340631928416058368
4259503941818450432
12244539467630491648
5283199465274945536
16780550270781933568
12877947090621861888
3470687187270384640
12795203527956810
9375504430307725312
10733781863594110976
3679123011378640896
13751940462325422080
9059801451603727360
1757664527465400320
10989687756344913920
8115433398564688896
13689274791420870656
4361075032073235968
79866495249996160
17452033094174208000
12575826241157963776
15568637947618760704
6608029587382955008
11713721052586625024
5596981620681068544
6561902707812505600
14000040249957271552
8653801984000164864
3344138748782846464
11990177794334367744
9381020279561129984
1969707451598619392
9940564602886989824
1888141889114212096
2524155284306498560
16073362240421027840
13625297340991408128
1169133753225129728
13067662427111743488
1748877131642908672
4657951191659809792
12008315264432080896
7323872454827803648
7908045552227412992
1265092101370520576
12631004272567175168
5979562239462660096
15972307200965961728
2412375736935970816
6344191320969075712
7409674981999421440
8477947205689273344
8959444322519782400
417416556731503872
12398351695112781824
10099377145024047104
16301129812400658432
4936213486362482688
283575464895405920
15117702659494676480
17963441680602169344
14768645152758462464
17432229791607947264
16804279050926835712
14820813485675575296
14019575192329863168
6147778556160079872
3982405495873337856
405763731781574144
1239720182707881472
10176274272158226432
10909001277068611584
15631579791327522816
13991088840124080128
6301488877748610048
17278888020775602176
15990250650696132608
5517693796353032192
11384273911492177920
14916411239591540736
3423985168405835264
4578003966975011840
15665997608796168192
10306397585671684096
1457074449282178048
10604742468796932096
16422808945278754816
8659793674715646976
6860715078456467456
12206322714182209536
12462921612548839424
16118470841595865088
885609271015537408
6282147087002284032
15915221348970008576
12419251411497377792
15745073821835823104
709374430471139584
14433145348043311104
17639962971552389120
11867992381452996608
14610322630929965056
6358096823442985984
10206799677133459456
15054713733482799104
7702946108536888320
14833892182503239680
7930903877402474496
1596420037205174016
10753055304267587584
3478251678161907712
10005382206500288512
