46743264212766960
12538294278462439424
5224883975054787584
18310525072699969536
16737036930743388160
8977875946996080640
13458402112953552896
17537898220577497088
4623200495898411008
14709459958386237440
839443832993765504
17067240626922293248
8852974529340420096
7053813293769139200
10411269605936105472
14778616500387241984
17302333170611099648
8710329779099203584
614105874847473664
13990200344825143296
4683755591351157760
3234949167808926720
14187849017330900992
17806695772910534656
5913566942146205696
15003487107686340608
18116356586270504960
4268696308296571392
8951789571822567424
4335608631568512512
3725973626669097984
16259053617263179776
8638983455821890560
18327196431084394496
5634072833364836352
4139054923838172672
79852556447209568
13406593367441723392
8066104821803955200
9643940356317577216
8673769414438249472
7544318135788727296
12129223484473655296
12470239895684577280
7588654765357804544
16082038521178568704
3876362159215803904
12145670950478366720
17053830412537929728
11941636921806708736
5076676868096237568
9560079663846021120
7607505183953752064
2722892739105416192
4895909029317486592
16489839270468450304
10726218951132508160
3383773239951687680
13117548018099396608
10137681914919067648
11348990630539010048
213501617600626336
3943439201079834112
6316859426537154560
4711177161659600896
7895058079091739648
5338279760531322880
10769301421597501440
15692248396075112448
6138730733509436416
17218879251223828480
3495051925925708288
4876168097952845824
4127537295247989760
3691837956244824576
15536352188932739072
12693586912052281344
2635068258283790848
742397467251418624
5874294987613080576
4310308081209668608
11820827779117180928
12422114658920538112
6717879996615254016
13327060559783596032
17104890643525126144
16993269426974044160
16760601034292604928
15834867455630491648
14650660293892087808
1980481469201081856
8056698097412854784
17499635765295771648
4063039246182323712
5873155671833859072
3124795848804102656
10176202873529372672
14423159633864034304
1111102400921877632
12215773723512182784
2898367067148570624
2678775135582707712
3754197417187243008
14978269208115716096
13806895724313665536
8058651280874668032
9882941768542566400
3361927576148589056
12274337019086893056
14835711347278221312
10585950068741920768
16273365962332950528
10229777748487909376
7221173671423792128
2831103605849377280
14134184735815180288
12444560754398830592
5428002793136071680
7743267334458993664
9713914590822680576
14767556891999946752
14228615562664228864
14669975788617183232
16565629214151856128
13148863439912841216
6897003825741471744
15021877642684282880
1273783644296529920
8273406096427453440
16118141340399144960
17245224026747314176
16453172822915399680
9074435597464430592
15992143989391067136
6314395240303784960
8552899616301496320
13141504528912025600
11151785009577271296
7212661537880989696
13525429221700911104
7522316904043982848
733470637071772032
4571024278977233920
3656093394091049472
12944057867704662016
4074591577979525120
16609294817991649280
13691705089038688256
17090414588962144256
10344559124984909824
4095931949568529408
12721506113123565568
1305446530898250752
4908104532580706304
6717615506330301440
14723549457790253056
3383748028600000512
18401948942305157120
13016039191792457728
7396215488557303808
2183943266082618880
7333008266870993920
6118017740299017216
11497850974360215552
6481533248032747520
16356221218039273472
13614989797762002944
10749668252276029440
3453602172435035648
397790969162433408
15058273010329927680
9673694981798965248
7984641516097942528
5842373787152625664
17483913274902847488
14429726641849620480
5308270184004245504
1168090599559722240
8576260766127306752
9050412998946320384
3036127172198327808
5240734919581812736
10997993866755782656
10804365704175384576
6789065652939868160
18296978600419131392
7243556232518490112
11797649014286118912
6668407170960581632
4963441201883537408
3601247763164330496
9149955837078881280
13710203251485696000
16408134628176046080
1271515828796211712
8993543777543322624
3325238076000321024
2864869909995330560
14311318537513062400
2819797141249203712
4186351146869215744
16502499320415617024
1496746688341326592
8125666874068052992
1347879843088058880
5453351450417092608
11280940270244718592
7162607456646146048
13174462150798534656
14443583302149459968
6470246601720076288
11569220367192188928
1697469181646158592
10051405068828313600
8327733488065153024
13425402010703368192
9428034699380004864
449149646063137216
18165074121199472640
7730101299538524160
14339227033518690304
1444285365969518336
6974187985489163264
11851742930011426816
15564292954130309120
12200149366502533120
4592918510864157184
13037846874299164672
14410734351919720448
15325730455017185280
1007993333222501632
12710620924292380672
1642807303736633088
13422176579617318912
15041472475493978112
12162641431572604928
7303795604614444032
4672375080569247744
9617872857388296192
14688851574123902976
13902534159368822784
7818414515161114624
10718844200858660864
9924600840517783552
6552748995712443392
659248245963059968
14401291735006550016
3959023403826607104
3777017537573651968
14757505373926602752
18392660817512263680
7939290950072824832
7010043510317506560
11120452580082049024
5319349971254759424
3995590625680674816
2224251890020118016
8227668499435364352
4530503835773178368
6266572832631567360
1711624219818709248
10298635458246680576
14502561761301252096
8325200899667150848
7338563631307957248
5798093602601266176
7658505957272635392
15742048318476113920
8480203114730513408
17124516997654427648
9388898368499513344
4388577688407137792
229428163835391136
11556750953735936000
8686873920574839808
6333226536092261376
14719985893118394368
12982212431588716544
15521204517860722688
12989282640377454592
5125345612091681792
16694281766572314624
5904657869600771072
18214098103646107648
177918035107160352
17688432314402496512
1857310846928737536
9239946505960837120
15355930493020753920
8915919274210274304
11455156572174393344
4325392670618379264
8623293532471830528
6414133117257081856
17516299781118347264
8229631272799132672
5703673865406061568
920652608272690432
12796895087280367616
9123163307016080384
7033889559150551040
9163398132184199168
4611385162987333120
11784742111947821056
12427577735114637312
9657050748109430784
14988346414975991808
11778412277961973760
15465963322155390976
2531225942922744832
5699359506843197440
13109398187399098368
16007155377395912704
11576248486695596032
9082597840827884544
14883290216260481024
1299536488778426880
11184475749613400064
12605400828989081600
3479403926401121792
15079271018460833792
9108530421122282496
9011116674617399296
2720371778302775808
16774325061342681088
7029241574866511872
17786145009263525888
8153805401865802752
14298252379117539328
8865279568241353728
8171594983168814080
2627712910906588160
12543585872674971648
5030743797040879616
10442721338774165504
15523892572995108864
2276488879647012352
12711052715744555008
13158603694703747072
1753399911759441152
9829878872819728384
17597633829650804736
4352749347070756352
7843739910430334976
17074709043279765504
18061024765863972864
12955367514710945792
12549732742508814336
168407073964881888
1754784763040889856
9402263249333133312
18170437482691907584
11547797809904189440
10630730034037760000
9041299680266944512
18305140282214459392
15978345413426702336
14531433775510382592
15886598423356229632
8195794580841219072
6755770392130117632
6414204955306180608
16366280960927139840
10561531036980729856
1998543559682338304
10700785945952954368
1740554565471876608
8894015039931909120
7083921432993118208
11845579210259470336
12151374790956150784
10621193462928033792
4616777131979555840
11196341057431709696
8647101328727582720
13185649171061530624
15923268223022131200
2497590491026292224
6405888704767865856
16039998713767157760
11496501089286602752
7860529824940923904
1708284719317984256
9650409877872191488
7431012923658403840
17591770375091638272
14296920242958086144
9279146791479531520
8226079655023650816
14643714440165249024
9467543204592543744
16145931797212583936
2357583378495428096
5114835896713320448
4018186194723569152
10036529828337033216
6705995140672841728
5897020322724552704
17809150049182509056
8240661593227278336
11375702045751134208
4008827787185903104
10430978232177766400
12947270480315029504
6697006676041958400
6274753710690427904
858648127909271168
2349952068820518912
3662417324646134272
7834165094461803520
12484367123291623424
10050381399133425664
12338268422230804480
7731089598792273920
16064374487548938240
15825644083713368064
9087103995390196736
726774972670394240
12563760105909917696
5784442005187746816
3878341663449498624
2920110381354395648
12025874455545180160
10531764580167761920
16189993732730750976
18187597837348921344
763109399173974400
10839795194789877760
10398445767677929472
8645368520172064768
11556082668745318400
17765916432171407360
10480174320366350336
862152077298653184
5244435294932315136
18106121460998197248
748530974956185984
13651178965171644416
9970973834069997568
2331525266248335872
8270451312715796480
8009145151233840128
6458478572487371776
9029802464262231040
4879187252343634944
10666529331245178880
18217203746027935744
8343509187501942784
3742663481933789184
4842409187807886336
8699720338772169728
1050492198270691584
3344031847871982592
4070405285157017088
17343692030494539776
9373668576816965632
3913861885689546752
16566582231589474304
10894726241713268736
5921788262931384320
11413628112447731712
2204064233903337472
2987585017764718592
17298586953002913792
2584612936792231936
10562654791740850176
2085609336801115648
1612886558045933568
10736792506304139264
11548493229498877952
16678999280820187136
1502077775879606784
4848911815338772480
16860525557514450944
2020236384461726464
1232353707502647552
9150124576537021440
14460650886368573440
10032234881686099968
12478166091602735104
17674742362340753408
5922753036023337984
999923412854895616
17141196141422487552
15385425479324657664
9630106565214353408
8481541691388853248
11563935385718394880
856834454219529600
7914525386306577408
14813417776154517504
13201151646705549312
11551995198691868672
11066436868338284544
17905247231761268736
7417702705885764608
1345766637920775168
15391641357938159616
11250298505078673408
10327286816892499968
9793521636240310272
102881473969691728
4444989493377588736
9826659981009412096
13519129014931795968
14681887620308146176
7571334576407463936
12489074312012099584
17953056111569078272
16281998232425406464
14825776043341389824
2894298787231412224
9505441217312430080
9149037937036424192
4566874289183057408
8083834566141651968
2697756930867331072
12800123159012261888
2895202426014806528
2574912413960068096
4571998703480137728
2185813404548537856
14688056582975410176
5115487335920647168
13064141895730049024
13398222775613782016
10204857415098429440
1227297810566228992
8771653737879775232
15865454687443650560
1677284367172256000
17453896163165771776
8784594156978796544
17930035350770743296
18286448620534745088
11131997762020481024
9469275606980118528
1830620140247132160
12679062704897501184
2795545808862142464
4258324305159157760
6623760761784420352
7285399874578552832
5419068909658205184
9864057738283945984
2797870098373188608
3848052008314995200
2568205575273488384
7179731685697704960
3904077939155043328
9649310089123682304
8866254544194933760
5554599667620973568
5816448898493204480
2296694279292404736
9518709674964248576
12892492801294360576
14297916791604881408
2323347983836106752
5127791613043280896
12360759077330771968
18210148205454288896
1077482356686537856
13655733580660488192
10462303749021490
5285439940969336832
4031069776610287104
11794607572351535104
4370217610534753280
5213571824372853760
14334425832778612736
5739069462647994368
89596861862399632
13949602721627846656
10206756441140641792
12955222106228006912
9694857587067486208
6293810674804467712
541799306277046272
7646513331281543168
2728064883515488768
2575169943133682688
5818428383691793408
6441205590497563648
6103129284948246528
6383207226560959488
4891875893584035840
1087948771247470592
11144087316132544512
10971970817331578880
9066189858642364416
9938227216246646784
16346742591945512960
7043156335873217536
9620350240347068416
6887993411168227328
14077735765445187584
2622726420922004480
7733974572891380736
10708550970969296896
9358986361362399232
6317107271427404800
13635515412561094656
16453042538668253184
2302244905342967296
12877642852345329664
11433080401654839296
10826716988500084736
12801918060218796032
9608877870794213376
14202351397757849600
16420032188242092032
16440895907224340480
5852898969283766272
2403641331060576256
5022587583683843072
18049059005772210176
358584811374549504
1203151743012132864
13243264197427988480
7624570914383387648
1892765718173373440
3637352591713006592
2234282777037723648
16602904465888917504
16693177533367734272
13154639610097326080
15100419415596593152
2871108322788875264
9337767535357904896
13201417857664266240
16869342548109283328
1040502202004018048
513682311286842240
849671787519124480
2392302830325798912
16561315248542969856
16880251402230407168
11412852641168510976
2481859780362676736
16835934163032692736
15663561929837737984
7817200723102159872
15959129075806195712
17178318058643900416
17602998507671255040
15792393231533953024
8125179364303012864
2108506596775439104
1577855240241439744
6353958075931237376
3982457052056252416
12195680006018154496
17003402890611398656
14329126955897413632
4575494065140281344
9006230676833583104
4111723613297968128
11431416428209668096
3101967071679217152
7115066978958751744
15128448289836189696
11395743925239191552
15832477676039512064
9728660289641693184
15789244795088232448
12748886883153960960
7560828972591388672
7565283797212937216
13102152166852775936
16065917051493226496
9022730621332322304
12845744634431989760
18172177775883585536
4377014327927865856
11172681026882713600
519741794399184128
12952522646990465024
12949954899723651072
14054261979526006784
14031787962707453952
16473125283999451136
349857509204352896
10491369648254171136
11890484745375176704
2766184250334425088
4767355713184035840
6022107190629036032
16528145313428860928
8791285052120905728
7792022519407475712
4857126557266002944
13913548123214735360
2105460296268806656
1399781168939800320
13041452191301603328
15696193154578759680
8138631283496924160
4299551066357338624
3177937339111242240
4677746034573692928
6039369488525574144
15249270024582285312
10522592904478048256
14935304694376214528
6636047723449327616
17370447702750720000
14939775222091173888
15430335522581864448
11681673153385682944
1639285290275194112
11793001006670991360
7351600581611739136
11389746418369380352
6487623706948290560
17018788714795962368
3772832672019813888
624393064104426752
1362131173890644992
15784412912079605760
8235603797714227200
15084259947452356608
175431008724226720
1438343878773338368
8577895015449335808
6601639077632097280
8623485607814680576
7406187911215314944
6020644762427338752
10499625439940788224
16133901447594174464
14903566251427153920
14656350650153052160
16012429177320245248
9155281645070727168
2505442541951755264
6106729986740954112
10275479164766892032
7722917888691042304
2985752030674657280
14315891417842030592
7839353793230892032
480268458947510784
7743087448731794432
6899196572536974336
8817413832782093312
17205545857836443648
6133495000129809408
13972239246238967808
8354614902198033408
5829920641809678336
8128932732344437760
12151556004163129344
13470459021206140928
4242575304502326272
8221047230065879040
7777611560604998656
3651193830981982720
13614244497444378624
5628816892775427072
9235425551198062592
10377137937575274496
17732132316236736512
298893829276912000
10161763782803222528
18384205373728468992
8550231792111209472
2886037075643696640
12517434271978362880
17083878745661992960
14428673214685380608
17186559347638056960
8756311730679964672
2175824051858120448
11356072015849074688
8914742945086156800
16330391954416269312
15827853234471559168
4852926502168644608
15170270290279069696
16412566917018517504
5440327791375621120
12608635882752378880
7559659157852027904
4526527256703177216
10348870003170693120
14009933721938704384
1721341921504447488
5394870496821128192
10815411989121425408
10072973243142539264
12917272417659144
17098061541008887808
4035000646246583296
17226610782770327552
17403016703720185856
6917630974529146880
5413169733023053824
9921694388200003584
4271491357772579328
13157346896817565696
512626893100029248
14812248438270248960
16188726829454422016
13029210967991308288
5991294611569076224
8169201158763214848
17300561958006640640
7744795169077953536
17354713317433161728
2848397014490832384
10786993468211333120
4839534419830715392
4168474961730757632
15322706420395831296
7240486887797285888
2566917901688238080
5375625513204890624
10711219189844912128
13937518344586006528
7733687000122860544
7281691022861378560
15779750495982022656
12856032106671603712
3829928665151447040
4028163539243315712
7778719800480842752
17972564533673842688
11694660780642498560
6504030383890638848
1084639510222643072
4622764095657283584
11718132894943893504
4632548127754351616
2376074648176663040
410305434148438912
5981090732175498240
5915144424460405760
5291898166816613376
3582005631240742912
12696995006181713920
8200619897642382336
13367101396441935872
220511842082197536
10126793008564785152
18332673382983596032
12348949988409489408
15911025039074797568
10952525906085443584
12483062901187823616
5642326620875290624
13828524744919226368
10057464470538555392
8683130627791105024
11382057192717303808
10150830472761604096
187198170058658464
11856489079339956224
10642154187091824640
3670762573281020928
1204445405892145152
7913863506254479360
9879178331299395584
4884923800734078976
10512693279734550528
11224188130874476544
11202794381001830400
13135184037138655232
5671689901913260032
15362600640948027392
3023594075497385472
16498598222627325952
15002372767317268480
17638765231994238976
5319758581958811648
7416863181727662080
17582732813521676288
12250033999429765120
15205436916059109376
11065663869565827072
9206985301858079744
6431825016262125568
920377042786076544
12930094144010123264
7142925256421558272
1908874208878472704
15265830509785006080
16264921145266247680
17076380472622950400
16275802520138356736
2209848496670876672
4682815163735602176
6523607686202055680
11178100548609667072
9451606933428273152
5095667276969915392
550104134698262912
14767304039230621696
9637933496353531904
485564610754604288
9656596981535553536
15883981463689269248
10451417841638641664
4769278177702045696
9356041014942058496
10925268617153527808
12795173150870202368
9310300108145811456
2072805302556589568
1382558986349789184
3201864682123671040
17163288917559580672
7200141266913822720
5085993661488393216
1266538610556388096
14224016474366363648
12305573417017737216
5477260825282816000
6027297960721984512
3619071103750231040
16460697926071199744
7802905113466766336
3482016277204311552
16782619911595374592
9252135047954712576
10187791682733023232
4557478785692302336
11631359723923156992
18003531455782057984
1851601923327599360
10703642626512920576
9079042332504217600
9956446694932971520
11053064317392400384
6059117617795807232
12103020632971886592
15357967434797060096
8519553371667928064
10065716910665969664
17890154591661572096
3410269418659326464
2980101357398258176
2546448569321744384
535296645694999680
16611186609778712576
8565513697360627712
4714589396969997312
10093029287343353856
6960629434086158336
14903538049711474688
8189659530047853568
9349282097107130368
7111778252341936128
1045993714831837952
13149401665995444224
998618646126427392
516796973883865216
3472946942494433792
17705948795986470912
1281358283511634176
7171324529709282304
4195012503216692224
12737884039947702272
1960488603700817408
9652707913491023872
693932402041524864
3708191987249474560
698361313402494464
9515158598602190848
3082676599346962944
5711455661968409600
1069129434620064256
10548573415104376832
3024158714882944512
8049568310261195776
3525535350107220480
10278268199208847360
8135118321936881664
4478710941486255616
8329365714128637952
4301168511772716032
17234610531374655488
11741231026385704960
2757478093043151360
10991054283086770176
4147486439742758400
3656666281738798080
9714976837839552512
4555060072335826432
2810177060461328384
9210618662862289920
9998476633059031040
12953785562544162816
13909872058719377408
7344881655133791232
518487434338709568
15527081834478694400
18379746142187745280
8774296208633404416
6193247089063832576
