15667444084351387648
17988021112281784320
13071326434983915520
2566127275647569408
4779466028129108992
16677987930438365184
4587815750107464704
4277806303526900736
15554783320405489664
4963861341286900736
1064148816629198848
7073411073898473472
9505445264822259712
12972153168719050752
1178595133241968640
1104921801536333568
9302938509793212416
13427592186889551872
182528337570832416
4458164802900656640
12973978064930816000
14105034980304146432
12164326123320586240
14630302462274871296
4290224492573826048
4224447730436107264
15718282960452956160
9709146159290933248
14860427421128314880
278487041892079136
10974940427028357120
8911413042867713024
14976875489008711680
17350750860295839744
14109868952292605952
4391667310447403008
18398581790309316608
8769724335502394368
12054282793950693376
18076437821754243072
17104860647439788032
3075028071776065024
4546897097405304320
3767763823456837120
832244585299362048
5798253559085411328
7149039452476572672
1676269624841020416
15020665773079113728
4390849083664601600
9904702513558130688
8566001100551471104
11886575007365107712
12823101330962102272
17550551531434975232
16933121448283389952
11848353354660079616
11066207793932113920
5340303952719485952
7471665517448215552
12687518658225321984
3192359609769538048
14296196494874060800
133768681407562272
6218865481857842176
8637424796590043136
14909405763978555392
11694597703693273088
3140654047328734720
7678385273668036608
2227250822515395072
16617958337225250816
6168914343331420160
13281833459731961856
16925434603003279360
5003160796931938304
8710975075109159936
8146363165842263040
13420157442957445120
9480170416470167552
12466901504823349248
8088118753720394752
7983170919955144704
6954902560760027136
14082128089841508352
15592675352664967168
17473897108528986112
6679817218745507840
12317517919043672064
10817485060001695744
12570444990784741376
8660190821630073856
6076749578355107840
3015453441772664320
7585239024405336064
666966702248820224
15674808947747477504
17473150288624517120
7850033250751976448
90211641082032000
12704639821166536704
54072364669316288
10396438094072680448
12023212583837876224
13614667765966630912
3021867617504075264
3054662403894843904
16183333365392281600
9378204525380261888
8602678138482144256
16707404426530793472
8163959912498774016
11338547566202685440
12029798601829025792
6850988305949875200
4686315499527844864
1746317638143665152
12037210525034252288
15617888828536508416
16347699876977244160
11177879890485504000
5129807975461138432
3573144549269510144
16463019495952386048
14993609896147113984
12773439927047772160
6590617124654476288
8382802136008810496
218690999530086784
3352881737062286848
2016621305173498112
12136352630710431744
3845885473928940544
12447788945244848128
15494548896321820672
13917372739581642752
4903849037402739712
798204201465661952
127875139291202272
722725625332074112
3149659243868766720
14039068843818383360
11399203415338512384
10048923595623071744
8082538066371709952
13791688470345308160
9285683709592739840
3717648672491232768
15862472661070192640
18190372622016055296
2466284791237349888
4327375137905429504
5720219553875954688
8052746074413436928
384330447510399488
16399316864726024192
5655967336496310272
2211401565270202624
10328524839393984512
16045467853896325120
113790812480935296
5712467052905942016
16553471261238022144
10796216392528072704
8416762693117214720
18264118895407263744
4024120849900723200
13961753385926475776
1255241122580549888
11804508516060612608
8731066485735422976
3248960404777453568
17856530297203611648
5267400325314370560
17962212313466937344
11880773117682466816
9904600329469806592
5388837018420626432
4717902758802077696
14002377098640164864
16165708080153397248
4277688721600316928
15633749461558827008
7864883480241146880
6986597206116057088
1776993257925681152
8285429082917131264
4624012400064669696
8819759256696276992
3394247948071795200
8980033075784402944
16076117185031520256
10227987069224890368
13067561063109754880
462243817159407552
10813653800612200448
9107813672493498368
15433981084245796864
16153003792935776256
386216254011212480
3891118638814171136
14846275149419513856
1011105737503431808
4852667848792228864
7826756673062098944
10084305991312218112
16672917193159786496
2564273831727587840
7689694548547416064
16397886076175470592
7019634187639493632
10335352225459924992
32786627096834504
11295799575708235776
770600312898754048
904686981785979264
6627265592098937856
12161969864843014144
7653499418254014464
15143558266959583232
16198374343068073984
12966348623404855296
16636473324788080640
6950369190759230464
3914304304605521408
2185530035264086272
16290549931717138432
16788874057223575552
4935101903583640576
15399497444189732864
423996640296075072
14592887736665819136
6161119998473216000
945756631927376896
11170437610757515264
13173565848576135168
17985843554655866880
11380952757646665728
11013865165071124480
5133741431683508224
11124716765034911744
13642220761823074304
9494268648420476928
9168739390868096000
12360128885642416128
6623608248160136192
1524872824030858240
17249145524126701568
11992951682310770688
6960943862463775744
14493607895194257408
7130364393078355968
13803593891222822912
17736047271974848512
10513251643877785600
14611390083219146752
7432910561134182400
4251762815079181824
2208621688576485888
387220124944064512
2478691087095090176
7125397722140318720
14462986300572080128
16992312984418420736
10390088084701485056
6535874206269529088
18385443661722595328
7781318258012771328
13538937538485391360
4057006249841551360
13593603599242178560
9652077532667492352
5307657714842502144
8032765975431508992
7397176253005155328
3294604530645521920
4623657689440126976
11831646210150885376
7067780799595032576
16561562195776030720
12363812050310877184
10044509954895273984
14610435250306394112
16265186659371581440
4111604601942529536
18216440461210177536
5048954848477571072
8226949107506118656
1464308156430034176
4673826023336039424
883254819686818944
17483792269758609408
9442010867067002880
17297130889754302464
10838428359916138496
14421701152319926272
2834574282875360256
4173918420478745600
2082876428494118400
8263482451852669952
14236002806288023552
6945146255869153280
5382471908758046720
16981889059908317184
14092653031648610304
10956862536972175360
5968092437817178112
4822424281110877184
11944356116846268416
15246806136718637056
12803927041141635072
3277126416784290816
17261331646914553856
3162826115876608512
8651164730491006976
1147634722461669760
12128922829649448960
8014793204668251136
10735556664784205824
2240051835437881856
15978219981410752512
17313091940507170816
12119337831169798144
3385462360426390528
16895171626820558848
1911400616392847360
8967920151048236032
12982184948687255552
8033394347247891456
7764887431936121856
2523415790687409664
11142944320334379008
18234698316718051328
3930481768795653120
536637189202646016
13297515322441209856
1814635900543771904
9926303910541977600
8778943333475612672
80748071067500288
1528510379339372800
2075493364705828352
1400669373456223488
1334942399648659968
2589814531875862016
8738060767704971264
6900071501217489920
18147960994431184896
9406928353563760640
9674845311924948992
13080860372983302144
8927784699519222784
14943701826189203456
6980847548069325824
6465902092488864768
17509221551360854016
13696278759455442944
6245686316311827456
13934447011519563776
17631182527782127616
12678396276711497728
17346836371126716416
12264462858613950464
5588576268564353024
18135440940517392384
2780949944215120384
11066303956209592320
6287761000931542016
5937962144094321664
4650454509141014528
15358469148834492416
15416603831195740160
15110378895694632960
17793346393055127552
7642910567693484032
10686588020534732800
7730127934078900224
9159370293491372032
16203286788967360512
12977030720851546112
13683054942594011136
892851486526048128
12883248066435239936
1958874478293547008
5536807782985764864
14264404468316196864
4349745998660891648
9650936784539766784
5567288459226924032
7145377487226059776
12016663577516720128
14438357745123391488
14228786148398739456
18436352274294126592
7152368195449004032
2740989677758514688
15091331879820038144
8542951717229858816
4680098614899406848
16082057533468782592
5858673755400283136
3871747444355054592
4546844659053602816
2677276412078641152
7009389104195764224
15639549785210150912
16500179417025529856
10738205507521028096
12170048068661313536
3003937296981395456
12348685604252782592
3677877544384605184
8025690953141445632
1589500845635889152
7495999060066513920
14324469623143524352
5346225450170168320
16806127403224500224
2719866651559432192
6805645496636815360
12991303990389860352
9098036933650219008
9018965670088193024
6263536180898021376
13156797049783058432
11031751503742681088
6285866478617848832
3198758316036846592
889331964128230272
11087806694728566784
12680913172400488448
16027703295985600512
18392456223190908928
14160202871896657920
14744280631331393536
4485000714280643072
5540728939452353536
14502797238177949696
12611917127372806144
14310778099459352576
12582092912134639616
9108174888396109824
6407291671457752064
7958316511995906048
16993825864665389056
18395136998519797760
729770988465599872
12176748836536977408
18298751782628530176
10331432368328175616
2042516501328928000
9303703977132670976
16446576386871801856
12671677829570428928
2424167356532503040
4059988647742806528
17412077248009140224
17497878956521129984
2167903032161541120
14403969008463159296
16583684923395039232
13266693481815406592
16617322583196688384
13001231979349673984
16336181504940855296
1132844418486075776
12577098986003630080
9708268215882182656
1802428555302725888
10718284995941171200
10070951681357225984
10535254939789275136
7466257469508414464
8567432019774934016
8160148577321871360
14025831041794787328
6825583914770008064
9415239389945884672
6318526127917470720
4770141449003397120
12767403521334067200
9078947317234589696
7191032615172332544
18120520385987209216
9849748963477856256
1392222262795195136
5433884582887919616
12092703482632345600
7871369368594941952
8893586567497791488
12546626057990541312
16608792395771514880
1780624590830958080
9524241593655750656
8827804715499552768
17266571166403774464
1113515228547493248
3630359254994933248
8006354298257340416
14105448160634972160
14287106779398017024
17715532010568650752
11146584914963789824
7430529085559100416
4191351488136199168
12502274283333040128
11784769028711546880
10365331410860478464
123835769524819312
13689473255173441536
14920866266014273536
17378900290255097856
17150825148322131968
9699410763886508032
3581616231676537856
6535825718237722624
2755813153348889600
1769701588844293888
17569952287508910080
6151668127004188672
4692063658689180672
12762350774236321792
9841524456217810944
11246241144887668736
11688866495153035264
9428228977264498688
3337890546983931904
18180063743273701376
17238846168080105472
15167402201682479104
14091961919595730944
10017072584278941696
2764944122086498304
1745925677371729664
402754058333086272
3435064183373306368
15026042659271434240
10022860201111674880
5065890742333752320
9506410295531323392
9831632423164420096
5012374555798291456
289941370719447552
7789946485517303808
6130001348461614080
2539162567681432576
5837338199338422272
8958603825766755328
11678290221238972416
8041983497204637696
1253452995279252992
14614619522276143104
15387292955938021376
15330094236033527808
16812578527623815168
913729355480557056
1707395764453635840
15612255534116743168
6182478029810484224
6213141497136680960
17745593427623127040
10239999224730179584
12918045324558030848
15856639701662752768
659723162224588800
8791313459652111360
16416928108381284352
4811595903462277120
14624467583531630592
10739564403128596480
12002773786829307904
15251951080717109248
4971485660819475456
2046379547411030528
1942069505165907968
15176486031674486784
6298916705988940800
18436495815077453824
11281915130291118080
15099244368816959488
3258618406553564672
11186247749049808896
801781351728607488
16505888675749216256
1370884341492403968
7493851679724514304
1718468248385785088
7777169985224777728
6961170062599901184
15583525094766614528
9951712599576084480
10423580298995984384
17867578783359518720
13636396310936543232
9683839789115576320
13419483299585767424
6914661093889015808
10531395563700953088
12690449409321820160
3846112507723386880
8862652718922602496
4704886441686612992
16878118824168247296
7595830275361173504
14813112238252931072
14505055076809205760
5550431397143098368
5416563438806784000
5681764620588092416
12856182974092994560
16831687909520121856
9059233524999596032
6931368263145794560
16629284963820005376
5622073592596562944
17641879738152232960
13872396247922280448
5137234120207730688
5050682705045179392
5335790807057557504
9183379355884383232
12657177477127196672
15420833622115598336
3615744516604019712
15248881551107876864
16941868392295700480
8954672564702375936
13147772394767183872
13161258320399345664
7596985385305051136
10629576021104926720
6286147509200486400
18305804910419425280
1425642264364851200
17975671672057083904
16960761536270635008
8391117606627041280
5276985224736327680
11666618334141276160
17911406488252006400
3376799861933396480
17376883673025052672
4615909947298763776
10610006232977293312
10513564899477180416
5584297719650740224
5417179169838375936
4307181399725113344
9742819468620943360
5727589676748491776
7952198344516383744
14805837232649181184
7926487027547730944
13115382972348682240
1635673822261541120
18217618614179215360
11596400217916954624
17343461629648562176
14765867678986455040
16188507048632180736
12901479863388487680
13408641694072156160
818725866499587328
5990917189187958784
2259038793646176256
1099606910011034880
10946515399542601728
7827172821980747776
4639983903493402624
75098797076369184
10476716024657111040
6060075383676354560
7022596177122734080
14882233877975922688
1500609644401832192
6141376291262212096
5653532229726541824
15835699606833799168
16303683760043974656
12126230510168989696
16782448957650262016
17129934020379600896
9791270978437009408
3364389522562126848
1855845204826076160
13192342476895035392
2815065122204494336
14426788910601619456
16865870271905931264
16162216855057707008
7020491821418193920
11255392966188926976
15105476541574029312
3758716055293021696
280988418431190016
414283650417408704
11558228260331018240
13693931655289589760
10585234555138824192
11900376453754712064
2814130948150176256
15082837829887678464
17152636257145907200
7720364596576188416
14115783791387123712
15472716741884960768
5604554382242659328
17779027834205886464
17352662424824653824
447370326268133696
2321631549841619456
10887063138572972032
12343222892196352000
647858432332610304
3938259459780552192
14947372382365003776
13043565611308742656
3442551593046451712
4446257643359098880
13606453025133789184
13450450099044454400
5348433046937897984
10393551303658334208
17304425598578010112
13729360971558981632
3501012990124262400
11323450198507796480
16261872457070362624
16795927640299644928
1708614514747145216
14124560712436959232
7907622003923117056
9896225015559673856
13867174335086419968
9497761341531363328
5836129905540152320
10611727302329884672
1102917469560763008
64045333016855928
733568502352509696
15932817679151802368
7164789482917814272
15080996670178729984
4545812902402143744
1285103705649426176
3154295212365727232
17954226026532747264
4381674462467941888
2184550934514911232
10945561366774321152
14814261436995737600
8533967910082092032
9744728089353308160
15377777356225193984
5430177677103613952
241986280426665728
12450844953338273792
8431046033194437632
15557713272353548288
10849064210098659328
12181488524429502464
6619451539127590912
5249764446704800768
393777584454866176
6765741285232859136
5646723712273428480
7528352799181163520
7988568020864747520
5410725532922823680
7254481970298167296
11738979786669471744
16542862678952896512
9872374185428738048
10047393827668070400
223660611545032704
15815847232138907648
393987161971923008
8227496979026617344
15723881605946996736
7576494699857707008
14813376383868102656
16944723721317601280
11463355676733339648
6907143101351832576
8000960146653645824
5485832494439873536
2084480019161072384
7355887587244172288
9068053244284218368
8607051162913013760
9578120800954806272
8829988477635730432
9406665554299529216
17305201607876937728
6656547391644765184
2972601770118974976
10731860664773898240
339465345348099200
988358689783675008
2106281363311787264
753745855869435136
11787476701080653824
2887312942997443584
10058571318280091648
18100833823917922304
6243312820558169088
7928124309373049856
9240639885656315904
5718538750735060992
3377276950180663808
742199287053176448
14368827120529848320
11201142126419056640
7880728719325489152
12065617619076206592
16145001285959669760
5156648677444590592
442011795734854848
11803645768027484160
13399395808247365632
16230398951425011712
8542585744532936704
1848472423183281920
12151253551322478592
10097298884151980032
17474857271013103616
458592207435683840
5678948035541142528
18354710652212088832
10510245349724084224
9677684061238390784
6380740589870714880
11012731591249557504
5244729907378818048
7486192524033859584
17934057197381029888
8014052123081538560
10255646536642025472
7249017124767742976
11983393532234741760
2103454757531653120
7446476540771010560
3724452024146216960
4406849670445578752
17033228148552986624
1923003236007816192
13259731900118200320
10151317978098577408
7978402447500428288
6480868215237330944
3639073744001277952
5790357422884925440
3181051410414940672
4203068729123612672
2340410591570354176
1780708810693520896
747768287480469120
9730539094744795136
5835349532970573824
9560693965728770048
3578996946834709504
14116221966286006272
5574528668692245504
7649618086772059136
14336094649688193024
4017066202757886976
17259889422896224256
10141066298434594816
18293834285674115072
4813527926092119040
6628521389462804480
2824900345644447232
588288679206143616
7343488957811556352
9431407897093441536
17833618436237176832
1668476965293308672
15724086009838198784
3678414745704791040
17724491495131328512
17150953574931290112
17865516761858285568
2917627466374546432
7592537448913607680
15939208403648782336
18155984423741487104
16633275780984629248
18393245644415246336
9719505129877702656
8295927688596662272
2683937041798876672
5918518725668839424
13013053705401589760
14765252093954213888
15278728402109028352
12707358702987026432
4379673642865519104
4525857335422180352
13146140246249570304
6915894335041182720
11837878686771554304
10775229671790837760
15094180374176268288
17998670176871374848
6869958550954181632
14988981524130340864
17919099414282270720
17113595413785792512
4843577892648126464
13035949851957680128
5866628861257591808
960695178483665792
7265393320083487744
4114657561584071680
3353234944198873088
8863310117347546112
17506018331071692800
8375837940668528640
742690442307805824
6493092368351639552
7724227709971951616
17638283642803589120
10353370117950492672
5774633551593230336
16886614256447711232
17713084649796329472
8942980571626415104
4618567743461299200
1722964625249926400
12637679841249767424
18265870260921909248
4398588671474931712
8771524423520733184
6547313873293395968
18423189933687689216
3168055841424027136
16055748155382093824
6241544726356915200
4525752384575483392
13374751064161593344
5163150796786249728
10413545516741754880
11432008359403245568
15063917596337543168
12257748620135092224
17427716445492547584
9876992168378499072
13672598402660096000
3089402705269888512
12854749857964640256
13073351354856108032
7745345235566628864
7921612402777068544
8106118681780202496
1704248040755104768
12123517059564388352
44403674055959616
6110375506427496448
17033896445507229696
5682268193007971328
14840420980745043968
2276506291731344896
2565988215810947072
3883997282718758912
16962072616175734784
11092157588548458496
16830984302252343296
1467405737393827328
5939772231129232384
17445497774020339712
8742187021787829248
4560861538916782592
13490186666292162560
15276010852539371520
15943707834976462848
10556284808277229568
9746132198620209152
16659707557229262848
13939465871910887424
17947812673647753216
17918640637274914816
4999455423271989248
6435041508954179584
8138556222717100032
6250596874537709568
13400000396644210688
17886872443688708096
11345010012571787264
5649682851148658688
758668518138983424
12509081569066252288
8042480538969387008
17654082866383546368
7742473381420220416
15021708900641699840
15572193077706942464
15829827729700792320
10616018880656427008
13191913422344114176
5832489435574528000
