12691486692578979840
6041753107126168576
1788983923193364736
8538701108549709824
18059977482147225600
6010648387864077312
8101180360867406848
2214385207502824704
3203239145105564160
8053035028098396160
6111202809506124800
9232953263730933760
5010170472831262720
6455131526852324352
13489416121008465920
757121882615671424
17589392117513836544
16067749784767782912
14636604595427936256
12983681896486576128
12372129967976722432
832698232797513344
15029329944179363840
17294595669084635136
836011667794593792
2676057993482249728
14104897932960366592
6451182258101387264
5019517353436265472
10606420074630766592
15996459846095853568
18023341829262782464
10555154755516829696
15482442233968961536
13205696661420861440
6510524833364363264
13177080322746423296
12915289698327777280
16169760388069722112
11403351089687515136
14957226866359777280
17829498585070661632
9332431329685786624
10421149195181461504
5602430049498187776
13896361450131011584
17386193892629952512
18023766578280726528
17976029952317036544
9593909994891751424
13304913781964787712
5312694665488146432
12703304088799705088
4135725947941803520
10808052268412352512
1506059261542284032
11379115282420076544
11017956034610878464
13664535737701292032
11078572906054422528
16231172900550553600
11948258590038374400
6755356476438765568
9756107727384496128
16131626090711508992
2633858435385018368
5487719735942441984
5728338450985255936
3372820763550577664
8848157145897156608
11974606578483136512
2616271778727859712
11624062894056912896
4679773893905869824
8700188904979807232
17365870185617821696
4702160089963954176
14564341481946343424
12100899799849156608
15022429059105748992
8864299028923603968
9308018931924262912
5109849153731555328
262094468996060448
887465869452498048
17208349460052910080
13914413435386611712
10624924388440997888
2222693468859975936
13599166522426302464
4262609922268074496
6983211443857412096
5487723235344885760
4595809488815102976
10992108002025963520
17998796422486063104
15919328583581134848
7233731524823991296
12116595736228364288
6852738629337193472
8309150671673619456
11633525323291660288
13671044483631949824
7227198668477375488
11456902417556631552
12686730167987986432
3497183946182450176
1105951560521247232
3330423294419341824
6510974680021286912
13848464530681626624
15259536886852667392
14554939432781836288
17740307785388406784
9435187723551070208
11176357697907025920
14682709274987833344
13783688445007958016
3879782619365110784
14772553172254720000
5017944669974718464
17254954382815498240
10189975215832754176
327207224855973312
2833560062626528768
6336174549324406784
11284584179740928000
16031626288953782272
2213667071204955648
12762895984389937152
7572553925771531264
4139668059430038016
14171774168021217280
9198788961778328576
17099499319126624256
9930690575014836224
1981986982278998784
14472964601234419712
5324110483784221696
3428189729579506688
7386717262896709632
6702382046390908928
1065639821027867264
1028505637511831936
2276357686302036480
8729252119679557632
6371384590703292416
15889432837603020800
10138096920456632320
3660732787795385344
746958777066631552
1687282259792284416
14700044854961434624
4802786970655619072
12916385766200066048
895935755296510080
4027156818523035648
3626653855829886464
9941763702233927680
688665467690430848
16349542362143983616
1521287389795540480
3141641407489401344
16956639107119085568
16555465628628170752
13360258839754795008
6514188574987952128
6961742065953848320
14507314745987735552
17118070769403576320
10957981797148387328
5808837411826877440
9131549727457682432
13682332440530083840
4055005901274645504
168160048235608992
8352768530135907328
11608313748599826432
8834876556766529536
10825226970873333760
12969083551606128640
16536906670015494144
14764448349352978432
8479682598840416256
11447534738967607296
18311401740238659584
6715855594287262720
16071266964745773056
5482546752615561216
5074280765835763712
4664838013934228480
10966454345737267200
8410999730124413952
8761366095150564352
8543236042957381632
17565372804727814144
16533405564556777472
15087295881858086912
17539919593612701696
5122099819589642240
7137568487999265792
8836858089626355712
13257673327178737664
3946382832479037952
4548128114188015616
17549932317301809152
10069296889174618112
3779887973137774592
3848189730139403776
16729612828943190016
14748554773558097920
12643412439424976896
18304234913984225280
922172288753176960
7835360524345054208
2459177830194063360
9373984004976420864
13712553688484093952
5639193136383054848
12918236816661030912
17037249285313638400
17437678551108771840
2722476149106142208
2718099166818750464
16457354706966331392
9393589763802961920
1658938868034313472
9010434697927313408
15296470861470414848
9238188964474814464
7892330906027015168
14671451256869982208
12792965204890658816
219529293611216608
14764283424753842176
7080759029698004992
16462436353666498560
12918422170898216960
4159006873767782912
16689655372225214464
4496170137945054720
7896743545712674816
13551660507911735296
10771813450733469696
8923330035485147136
7083487054696561664
3104262108590863360
15222595544883712000
6607202526075940864
12011664292846336000
2177679789312135680
850589833508348672
10323485921605851136
6485110417459155968
4806249977401797632
17076598175624916992
12027912624310910976
6902875801500722176
2729293508656402432
8004930433282014208
4215910955212150784
16462633875862155264
9594859831201994752
8284739308814901248
3719455232783564800
17231235513704710144
2391618111927138304
16961295604697376768
6316149248108863488
1396690664098454016
11464745826509867008
17344443443478863872
3043099568277136896
16966430065705478144
11346492300668731392
14303126726568892416
10315026860976875520
10842945646204354560
1365593179191571200
306975763970735296
6050489674536687616
12001294788985094144
11334041817588760576
5367371782289920000
16314913849703628800
12151017396296511488
15074520847401656320
5198863238754301952
11999048322452580352
6172704726956987392
7308543934714598400
12837953624763193344
4314377990507447296
6955293291914707968
3078640174592180736
12707501438445950976
16243116283277033472
13778192561400530944
7830232400504854528
3404571938796635648
17953288426793172992
10337150456023359488
17149065259574493184
12585570709522982912
7705604100836422656
15638637262872834048
18396643517057034240
524855274618497664
7282785139184136192
7424718181214810112
3838050626811524608
12814006391161858048
2520365408009968128
3299197654684815872
639731730832085120
2902788293389103616
6464855448394261504
928156127362634752
18161552119822925824
9940066710492467200
11997730656979011584
2351264126376204288
9294613371920134144
14930785962318837760
15914001092925407232
192323805559800736
16733676069070667776
3363103190233709568
1749012033975432192
7571741699153130496
1341696215792247040
15358386184509779968
15157615548785231872
15362140362826688512
3098849009476946944
8007857034473536512
3709207785500846592
17209538867849334784
7340829425940636672
44986335620607744
16207229030492432384
7612554942856915968
18026633649871374336
11447626666682087424
17252917114075381760
17866996192920739840
16805195164505630720
16581861419260086272
18390409365416159232
12541748111896811520
3107181167421282816
13166849413843300352
10731736729019977728
11333118871707918336
15960348310526103552
14370463094682824704
14920147995193657344
7366193817601353728
5664464648750760960
12971807156930635776
9323779639815002112
18161351791301263360
10134512062253070336
1162461333121869056
10991200018238216192
14012396789553778688
18191194474681264128
168275905179295776
3737115838926757376
7528376196658859008
13092304471528597504
16236320552205154304
492479177730391616
17784326301621983232
3867964071490623488
7082505050572790784
1189809930779706880
11688807623705159680
5782174911152439296
6835202427957152768
3150588762500850688
10503879379995398144
16789961111369277440
13251635275660984320
17246580017814173696
15403672570031083520
5021705834119543808
8372874756279083008
10135802640635396096
5403374685340780544
6946065468335296512
2883442751606351872
3617510353202527744
12103692670543900672
3719764217979538432
10494943653362800640
11494978203866486784
16498837390799192064
18221461028171202560
8094108799632321536
12339145531943380992
13431512169502545920
12113199017596649472
1619065082354656000
1999962149837409536
8893452245609422848
6876240049868215296
12617613971724748800
12345206274583924736
15296341085236951040
16414405741128978432
10603650697862670336
13158420521646929920
11902239767603224576
13885486497048053760
4086367925179756032
12869765851192412160
8866317921900058624
15304740308799391744
13430418735080644608
12495115453333882880
1690930075410100736
803605816282692736
9137146871430986752
8844057522790717440
8704818545050687488
4774939045072619520
1195841421096564736
369763347397624640
12683246196129863680
561700840054509952
14458638081584052224
2186228158504662016
6697764699381573632
10944082161869508608
7202440365170946048
15706165323015249920
4695956730329293824
6945104178557446144
12500333173432834048
5675732181774744576
14339416320351653888
2235229814980406272
9811826096903342080
10623517680199141376
15452476837517760512
10347525733621731328
14220688963145562112
226076585399519648
1765330309141842432
10051571245981745152
18094654868039686144
3375398974385346560
12194457644072740864
11656823304341639168
16405364621921916928
17071180903530881024
11669905571234635776
14394687155370131456
12715654791977367552
2291882934376914432
2631884605620493312
18265183153626304512
15192688962733955072
12628332968403439616
1270379355090574848
7129238390047004672
1144168959712371328
11039532124063942656
9410018833050251264
3388679777451323392
1434259224119735040
16163090250889447424
14701791891558041600
12680830131709511680
11329079561859043328
1470920766504412160
7674937334062783488
632212157046367360
11656062979284445184
10303957875336026112
4437940179242166272
908793678500756352
1788742672061742848
8105524029407525888
8714100165158029312
8728088409656184832
2444209969866104320
1290822717073942272
921270066632500352
10023577986007048192
561102257440398016
17483352689342570496
3586878449238814208
8721587547305890816
11911842103814256640
802104419031781504
11645822461920921600
5940167434058480640
10012595959189004288
6223992498360410112
4884085591692828672
5359965955013180416
10579634964626423808
5431332443167772672
9366733879572574208
17330417819471142912
12971537923880525824
6070623423477955584
12880816862094114816
11523018108158373888
7476696788785573888
1560153881649729280
1952705807928952576
13993469001887711232
319600252847143488
3295740741248522752
5893508176055721984
6574478427511683072
893691073380770048
16342398423615946752
6612354426759057408
7355787798258796544
14337556049074212864
278412662290673536
3582047915390419968
2856060028440978944
7605495784606670848
15075775713682169856
6375124611777247232
3462438941386841600
2634004010435349504
11641397607598878720
4071020480439406592
15098771207696664576
8805989133155156992
1309026767702065408
17162995414363326464
4975541734517254144
16081949571272065024
14495299121974536192
13854821608449630208
2413735657771865088
46010273996128920
4397973519245841408
9055975241080078336
2594613680073044480
7302478974007233536
8120445807782297600
16898169335355013120
1874644894576091904
13380253906464319488
17792450329858177024
6171518794809269248
17826865484978403328
8419994836775474176
9203378038488667136
2782146849589767680
18410380210644396032
16764317345156415488
12604013211834232832
7857753763629751296
3957840428242200576
1869077968818719232
9933269550197170176
13895840709347680256
10895321209934239744
4845574268754838528
6909767915644075008
4405964431252770816
7793420277665807360
15704032762714955776
16842349195838611456
2556168604690477056
10910991569567721472
3222590509721020416
5207646712426785792
13576568937970335744
319820138778135168
6279151172580814848
7417834811265381376
11297486896606326784
9234056104804804608
7269203909670178816
16384821344046721024
7991523542043058176
10722453612722823168
16145504718606422016
906283321765654912
6840948327596505088
13835548319714410496
12587565855607910400
15022043651932065792
10005348133727729664
16367776355791390720
13078087687611377664
9690652915949920256
17468386961454749696
10116264935617165312
4284621680916914688
384107582044271168
4515347550352257024
11884961263439681536
1543739064133176320
9028802470441949184
4137839234897398272
11158224002210377728
16049269538883952640
12721351678532366336
3040579576624198144
6630004708675458048
13706932441846380544
15522550854872815616
16235372952633434112
17278427784925083648
14493190475684732928
1179733559510709248
18062076453882312704
11999615350935418880
2973377258077303808
6731895439274350592
12138602726979817472
15306339868470177792
5815051536839777280
11597730205849751552
15888350503040663552
12116277471229116416
7265992671910692864
13059659394278940672
214793666674091200
613062620484606336
4831737681684899840
4788996659661455360
5523066916034324480
17271500531926036480
5122702105914213376
5391205468044755968
8514836166792892416
17325718192625262592
11656628548105140224
16836178405279776768
11733392560684165120
7003313359785300992
8051240304777816064
15750945649860227072
16623964876416753664
204569025606579616
11993945003764252672
1360041669755976960
14084071566509500416
15547712570769864704
17760617362131838976
3296235213889238016
10223051011868459008
139219185943787872
6788550528676323328
5113681500842301440
7247219953361711104
6854626183805186048
1738804867455423744
17307311625481662464
657887258689444352
3961332038487514624
1723293562471769856
16645606177500518400
2057245024556598016
2983162690754900992
6742786993821470720
9065932579135526912
7201234068195823616
13620029697236346880
12390594763267809280
8012500412989490176
18288463913675038720
1263307489460069888
8206545018787000320
14624242509846472704
90018645364226448
10246996508435388416
8691895782478108672
7739081724393528320
4261713388987291648
4352971348305592832
17984560427800074240
18204439320279687168
491686753985587584
14127375740181815296
15286136754986051584
9940123075230699520
1421850720214419456
6704750812140250112
6609735392874046464
17596309010177718272
15592357215165415424
7695435186193251328
15511801541594294272
6283253175580332032
1857973185679772416
8866953731563327488
1676218260026929408
16546369562903943168
13390137909459396608
12290091337789204480
11346933191908186112
10638704519867340800
11997082272292325376
7521145836168587264
8363653385699297280
9453351685000783872
194560444710958144
11334577695147759616
6914459390865089536
796770107823719296
3024333453484423680
7866062752428998656
7997248687640304640
16518406457360777216
3331141078169916416
8660350792239612928
11238439637821140992
8248220992803116032
7661167057730946048
8993023340127211520
16017967256852748288
58626745055142960
10334975211352268800
7074696761592442880
14570168156042559488
1232487123360427264
17889326650685999104
16667119884520747008
15335564044243290112
15347369682594111488
718168799767237120
1821202685800031488
3477977436397842432
14780398080774666240
640931982676870528
14764743846675525632
4886310792464529408
15859465064564305920
5827084085990197248
3161895480563738624
17099420719468591104
10892896279319955456
7630549104162352128
9582316336309803008
5478528069283025920
9338713283422773248
18134408891563345920
2763441262680042496
7208981846801980416
15831804570383112192
5430800652645647360
4029307550813621760
1658867267409054976
11549772874006190080
11509941372230998016
17273610237420943360
13742071115293982720
12582019958216347648
9103154699142339584
2802431299191712256
7389299041272108032
11902126032047052800
14378381938063687680
12389206801890703360
15348810932672284672
1727650596846323456
8335990678832331776
2699481101998061056
7072788789234730
11376050854635866112
17806776904890769408
2151626220714754048
11446947675041882112
14119074507305508864
17053180458090887168
3432829851353850880
13144838305303576576
4265783367944615424
11928545859988783104
5239374836164861952
7215355365728991232
14968028991288172544
15232276989153654784
14961336908891293696
13467212585937975296
5850246720827402240
11343917307965163520
3815002243801871360
10082529710814765056
14859573002691467264
12009413727541118976
5797224765959554048
3462025743660107776
9765993737557127168
7170264592856076288
553253460258443584
11523196148546004992
12631332245417246720
2533018120559448576
639921869724220928
1005326398027048704
7968992297235471360
17139100062012848128
15283616872799672320
3000562740170284032
8904877613034264576
7678065977855223808
15409014155631194112
435279362481610496
7179861231735417856
17315655924396007424
6530739864631396352
8249120951512055808
12155686146970177536
6687094168611559424
6476197884148368384
7100036812700888064
14870528438576304128
13681485653429348352
2326733840988921856
6969454960207206400
3940509460923302400
13315815679841280000
534783471565840576
10201670009937827840
14484451768375064576
12308821499220090880
10306863151416102912
10121702927684210688
15495455531286093824
3995152801498714624
15023009725490495488
5610525469972713472
18246643248243759104
2121996366379352576
14705376511841617920
13587401974576418816
6554426582266754048
3481770436287615488
16731024546436466688
5219428350413262848
5941285215155504128
922132109908419584
12268026126947717120
13796372085937704
17980587386403721216
17244945179968727040
1851543720480788480
9806942452780988416
4545843850388312064
5041621042344112128
7330258203119899648
8686769249717014528
12343976567889258496
3168942055139954688
16371837027498364928
16430310706434916352
5365692329189097472
12313533046144960512
16218260327748923392
10715516153802082304
3352311164136905216
9041092223242634240
6915088501955683328
17572868121985767424
1442568678385172992
4354530328160656896
1719997425270216704
10967602804831772672
950537530766380672
10987655684698867712
5087915315240072192
4172852074745596416
11648847558219819008
10063343277377249280
13278960042962368512
12438040122065784832
10178915332820576256
17378448753664700416
17573943799524685824
9279109034366707712
5765266819584281600
3245149565037629440
2185213861932818688
11475512791765075968
9477920824768292864
9039177706249811968
8947014689553718272
2919439955125559808
7106810264076630016
1877334947340541440
16154024014361956352
7444463658104662016
2337312505690963968
18100431154726957056
6534605782418839552
17525420375825625088
10393022988570787840
2693111437536115712
433994491994496000
13956485411745630208
1257666338940171008
13930193971592988672
7879514252368436224
18156353430921216000
2974095127563612672
1915159891658622720
18009771383079208960
803420546421598592
14026081805957154816
16849914043724447744
10417488612167188480
17967559438301841408
16753055252320278528
13191415971095982080
13849737470610178048
5171739650708421632
8546892283854565376
6773653879236777984
16885697024751663104
532310310526826304
6175259236530656256
6121181520001057792
7473496025679738880
6860096204882317312
1416344709354084608
17554494410577369088
1488887727009241600
14218552127055456256
9560737617659058176
4346183700380439552
18407855306481217536
4048602874931183104
1270273672693755136
12795631749432209408
6707255523025762304
3460931830800807424
7546984968989274112
14555109384026478592
55992999037618136
4700686869056684032
3111598201839239680
5601817262254612480
17047613255121577984
3363479307586548736
6438663107173139456
8563767328846281728
9082399727105247232
11642759119189495808
1059010365348930688
1717866593635354880
7060474208799252480
6805425053689486336
11050105167059111936
14231211134698092544
1886048378282963712
3211107936854849024
904322138467508992
2809673613288256512
4742629346104133632
1713875476290911744
3071946573329075200
15114551168454342656
9178960142857404416
6068610066752100352
5956603042483410944
4930268790686916608
10994904900911069184
11042559185921685504
3955935340947786752
4553661942652950528
4469876608847980032
4776169226429095936
11409577975724734464
3950964378048608768
10449675733380820992
11097989803723532288
2657099881903316992
2917292949584653824
2561402171240894464
13381245165907353600
13260937227277572096
5714339908292459520
7510743564251025408
18017617077535270912
14512864089627957248
357330357801999936
1345662781577588736
1383579940320711680
17306190540863295488
3502617795275025408
17582123313504065536
2895381900932958208
8950596056096164864
16398073718144061440
11461592887720124416
16538181813226416128
