4871173631777824768
12815529835213404160
3330299984247565824
9765730324116172800
10514752304150200320
2270488066538228992
7188839901926558720
16664785376413184000
11067276809140793344
423986016435672832
8975365852706762752
4076744917417532416
8671484689001865216
13831747982259859456
2187763282450141184
13301571322162606080
5457176350847869952
4575214771951560192
2899722867746655744
3330221346159413760
6764664399867936768
12870522791008006144
968731308877002496
2054266364228988160
5326638810897941504
10644628818049611776
10858781334907758592
1721185845113193984
2392397222961377280
7270044675411264512
10574884004567123968
3423777260093707264
4190762488814573568
9139770591946048512
11455169207648395264
6447143352316903424
16166578098187816960
1725163212205012480
18131516808263442432
4545977298004916224
5076292402605500416
17344878492939431936
11694722196490928128
1979808752053830656
10875133291773526016
8134194357048652800
3366115158908718080
12950231906234386432
10604011994502594560
6625659407843985408
2485869074239922688
12848753680785211392
6908429381258242048
18030675033530456064
16060817567964545024
10374387405531680768
4110112803829678080
17711777956354119680
2147476485643205120
7237291845393003520
4613081490288184320
16300024950039588864
16983159362602641408
8707514638137392128
8156066612930814976
2458882184071807488
12373111293303422976
7742945158185225216
1041562545797474560
13715124817477351424
9049220012189569024
14742610449701664768
13092931623364569088
10650364655067482112
16244796618668091392
9777233273624786944
14115330451909298176
8455661180721723392
14741250922220711936
11442038909146793984
10206375422465179648
7832824038639973376
2672066342299978240
11260859803151525888
9324314342857138176
10503429965104586752
6941844712543815680
14292532822056189952
635040292969165568
7000886992483094528
7058717174848750592
11037237969160400896
11188618203554301952
15967031436601485312
2980443705882756096
13581416984421177344
4717148651251696640
11680854117539004416
11526449575217387520
7185469854312327168
1730852809546513664
2579109363316935680
8214136583350475776
11106820741110022144
14188514243030214656
6348345954306759680
8199987043982533632
18164046970248486912
16381080660150441984
16751865183958970368
14717744851124692992
3577951354623612928
3145178472391440896
2694443420108538368
6025481602957464576
14188266890825508864
653757631341880192
16435602317680080896
4482524201787164672
6570193100752377856
15720815828037865472
1484787364637751040
6165225488850584576
9276732297896321024
14382869875067049984
4229058236099948544
17795183590970836992
11765621043407892480
1470607779641975552
14382559548970891264
9873440866523076608
6687109002907100160
12393153955443044352
8999054836584041472
12869891658084909056
1322843225995274496
5730060295485976576
10842767083849103360
6694043678807296000
6697182056683234304
4077755223011847680
9507607647268319232
18308866932176926720
8583174515491216384
2510705976057265152
6645672354483115008
6274710238542856192
3221691076613508608
16697305240251932672
3661170172917965824
3288534365787475968
3313206685462030336
14611600037772646400
3106791797062646272
4625221177157175296
16784463144815060992
12550325224297506816
1550867644733673472
15385136714506854400
11338155539771019264
7519471241261809664
12116418976705708032
4511022538741881344
1893753501978861312
2885741606786819072
14889813408255909888
100845081856214192
1857194150101291520
13118741889626200064
8842946266815101952
5072037417090215936
10292357661753745408
16873677772194566144
8702138236735175680
16620928015287623680
192179620622095808
13787993156233435136
16554365613470877696
10139196224170631168
7327977451190934528
12754509310348990464
3901863488578017792
4027918047657655808
10669759212606068736
1178063905784920320
81452546575219920
8441144446928020480
10671600676221239296
10262517713030178816
14913683597788661760
7818895634549486592
12676697300703428608
5331834139572372480
198296062449339456
17956849086195412992
17655913278253262848
16749682155248838656
6864013285169636352
8512529637036095488
12668765308103749632
12839815103471366144
12079132320279099392
14326527121190672384
3923955513822942720
2952246857227550208
10099646313575139328
10968655632864989184
7962570924700399616
6781539244464819200
12970771321856462848
3945452818444873216
9891997543463796736
4351301556993477632
1252931030988277504
2612561711299113472
16636235213693722624
3776800771076843520
15248681552440100864
12030302942147133440
5814004390408209408
17529713515165331456
4004914294130527232
4269584584031346176
18180120109395978240
14328789522289053696
9051780275477931008
9723399594109081600
8728220351294558208
16562387368119552000
10763706051923146752
1206599301007282688
17582087361433286656
12917764169900867584
5217234302233800704
3191342259521566720
18344500577725341696
17469607063837472768
1249764054221569280
11583047044559521792
3160569623131825152
3619903147814327296
44803339426456728
14140831494783729664
8602860221428065280
8096137866592286720
5801744010813307904
14870288162832089088
10180622983774689280
396381404691807424
4305704449702775808
14860818598847811584
4954171339797640192
3586025657667291136
16953969512539852800
7383367267503790080
11706814888084033536
2379749073372940288
7351751048368826368
14204585475188553728
10401646939238584320
15213504483818842112
7619565107593506816
10664132678716928000
3107890434708417536
16742361006530439168
14317286935944450048
15969570290870036480
1334768664149458944
6580152031107761152
1403147817446698496
3066189681234137088
12641448500514021376
14403011007805904896
1962206428038333184
9120766543730605056
6053935400678675456
7169658703748898816
2675009267800283648
16604477780409552896
16521806408828651520
16229273649160820736
3526938745113289216
2981873940922491904
14565275241312933888
8810311903265130496
8415391238115643392
6397102202587570176
9546235104183171072
8343288835009897472
11648065919060645888
8207256051878801408
5735120558412445696
413916401389883520
6333444011501261824
3785604170594785280
6860191022203483136
209122847697739424
412389814039321472
2777699043616473600
18303343165604988928
5535995578206927872
1683674586019590912
12833168803873845248
14332081664774670336
9172297453802639360
11211968304222957568
8315207726632341504
10489716551794995200
5828543482730248192
6316815191892523008
14113791560829235200
16798892872312221696
14481032829607452672
16552875215800393728
5755880379914638336
18006104419522850816
1110224735289184384
11898630632813979648
16797161842129616896
6902950935302404096
9702672604697673728
16730158293746282496
6875426095020258304
917992004191475072
1431694377829619968
17136987609009158144
889892548507269632
9622352743245406208
4702261270447690752
3880410568855307776
12557954191901235200
15067821759631353856
14622469930772967424
3101325381781297664
7654112617253681152
15656336779885967360
14305779286163916800
6907400829775476736
8078834256286411776
11908912169369370624
1914078438860506112
6752203631204328448
16946248171452731392
4045219606958092288
15680353859760998400
11889496017150973952
6474946061861446656
1385255612911134976
8043393721412343808
228777686464097792
16494351036218789888
4727596075076506624
16018195794102392832
5939809158078030848
12843335916748982272
793862300384433024
18385582508825124864
16293762157354854400
12497248097651017728
257808634829395872
17142682209867870208
9851157458602160128
18196051851668023296
5226207562641816576
11222851913397815296
17772436003861368832
7012142213908264960
18358751887353581568
13347556261695375360
14812508874420393984
1283962134756924416
15464846044524584960
4778947411102940160
4319760124626702336
15001177346145269760
10005382348633253888
14143558076450422784
4542260805693576192
13458683312545736704
9476326953436698624
15268228134285717504
4418189596701641728
17680675877691961344
16290771784179732480
13107292003766538240
1281499831345743104
9862609334313394176
15708185045361033216
5301644377667173376
10662394283982227456
15852501486288965632
583095964478286080
11758329072031447040
5165859194498020352
3874547141991693312
14466104248257748992
17740909346628550656
6519625543302332416
12753531498768066560
14514046025454331904
11765514876116330496
3199674487808772608
2777488134478117888
5456018097960683520
4376555438824989696
3607654396404343808
16941842489248448512
2938794534492192256
10817089050814021632
9174428276796931072
8630676549042375680
792142400106627840
11566475964259807232
2067258455870451200
7034881003752163328
16167926366281701376
7333716869132461056
7409999345604153344
1105974701241809664
421557804823752384
9552899712167450624
16712075367438118912
121376054423772848
8799240678887054336
9670170615268601856
1461514287473821440
2190632221089877504
12116017678100586496
15299381233400399872
10709617816462460928
1240202104957083392
11323174989587257344
6387192784132739072
13961102082205980672
7785568605492734976
6008255619807397888
8101919004208220160
12473592534491975680
4696437300254364672
1000475991988028032
11224277874469165056
7476062329695386624
3178493436084021248
13556410656609259520
14939353237320503296
9604117389803622400
3531990820866759680
9165914733117791232
11453860405373356032
5109102638072839168
1664787718957583616
16263357054200901632
12334109537812819968
779672278169402624
14319333026509563904
7914353349122930688
1535291367550537216
15901853585432274944
2679782807207172608
5138411056905108480
17766218812705288192
4284572317825153024
11454660419735721984
2743559624552851456
7186890243818180608
6094748693678955520
8525574841473690624
10046127887799296000
16890461722966405120
12237955085475897344
5771107582651403264
4066315687342214656
16922868717272496128
11812508419158517760
2047567675995737088
5601932036370231296
4213624471135942656
13604843882861375488
10067880179546034176
7165002060233070592
6523757622955321344
18252931392111781888
8405107688471516160
15438166361004550144
12656692692141496320
14467438511301738496
102386335954473904
11119020325406343168
17797510006315870208
1142904494067903872
14568186817751771136
6652206435155317760
3505110649798415872
11920791623709399040
10937010618071932928
9043827079799864320
16422790623496953856
11065899802375270400
7025055246447819776
2997341791662132736
15311928512653930496
17174772061158139904
15345579369502517248
5594103265177326592
6814963232233664512
6142409658647598080
7197531886560494592
16239066535848073216
17755492317743204352
10316067027792918528
9746312104148637696
6567659661880383488
3895921227115787264
4026694359913650688
13375501338552074240
3496499220223970816
12299697634031378432
1101560271111676800
7064706655957872640
10722343760572854272
13963824619646699520
9503738746752739328
8492845166354073600
8738461131613391872
17264489789605652480
7245545812880982016
4054264802044996096
15122043914774007808
7294514205439361024
12792990390532708352
11432405811295318016
6700652844146750464
10694946239751548928
2010736291092610304
5920209575400646656
4197109762388603392
11054232922744489984
8067908315053527040
14513681460120893440
4013313627808892416
11999835432505960448
9739441315298658304
9766050447807817728
1181350767471377920
351600247430356224
6696686713091143680
14946693618995165184
5712285365388690432
958508536293286656
8469466718770738176
1736791893308785152
8404143550530155520
10864817540077789184
1159892976274565376
840088973752348544
5355097771693185024
14902424387321573376
10281740375729121280
14350438996445958144
7114570705329118208
10645876726414356480
5915968423103855616
16581123272549810176
8861924077270145024
16681552224585680896
13725894889780344832
16315670223050373120
180947947405209152
11631827004437364736
4111987635270508032
487452474589173568
1229249366830793216
6384412899419909120
8416769167386679296
8106543813362049024
15115569791700510720
13863021464993564672
14441406024650033152
17194378212019658752
2232856388407557632
18246619286210736128
682474401104556672
15303532417612965888
113955924169693504
10315799529243121664
11508404595337093120
2994080689485900800
15220669792156880896
6187164171434298368
18028717517958008832
7339833297701471232
9528178391871494144
6868849985715714048
3089588546564264960
10512146448153839616
6043491489872840704
15737620840703754240
1537057898396463872
16579906177082433536
4235516330157851136
15122102466923716608
14939054070351212544
4837271593242371072
13890649924197554176
4296003789477974528
10196534629042579456
12388639468249831424
4921099002207987712
3804077411827264000
4552536915115540992
13638531079311716352
2162713555424030208
14284341957570869248
9881466945255522304
15653586294786533376
11994050151989198848
2800096359992509440
9081307388989310976
653495766895090432
5217782406893545472
9088064331891148800
278890829135443264
6909088467655156736
13620641012423329792
13665534298981611520
3828867834124251136
8569539859414572032
11507481396305688576
14287262835747250176
1807024873591109120
14796110202011699200
8009262908571766784
2164761788047717632
18393128758028609536
11183470930013593600
2232328971604608512
9230470776634691584
11150214279903115264
1181735393921607936
716344307257855872
5186798441423581184
15208516109402636288
12254141571009566720
11525767143181565952
4418587175787817472
16867919275551152128
10374734755219578880
5865309854248214528
718803999212435584
7965799528408717312
17316147394243180544
8135514652643865600
2419827251570704896
18359867432525137920
13870872924393418752
6445836337265220608
8779185322966209536
10156050666443141120
15157849472835584000
9375794497030236160
10666799025961101312
2008336491161641216
14995647780964112384
2215572121155010048
7031304174351856640
6661864525422551040
13403137939313485824
14795619659245383680
10760585699029874688
12656099878143655936
16107662016478013440
9935276592487251968
8588835938573925376
15981733325955086336
14056034736164902912
7482489829226849280
10097633507069212672
5886077835072957440
1901761578181390080
5465817887316726784
16697628950515150848
4210807103191356416
11564474193836218368
8124773540599500800
12589760187922862080
8705151592565332992
685281509587924992
16465825115623591936
9173099385962441728
16988484136556814336
10841886699944665088
5545046041100405760
4963655716726225920
16666303012989192192
11785181571081318400
1465934533326268416
16772538183036561408
10660410851183570944
6575999236982018048
1493614408382351872
11683319279216123904
4912231565855371264
12509354599849426944
8982653355513221120
188157607250639808
15230645997920274432
7381281934853239808
6887168960444442624
9156375947664794624
15866663821719320576
2279746572723662336
3933751810152192512
2561247916894511104
7871719011262529536
13262093336612462592
5591803642347464704
5857675747182667776
26264754332233328
15000889471742859264
2631344110068227072
11121543252196976640
2581100973510048768
6040397504282396672
15100527485457463296
11703209358262941696
7481750614883637248
18018107041510199296
12409158661832910848
1096522514049652224
5093155096716208128
12313881666106476544
11084080949093464064
12892727042525847552
4132372090036501504
12503327133978185728
16914643839136806912
2256741189343423744
2407942345030474752
10084595124812390400
8715019978178982912
3355906537539122176
12461985837019928576
14484375455888269312
4717586515350868992
10105752504330227712
3622399427872512512
4305183910384361472
18415656503327121408
4082895100255363584
9988715158773659648
7391677701746496512
17541213037971204096
8352546936676790272
17889068071224719360
10873144666346067968
5345496807623138304
7142646463881193472
1388220345802699008
2776556435776919040
4856373807904651264
13475740719721433088
1867684817645454336
2285140315553652224
1912772334547324672
4655438424685785088
565971738956504000
6620631460591154176
1635525861854035200
16325294783798374400
10857938872852686848
4757877899481519104
4302626267359322624
10496015831889684480
13309719868568975360
11269589796146055168
12120836481763457024
3776007035756464128
15786460625904138240
7394995517343451136
5648393172155792384
5432557220619464704
10406041908289605632
6601028428743990272
13189744004787265536
12102946064321087488
17270001448552638464
12575596721415440384
10023295355956176896
15493817037424369664
8281444437785194496
1546905643074026496
16653848767469826048
57126144859602528
10322203062136170496
4344543517733829120
12005815396730599424
3968760502839720448
15581357248631343104
13321839496572053504
14607691286264389632
5150650215934711808
3064510788131382272
15000721173756059648
4933680634594591744
7992136588550474752
15300866739747917824
1471211219299422464
4527270043180247552
6465830653023362048
3324083755609302528
5476842983948244992
2428300252793006592
939669042965857664
13689276891267731456
731857671402351104
13869420672921366528
1510216786324442368
4115969198392077824
1072153866002635136
16347176976297895936
10214396951083925504
5032341762901473280
15031174210500853760
1476008861624773120
3165470870665557504
16123618108838113280
8449281247847681024
17651000155738339328
7241303009025452032
5775564718502742016
14249189977618767872
12248502500291946496
12088009517520896000
17029878668387500032
2867899253204000768
4283900440269114880
17986394015955458048
4963800508474164224
15494460309185693696
18183262554703093760
17627033269587664896
4888465777498166272
1312358237306017792
12149128919513573376
12103899371158497280
2259767111428060160
17091532619408936960
6719558396273519616
7309594306999896064
5434002546790178816
15263271195199537152
4142249571405570048
9881299021406418944
8019828839317926912
6826504987023883264
2973185424870779392
17435861547536031744
15775784300051562496
13196918264977135616
3240010868549814784
4956670629666052096
7562855293448729600
10416703521421068288
14434083801454952448
17580697650289846272
10026066976151824384
3845065162348034048
17098721589511999488
5207227119727225856
7729840334127952896
17231015312115048448
2179919790533684736
15812244434376839168
1300339125884355072
14555275864938602496
5466592931128168448
3165478447250574336
9040792599398246400
12240139787965370368
15475896191801217024
2963314719615516672
10047827043360456704
11388469591080333312
3054954943199614464
14611247172349667328
6628969255746910208
12719544604284581888
16022320227548426240
7983449447030252544
6419424458891321344
18329218332497891328
1056495219165182976
3870511288843960832
17934605734853117952
10772975067783307264
12799707024854302720
18199511226253752320
1724163932226871040
15913318731539316736
12665542387162533888
9007576436700706816
14913961593142386688
16423644507110875136
415980216381938496
8618899121267738624
8311130066904324096
11194958403326623744
9392441077243901952
2240074242286263040
2702825652801239552
15022527233166635008
10346861299872149504
5881936749618838528
15705946653476450304
269266910279014528
17022254199672829952
12154905400841580544
3393803423773255168
17155524614816311296
11552433414697222144
14528078563657629696
9541086763990886400
3591726655744123904
10206987857895825408
17802288745874194432
1116215294341728384
17055507396319399936
5245784653483847680
17980294308693790720
2660444030445697024
10177800574938484736
12569684503290343424
15838765316204969984
6606222652020573184
11278073505811789824
8820871556149917696
14551292410866782208
15933450849210839040
9591635193596139520
17705735713545816064
12415598924915986432
16659318187730915328
5855423113001696256
11650194824005224448
7978568658274102
15697291840809170944
15341242186634459136
10476409346137128960
1813601885323077632
8113350895965465600
7431626310369381376
5481615289024392192
3878163569460826624
11703897985912104960
7117800450897153024
8391770857000615936
17893949988740040704
10926964266338091008
12306015208604803072
13803893087817250816
8683251246885639168
14284241447777921024
16740439513430521856
9847939006119895040
15196754523108544512
7548539902426125312
171584586164612032
10643116025175955456
15164332126248722432
3605120199409240064
17249122496031424512
7107642177533504512
6103256008116858880
750162078131252992
9997218856778610688
10791305551076280320
6532826825292919808
5710896055384587264
11481537511715309568
12719771957881985024
8870414874156620800
4676999160983665664
16098893096390070272
14892040598003191808
7619057780638065664
7635047441513441280
5451163259864247296
11655439776913524736
4630909508626807808
8566498031050955776
6758072505641426944
7699031851595325440
14225137536744148992
17064454646190168064
16640507414320871424
16099306670815827968
9616330392458993664
11948571499203358720
8005634125339902976
10622996918549897216
