10817226043852769280
8022469787184822272
9332330950973657088
4019200225748191744
13692924561275652096
9413266634174302208
1884876700065002240
858728861214291712
16428380170743285760
17554002258561183744
6663387945515360256
247774705358503296
11959817310726713344
11417403972699432960
13193896920295124992
16809043653257072640
9799429179435823104
2005779933686407680
7875394734708820992
15748891819605262336
9568695332717893632
2281967331964209408
12035466399760107520
13590336947788795904
15195786954025830400
12806132086874865664
5559698248825483264
7055146429227040768
15683179604488855552
8656088014184029184
6711904806413072384
10652638707125121024
18430757771367591936
2397923755352548352
147090701056747616
16336114596004685824
835529520425440256
7037002788978084864
10956196461524832256
7256873419690201088
11970848330658107392
9573535654047870976
18175864589751463936
4186611699383029760
7021616965602980864
5129333566214051840
2237009825778741504
6167595281152819200
10157869569442564096
12463747711423645696
627189146832040704
13413397619413563392
13490190021269952512
7012864354573832192
4543538320140779520
12007082840673458176
10530861899082274816
8652015138339699712
2052452405313929728
15911825394477430784
13430600705432772608
5561546032983525376
17680973209603049472
2057597759224220928
2075367651783650048
740223999214149760
1683510357278456064
18431449642302679040
5443380040057422848
6808156748666427392
1007154318897709696
363059267512906240
18210630375883311104
4791527999962907648
6822870307390300160
3196951090512717824
18051894303728033792
12475950377375657984
15360108432611174400
11242083093416515584
46079904246628240
9570799606696697856
13154198303472830464
11306735159840579584
11953822000456214528
12487332038268694528
5257091874318845952
6869122400412655616
5999369989628412928
13546106302500026368
15395260736331337728
7542636862463911936
17266527356909883392
10925244289729492992
10235861620384690176
9667515943695634432
7981967783354173440
6301230530279354368
7637224115104499712
2965177684676445696
18427974917480660992
4288295748963290112
1714334774851529984
18410641369483896832
2479464631166117376
15389824059294248960
15109257011480315904
6875813752208504832
3498124953867317248
1872537496386926592
9523889150021920768
8589753734272756736
15113229295966177280
10706624471921252352
13593058809799940096
16644931607595575296
3421184980671982080
17117400406346201088
81738989836712128
9697347482822492160
143553240795025440
16507340164643848192
3665833541674838528
14070539832367190016
8260842426300746752
12203646058612764672
17486095069805881344
16566145886059405312
3989259890835868672
3421619376082867200
2987224063086097920
1289866081020484864
10205821363303927808
11827110935324655616
11699759203997908992
8815700069281856512
16864652017198882816
12646516371175047168
12042029976178063360
8411105906332079104
6224107968114297856
10325545629579730944
946376327803168640
8762443586457409536
1350165873566164480
4776058213725526016
13054230699772252160
18315436306561966080
150886124322340128
7142323562233067520
8798214498647515136
14301107816585621504
2191731901566525952
6854693300473376768
10221449985201268736
796540115012870912
12299067028521136128
1219895521241490432
15023250532529815552
4843555863191856128
4594617729301812224
3352961991110808064
16683058266258644992
17556697001334964224
17063026366230771712
5604548810878567424
2415542134412865024
9610650044480585728
7763755078561463296
7827893733542115328
6170668451802692608
14880658509701599232
4887502674241294336
3080793922955247104
9246555288985446400
13697894521695250432
4087439788596913664
11245343035972177920
6747509105591796736
639258839276446336
18252362200157515776
5106625483799764992
17149649431235504128
12877812880579665920
10590686974583209984
1748030324755287296
11625811385294647296
6298309533099876352
12058561295471319040
6655612862425538560
748844187870006912
11392222962608046080
539970940377288768
15277705653214003200
13856994474748884992
18228716257009862656
2799608866229054976
12628630699163310080
11413258728383997952
4418456971576353792
12543015847932694528
8567620950860121088
15615918871602995200
12424492368613900288
6167845182425552896
9576880925337698304
10282108312219518976
14003462443995023360
13488486101191507968
4848465879576101888
5786659898823494656
1598065222957011456
17617537758300661760
29489199675875528
9860789439712937984
2493435683123088384
671046061809401344
17553935266966407168
10146815153911416832
7713719070885103616
11859853920415197184
13524811495835529216
13181143336625035264
9867338483999686656
6834365952994333696
13866461441948925952
2204424215186644480
11911127445955196928
17118397816023947264
16385125787526322176
10889097293815523328
11839458327774908416
4315427996112362496
1888841134779132416
14195034977284806656
12294798219295889408
15901496437374588928
12974412056269283328
7962210178835610624
15991518763681703936
11518706475173328896
5769569265784978432
3904811302704029696
13189660547517085696
18184683320960774144
4145562002111716864
3850378466587748352
9021689688719113216
4897627454881339392
8018935974461023232
1040546167587017856
8712484417332297728
12325264200439519232
11096741647061682176
5613508717513261056
14827474723294470144
4432807868857706496
12587003004433831936
15051259538492225536
13337919664221046784
5817089303664487424
17981761394428289024
9513962802895104000
1094556436995684352
6951794526941856768
15651394179474968576
1074508741486863232
17510849023584163840
10551677059418499072
6258408946428309504
7052669206576497664
9963086056862574592
5662626086143011840
10805014731587323904
9879186527769931776
6545099530065810432
17926545565967050752
1322232701230517504
4224852010452712960
4593981833725296640
2054357831779662080
6412319881469444096
14099509702054258688
15561649155774232576
8029657528671866880
16874808736890157056
11877829362169423872
15957921212548558848
1493262391400266752
10488325974619877376
11386786438858717184
2932913990348969984
5096074960015044608
13768277885611333632
9210217814934716416
446025045002313856
461498696393156352
3953410994862271488
16631218226329159680
6752431689367624704
11122865059208994816
10817722182689509376
2716449955061742080
11300272919628996608
6783934521065765888
7037110577167546368
14707379029433298944
272572744489421632
11059502993908951040
2424109987552449024
18234535216827435008
6340484720679198720
10467311597833359360
6970812334238025728
15440883181274126336
17031504612946661376
15897815862637613056
2620891504001737216
16539389830001104896
6722184781792931840
3228718447834901504
17430959442601312256
7634995409399735296
16807490420435935232
1563389611254486784
8510622988006610944
12845454304503896064
16381126428021882880
18349090438270314496
14688951156829943808
10490185488645646336
859840042889653632
3961018260920022528
8180600547936487424
5651855045152549888
13859480817564250112
7263573843141464064
2894563348699154432
9003521323004214272
3016819385136863744
13505092679333957632
12907720708428017664
10505505190725646336
2681654677223666176
12503487953311930368
5644797513384842240
15927761622872555520
10513719153903722496
14295140184712372224
10378988315439882240
17313694221794091008
10026012765008062464
17023961737402765312
7688276390836846592
15328423176150206464
7110411507518360576
16384999947817293824
15383666809711474688
17714304720645523456
8495438727567079424
5163184803523718144
14624070763347544064
14093727166039928832
17668649746437658624
14142269567296483328
12516452950096224256
17941873707200704512
3220368547100266496
13992789257112901632
17013122192865959936
12032979505056114688
13393782725376321536
11217701751511693312
9384760274208571392
5299592871920935936
2225121497205887232
11536702605972846592
14525128673829486592
16743228247293143040
14423070058281838592
6600685677309725696
7604941045300260864
17132942456791310336
5608200345496424448
9172102102288087040
8647737964169390080
14757371928154220544
16126401309978388480
14160429668570992640
532827257232848000
16323160493397024768
18427259821257498624
6454532051862635520
5266356814935442432
15272886537141452800
3275023969628000256
5993931683295968256
623666787800171904
12671735138845153280
9724883661109198848
12223561363245709312
11397305869166530560
2536401119596901376
1454214074529998336
10836498122884139008
5057608784766141440
18298541539808641024
4944859355964684288
16428104706260281344
14442604359479967744
17022423320998125568
5371107108270433280
16861540638718689280
12126213060278890496
8187561188095673344
4813935789116746752
10430502869167173632
1870146552701022720
14611076815963510784
16983408718961770496
10482043014813181952
13756813514636306432
15848127466197735424
9982777770801281024
51665697750653968
16756892546658394112
3897639116763627008
1253968939400933120
5369718436446090240
12259588114713419776
5990170931927634944
18400485953173407744
16132271725701396480
14959307248435771392
14846483141771964416
16008299046334668800
11035369762395154432
6738945460679325696
2642069488945511424
13963357921084745728
8236948079788210176
5867293685227504640
12619621913293400064
10136623762185508864
5441118639355526144
14805392139200294912
11299377081028122624
1864693472471198976
11845646720109844480
594194466194204544
15185753197163806720
9018543048637273088
17438071412025288704
8239085465988077568
1981223253179942144
22122525310208576
10047543091454947328
1169363548837415424
7703527762712287232
13104523466133995520
13592784873933574144
7059424998203280384
2414432317245429248
4035577277371230720
4323095550857841152
12440367091810453504
46014546166083776
5007771566584647680
9943538349859829760
13337371912441362432
156821670281630112
5325289110975395840
18346705085948444672
5684207652581297152
10275102394077558784
9926238594508414976
6000675515153901568
17586575755573379072
12849787583138304000
12366280120378380288
8932753154828041216
1737282685220192256
17180059145349767168
13329232925163137024
11839498332469985280
12844765099210510336
13267467537450172416
8441652166772076544
15102148036050182144
3251067331734584832
1658739568768925184
13020431009068873728
6862987483187431424
1486469643187669504
15680289414297077760
12204855165756178432
12634849145101408256
17308484345067446272
11875689536575019008
18100210908254349312
413875145074503872
14197301753121585152
17632071979952797696
4087921711646772224
15677212221598097408
7405490222003333120
8331050727362021376
9077363948639991808
8238950824343563264
6337145196856929280
17958016385919072256
3691279395480322560
8312584910773647360
5871872593317357568
6067685769664805888
5438281409712486400
17866910536426434560
10720567927751880704
12624575641163028480
4593693272417761280
582584311915749376
7262751991835813888
6332683481575489536
7275520662298509312
16112939176650528768
13234043900500643840
1811276073092528384
596266033518101376
6562216764836413440
13436931960322682880
17837626516425074688
15578099997493176320
581917179439357824
18252069955219714048
12308721205812430848
8756921575498550272
8149130587773962240
3663090117504568320
14101244542014873600
621926789416364544
1670231510549851136
4980036320455830528
1362432863971686656
6111669387472860160
9843547914874507264
9486322705841668096
10011897154655043584
17101855293251936256
15488999358626994176
17905705091224768512
1517487208858936832
4239524365873355776
5049261568032484352
5367199300947133440
14118457990897133568
10447882093156831232
1626997750176523008
3615670880999531520
3879772004274575872
1170904238521272320
12659605697248147456
15560834502397814784
1786852266009366528
13285806678559645696
14653038506268215296
2274031173147073536
6875666195097312256
8597544656494416896
15916727359230593024
12725434958774657024
14060107818110388224
2379688761900995072
11672735787011895296
4769094566332862464
5012389097512654848
12215480570066528256
18335199878429450240
1894752364705326848
7378417366143969280
16519137498060802048
9210183583335382016
15146555739671953408
9376926556491933696
6937093082651287552
14033422073968148480
17251118787272665088
15056928217338593280
14798327274421471232
8579008072508123136
16612338857269725184
10178886188207722496
4166038742385044992
8944066278448199680
15950086617203126272
14153296432447668224
1156167845776365568
17417040131715667968
2403598693212705792
17929488125050648576
15768388421170454528
17616818011149703168
1917460712912688640
7663576134422659072
5580206541493580800
18255889012983035904
6831228824611594240
7548853872048013312
12242899345527912448
2361414868506489344
7482418039537031168
13679892717558177792
16330068678182432768
3604284691858455552
11573652281121497088
4612148572173420544
7092030945707805696
14891877136659146752
10667221454428850176
11276619105866215424
12740642411613415424
3540526465939375616
5106904839641315328
16977496827219398656
2261165776684063488
6595783834193673216
14870694013142517760
15295610148050481152
17335838940259907584
17782580659237074944
12133598314469308416
3926774884876436480
9866707195655106560
8709749365336933376
10885094210384056320
17456182758602377216
14860731129220167680
14845610522227568640
4104456137554076672
15273810073227515904
8344232285429708800
8414922708259783680
7917850914881695744
16054823459220195328
17653689774722293760
1956994580588823040
1286162069462203392
15133028657886001152
6295108729109155840
15056137186207213568
5463925345421187072
319245736567288512
13436750300747530240
3210651982285449216
3579746375354057216
12000690318359777280
14139213668726712320
8835456556560146432
7999174629584663552
10885289448357785600
13288060172787193856
2549895283349729280
10644400388211273728
495129015805145088
7220431520086118400
18167434546641926144
10554540538948890624
15954700954707726336
14707805541089234944
13622837757321285632
9195814884993784832
3332164384465989120
17098375723471794176
4156288550068080640
9315833058134380544
9123341984156737536
3690792598867352064
9337303461659480064
869157881539389440
18222249091141060608
12408803324950274048
1257850242132677632
7408709963806000128
6273387482314198016
5186991132946173952
14949730020121878528
243745704943161856
10625081454935109632
3250731451706565632
14457548152717232128
10094549198853994496
13419769238263267328
4356336760328567808
3479344588640270336
13494600072384006144
9737742873524484096
11197483409649184768
747522093908397824
11127240746530222080
9704479209033408512
11934462773497190400
5947656648973305856
13326086017312780288
4128297763003962368
7643031042929899520
15272128618721062912
14168537611425701888
2174507221981713152
269273489048183008
11347072271037313024
7063646806156295168
6550492314094562304
15167573583357671424
7892738957199856640
3812697190020898304
10662717533765625856
9608937633058836480
16747707105382455296
16339932812206090240
754472934902299392
2691746165408645632
6279926655242790912
3574695015698263552
6512655303784471552
13202238963788230656
15349961490979977216
646099605361138816
2439531901851488768
5655607143221394432
16934372907031795712
9504383780630757376
7220728976774713344
2311389124725203968
4733397780980462592
5457715089073537024
12566203791608156160
4798520129333840896
7679962704314162176
1239226429930936576
5066498892159225856
12012619320176500736
1791798901725584896
5466856761487430656
12207892520229056512
15577949306802214912
720061499039289216
3305915902671348224
17116708123333908480
18441300511888193536
4022161711328134656
448125669488564288
4005973153622211584
10627456390307502080
8794132875484056576
4523976023762330624
3915004915069166592
17086287961181601792
10986439758961033216
10040016334969528320
18075187530031382528
5568227323896202240
13322513792873584640
5713582427883591680
6054910030812278784
4508094743970075648
2138641679895832832
1223696193890138368
18189555005400576000
15985606975633852416
968222720541143680
11332801486225924096
16034692658597818368
6649612590947099648
818449656551498496
1451079865408461568
14717418216946262016
13951044579792041984
14788036983506739200
13217017533745186816
8272282034340848640
3188314417799595008
13126099841250041856
9703649526721804288
106217902706121536
14365506168474988544
14785887138049079296
9473668728361136128
7169638580076724224
7585958730208348160
12605268327511095296
16858929079529394176
4774192387846984704
9809349178360784896
11362393897292687360
2332422865270576128
8427020786831046656
5757740588002146304
4506090958055290368
2470243119840329728
7032026421658679296
2725200088371645952
10247359240483061760
16560245924678868992
2033704489644555520
4829532886794464256
5832891359994844160
10727733666763212800
12318945106790363136
6807439332449288192
2374175869070453760
9289967951454670848
4447651276187196416
3705593125936413696
11937779308522201088
12494966585919152128
2323240825793977344
6843876853284535296
15622934724330510336
15357074504561491968
14795244320719585280
11672228215418195968
12418444000949643264
14129437620643903488
17864943283260594176
16923958272867950592
3582562099857470464
703393413810384384
17987333978434873344
15267445041869418496
11526950021088223232
1477648483766249216
6009283299453649920
24497041846899408
6655244191508090880
7383965661557758976
18414131601371768832
7327196146433124352
2118758147243300352
15034911598791264256
5565943195403973632
16123279598804850688
17378451129623330816
11940881756440272896
9758489839854211072
4914141001636603904
1190193814205755136
3845475322378099712
99721140111781552
8860493832249967616
17847649207368069120
15861770984904433664
5336310774548626432
832259698240156672
17764644241804494848
15180499670146076672
10547640170537056256
2357822601070696960
9922093282591686656
8804129626591906816
13949194897718708224
157364931583499392
1758755855170624512
8984927731991457
12445592000562884608
15361910987426052096
13050550624632803328
17769287680910303232
13252443949736245248
17145840611395735552
3740365844232858624
4818852891007949824
15224363388720766976
14011233208243853312
15493681570323765248
8660128393780478976
15333569474933929984
14087546317385783296
7121915945297293312
11806686182340306944
15742029101521950720
10901815872573378560
16030907543587287040
2422218368047838208
15251948424190150656
3561754096079511552
16182359476307005440
13159047268830683136
8964095867449597952
11576900576872830976
9030502044530484224
4561159373326448640
8398934976746519552
15948109230706780160
15417869174844229632
11204722409419378688
9930940771402391552
6709929571007078400
11773865337314885632
1840936724258561280
1932033888406433536
1636948393742136320
8621731791401660416
1763782883502207232
16555332132568899584
428032567919808768
9665236692142573568
7797489713227531264
14423940788943636480
4118797982798571008
2323346795762358784
4536618412133309952
11723566013471143936
12480274474162810880
34064894508773872
14051796054715072512
12601774351249364992
8866222031985623040
135683109517605312
18024852712569223168
363868180654356416
17836894745096861696
18126940474337144832
17129084695225200640
8843644643069522944
2336127278830049792
10437353927515959296
14071595365959387136
7550653907753525248
4906405367135276032
14491126895336753152
12171718743229128704
15168075778785380352
17316088048175644672
17886089881897672704
15422437744292429824
12413530893816979456
12488645242829152256
5952132733324940288
7336228427202889728
17110203985334198272
9411533427610406912
5257180604540071936
9038061890407979008
10589324738231977984
8429480076944167936
7453520386683765760
14633414514983090176
15356494893765296128
15193481659204573184
177501906694896480
2045755542774522112
7688415899418597376
10979577561399873536
17302282162918584320
8785138562369978368
4290584274510176768
7639175853718931456
17474526711084111872
9383372477668745216
14779052040749473792
835820770865779200
894262721034113280
6516046610223418368
16390392283285448704
3404493382337779712
2146355064335656448
9408746746521995264
9970536938481510400
1724413220431022592
16310394561944637440
10492462513375207424
8133630396859161600
5336723379667272704
15336576118592411648
14270108595944794112
14054801527772397568
17060084832864657408
4573991384216821760
7664489391973529600
7826331426021337088
11319024882961784832
1958968597352364800
13717012131217033216
10062422990716872704
16052480061813827584
13444473233412769792
9895945027682197504
17369490999367213056
7711757956051226624
9576035162032842752
3362311803150729728
12302106916227350528
14196870465496219648
10893826114843473920
15376644237145815040
3383050453809633280
8643739785493041152
9465020258148962304
4251978745934838272
11036467654115151872
11632072507945713664
