11759659184849498112
249151927935144992
1079185220859510912
12145822072963674112
8653125890572216320
13901799360312123392
7593979164994099200
7521834666214119424
13472374569686036480
17682980720558671872
217396628736116704
6249127501171815424
17192234243741822976
4142397773948538368
2990700702005551104
3939397705944544768
8203808964862179328
14754052744750292992
15722213961582678016
3155572684538869248
16873403317477224448
890844787548142848
18434163186345811968
10761641475413774336
12060854056323522560
11542078867455737856
16200241379439892480
9044143868881154048
6301475541435425792
2455514858582948864
4425888553683273216
15233475743229822976
2288843578606790400
2647115250087382528
8874391699127951360
8911280602527645696
13201581704597186560
13414628479170406400
2487466123026715648
12994623695242557440
7976543343638657024
3101334777091293696
6387796244161648640
18397242029446674432
8272328191559294976
5645152689287407616
10958347603943944192
7331913261733487616
1386806251725516800
3687179101534509568
9349865217874014208
13036764217318885376
5875768529998704640
12977853460103303168
14420404592578834432
11362535966054576128
9739298162678538240
17447883088470306816
1687597087298299648
14371739156588775424
16937502741761241088
5229496858646235136
18023351990645590016
3174035868836637696
5411244864953118720
5208404456383714304
17873397246490865664
16744291201646342144
5696754307579994112
9989683580834127872
16275607875765741568
6902794328072763392
14797952130430588928
14433212472830539776
14710325349208066048
3886992269056816640
9876489177478971392
4376307983909540864
16090083496874094592
8989573476657776640
1363989427613638144
4531158951371777024
13152978867263358976
4748833693648161792
13683571820924162048
8121732678788497408
8930095867285349376
10673775344487923712
6307268107685390336
18000236994052044800
8387514467870329856
17605298482659620864
14662400905662554112
9716700008413284352
3044941145349534208
11545018248887963648
13034401905624258560
12749800118567913472
663179224515296128
18406479414553442304
8529591914724667392
8456079882622221312
5779020779600074752
10418942462057379840
6986940744566793216
1979631934505901824
6593600802970554368
2367974703442413056
11143861561625419776
11246881445794541568
3361591568116936192
3051463879773531136
16960395596827494400
13229232354143899648
12464454905428645888
13227925315885531136
17519710212829857792
7968386634310013952
3410731219727235072
12416569592893806592
11158682476073474048
7252273192842113024
5939363961705389056
2671698340090699776
13869825202233798656
3536115227979602432
9128854604395303936
9852304331591819264
7335247653240010752
10963690643453921280
4879407930798474240
4426491372715767808
10160683202443640832
2663774885058496000
18033498431772753920
8484159130244163584
15745522111837886464
17842994934780553216
1899815810537806592
7951834152683937792
10690202919824295936
12475004998120808448
9623344241941403648
4126985831027402752
15953212144991815680
8813051061520729088
10154433826609027072
4813651302119502848
14386366476986124288
12376736496015777792
13607299846703937536
16505470598543847424
17349276123358734336
15413427277642645504
4496226955269965312
12721894686289051648
6416176185349925888
9249225644757630976
12859712693211473920
18093332844303785984
6554857829026759680
4089152611761834496
2296028238874810624
4751168411027774464
3485893621360304128
10223350575953332224
4524001996186658816
8059612607656755200
7048426292178820096
18407664583361857536
15650291665853956096
7724008015954510848
7303988846150346752
7380402064225997824
15021362885602854912
12521262690312835072
430457439959009984
15301940827275141120
12758823326029959168
5431673163043788800
12896786000024010752
5785466599444847616
15498860688495136768
4288789068348413952
9672965805787705344
5631179657921268736
12846448326821232640
9060150144587269120
10768830485465765888
7175782918896433152
11318852471672012800
16442737488347602944
10323795943496552448
7935375997906489344
10058626213934706688
4376426448893429760
10319318251709763584
11674867505163229184
18018444905606174720
16233728383444848640
17975525234633455616
13194919612313688064
14213669467696336896
5085492924234349568
8512572651470204928
14399315331038552064
11077503788237148160
5610920357073292288
8520301574136742912
4445998377616045056
15066924473812310016
10525849578893957120
7464700024439145472
3495417499719554048
2658346035644881408
15070712821880332288
8475885054649682944
12416458027203164160
15197682409390698496
13251425174448156672
12983708460769824768
17050499275884208128
11324183923094734848
4670412799714566144
16445685597157449728
1852951983076392192
14678608475653588992
15271922518512406528
17382916047547901952
10595326734309195776
7873962243272954880
8997950565899460608
3248562766963922944
7618081581824504832
13887678197746233344
56241757446733104
4445166788753858560
14334855503480623104
1640622299234036992
5900869831356956672
11050752784190812160
15753244702460276736
13479519368801972224
5577682756719008768
7765442630721783808
11723801433195204608
7811630313697914880
12532162344198987776
2600882802961511424
14520851664988260352
17039052840204308480
11060972265263632384
16425128014311950336
8317006388347275264
12060042298996908032
8918177691869589504
10014817127815608320
5947844513462019072
17760005969337001984
17030690596618186752
13195050426237769728
18260638332637288448
9844393846475149312
17950174366152448000
7676185193278273536
18144218937212057600
1106247361996616704
4047602448921289216
6962564309840058368
5820249537677445120
8864019396101625856
15352751015937589248
4886748986938265600
1977703475473350400
15619423153230587904
4874261075040267264
1344212245134318080
7490022036533560320
11323760037896394752
10225100578153699328
8984381812858948608
1376109012485940480
13462428272090763264
13868476979015081984
285465978289320736
7797431220963948544
3517344864409336320
10202116356847687680
11693956611650637824
11543998817527017472
17355866042560786432
5619486332794229760
2967180271816087552
8922121161658451968
1548267352768099840
2968706498690626048
12614413393790156800
4974952713770364928
2027559144847714048
1094616322427640064
10110015180556890112
16609763657994887168
11268938934993657856
888219360302647552
14564117982687539200
8809845120113991680
11277424111486715904
10209597201404254208
7078206205056852992
3721971782414528000
4847860050923251712
9263505261624461312
1564173138594938624
4096548889330947584
15868523268186466304
1222222955383529472
7634951324328766464
2795462952555245056
17204975619385124864
16382044778119538688
16959247258192437248
17193494323380117504
153023020357940032
6548886467063952384
2594404828557192192
8357523104832340992
6388807144772804608
6453167733441552384
8635224194227837952
18055023987655649280
6884917457063074816
6067259515329163264
18032724862318350336
17771156584262561792
11649844331140530176
4606255453667642880
3580862707122726400
16793227178105102336
1290527856202520320
10780417342221627392
3086701334475312640
925798718335131136
16771997692447248384
6403570832788096000
3874146454489349120
16443750520797347840
1343346119531609088
5995802997647575040
4658293252555382784
12690505841329819648
14220139367893608448
2791194898665692672
5205159079439266816
10639594833861251072
5838025444910649344
2774434597114845184
8551482586535303168
4967427710949224448
12660078955730278400
12625821369354027008
10244108562728579072
16098045425870336000
15153106836075751424
4127685764183425536
1957164263407039744
11914200830445105152
3411076762974535680
13990812232987340800
18120926115494719488
9407451303383654400
17704271343716788224
4231773923747341312
10235903867795537920
7918512229453129728
2978670617348402688
6626548109043523584
15833743125163794432
18232822563937206272
230196826621950080
5516146190622944256
7944875612330974208
7835245696977186816
13848651042102835200
200480338191055424
1382854131311224064
16754196792453062656
3044818974808145408
13433169349903286272
581221128207280640
1697612869846694400
18293060637933312000
68814676210153960
17088207452076908544
11710222467684554752
8456667734347285504
12064914397704738816
6919390617667149824
2222863498884646400
11867703526656548864
8943981071106808832
17564327543043072000
6846401213690551296
2350287628260091904
10120465850288476160
18181034883309539328
9616795540613871616
6182249811975358464
1219994488814002432
3981551343317398016
8737735528209248256
1045317663708801920
15257869298628337664
10950522112682860544
13845049272397574144
11576020427433414656
6607430911992350720
10149272228476903424
17224496382028953600
15424318940902610944
12523034742807646208
1380802387099586816
8448340939223939072
5617566322665953280
16746825176684955648
3259101220455099904
8101712110991894528
17151482696521830400
5331301061278584832
10124773998930831360
7028410189608048640
1297869465778692608
7380704665854419968
11179130601737052160
11481063100281354240
5538669086264966144
781622260022962048
13452931467838601216
6289915759698585600
12085208207088193536
18440625517044486144
8622979694795879424
16673124572137988096
16929419430718916608
13371275355664324608
6924397656970018816
362695624603861376
12280375690231568384
7642263461960673280
3976892963849967616
13633584191941490688
12674950320726556672
9439506725275162624
17582870063823153152
14024238586523064320
11651657298777931776
10233759785469208576
8472748256230064128
17969941182163697664
16724881506954115072
15453007810804992000
17944102046402844672
16100185135564472320
11342869622778693632
15839013189824669696
8912369914133545984
2343895447986111488
6542514974803262464
764101889134732544
1182126493076920832
11404531958580377600
9026084924206189568
8190600597141576704
17500842478106120192
4584638607933453312
5022839063041244160
2447965521643621376
13871402748201095168
12590177938330843136
5237998172094184448
16124611773292996608
2972062399636029440
14102486510816237568
18109537886840285184
6775275472581852160
9817368368318621696
15190686305070678016
7683378154099778560
8927792266155017216
2419595476157503488
15816654468485191680
13969745237043322880
15554054932467173376
1784084152950015744
13819390752301154304
9277432677143513088
3688789513161840640
18246448265620094976
1969334746953345024
16930552500992727040
9193898778819995648
18199151781141850112
11695662278557136896
3861497690606049280
10129768468467548160
4770818350142675968
9291845135248754688
10604543865750116352
12581765090614648832
6658349832899761152
5004902085710120960
6621033448393820160
1245335515742884864
7956502738652782592
13140282352593582080
2891981666046947840
14774822493468749824
11285963800632887296
12436866784697468928
14574215521386833920
9899832328194533376
14877200242448613376
8259307675340302336
11982375299954194432
2513980230508930560
8720766081853608960
3766055084201754112
13653136820374034432
17896497150389303296
11318037258279006208
3105821027417325056
6512366243463166976
16769751138069694464
10940824255439179776
9808709898544224256
11594268583987683328
16667719654492094464
157650801789177952
3756672519628652544
14557440263420907520
4227550518028542976
3280976844139144192
10029976120018100224
15566322013431549952
11961833751536328704
12767880580694366208
17521928086471325696
3801697284388482560
6284915468768962560
6868221772137717760
15830048723643072512
15560102162351335424
11561580567272996864
13648768177326794752
8712523425848034304
10409467752929421312
7367921806085788672
2739946490616126976
18317348044857468928
15495279602150963200
7631772247526695936
15451858516266680320
6215825813137944576
14930654697520672768
10975612582472794112
17437551794869067776
7715500658351552512
2987513045200550912
7242787272252718080
14562661234870583296
17770161950512048128
8155299173208305664
13754554194312894464
15061973966512728064
496298806727323968
2836476409909899264
16645086185666531328
9511050812639164416
9852591922551427072
4885567634049385472
5573774375971874816
14266675758413391872
1219259794939365888
8400468024683045888
12893200511398756352
6009150943605488640
17823467172495818752
6431379045657337856
15625178350736998400
12888055838562289664
17702804505469708288
12972453577167654912
11418933438618144768
15249518667050436608
13820414259057645568
10310256289401716736
5967408820583631872
15677642627427010560
3849983630649475072
2870668716539561472
16637983285191981056
3394163136155218944
8481506449166911488
14498195267891494912
17075461487692044288
7630116418320814080
17579382668006612992
9893480185628729344
9861329975471708160
7198050231759979520
16108417157090330624
17452243692463374336
9970017890699563008
12609161516693622784
13238740589761665024
7434701765396413440
3102138018405544448
17327788339710099456
10217786512533243904
9073274630270242816
7013419721604076544
15800701766566139904
6440654719796573184
15885481439060498432
14972788117078949888
11778262685199157248
4012682056111314432
11267130165326567424
3341833048436099072
16378089127785132032
17251738847279568896
17747346055595436032
10723721623448098816
12415081216270813184
8442807599671434240
10857070285901774848
9850056382662703104
14969563273542965248
13889300539706785792
7891672108388542464
15134206735077773312
7961974254004840448
3007060521575215104
467854112671387328
13148157496778524672
8128121495720098816
9023473946227188736
7119982324366212096
2045727370877467392
15858957193727827968
1387037626565903104
6549036690557164544
16925528538564300800
9083575705216454656
10721622805317505024
3687595647249616384
12565636514751219712
11197791522057324544
2270558243899531008
16027346183441950720
13201297360683208704
7329437301135426560
5425183576424792064
17569766783808675840
14437008314456008704
12017313628948674560
2618279709759289856
18225309877873557504
3095533271886159872
2375334198360031744
9926665531570149376
4105586129500668928
882153517435850752
2524341399594912768
7744534920499600384
9410386819792508928
15631497587502745600
4980659688643205120
6896131463743702016
17954803662974902272
10200502994605422592
1342527127466625536
17638354202759766016
9042786137180032000
11299941863424014336
3165603490647480832
14525802472802523136
17343481965841997824
9657816456513503232
15619113888545458176
5140216627798095872
12846485369511251968
7737318413461471232
890943313533143808
14942972608075915264
16745849534823671808
17355490685433649152
3983546553827518464
9196532635842291712
10856948640527726592
17527278583029735424
12340927120578277376
6383444063783432192
8270085650722494464
17691033141231253504
16238453178477512704
12660813248276201472
1392884855952225024
17706218705181822976
4988645827173097472
7018717222404328448
17271283659001569280
48746454671369416
14645265009493057536
5429206256132399104
11108389461657352192
17054791049447489536
8585773047766831104
6926551302384867328
13277095448641622016
15118645545374199808
868911205784807168
13730096938142492672
17194034584113307648
3157553584483522560
9775194249458980864
16928880454484688896
6765522568897595392
6365101435212183552
2753534252654404096
4699844911724124160
6992104710444272640
5783272997301359616
5170265976770743296
11870242468331005952
11241779412298696704
12812675745180452864
9400257952400969728
4113135641529434112
11549810350266961920
9410668756644900864
10257697764130619392
18281252130136573952
12030971869666822144
3667707877181072384
16004602070019672064
18313323355367305216
18315427646155321344
11029183970249228288
11089296402327683072
14882027253572376576
7082348854368755712
9714489272046946304
17591636493913479168
732974044633162880
978143517243856768
10069834643945355264
10443114432475004928
15530029439454179328
1886749447227767040
6504125172442016768
1407609735933842432
5705336347456193536
905762291024218112
2663709899018883072
13871006761606856704
1508474244291793920
16063973728107472896
10834748502038296576
17546639549631029248
8159486653561188352
4867344004069399552
7740425508499160064
13797944587007447040
4134524716948804096
15187491010595008512
8547018039736136704
5382748448197897216
4826632121911350272
1736356213899379712
14003342149288349696
543689784760032576
2652970513303678976
16463528091632941056
15621839604845027328
6453653320353888256
16715502804324001792
17227670137823367168
3022965870700064768
9897130532353323008
5141752061463058432
12700749025969240064
15050967230446514176
8997957857873590272
18199527326828752896
6672117136260528128
1403476369349999872
15584179441635063808
16762652426776043520
4681201682466222080
13218973890378016768
2669711413827474944
14891067515247314944
2546433006557874
12153045147099736064
8510484905049594880
9630936046708152320
4693310215147239424
14463120542903717888
791484097873809920
3164359292584717824
7311221586371932160
3940838784533194240
11465629313784262656
14380847353328623616
8468940716964283392
15702540939050993664
7139658574707193856
15586278504669138944
9684788709731254272
9434265770856243200
12171780900358877184
401801960795353088
8894661284431689728
16013560937768413184
1737949100604203520
12248227025836197888
13768710253087248384
18438710578196205568
18371826072572303360
12738227894469025792
10929868808891582464
12662589902301722624
5608743671610644480
5815701755832016896
527704007857511104
9004497414821424128
13550855441516744704
9548853802760976384
3626627696082887168
13930973658903650304
16360436323033659392
17228145968850917376
5404588272864425984
16046101968300339200
15359006126061871104
286185168477084832
7111835791559900160
2457400440768472576
9620750021336655872
16787711360229111808
13204441502656075776
10824785585823252480
10031192691637936128
2225882474902302720
2696469073518601216
8229825749110918144
13159867462994395136
2341678711467962368
12015351072334260224
2950949896329329152
7329621889228610560
5463368802722358272
10659976402613307392
12785764266145957888
4433642077783837184
15690109658883336192
10067261880231358464
18137358981490851840
5348836704162476032
12563824399631206400
11238235710338639872
1416801873174395904
2480761886593211392
8914051867046824960
4527266111278892032
7194076928624657408
9124127043317207040
10166728516488450048
6387439091239598080
1136516071164137856
17403051854133739520
3855061317698980864
14311153624033490944
15178616879734292480
12375007268450011136
6282796390917050368
8342744583764108288
9511498018717913088
11186490818208018432
16387228598369181696
13248906214896265216
11193284524522463232
16562262957704728576
10115464469761081344
15199729142813134848
8667684136633283584
4420204628520561664
163714559294205632
9471484831019855872
6807905803961337856
1355794322436601856
15176669078628536320
8445171476569879552
12859281601059155968
7374716481100731392
765206612565884160
103857952458512832
7164615362173091840
719683683938537216
7085837947026542592
9818819650848702464
7714974539575554048
265859468147095744
13044212953519425536
17777428690522896384
2256581249081848832
11411595420784439296
7530071405159099392
9478100120151973888
12792231295291881472
9548521539595173888
6810112038483022848
3210758331220457984
14291070126909550592
16634017921144944640
13454732889673226240
4826329463295430656
18373780281856935936
15260825969160806400
11729918469630169088
11205969996983498752
6492240751551764480
16896284133844664320
10925745273573697536
14848197373121263616
17767744184275873792
5993226449487494144
5397586825794787328
231455848354152224
11833451349376667648
7846393933529768960
6975277630699476992
2129669445895381504
17676452121594259456
2813118980394740736
199133838010471264
17210325518051426304
16234305307880591360
7400087339689335
6035046335642378240
1268613325964221184
16621774875287267328
3998179331579538944
16401333767705524224
376841602944639424
257834898585902688
14577327167167440896
5284569152981442560
16003765935797168128
2530194517290328064
3650595195525567488
12974173914943381504
16811249656400353280
10762846441461821440
10841840270902226944
2419613914341320704
12895525652453640192
3652228121679716352
12086682119775690752
16299383429664993280
387647677735757312
14067816935721525248
5597787839999902720
6593990201048788992
9550150528969766912
5408840514526028800
15984368979418554368
2059752689990435328
9375240920775450624
11359408122898159616
7757039541432994816
5736583435940973568
3872793332649172992
4642713172136210432
12373519363471261696
15970232095585126400
15555198307029278720
6639454095583192064
10402450410964867072
3061204779851772928
9003953483811851264
5510038512674465792
6737751616961280000
13247638007759732736
15372681056702744576
5284681108881849344
16173773234823786496
8380038138611144704
2503958608491873792
8196236357600015360
