15045652783843573760
4728416904602655744
15286176226223325184
16961474242418049024
8920956666781548544
9338877409259771904
4215167927063237632
11082680434036983808
2098074008096530432
16613420417663031296
1786233230386781184
1009828653713730560
17379858785764798464
11930218864768450560
6976159861629647872
16174566677852274688
4959760956391749632
8926170178501967872
5580674527967516672
9351733286260436992
220462029484305824
17278436208178671616
4603215992961778176
10673688087530641408
3752741978258087424
6724673790278216704
8991569603451919360
81850366376295216
7951429696530361344
4597763761135382016
7621540478389420032
1887437211574649856
2119789734672073984
3940949207559565824
1653217667806321920
1904695717588614656
15973793699358060544
6310746584476696576
16126542200984064000
10275945572602408960
15382497053958039552
17096608767124267008
18060451742707120128
9445542863768936448
18332376518735597568
15938918027862769664
10944398752349843456
7343536176443618304
6220651286546625536
1951774683900150016
2605584430940383744
11680407860757858304
8511812894769709056
16761413098238918656
15827506607113785344
5248402406504216576
13275518115749900288
12857286240737091584
16378644186661888000
277327790619893504
5384425677876254720
1270187902005568768
15984021294669654016
8704613928514198528
17901065099313584128
1248412677648146432
11325236703054166016
18174583613212925952
7148601957203971072
574931534411954304
3948109029999925248
10941244202812577792
9787445176976271360
3008836341736547328
6617641527550353408
6139040962899910656
10756443701958260736
6022404983136663552
12130400787454560256
1928816784924667648
1910016998001708544
15320034407235190784
16903831820126222336
18055558137242013696
6600600655798674432
1137892307254282752
16420843741799473152
11819873215837507584
10458173881258893312
15132873932110370816
12162748885929527296
8586152345593187328
16200925022934906880
12030812794096173056
16845562165684574208
15061112442381500416
11654314969099945984
7068344023576621056
12926688961163892736
16864234313002266624
13799382664940599296
14734256549288325120
15011600309871120384
15500204160682248192
3885198357587164672
16792487036429568000
2868916115312907264
17706651082745419776
1723653151799184384
354291310308696000
16582470273883822080
16877725150191540224
282976989946923904
16378368709882880000
4147169618893452800
10069788175900125184
13987672637544556544
16282605043486494720
9659041002677790720
13938805904944297984
2661978295450611712
6969280583663805440
6208223167342128128
4987787150070307840
1149709131712612224
6308738605203544064
1115225040302332544
15052583360996007936
15628571421651671040
11026337694136414208
5377204230584079360
8038989931665482752
677678998973112704
6585832411694897152
13829672080670668800
5810339837179826176
12454463786814035968
8146921420195877888
16031653716379133952
15868415633941981184
22774072543755376
8624677493547916288
13771839839699806208
6223006774862568448
13082820230213472256
16334406566569558016
18048364885881577472
13749814871691646976
13538561052567760896
15450128388160104448
7413677465321107456
7782609569676825600
6309733697967000576
10000623675063465984
6052442905854610432
1327220915984628736
16004878443685572608
5378986370252208128
11347885625984368640
15211242014684684288
6421406405960935424
11732797967938037760
2836829293991682560
11064610249657298944
14173641515785172992
14321784617900054528
1674362930485334784
15805081320934498304
10081958207817041920
4731862733341477888
14825287452711874560
3921748424630320640
11115353125924536320
12134089610357559296
11572646244507877376
14848718620240087040
12901781537272279040
5344621177118484480
17345713996311281664
1739515162720935936
9597782639056314368
16169086882823172096
531097627788764864
6035591847552576512
9776862203670355968
6516523726252445696
5824917594971492352
2374670826924221952
15475981700333185024
13084666688950390784
15917180286467383296
13916434770221889536
17517700552029646848
4664265333321460736
15454385568593508352
9124927591682738176
12631595152217905152
12895501629098940416
7271197107724617728
425993962216983424
11461948876862363648
15555507080946298880
1702866335355173376
6382246449217218560
15438598000434081792
2569788072674308608
436976732288217984
6727491711646405632
2549167443557895168
14592349159372566528
15669461164941375488
10266922542246711296
6104240914634561536
3657159305912052736
11245990676301135872
12874171524594096128
12927707842196623360
767057644433991552
16849576858193432576
17137460603588657152
3973024115094521856
4236458986042953216
7835775444523662336
2031969608851620352
3960297160215913984
5835791695861220352
2746164659588312576
17577628293047810048
351312179252351040
6924865442346344448
9107056512849631232
15331240207974549504
3737726120788102144
2041075359386275840
12680569263822348288
14950355729661716480
1399269577096463616
17648654350232840192
4560755094067318272
10662459601205579776
512903032303023488
17614334989442445312
11851982331603310592
17338459192462338048
7859414260750472192
4506526365028580352
5852856001283898368
16203954988863404032
12301310685099022336
5883610720162673664
6459072941959478272
1704830815883910656
1553708253188583424
2689596598525197312
290776505895792256
16356482186724237312
14241230327971696640
947447007922744960
854108372954279168
8194815786160433152
6219765680112871424
4089145089517523456
15724839899279396864
1388600621639721472
1643760111794726144
5007366519124513792
8044658917814045696
1430636566656708864
13483383768698441728
10375362756941023232
2808254815728235520
13473398851733932032
6024906938541282304
17484742990872924160
4863164054403987456
15894007438964193280
2927509753651444736
17541274926619301888
2199391393165271296
16770508973387024384
275194136162643424
14373824307798839296
11064548080951214080
11283166739401035776
3811466199869743104
16971329652305788928
6749480790477174784
9897592421176956928
5560944320719995904
8808971519360648192
8452810158209567744
18190823164837906432
11031306109374912512
15136095916150532096
3595207206181935616
12932118345276661760
12041810219724419072
8979634950231954432
5160810973262494720
11706598975085242368
3145472035881032192
15328049870631682048
15513055957501790208
13890668473282584576
7297802996771509248
2264314913340089344
13667935751617468416
10289710608256241664
13129477091945596928
7756138728194267136
9891981364256251904
17332681172468725760
758534023691079424
15203591461258633216
8827310236656930816
9561629552075689984
4958382303602338816
4809582289982790656
4537298874032764928
16573908242297567232
17641932283996286976
13901224218656747520
12006101915708237824
2915751254001288192
13935664999278086144
17422163706621071360
3277679591739545600
3322359457826571264
10377010194420054016
5432500529584233472
16694498667090653184
13907599563943090176
14811502138178746368
24711030802368096
7457408648506612736
4775706187093089280
14258996398745403392
14319670947369367552
2010906252172435456
14686127890710874112
2483148017117423616
16462517542915330048
5748799559349830656
6287785845481977856
13936545944861134848
13598245736872099840
13530439894258180096
3123386839672353280
17536414556479399936
1593346182124647680
9487958806095550464
9104707623464824832
7053956250648406016
15681066441615038464
4417482142770484736
1105212497582960000
14195645875496992768
1501964231888113920
16713316547589922816
7013096959556915200
7321670369795402752
8344913930328367104
14816499232317992960
3818339024381798400
16341920426132041728
760308142542682624
10290030802398832640
2562517786676469760
17526858623277649920
1663010195567375872
1476841520759262720
16319792391936417792
1556984083606335488
4207415987692676096
6331424644874061824
18259813307211014144
11795653736531849216
7621052540238268416
18002082897224558592
9681136344350875648
13623038534402439168
18136156964310824960
16343780090572406784
11424069475675109376
7727854972987835392
14073024320987209728
3516275214494063104
18188287310679185408
11749515961278887936
12144031776429711360
3130825496907285504
11031561871292866560
14923760202518603776
11061955352627499008
17500159640045905920
9748722292825589760
1633302446680312576
1124501914125864448
4106620490364827648
6992179006906992640
12392994001789267968
7120837809372935168
13927760257494804480
817111105654592512
6137323042182880256
15093970733157443584
17366141123257782272
10327252167311943680
16113967069674500096
10607627758462984192
7528219592487336960
13584747971012106240
16133099531449313280
11473984468582195200
4513639112168851968
12360841253874761728
4826834221847989248
11427295487292203008
17489787540417648640
5719746889245359104
16695396021354080256
13656455801762799616
6137204587940166656
12710296109924806656
15001130918277257216
16509683556507588608
12111350057593499648
4659168644618906624
5912264820376150016
5364852257500040192
17445222100941541376
12981805548357093376
5132950391617874944
2585429696404584448
4286749263898810880
3458899638319154688
3549991237030710784
7780145386827578368
16893370263416104960
3361016410796965376
11107424633482823680
7856618253472477184
11289255471768197120
15871098136996190208
15483174211824265216
9356477607319189504
2085775518304624896
11838395834622044160
9351139200470634496
2535385951426867200
16590828481215711232
9395849499089483776
13763606364079206400
4372961811947189248
3247469193847085568
17587658640959967232
17774696249070618624
588452312765262336
7803875573928140800
12605588708514830336
12691667751538759680
13774586154670987264
16823862410484092928
5819654625026377728
6693516727804059648
10144867577089507328
7010658115983300608
14572313777297580032
12023304190524289024
9450053081040361472
13401137577736697856
15743570490582315008
3603929094105196032
6330859735746177024
8864534720358700032
12849335997779087360
15756254749137887232
3359485607687279104
14671521208412635136
3490990168427730944
11503725994656911360
8685733313619144704
17527731159439077376
10389622742705561600
2527553718815377408
17562544605233516544
16592622201651607552
14025582091356483584
11245876055174354944
1523509616733186816
2735075080113487360
4215896215322941440
2443307648505545728
3426755413553954304
17948032447919278080
12453828433850601472
15128433871612596224
8836932541241376768
3132093234037615616
16592368553178122240
11936316383201806336
5156230019451249664
7786398879159015424
10731363971488985088
10479160281095518208
7407451432778697728
8042847105903384576
1293513505699072512
7113189600974458880
14910809428522192896
11567014170614663168
13092572872735158272
11980088610271719424
9491663513825990656
206296175669374944
8251686722268548096
7111325234281709568
17748432417729673216
13654905334824775680
17618950846096961536
9672938612511416320
10078543299712419840
17061187932364963840
2931133193230382080
9455459300945104896
988067295827283712
2856965786343239680
11961439682714093568
17898686069299228672
14754068539391934464
14522411483878201344
11916347702538756096
13231896287076454400
18072376832023851008
15877555800322058240
14135124670713497600
2212064045736949760
3979475764629754880
12732648730346158080
3193696915173639168
6065482408482220032
18041439568407007232
36911588719583264
16937037338012006400
5248940705153743872
14841282093102264320
5469243976375200768
15515715106309199872
16241399950341613568
2539842047387073536
16555950072290942976
6093775234673608704
17347774401145858048
17645908584377110528
3926836914949111296
15025443135779672064
15980641658760462336
846815180044968192
1308487263257205248
2697027696000851456
4394846325386231296
14961782589815410688
15971801575871639552
1261179018713428480
5746529162969390080
11469660995176669184
5444506688392430592
15810020908409516032
3138394862006710784
12219336735375777792
9512912380857436160
13011208896487116800
13855111460692199424
3808454346814505984
5166828674191723520
6361895933711834112
2291617749764942848
2734508608317012992
16020086679155113984
6745328231749576704
1403688375188589568
5987588030170832896
7669220128644724736
14539030243183998976
13045301351999768576
18259715499531853824
18358453392823033856
428498811794314880
13924790614406705152
8454627291332230144
3680426348585066496
9201646160577132544
10777934824256741376
13693761876712763392
1851372869498725120
15369449097606139904
1635408717150960384
3805792722212043776
4559794162190682112
11726998406057363456
10049890565661851648
15459374789656438784
1010299008317147392
3987288981849266688
14077181847854393344
3293084320988298752
2561134443520643584
11775725133562830848
15443974656133011456
15046383395434936320
15032278479932071936
8133323648074771456
14314993711460175872
3396715511812898816
16899062604279992320
3677452944662393344
14353921262751707136
15519605542093301760
18031370690995589120
6689072428301321216
12496175146612713472
1539489053017342208
6395556645135242240
7937840021232227328
4580721167084766720
14694968109499705344
15558670333506998272
11092080627117019136
3660564782438410240
11875219750044575744
504743547385160000
4860993431594740736
6937252267839253504
16118172147599343616
12982755738480101376
14056169047530803200
3248564747451415040
10339012031231361024
8314583117160100864
2113370088003666176
7807937059135704064
13441791308494319616
10212010440850604032
4691978204618452992
3724624483424085504
8491946612745524224
11031815150848145408
1312465608523616000
4041344159012883968
6379177777772706816
6568996793997805568
318161973100560704
7718535409441952768
12134953328063924224
17118322192592369664
6888433184068110336
13384948517689448448
14673586025846134784
7916995210309622784
9352794266309101568
10075222970096416768
9653442212732180480
10526006902176159744
16851696360846522368
9359059621658710016
7798085236321455104
9820484890467467264
55097171244850176
13142689235235741696
11570127355640051712
5836767922657007616
247939480966576192
13593224930253811712
6339284385337055232
10387492486880196608
9944700456519489536
14058591516004894720
104083280123643968
4512347911344543744
3704606105081801728
9941345456925245440
11342291805775001600
8013079735085838336
16945247792763422720
13444954549444927488
4936336083074520064
15962885999600250880
9612359549524668416
16575893901565259776
17349845017686114304
6302307969113079808
13583913711715960832
6945632698485074944
16979518460361996288
11714725834732810240
11440985186896275456
12219044082937600000
1788710075928248064
12627560896910653440
17739564475708444672
12552377744135915520
17481486183705581568
10644309221242593280
14328427259095240704
974783891282138368
5670445566218436608
11096521077564432384
15200863075888900096
3061150840173301248
15846203719502882816
12234573421240285184
13696633142929242112
11019056409939427328
14627211269521948672
320417121991758208
17642945300984502272
1769522966043133696
17138634616249212928
6019084851098870784
10206230475901112320
2779423177848688640
9596822852045236224
2914230713494929408
6712464386804881408
6651846828602373120
16470377535481464832
12407289824754642944
4612589129551900672
3469011817611805184
5427383583589328896
441076422046967808
17671000539037554688
6301951137155067904
4710186410963321856
8767128379844648960
1141959358936365696
18284458588457619456
4510356602149489152
15324251185454632960
4910928421248533504
2912761276485749760
14186041193071880192
14164472626158391296
12957135204571557888
10748459349397749760
3247136778764157440
13762922122690091008
11728368594217824256
2619503642911348736
5386964969736294400
3547679683848717312
18259099894209871872
17996727441747978240
7224153991981556736
15593587906777270272
16782578178371174400
5306988367033811968
16984695059789897728
16202797635812212736
8305571781857976320
13104602077618728960
12105535330446139392
1837871719097725696
13409096707786530816
16735521634643857408
14929804748876527616
15005303169748221952
105396172213782512
18055083030362728448
6722892392781198336
15647095525614880768
9976203791911591936
2420087235844437504
17813141816014137344
8669739186478735360
8082204524182467584
4851141037159687168
2381258699290406912
7246631957481838592
12857973077582196736
15033683677592219648
17372194317340305408
3599182828675907072
14807474998198757376
415266869084536640
5873299059382478848
16350639979422554112
10055792703302258688
5334682993158231040
6256295736059206656
3793621096450564096
4905325604797800448
7278738414376921088
1128464789947750784
2981797147452700672
12674389973971585024
15282485340642764800
1206865363537670400
13046692590235803648
3480642350851249152
6204472149323613184
7765310406512163840
6936528002504882176
9631073813594204160
4307393430725229568
13137590708924485632
7073713559736360960
9557004298954295296
11439396879220207616
9673017914595616768
841523583781098752
18054887043653611520
3061848432682551296
13844391972345016320
14648694688955146240
1771653994065227008
16392422503423877120
5430385595515466752
13683724533272066048
15055441599036352512
10728015967651678208
4948642794394789888
6802954887743893504
9622588115872589824
11245329350001246208
990061825711971584
1787680784748026880
17261449371453820928
12819890428980738048
13925759014274856960
11314708641382567936
9301781491047313408
414066388013656832
17872561144869806080
9891443908046499840
119075247994890800
16920918075178403840
16108221549075224576
5338140689626343424
7397048327481418752
14109137999494311936
2279007427214660864
5438783079061830656
16560177303359236096
321955474755328896
10408498468911486976
15539959912861495296
7529353302069625856
14642557897735544832
15223962536459067392
13197218469193959424
929597952321923712
17060065495609128960
439413116428777152
6943746679669840896
10876978101551714304
1361125838396552704
15557375839846606848
9800413624246499328
11425586236035354624
10688740777990412288
5655796693497213952
12385042689019666432
10499348815182757888
1637744431035512576
18051151329293219840
7324590591474946048
16937129136302788608
11783206335500154880
7316288980334276608
2237626976783498496
16714570810278725632
10798450579737604096
9610486760881831936
18384598777983815680
9152825631243724800
2939000334394286080
12371216730811166720
15865281882822688768
6393035083754733568
3237517397309344768
10602041659653124096
14803847486548717568
11203965757608067072
2550761853868130304
12242456494877997056
13223684989471340544
3061543619284744192
18080413626894102528
16159570341513596928
13904410975365007360
14302988014598557696
3100451267608990720
15868202943911813120
3649042778173742080
13379080000386760704
6770256041606668288
8306159321971387392
6491261425644314624
585105114694633728
7891731144782168064
8156782562657050624
7244742205859895296
6584302812779580416
14650636236921438208
459701208354184896
9281122102232778752
13723810616394514432
8551708006853124096
5301781203216747520
17565700321226713088
4074019217621570560
14421663004626413568
968622018266156928
9937535528207589376
3862552545057360384
3267668611745614336
8886723118147846144
8758983065123848192
2916999465094721024
17266385724811939840
17440848151818358784
17145360433327607808
5324441407169357824
17074261650766227456
5473631917431019520
2387951477875236864
8006838281413144576
4557743640601230336
2517235989899247104
11333907325802766336
16916960367338620928
8811097263534073856
206491655881050144
8973773346313903104
706571117871203072
6491503045020924928
14317133828918591488
856979930238699776
7221399471663933440
13468383826287398912
3858943523681968640
6779436032538183680
18346127921375260672
17847690291632996352
13855160086538928128
13269505920200062976
2964966905273019392
16011318103792611328
4448030649982880768
15851246786229291008
2230946004263155712
5234399545214355456
2886152133661414912
2136139767689520128
78166628370866672
419242399471094400
6505093517756313600
748776511084136576
16293272680006055936
10685885885226084352
14433997420164124672
532364304762764864
663270520944577280
6566836323853165568
12113330000582690816
12378755923934404608
15732659516099934208
14726842832767539200
14203641399834474496
11453750073673060352
12799139092223518720
49891519043836504
7722108311306782720
2718795944829235200
743788383041286912
6164606403391186944
13493453774464325632
5253572409537052672
13300070427502645248
4498539238224521216
7017438889971849216
1339721887595452160
1833143841234378752
9538118145075978240
4062953389297976832
13957453665904148480
8352855925832523776
787688599991497600
5442562349118155776
15106930031321622528
12359966953227177984
10474825328012517376
2918209247020943872
257590736636291808
12889531395238238208
9850885335309441024
8346522974918497280
12006283037411774464
58079439996688232
