5538927806766587904
8394947258380679168
296450674475512640
18310141627827226624
15885012727764109312
14122292309399275520
2020816602401188096
8807581846785481728
7404648229649743872
9490796625401354240
7545826366582509568
16924970663556657152
11240239681196916736
6352951913408963584
6915458386082328576
4074463980447902208
4025152213364983808
17966423289149927424
13732575106520768512
15580398379371501568
2058158840246539776
7288836766446687232
11262930259227496448
2289077349306703104
17000034628198889472
17542540156748140544
14851817686876604416
17906590987077210112
4432361728608670208
5124862675281076224
14547400497328615424
6802338273970244608
13274615934249373696
15573027387512078336
12198383716269211648
269836014465892256
17432406787262795776
11743656411421700096
15357010241429250048
3022922052830820352
14972901177718999040
7255506045513755648
9852169933010948096
1442499652999320064
11319061222698743808
8961004146914485248
13409948411740397568
18368690869590929408
5217439617197318
1584202311647301376
11489620455626475520
15579385544991244288
926831125336724480
5091646039762593792
13077240038354866176
14837966709404207104
14278899263969957888
11567399547119273984
11027011905090717696
9277931325826826240
11398700532683700224
6863035048622995456
13927266930288754688
16283457479629320192
7827862630693856256
4625098472266910720
2812681024014171136
9623610662137126912
6354423400758240256
17679850264570179584
13243748544049741824
10045222442150692864
7293378558920891392
10824428095783120896
9825000118549260288
5374802362236612608
16537770190578790400
1871671114093506560
6901405557038446592
15773849652512290816
9878580414443028480
10491203054051790848
6275646023492304896
17463213479305328640
9672318322719969280
6648618226990529536
9419402009373956096
17474412542677360640
12487443414473644032
15489378899095222272
4081502358350943232
14378252529374898176
8846801876995519488
6837778934654752768
8772888746496537600
7245591896571056128
3382845046519700992
11983735659909271552
6539794695890348032
6735368147080609792
7902182177200550912
4483139709943872000
1499894615760981248
12902138722295484416
14730834924542025728
4877746294480076800
12611124781305948160
5595972352596559872
7601948361791351808
2070721511027832064
1983794584888596480
11861153022438817792
365446092296700608
5754324989224167424
3027679521595469312
15925599504233955328
5833236291333452800
5025671097174210560
4470386566675113984
13128279331337345024
5678045731080663040
14432633876514926592
2525433428337298432
3375943278944618496
6606751110099482624
15155097469112911872
10518820907669213184
3217604100867152384
11466712194791211008
6836664503617381376
15395650046411333632
10845526837656672256
4334519321738102272
15665383447273869312
212715238604009600
4300604446722998272
15716379620356292608
17843620064635564032
511502454302042816
9744683330986668032
1542016837125108224
16646484698449965056
11970245976704618496
14966587583998509056
16047442342897160192
18343426007738161152
9255106307788437504
14611794493197254656
13332278735446355968
14186705585063299072
11318977293077178368
5896597915961101312
8857291399487045632
14332010512980916224
17741801908148795392
7087600506740491264
2904717277281295872
2276743832975392000
12430175758292279296
8335739199134070784
10804283091500290048
168241096218145344
452044431794674560
3122090352933313024
13031186608674646016
11688970861827190784
6512062372638797824
6441551054986278912
8541003174107337728
12344116183071047680
11103048906948925440
10540133288679675904
4879252913198011392
14690792422387832832
4362711709985183232
11261480105094330368
13295142019688343552
13410721977102018560
18328386529250265088
4074921107796337664
3619442054149514752
8543631493932665856
94212782451970816
11594515329709373440
6919717770770561024
4040716550807664640
17448101089948475392
11867389306849515520
15886579993790236672
17642781029196007424
2370084933583611392
1432484842174094592
2797592880739416064
9442225257886420992
18071417519641233408
421539895234743168
11730765688716937216
6794305833798843392
531312161379151360
1062575421191835136
10538506575481667584
4905050193352101888
15465449614182942720
18075703636120758272
14727234627654043648
1973101527890421248
16354374047793983488
711001574756932736
1036440854067394432
10103044907927672832
7105019008428583936
9676211896410116096
13678142927282368512
12550859581160493056
13123813238513922048
5911836516642427904
12724249925418416128
17920437034299410432
15279798090768644096
3111468626188049920
14512954679385069568
3076793274062246400
16344509386179184640
4469222627814849024
13570409393960116224
2141373893350005248
3769288970760086528
16441790520867260416
5290717826197030912
15204252160426950656
922497127706667264
13996363947148607488
2165392214878499584
15061945796748406784
15477355571005874176
6904219424557638656
13263490290969618432
17589571422727043072
11628744199467706368
14108293624721471488
11343526370395875328
158365815137186560
15653238323585665024
5795613345915579392
14127824797174620160
17455531827670910976
12809996672194541568
11707553795399710720
3950772344772857344
928283881915052288
12278501137035507712
3736633303247902208
4100891447684376064
940601557294909056
9269601669640701952
13321464529211596800
10795460050613792768
6219383983864770560
11649918312151160832
16013531368491966464
9639778956924725248
10332073559704424448
16774717077451945984
1421404076381958912
18388982959884120064
8259940034424690688
600903111030587008
5369543760367699968
6314667590700981248
6404908273772387328
2624866325730732032
6758123810573404160
8114792340519976960
8638325717874874368
3247527660515984384
6846319987826742272
2540656127395588096
13969195496132552704
7986684058763765760
13479623982572050432
5061274926617452544
15870586841099018240
18105138108829573120
8925985225865961472
15106617631439740928
18245327281312782336
8582093001827531776
9766193821005092864
8681229738368254976
7823886594573593600
12955337777206800384
2728492754292052992
3708612148052519424
8669592515365787648
15054703263607629824
1447584204791661056
7082947422274629632
9857319608579502080
16025000682992146432
14742980251244707840
14189786306849251328
16356544331597893632
16138884930959194112
17964937394988304384
3265266294203834368
9633398776153018368
13076333755391424512
6855352104935505920
17608273626884907008
2003683441879842304
10212717067031216128
16095068608959700992
6067204917025116160
13379194895305517056
10038162079023079424
15287067131045359616
16012503234863347712
16502922745369677824
14528271012272371712
14430055367981017088
5382620136065288192
2345478071685894656
16082569800453986304
1053124302092442624
2399285011151803392
2307214943939720192
699876351462420864
2374692029362884096
15920167751672340480
16859229086266335232
5958760599243532288
17796867481363771392
11439497788959059968
13633824123057471488
5000624238945070080
11896086960949442560
9886019746559717376
12906574405212162048
15532575154327093248
2672702494430084096
6953546930592574464
13256796870742036480
5692079589517943808
4267972115343649792
13664666208573652992
9562636347641169920
5307717854532080640
10804134309566982144
4911295985604082688
9048894664037548032
3634985318359035904
5498559882536373248
697098544403940480
12835412303529029632
14406410053663533056
14396470224022388736
7202112711665821696
14255165136809936896
16872827106075318272
3500782772652097024
5048915050093404160
5418528564820359168
14501943304967407616
4909854778332866560
2441458790986547712
904685151737661056
15036655798600302592
8138679488759906304
370732880485855296
17633796692254072832
9734746721791258624
3712014300045572096
8364564924997853184
6937202156454978560
13527641283688169472
12695353780226213888
8634548971153481728
12671917077476139008
8246746827013464064
11788900113577281536
14437687646371158016
9244249843436959744
8301267346926082048
6499677587240869888
16197100678540050432
13629252836505526272
2790735464931710976
994620293881969792
11573701624008222720
1827307880186559744
5755485981777000448
9092568170211944448
9091195328234198016
7329426237232855040
2048904400193922816
16287010188717481984
5183317690178848768
15000945563688040448
9737276357994588160
771661046748933376
6373235882371448832
9143110401189603328
10563394500580526080
960892113186235392
15907040287238715392
9592669950497089536
13957111758657212416
2581748837856482304
7522875246181325824
13118366051343515648
8134391580677081088
18278784813016164352
17542205957032857600
18418190077653583872
13281357287422461952
5875000472278007808
18442984235273728000
8755036886181345280
4354521152423110656
15068791201656535040
4938987745255181312
16191046961968242688
17135556913617250304
17007053892728592384
5653606251396061184
8118572789205956608
13992114337306316800
13684629357683800064
2865093720522982912
14825392741084999680
11708985666508873728
5663471170550814720
4997730407176020992
3857708013358486528
14264378772321859584
13268611658988367872
5203244741244531712
18105072112373694464
7160045712213367808
8522300417634854912
9501345443197661184
17567541652902967296
10732060938521966592
8878415909023083520
16368367783455920128
7915051176354123776
7171095475692410880
5117466790594068480
14231263099429517312
9040349761295533056
3512504120089202688
11516709190235967488
6408148787905148928
11863212173397237760
9128305638110548992
1118826176180952448
17666866622800320512
14103828715816327168
4066565552035812864
589814823181927040
14049697472054089728
17813497492475842560
16500397223720998912
9845102541946562560
2147780249452192768
4359452185471003648
14229310072541556736
13502559834969094144
4996828530979844096
12523489794813114368
16859268624735057920
15278980681532270592
1328976774164154112
4554180392785455616
11249045085951997952
3228462871968496640
12726183531639394304
9224302242604877824
4401244511183105024
15775703957052098560
14335543743163852800
9960000092382502912
2201319212438767360
16272868427177037824
17221098428241575936
1189998692206094848
10317915077729898496
475685772112469120
522305596379674496
15946474921723176960
5539085601510276096
16229695752729061376
16091356356494157824
6589632312495162368
11471636905250738176
17175609585599420416
9031183349422515200
6546974613878088704
14283716519883171840
10212189955942766592
3031639607597537792
5107656761260268544
14353689882915481600
168411649322268352
2925269217749698048
10017227470501126144
9045255970421786624
13555138092496201728
18304267793535232000
10162841641417285632
5667760329258260480
1319565124497835776
11415837234371196928
2960101934691755520
4853578455371481088
2790743819288560640
219979233011463968
16398515608083648512
7740563687946935296
15075567935945267200
18009867183091963904
1815919784569784832
670753422729156864
7297091762116832256
1339887542312754944
15679061787696195584
5379641870728299520
15344598045944803328
2102222238681916160
414771733496810688
12144281989718960128
14988331405875359744
5211902316797065216
14810524967945398272
16900130929376817152
15404501363746689024
4530376581938520064
16286223999474726912
13488622651908145152
3525264010575554560
12702293306180247552
4244652415179275776
6308004405797231616
1567473970437272832
815202107050005504
6825972434319122432
14503601385882411008
9374916858725820416
8275483059221354496
10518107083483518976
2882874675790138880
10126602644869685248
14962586857892763648
13318493709824354304
9339824396040312832
12269474419562235904
17054818624509798400
6497840718185957376
14002680689050816512
13663420102896068608
2032771464562324480
8066468568973424640
13149658732890910720
5250512698073259008
2259043435608848640
13205441750223384576
1066374848629889152
2617337399894319616
6654005481095394304
14040802517973551104
3563186284824067584
8914408896681180160
14672013455481931776
14380632682542497792
1845728531280188160
1582530924161924864
9781532187543957504
18240565436696883200
2507607214723459072
880590235593548800
14845197173916977152
17829999921698764800
1690471716821830400
3470354957448620032
11780773881122379776
2140185118036304896
8978279147138927616
8863351412086567936
15925207771794870272
12901388252981837824
4207479824851553792
2037080565722052608
5053020420014317568
6000305069285837824
1716272172516905472
3036043318308784128
10201442361571618816
18423899236998674432
7388660717724449792
8494609024535941120
2678577832254297088
11356811488912719872
10233698284323848192
1565867282747858176
11158812914851192832
8670579073377015808
17851720700814698496
15957383340414029824
13114060611142795264
4584482524741425152
16819210745525233664
18176250098086436864
7069867076791737344
13307679844789379072
10147249322545664000
7639173564684143616
6935738735558806528
10107210277567895552
4251409695918558720
15689162697342550016
3954527765657496576
17467666243888510976
3242394983486745600
12063584722727532544
14190561531564492800
2589189140073473024
1234154206433831168
15787688532104964096
16919790040480206848
10059460957393973248
9475272044041697280
3605624139219577856
10125978493846796288
10505193030323703808
12834592677643370496
6439277274758376448
3049176714943313408
3995742272118821376
4894293349860247552
3946664615206055424
8648526876381878272
12953254901385601024
7189761748239461376
14293600520231264256
1231471658290937856
16843076496759042048
7391801289893209088
8864127174401940480
3901632974677457408
6067040831446142976
14786133507746965504
6748571434763200512
297063288476233216
16495509745430632448
6821278378665061376
180395175585462176
15360529022073235456
16098835559087069184
13659011177310593024
15903269213827766272
12130043924950564864
13729214837865684992
1587796219908255232
3675022395361118720
12246347829966469120
10470560398104958976
10789015026083385344
10082548413573576704
1617304374787151872
2019525555103235584
18440625247585984512
12668690597547079680
15606798459892322304
15068827421303492608
3622199675150222336
2126791591889859072
3703542346924945920
3756495131414146048
3067737503334343168
14370328791890341888
414067398595315648
11808652884892108800
17128880646109468672
15397014128214790144
4240991011426542592
10455502785938290688
7911806831871555584
15127901617404569600
16287142083798405120
2187530825732461568
13572367363715538944
16852739040243046400
5528001400515885056
4152731949643683328
10354889107634292736
18202243655577954304
6610437572009124864
3529325927175444480
6093814200414631936
14002101321161822208
13950200559764127744
15557660097782953984
15149335308415954944
8497539298315241472
7570258876782743552
6301158800679516160
5533485245177419776
17437879003038644224
5589100043022205952
9676871843471521792
6665730576167602176
3561118668344265216
5957425348497448960
12460010569481433088
12957674507598741504
16857622518072707072
15598865383218069504
16496201613074782208
4047890907053021184
7454857514128028672
9695892216603412480
15907908308450699264
434123886560893504
16473497811688894464
11700307919336153088
15487508897530927104
12710287571586983936
12258197070314811392
99346844561835344
18150147069258735616
17956154779650947072
1708756970294926080
4670625595739867136
16716245540060518400
3010153368181677568
7052443616349363200
14948806555863855104
9718200524859969536
13771673840086147072
6690801928504239104
1187645670364105984
3021914822282889216
9363125980681449472
6790232036062009344
7966930629815599104
7836846028227671040
14009922700921540608
15232545588289681408
572885047798257536
17945283174109945856
10880396363948638208
8322809573361536000
18368101545285974016
1471745811437793792
15960972224283457536
11595865094593824768
12136129933544046592
14488263004399738880
1345176635806665984
14171553548656078848
6211613439588690944
15541224473289875456
12696202799539144704
9922496245919827968
16162896780409645056
5381425155993850880
12823513062610208768
9905956936560801792
4682393175814035456
11834965231397525504
18360930878865293312
5346622231249574912
388522479158750656
16744998831956592640
1470050510025447424
11459703868235794432
14050082743752937472
3991008607288785408
1967809630691474176
4106435101797920768
2269159666208829952
14083011860505745408
16404175553753802752
6684464638723627008
270581329002873216
10081505304414932992
13194066368019906560
8885446947727543296
1867488218382314496
13010786859886551040
12408489726770124800
6639403358248061952
3971931240904337920
15830814119720396
527483603202557824
6604357302647601152
13274088707057354752
17783432976354131968
14505379483325640704
1833106315044638208
2924054298234993664
16230524091561027584
16232763075329632256
2211103032125326080
13694826963518466048
6818055569990838272
206018168331372224
8220912366740286464
6880828300631609344
14750109517425782784
14427932562987493376
18391245273819021312
4752464229909180416
1893681323186662144
18078102178224797696
244885452458887712
8994829908211230720
12399711808329857024
849156074520040448
3188371522480485376
17766762288600064000
17536300492341860352
2896109941984580096
10095601251689740288
11106287554027026432
3979400934445410816
8157260469582693376
400037808498091968
7390728447976427520
5313632352098253824
12199570454738513920
5562694185083251712
2510476069945604096
6002857002798473216
1595719159432950528
9549197845133834240
2113222190839883264
3489232470009462784
2347185019857127424
15738796304314077184
1635941714123588864
8186052210201575424
1333150982106602496
13046416045998327808
7916718633712168960
3804621196140786176
16729225325489620992
9726999764156540928
11248231981585899520
8164890486353029120
4839894499566766080
2908097125778346496
10162842762044356608
14845115445581416448
3298923823383545856
1566850423952721920
7804661394893709312
16079077601122875392
5931804898978674688
1958660088952397824
1390040625052018688
16656942492708286464
13397600754136330240
5892169188168070144
7413608140524428288
8546893255752473600
9954415618980820992
10179106393112320000
2120603977017100800
6014703475122777088
13709482305137903616
14330395997053308928
8886984024756902912
9393635893283418112
16600526968151898112
8435050506501555200
6424064715061249024
2934720117753124352
310961225685917696
9217360331687945216
11838084143474034688
3433974365441330688
11459664350185074688
331319404063699200
16728960379668097024
9431914848481798144
10693964489527613440
17186855765008390144
4029392595573281792
5923487237890058240
10770060514099032064
3900964859924366848
4127245829694840832
3012692706663820800
16847635271735939072
11249308775286308864
15106786114416799744
4487889221633537024
15870528583143964672
12579481064443232256
5718844757589614592
5896813576316800000
18058642677527468032
17407379401761187840
13723215035385442304
14147974140666101760
9989494918395049984
4944424026816392192
11163455988739219456
6814223816607218688
13219466777602048000
14297409986655291392
12352608379709896704
5735579560818069504
15733032392165234688
16070101039645249536
5781479411030731776
772726098668420224
8165921282077383680
12819403937147789312
6273423793449367552
7461042000636089344
184661241510203488
14558363092964780032
6573726205851735040
1593680682271494656
15698809474403584000
7292343271533090816
770546752030873216
16205372557568399360
17210788726895144960
15067667563231840256
5036996447629716480
14770280197382590464
5984188710292435968
10066268051647297536
15146014852002783232
18121653312961177600
15383894454038507520
6631312740125384704
15921913017351202816
15552773793136463872
468909724575402752
15972870357700063232
12088449009825159168
16666402627050807296
2639276316492383744
18268369426592462848
842565862123916928
13143963716097460224
11380823747768770560
2384854942029914624
2733063154784738816
160653540405953056
16961953860553293824
3564281017213386240
5083487596205012992
8663737519206276096
1520223453427780352
7042658053356114944
7148699974718393344
15281784883246446592
13520663054695094272
5916243166583498752
3653392019438397440
6200738228363878400
14627706634480128000
13777101743963062272
16708244183749863424
14776022017431558144
14348272892288514048
7776361734305796096
10034684846612725760
14882459827160899584
14810814521430296576
11758661359084605440
14837864507317702656
7670922012468994048
4309855882359521792
5939851957242186752
12868122537838100480
5249768497236260864
7657666363194996736
16537591087842742272
954346402049322880
45937889376068256
12017137089515223040
5902516781019968512
5923257726576621568
4705568242085392384
2336941004188685824
11428517740731582464
8587326716200993792
16395877147380113408
4593070343544446464
9225015682531041280
12759032652204064768
13397963931723776000
16335041782324330496
6753188912943176704
