9510752112953112576
4207826629316369920
5008586357946148864
6046718819344096256
13478472972018655232
9655569158652297216
6278843883152887808
8647128012017537024
3087179200907993088
104291295069523024
6265093620828299264
11603957311365134336
3182697969898944512
2112135092497483264
3090571387289351680
2812481628737913344
2002641938488981504
4267222932244372992
4619651123597052928
10168582660720490496
18365456248364810240
13186321489172922368
7632118067438265344
10730694054131277824
17136740470532141056
6311739734598850560
7487518659884364800
10733390795000074240
4239550273268474368
5753122038126206976
14539702128760649728
4580951654583413248
11909560477165619200
3832339207042857984
13588009759778330624
5090254992261926912
4299006459788073984
463617194677192128
17984819957449486336
5536530988697738240
9255255034027577344
7977573868198142976
6541375639008827392
18233590734725363712
3746121902262863360
3688511038261807104
996566765768601088
14614680928461381632
3891697394966610432
5863047572468212736
10150294277359362048
15092021226664886272
6973809349030721536
1042559247837596288
4666757765204117504
12896215119070300160
17860259031095613440
647986060015967360
8673199379318884352
879916411532688512
3537271370820237824
11527751922783506432
6059386466945657856
16386821913484101632
9368286102332731392
4784326212646381568
16143679678550372352
18248599469299435520
12983348318672635904
15781548727414638592
16409629292527609856
16991991829462732800
15001220725047558144
16011226832693645312
12462004775060885504
2815571585539076608
5641611517029584896
11608873202543151104
2490605225363693056
11613948665436354560
8037582380515281920
12826438460944799744
24584839515969432
11145233016990894080
6428140915255701504
8386260554745346048
18157780207082080256
13163989246285053952
9932230252790577152
1242346939636203520
11932254338762549248
14646187783120371712
11937263335034327040
17609194198397431808
12914242092022171648
15209153622292953088
18389425680182212608
13749733175130099712
1280651539401172736
6270919949503902720
2385119329242219008
14818210772952516608
15007562584079237120
6255548209181539328
8555968747340848128
11847917028204853248
16084036193241020416
8047061448670736384
15966608090501480448
7730713665289436160
17995878341049812992
6978408082513370112
3901889861525669888
5945733523174831104
15189029947346966528
16917568391645503488
6616739785883407360
2347144919615058944
16728157340261183488
17316553510080069632
688842748431646464
11627954527488376832
1440237476358694400
1033389312203777664
12393673962108407808
12182103965047132160
12539001965849612288
221629458358588512
15385225825057226752
11080336747856113664
12571974999381407744
13580910179796375552
4069589714827782144
12478177606867367936
4334885345777444352
5517671374472128512
15950930518077544448
17223696769246504960
4622942430801873920
3063728711469902848
7364150707047318528
9621398724962093056
17430128114398201856
1103623152237288320
3682379775064385536
12022378575491631104
2692458409280709632
11405849540604418048
12034330714738987008
4075037910625265664
1742119536839772928
4734692840148819968
2095609272721867776
1302985232172682240
526604077514664000
11797083840316014592
7853463179829911552
12806674678614845440
4738526541987884032
6857917379692847104
9020331213930351616
10180253053889996800
6696363514189984768
11830832586042335232
1294951560622199552
13879018254216335360
15586589018700019712
9582099077317588992
7107342992018875392
10783445815390636032
10062618208056111104
13969820009903036416
4004314279061825024
5219533992976228352
13965980601855877120
11659452224353982464
1951625912854804224
12978677387063023616
12686190421755930624
16719425227357620224
5597301931118102528
16309987757069651968
1230943918079543296
3379138474239698944
10386801739424319488
10941294516272984064
6004005463277113344
6183455159196190720
552224253382348928
1829748048316346624
3632922543880413184
15433928851832256512
2980169456983055360
13506480384737376256
15908742353964521472
12460758692388681728
9625916291125774336
15000035947094059008
4754182058156078080
11416128568451913728
8911639253816813568
7399172382395823104
10898235486468823040
8895773015294888960
4841039053001268224
8414934312289188864
3200982947652015616
16719922855789342720
2793301699514252800
3359510396575079424
16466756782344550400
5871563535236198400
9735269384448552960
6803858218440748032
18000836045282228224
8815919644704090112
5896414763814631424
7365307540464065536
15422391301640294400
9322205445582942208
11895937938395582464
5235962850375064576
15504346471476633600
16697791262749599744
9339678114852974592
2649148540030822912
7871229878686372864
12512927622863194112
12225546847136296960
4582415740506892288
3025687723652805120
5474404903545833472
2720797080862200320
12976273513367719936
6136499297418363904
5377287131905729536
17775805749864716288
7635788529548953600
8987866479168575488
8576976023863577600
13107448475089969152
11842206928560142336
16697991580963534848
4508985254887601152
6817194804987452416
6415382743656226816
9619274399950344192
5700384339863561216
7688389393591362560
2377971152474342912
17041581325323012096
12703431458614702080
1999543672915572480
5754102579712225280
12660197668510349312
12400524470051491840
16695361149143228416
7204299537657067520
10517793098779910144
5946479702107225088
13058892074747734016
4019506173968201728
13538190006726131712
2228041728923665152
15218002184659875840
7352584857301006336
5965133005984372736
17499668216003827712
3424387396642623488
9085173604669853696
7723009299674316800
5185425305483929600
6886836820439043072
5721878348148855808
5686366352748498944
13698405669394362368
10015118600205340672
2445347728412680704
12482487893080338432
3176668783966233600
13307176356992565248
5313471394759592960
4020795789712437760
3020155016535479808
3308270082024666112
17791501355358070784
11505857400430268416
15508209795948097536
16189577387439894528
10064622545218158592
12154824320367919104
18216531752186865664
16491036707804383232
13733859468706000896
2357062077433221120
2109755826822320640
5525062602305250304
14366445403168237568
5676536536023183360
18285688295770984448
13237299386212122624
14304907768767369216
14880476367212169216
16284737536116393984
12401144346119489536
88966609972279584
18089746621649381376
7900246914553830400
12056819536393426944
5055963810892863488
14277209077337692160
16943183937139550208
3983432766499169792
14055156139578126336
9532946064624836608
6985397801583813632
10943620975088601088
7071312343258710016
11276614666434082816
3338341270560091136
18240647033535887360
12175877883812364288
11440472122847766528
9768044064527884288
13384083498963378176
14828838000730664960
18341615261361666048
3372999293328332800
13611941342715740160
1003948486337525504
6963962695246551040
5582025239959087104
4841978895502406656
14996281408316520448
514070957148655872
8971387401107304448
11706957704650256384
9340672706029750272
17206727202306158592
15330148639272646656
9268587042262855680
16163134245587259392
4932433023965155328
17703691167777669120
11760785181390419968
11183452436320913408
3469997981202114048
4231976726846691328
4150673418049219072
12840063092238155776
188166544251192704
7700608757885469696
3356748995743060992
9597131715215116288
16229551717403981824
6236488185695415296
5000289369184110592
8948189542811731968
7287878377228010496
5463378897250744320
16221409125042792448
478697175415314752
4195331236150889472
2518239959068807680
6369443924620735488
7398766925553660928
7101048901536004096
17755259029265940480
15249310720724262912
7751734715464977408
5976958880130430976
5648524682891982848
7922874109777831936
16896704626284089344
17116680010996191232
15517114410112993280
10748438760830244864
5261934039144875008
5172822238590986240
7547218442963100672
18227766709399347200
17691440940916836352
17232171350366830592
15324673599776256000
13131291019104714752
16595367665382002688
4289926753272453632
3887474005413143552
8689720263638281216
945424782710576256
13303197117105295360
14841598832097792000
1987457327956123904
4007433547227218944
13347802496464566272
12159178890906370048
7200041985187513344
9304551304951891968
13736746442174830592
684063109234534016
17722224399223201792
6266087731852096512
3037856053454481920
16761842302890682368
16774944230214115328
8538369233112838144
12619466872891676672
2165733114356468224
640386899561183616
5122402423159384064
16018780841052078080
15967878492018491392
403413117250193024
11673023343972182016
7102850661471600640
520006037877243392
14666575282481711104
16272147572494782464
17921320488456865792
10098948491343747072
13086467758241269760
18333225312667441152
14907837082579777536
6048217476319897600
5571688222513748992
4663203634225883136
2299554131923459328
9761263736893089792
6136335079867727872
7178389070419588096
12482606602437523456
14554343733174480896
6461586163484453888
15939133391774040064
14904024495612997632
14298360034218776576
13038162744402434048
9051018443698137088
11419668898065205248
10095536955432120320
8943960643759334400
8794949108245760000
15634979097864998912
15870300131203856384
2091296119631924224
4184592294928351744
9918366376173912064
8984765224580794368
10966103300845285376
10425694795877505024
11706421233818558464
582669245228191232
12340929974534322176
7127280563102972928
4785368693361458176
17992566164925286400
3000609117148090368
2078247640747061504
16823861650952278016
18390734824647260160
12936009173625470976
10469324388312053760
13647349518973317120
7589342115205937152
3355718588501053440
7005732274540381184
6833610749862648832
11577629608996132864
11119225222119540736
2812473133759473664
17313166461835659264
9858994584022355968
4316691771142440448
6679532377693522944
8739618041549228032
253566886765996896
1212224559809799936
11897902666881763328
6891274270228884480
963411911509114368
9152430972649899008
1370547458205699584
1197995300072588032
13787711235643127808
306400537472373248
6090456347754951680
13080118480574177280
6817547310609192960
1899752940923167488
7752312895169660928
16252573854333374464
6998487258382723072
5139299189181472768
7472521487440904192
11785611611286706176
5667703324543143936
15983816691727177728
12547941593789599744
263022447485552672
11878686357448925184
16001741090608187392
9114151997280968704
10138384015460429824
7469990102081075200
7785389317294259200
16602204764257953792
10734963315757316096
9383307324283592704
16673126399946199040
1764686360009418496
876954275943710080
7280099505684084736
10891991209652596736
5582857655043483648
10526786848582789120
14388415649905244160
11161336484891865088
506348703299760448
6432940633613675520
3263565703633166336
5886834957520459776
2355038553089150464
9022227121430589440
13562630116742682624
8917709413265933312
11752618952554659840
15506795722398949376
9416252887801452544
4810928102680935424
3448510304246410752
4003872298060045312
2023046352529030400
7177613529901075456
16655558307910400000
7505821179939321856
9811983572603021312
5021815695152153600
255475344071660128
2259689238125588736
8344049269533174784
1217487779657030144
531455312085188736
12034121456765556736
12786820379752314880
3133304567950793216
8636213593439821824
269044888183019072
16280045378928136192
8500365060386577408
17935758860807362560
16768371149569179648
13223789226459691008
16337599123809298432
7809616827881809920
3476499340759307776
7065485658581577728
16635502573162563584
7264123477400156160
7943560091679893504
17682654232535599104
2633229881035521024
10654402539659538432
16219363772127864832
10013938099335845888
107752556351944720
3275984910597990912
5619355266162131968
12264883849540472832
172106878871470528
12066808323042545664
6057199963518793728
14217641529253754880
14791943454616424448
15467717838188742656
7632867455771428864
14701341804957622272
7487862128352062464
5683738960088928256
13728199315714349056
6754370226849646592
6223135943071894528
2469712596500428288
1020808464485897472
10655321449548034048
11533260551947022336
7476192638485893120
11030088766923210752
4824815258550855680
7192199077183991808
5050161372627926016
15742242104598763520
4925168635093648384
3896971631011697152
4892548429632996352
8647842309082688512
8131129063773663232
6213695392853015552
10457427790536249344
2554464240949559808
18172281944600836096
3709694234361048064
14200726587473764352
13557006362549669888
9702519374311809024
17811202846857213952
612498445541486592
210101366393811136
9620191589910382592
4565470564772293632
10412223724886280192
12634119338860656640
12437826209336721408
13679313894388484096
8044296176222491648
11545397921043400704
8556121286211965952
10722433476982956032
4201491931554498560
7800129914309212160
16987046811122704384
6763993949607249920
7815638977596549120
15548942376480094208
4505950013669646848
3424838324881438720
8172554571588614144
8084522493824575488
6338003008498725888
8160613603320716288
16089057478844553216
10209823230597052416
1625578178451362816
3414445973130071552
4908828568053157888
6334037205193561088
4042232532151751168
1980526358495292416
12105326341031618560
7309785113773285376
10080910109747724288
15201926315547523072
4117879075822446080
15817993570093371392
1833355724593679616
12999530753758484480
11648374850781648896
9446276085074780160
11411072735006171136
9572080743572758528
7444848923515573248
8582461444917603328
9447567201765922816
7215771983512928256
10107994071625570304
3489663248017681920
16439735742071791616
7997265065136713728
4879062292095635456
2103786603448411648
12994739484083075072
7356181316929082368
4250980561091799552
13916792954170564608
2043359778627526400
16960321663481745408
7801449072292875264
15052563819325483008
7706640919404954624
1187257496465150720
3340990537413106688
2531968608159791616
3751481118854631424
9329314279107364864
11847855393643266048
10049470100863275008
7826732198628909056
11303325408397869056
2705534057244238848
265595577319296192
15749194925869574144
1622206084699984128
15485193264002760704
10718894681662664704
12261375339849560064
2772584816195757568
2591129100189252608
15287758840004179968
16307016271810940928
1388525886585027072
552698968147415552
2971628000380531712
13073659205737365504
17679910262999742464
17735971644649943040
9890284630027681792
3013011202321310720
11701302188487854080
6796202300855397376
8767603351365262336
4203062636811866624
14063516781395677184
10560400842838669312
6730007857739825152
14427707644425967616
3891784687459640320
302891495806592192
8157863470549832704
15524398288953032704
2121401430524359936
7560639849863585792
336030164249055232
5381199056208139264
11914085471750031360
11215722141675528192
10626651956622489600
12411493157896919040
4320977700686544896
936666319161789184
17810392070023440384
1701229321097414656
4967031357580626944
4099094364844397568
6228003142811401216
8453177241011861504
2054615659092544512
3964844483166069248
6559649699713619968
7128569687719309312
2249853217598845696
11804260879700092928
12705616357680091136
11504654738381023232
5133825298128062464
611852300754664704
11989198114125725696
8620902764602800128
1120209241432534528
17171700188459130880
12530454245286643712
2277791022546350592
5071109705828832256
9123056665326492672
9018796968257058816
3910541900215677440
5971004561674308608
11159391620180531200
532053197070856064
12260513855786584064
18439252915825442816
9662630051220707328
8824921822852183040
8619247120796721152
18343026056285255680
15350236800600467456
851405218972947328
3196573245149640192
5469046942844444672
1133394146503569536
3925498078453819904
7559756778969105408
3024417675077700096
1876439318087489536
6489533466030967808
14741206360440776704
1515967998953406720
2464448496493838848
9931797947231043584
3403615291169389056
1437155044434693376
15860807396306339840
7098708976357719040
14091453046784284672
2090687612583891200
11191795291182610432
5149512100220343296
14503438622746648576
1973818807162963968
18315839044565356544
13154642984306407424
9338753893109880832
11902675653894803456
15241769366549854208
12138274050889961472
11997293315037767680
8105469629879959
13159688738645028864
7804536871757411328
3513676714653135360
6433599568182235136
14559638850440179712
4227298495594348544
10264199949749884928
6028603912407965696
2872964306759764992
17473717333833355264
9289003557400426496
15823312986549573632
16037852396877199360
7536504002339735552
9469007438525089792
10152409628385863680
2890422822335703552
13235925501814841344
7955213626434853888
10909331143708846080
8740615681918464000
1615716913802628352
18360998520852428800
13379443151474137088
12782578135186702336
14536362923801247744
17400968915481378816
5206588870460130304
16464391347784251392
4038481347115302400
6424037256601146368
7896549843785890816
18036714694709841920
15655114093638252544
5352346511038569472
6162279825811657728
411986334334338432
6037107784341653504
2011515152163856640
5440100066705041408
4054057702496664064
10443280389241227264
1021232174307428096
4593556940377030144
6143440012854784000
16527039062323144704
6585710039579392000
2732883220525096448
5907316836099176448
2599202969255087616
6338285840549094400
11106796477558269952
14494641629729878016
10552631364613705728
4127344327307901440
14914527017220685824
11399382676217419776
2639634323640584192
12488534625572327424
1575084688381702400
6789555819472715776
4299437601676488192
1485709663904200704
9191270855007671296
5983185284033264640
3488289534425324544
14269166284429096960
14569641473160218624
35908057544937568
14611634524188743680
2691819376900446208
9084226871485227008
12689357761011107840
6092436097502650368
404702616664008448
671293488668843904
8797422670098324480
2173476357989080320
11080523104479334400
9770825840119117824
15358451876729389056
13447855403301167104
1191842517428546816
17340363989886674944
10239325661937803264
7873381405991168000
8443915218318414848
17625106099678187520
9552366782059476992
12251516638900099072
18285163126043719680
3006330219993822208
2903128093978652160
13792966215556888576
11693772796685385728
18231153328307722240
7278524637887178752
12963400760134119424
16723822456175265792
7263774770242502656
9959367551399845888
12171251913605924864
5694947526805071872
4728926159297797120
6773501359970281472
259833583774380544
15536546876571553792
4873953584381682688
2845346532263750656
12040331333664243712
13756929336332644352
2949426682262509056
1326971678403098112
12460788460061884416
8443252643500037120
14181424500505133056
17236288087134607360
7453247735323763712
6497470594599731200
4065492589439140864
11984365485997279232
7465202308495372288
10281084847421831168
1970786274616570368
15757214145216061440
5662032063244408832
7426541479229885440
8728812993461031936
12855617155233267712
11022849063763126272
17307732551511826432
7356244972123776000
15006924556812249088
2521118760306946560
17403456030715578368
16831229310992846848
13774163404086603776
4041445992990489088
17683662126287452160
10043816683384260608
2150950193526486016
14320941310864961536
8115840764167372800
7075949367040108544
2606306179385184256
971562433735772416
15339655477518084096
10792974844362299392
1266429648170685696
6666488872603757568
10804296496769165312
16558903608466761728
17595555969244426240
14202752032865505280
7755818813894028288
1433342541168522240
4496441778273297920
15956886069803958272
3393785570410712576
6760072322742914048
10872927856556900352
16917801166973327360
58792584256527528
13712797321604411392
5221956064246528000
17676868092430891008
14011590520444751872
17761729783524214784
6849255346366716928
14543361772453769216
15047404213045477376
3396123380653167104
1862308379764190208
2131504409418053632
16074169036069580800
1122710731281472256
16386678393535604736
7777102971921676288
4764950704951666688
2065810198606075648
1452455421347568896
14078099380169211904
17490814308585803776
12458895977159235584
14144894375511625728
1031256373726356480
2137710594391907840
7511065647490612224
5332778211429791744
12210345376464490496
14544834894481901568
10222275550309855232
12734873307550826496
11180050446203547648
8846072460643181568
9890220798877503488
3419494085350292480
9524531279536175104
7660667447765502976
1457987008561101056
6143815084838241280
5972277210297044992
6449711030992620544
5371327477349961728
12244134147047727104
13075063276753829888
5112814423627075584
4276366942749963264
15344868528064204800
8297742272190457856
12479597465861619712
2983243040989093376
5668832336566949888
704339523972202880
14053503882089039872
