1445501088406200320
3750328567110940672
8436277003479366656
16818658046766837760
14307130277456138240
17446636949066027008
6290056133214557184
16803593848783613952
3764601527234927104
667022675124237056
2330480871173475328
17042792846359130112
1199148571294223616
4136177888253406720
3373626841486878720
9850331533133133824
4234366358742351872
10723919303292696576
857188191184088064
10292796401707118592
17528011028590415872
15851735927119736832
2478716152398206464
9900488985322870784
15441810684272052224
2513922430096872960
15772155286640365568
12765224484372940800
4505729657322595328
16507179594091558912
1360259201457375232
5203609301338820608
8720329231975254016
14314164673073385472
5664512445889281024
11030261549000556544
12051606192373385216
5226398529122560000
5748713340812278784
3783220525474358784
15625467838524184576
1670682396838159616
16624212163468175360
12213805944432685056
5020359246010466304
6678604288549908480
3412354647802979328
17353746403080132608
16547608882974181376
4867959805286512640
554118926311098432
17371439636515553280
2248884051320551680
5432119407678862336
3981525947903751680
5312352358566651904
2812386333260821504
14397548142945951744
5171592650583229440
11920548359272822784
1231946524894197248
10029870216437682176
9023255353470496768
31158481950026044
9470001262835855360
8862485635249003520
1509753445308079872
11971087891998652416
2546576287450037760
8403297666633610240
6891991736767726592
1087654745532999936
15297372042688606208
16909155474139056128
9166539741315059712
13005350032442976256
13194345073719080960
401834192038549312
5739973878986390528
8095886238033758208
10561351718874058752
18091078818254114816
11043030961495744512
5354141701981869056
15048789714172831744
18074118301302802432
9933974306563037184
17107231101725929472
7753781038427347968
7259067211454867456
15853348734836779008
3528315752546889216
12093969437553172480
17113766732228667392
17799975032905957376
17152355824603627520
17281178844627335168
15730161961067483136
10825360544727173120
645702701701513984
1941260944614121984
7735035381867874304
298288690381093056
17931162241365622784
3374645560675768320
10276592224546707456
9724558978127656960
12952405513763422208
500751942350726976
3304794644423581184
6311166632799425536
95143284541235792
7670672015048331264
1638156346907189248
10493984278582822912
10874140843776847872
4587790034379051008
8253975847226403840
5749032254699153408
2213505506251488512
17349997455850096640
8227139232625799168
14182887823845826560
6862609500115775488
16883020416783110144
3437766567964986880
3334907096572418048
14235842993494382592
823779938596974592
11050578873490835456
16420884501443827712
17434541486269505536
885040292856260992
8841510542859976704
3166216875819069952
1280352558320189440
4239456533354062848
1404360791855039744
8661741167840473088
13638279627513460736
9500709896101296128
12814008034019315712
13510319676886493184
3228840775538480128
13558653033661773824
14471229230851133440
5865913452397193216
16068978212524531712
8822038816217600000
6365125555467800576
18271117075320135680
9623359036459251712
18086566273708638208
5154604589109841920
9453980260912050176
11729450078770223104
16179144043055294464
724315288152929152
2231811244368730368
7730734450969044992
17417910630455812096
11668795152503746560
4059842338431239680
1792539809449557504
13169135431676059648
10392654415251523584
14465143261271250944
229633700730499680
7573891923180696576
1750035541836097024
18373513062972614656
9706432081263810560
18276417132600934400
17646874442189060096
16290484355727118336
5212268775022738432
10990276824630630400
13593447929466458112
7195476172631108608
15969819736213872640
7758269867035359232
14710373802730737664
7166627694306304000
4224312989263331840
7790632222472793088
5887840728804743168
18066297344370452480
16482834228578422784
17942032129287409664
10252739429646295040
6995737750962972672
1936056126620844288
13888806433393483776
12124643620155029504
1070767571790105728
3318251980432029184
3710997728731194368
7188208704187923456
12764436951150450688
12820169119654348800
15437461831700328448
17318871698351683584
13248678921512165376
17109863249004335104
16289053169526593536
15697198161522223104
1208383629106312448
1368735775783897856
15959773171978508288
7708102218353963008
10261495890114134016
14838311523355138048
4221477850159813632
3881959876482505216
14108643868058112000
5909585635127307264
14790973073366458368
13480486363014686720
13225900460299560960
3496942281418853376
13555274530705444864
17586843890918975488
12597570318246778880
8776938809704218624
12133081863020052480
2259889215642877952
5000018369767947264
8457890279516395520
7801518152108195840
12102219901337182208
15185882743241369600
10004624071833939968
12391275519667130368
17261053630044663808
6493679203929162752
2739836339035707904
3942864289441159680
7780563793629938688
11603256506883858432
13145764919374895104
7376928983507887104
10576449057883723776
10450468258627397632
4682708336756180992
212738208552226560
4491602075270177792
12257439832978239488
11177799884117374976
12440680822620459008
4940588299368406016
1372864267907248128
4088734396544518144
3045586484309457408
5239586315239654400
9517037209617098752
531359090594444672
11292696657349038080
17575250700126509056
13462013683270832128
8799652931686315008
1822320157908465152
7679205291783220224
10972406209186082816
10420000019540617216
7488462450820334592
17460291538237825024
6136686119289956352
15601405093093111808
16714055643783841792
250498500438548448
2890209893928987136
6075504376726281216
1820710278926014720
13228846567413348352
171577606281222624
1627240988312384000
5785778231535715328
4154296301191974912
4568310623032154112
14410916559446523904
15458729582439297024
16694788198688460800
17447171870829834240
17233010459823667200
7501992687046541312
9962416775479832576
10118739173174286336
1274231821852754944
8210083218381017088
8678455556457648128
2268010552277322752
17950657724275306496
14703877524396167168
14789888253015083008
8811622840606473216
12021629673821857792
1058841637228955648
3101496266543830528
10155151149911156736
14091888366570379264
16767431442446923776
3557621210290697728
6472333024001668096
5730400564401866752
7622950268772592640
4871848121391093760
9180091919473686528
531131595914839232
7526313164998593536
1804535813725215488
11460824771635326976
14782228040761585664
14597354466688380928
10938656286487416832
5515692169510170624
7406219051526632448
3676852645236534784
11305043530896904192
6040482621537964032
17940228160768964608
13694280039964317696
11187125333682941952
3107093903036225536
2218241810130931712
15301924026003867648
17512610211838013440
3963766757461150720
9600510341699289088
757801335823572992
16290814875999680512
13557754040689899520
15011700642499028992
10840982139826104320
17965982480123621376
13390090995282587648
3154808103908017152
9020597687747117056
16618357796980006912
11180375245668456448
7576536410931082240
14104691946818625536
10689889572526907392
5607400957515949056
630709716978757632
10121267362699548672
14445630992506077184
17999126936702377984
7398404628796146688
4122891182974318080
13895320349399764992
8883575164685591552
15358048291235325952
9225265521112920064
9555628226713040896
15007338452760047616
6894436889536323584
6162724864215242752
17199552589648852992
4070739175275099648
2176961478506945024
14792204800008669184
6812734241739959296
5004675895687109632
4939969806262326272
10978802359491858432
14373918254902024192
18255892681908596736
11094799914144215040
16067808181016424448
11796258708434550784
10248075573242083328
11434647884676153344
6742272569601197056
9261306135886358528
711554370786835200
13230684534347692032
16964689465731522560
17100049689606948864
6217827830873171968
11976365054367967232
1263585462580714240
17763436019498557440
9875951562507010048
9901349301680656384
5670518098573528064
14747033265881712640
7635707507695849472
7870662876320024576
12540527854874841088
12839742413063141376
14968529497921865728
9946862019000414208
9354285254997190656
9573509247769006080
13477285754803947520
16267596537095241728
15030142956474535936
4215139414499781632
11371039379578445824
6057529097824743424
18151031225816664064
2411380505665593344
11270219218270576640
8293238195731168256
7756094467984335872
16663370687225382912
6124538925966796800
296820182921345216
17748729954011693056
11940599318675683328
2219890116055849984
13551989166448762880
7847360289869659136
3956319362243479552
9426838588337567744
4192968498675763200
9140974572145490944
14787793029302089728
1424407490037578240
16311373465660338176
938219274226292864
10853183917300692992
14515137344782653440
7688621175821819904
14076719604828477440
6368845710036175872
7773924267143914496
16608522328426180608
3364064496659057152
13732909718502281216
12135256543167356928
17875160964365062144
19871796893078332
17248304463213090816
7500052255420479488
18404048953703761920
15379628981857544192
6642734617950471168
4406391433258370560
13171923579506534400
4863340934838290432
6226917533811554304
18221917501943582720
8529017402197304320
4194193742894884352
9055496566971468800
10394690260281176064
11849588920529999872
3372809534279506944
15956643101050724352
18109337362696570880
11893355888333623296
3139995380654883840
17631277763818076160
3125974218346915840
3625588999806561280
4353354121802199552
69079219175359296
12796694230423341056
6337428387592055808
2313128507762796544
6080574988970467328
6480760111871009792
17865106197728782336
5421502291202384896
9144328797849589760
13589536245411753984
11354207116057229312
10289759496730105856
4989960397045238784
17816554585116497920
7550732812584919040
190496324381176704
9067451345499798528
15494632770040571904
9780636413826287616
13217408478953347072
18173767800486393856
10272450819051245568
12904237858737217536
12735339541617430528
6547801497671260160
10862950417050277888
3191229179684743680
15097889745629698048
6693814564724342784
13379512571347597312
6220737471027802112
17308402710951987200
10424120897851981824
13495755128135671808
17231830677351247872
15842319294003302400
9600128218781298688
18276268763414210560
10015415920538243072
3505934504323735552
9372351272936697856
6072860525300759552
2456194614270358016
17126168027824058368
7015365992044261376
13259675441322618880
5545292419200876544
10826140580384331776
17230376350609604608
13001588596903661568
571377036342612992
15206177693012795392
3214063307530069504
13923119221178607616
4575084056992753152
6640992489863105536
5814789866906819584
1846262028011947008
28617825252666820
13063274677566887936
10821183290967457792
10544855862260000768
18007483963173781504
16338971628528246784
12296780492231387136
4574529949121076736
13725733610166339584
6030234763934956544
16260753669683318784
5362805817264799744
7868709400809465856
2451859018825394176
13197065211914872832
17534358196804792320
10377252134289922048
15476898175764953088
4706731280478948352
8901389795633269760
4429336511011254784
1916588700849701120
11482848324332283904
12363401768138196992
3571972634256122880
2788795334151721984
2305929892813641216
15391425422564931584
12328873454235498496
9984306330004613120
15927736180053004288
7846186482515265536
14070456069170051072
12263797364248672256
15282952504744763392
2699323321749742592
16952332881534863360
4631046272988087296
12646884241694722048
906622445732252032
5664805824060051456
12045399626998669312
18163694244187357184
2466559910673246720
2491139316832498176
1938713927995264000
1277826312168037632
12921596312602828800
11868943620742520832
1726506676967751680
6167570591556941824
7725354426504965120
14469810014444044288
14665267288785897472
17468304772896225280
9398182396026824704
11183996581697212416
5348433206933212160
17622050359900952576
6771958100167609344
13011183021863983104
16801903635327184896
14846743135083937792
9239919467288047616
6102101659929037824
16259884382203789312
2832737018299049984
8591903171913332736
8670075900877901824
12671155666912983040
14297849979016085504
18411180989212631040
15690182900733636608
15337291506405400576
14885763979509305344
7795438535020062720
3200056154686396416
14656154954518050816
7147970483736758272
9388475620813201408
9182950727160408064
2386534729719494656
3480464048223951360
6111881634192132096
14254826655944482816
13281770624841297920
12503390573226735616
6321438238374042624
6940307646666812416
15882362805563140096
6202806429416274944
6591767426468188160
1247614815291357696
10659043734376384512
14694168304603822080
9836858974603560960
8426154516354961408
16437786692866797568
15795281080768212992
5219509713316573184
2034192279797850368
1811186668461526016
1253888117111964672
15200349259049447424
7828220600396811264
1863070728976240384
16190288325992339456
7758605483983495168
15972437673128134656
2564895976102043136
2854674239519903232
4123896054044277248
8292692535207567360
14371023937568169984
855454647421391872
3984149488731132416
9507581867526299648
6168332010177983488
9770822264752916480
3489941448392316928
5643994911932176384
11723526668073752576
4334588093144859136
17323710589249196032
8131314126398061568
2266220445410278656
18416280927396192256
11607451980409962496
16509095712908840960
18108859401439739904
17861701444532238336
7078445575586737152
12647261028948572160
1119218340863759616
16763033762952724480
7199633914599799808
16220125581041616896
5943921531721006080
7328569260591805440
13130352396433967104
18150552950314043392
14035468506067150848
13223790112709793792
15871130243240818688
7700652590785680384
9300308080432896000
3697794415521892864
7659989984973985792
2350796306867085312
17783051695640832000
17487974556848097280
15600455345260836864
6794465763211367424
6932030526760514560
130592093989343520
6879801564877465600
8294446466821656576
15782557541780731904
15700435328699392000
2576742126348490752
1314443633518451968
4841291593022755840
5181100714110910464
7258094668471700480
3932755746143365120
3254665407631314432
18086734946639063040
616053275598076416
10420221780722776064
10237724930671548416
9391309281282729984
16855838654507798528
9086470617465825280
17234626324062271488
16378984841479106560
4180669154101243392
3146403903827581952
16135665900036294656
2925533590269005312
11244066964295440384
3505175627448035328
8615938657113033728
7706012842750610432
5846046439966299136
3564831875397515776
1245661773656528384
4968228650706081792
5239830321870280704
16497809244618555392
12670463587802705920
12211268982914891776
7523912634290233344
12430775225017653248
154813633842986560
13391542428149538816
16210172732230109184
16269175523165251584
9830756167455920128
10394111751486517248
5510440335439322112
18387374167886538752
1453193860176555008
4370906459310151168
11685931736215248896
16684001681520994304
15032278108621135872
2278354079066130176
11001675604813637632
13158133035332323328
741269475046042112
1822339800650332160
4668149300809496576
6939530292051734528
24652734186109920
993337016877660672
10865751029308004352
4644085764183541760
11302099479195891712
13632456730264283136
4460627274401143808
3546829753314989568
1288494109702908928
15825926761167003648
17688165317062498304
6460437207198241792
4477153245615803904
9430279536800651264
11533530107448332288
14303570763948087296
12753118498616107008
9263110879953459200
6782305025755022336
11419497706175195136
11181124860840116224
3189003051207791616
10939427614785138688
16607058997058062336
13505536110537758720
1269225863309655040
10175694274480414720
1140837228665773568
16767310620936957952
17163693104722364416
8107419770491421696
13352220915522154496
5067900338872184832
8102504059286831104
6595271039759434752
12636708967614918656
2874654705071318528
14966692639454337024
11337971152980248576
15376235955930212352
12243134786272149504
2294140323698225152
13596299814331398144
1926541514976019712
1135813839140275072
241133553441579808
9988114463244490752
14780884838168678400
7298536894190307328
10391138971906549760
8513223901564312576
12832426553639534592
2664161547474147840
9639634350761717760
9829238236073623552
11161948859375974400
7752613264460651520
17805150277113769984
7031730777078545408
11726721860428263424
845679303086131968
5748517167370773504
2404212923103181824
3008396966235872768
11585447675811104768
6059886690432303104
13755295145838008320
16589445520880732160
15419602383978905600
14700766509371484160
16439357879681593344
9405294704102354944
14136098114958759936
13728546172997750784
5623071816121781248
3967963409936388608
9365862198390026240
16603781893906941952
10705899522094983168
2519492858303789056
6333573411193010176
8421466202186006528
3086387258014460928
5341405848075645952
15371532857440442368
13621881895061792768
2675286607236076544
1328256547682773760
3726610150880800768
17424299897204432896
714690362351518464
151187174827282336
10220096826299099136
5125406561610500096
421811607811430016
4581087922064061952
11917926237576988672
3839729659876651008
7449311183894709248
297431590680041984
13170595911562213376
11742435361036046336
14201303967669587968
3724144534611553792
10175262622693445632
366907246162542912
13395463744975091712
2121654946054460160
13024416474232864768
8099420962128368640
8833343261103637504
5492858825467137024
236274592904584096
7809131468546957312
1108958568356560896
1901001963496989184
14021216773764814848
2565296867641556992
1447925515126935552
13048094396273623040
16564176680362328064
8569390891127145472
6810414078839827456
7512492468379510784
10303178431899572224
15072593210717665280
17630858643901741056
11747040979491088384
3655373330003320832
14499341977663504384
6796391635950542848
4189624525512375808
1073828903797514624
3542170166381825024
10810528106429777920
5775888688606671872
13793098691117234176
10134496312180221952
5103960724933653504
14254571315995602944
7067972055854092288
16003331120690309120
906464698722502784
3432501800719961600
17172989322617053184
2015599988760092672
3971107396917557760
6349298605739265024
9049397557474147328
2045158354239653376
15041147733053714432
15323460604304437248
11570572738309115904
1307864905294740480
15444639106406516736
16804057286456825856
12146750659714646016
5298564840742715392
1335565445340020992
18112173155694637056
4436392505071703552
17351739212025567232
14522816929997017088
11104908240940345344
8859113802669317120
4505683003621992960
13024384103181821952
3172485199871808
9061032902482647040
949369081610181760
65321531443532448
12629135002978879488
12637285218857091072
7358289588272117760
10155078629817008128
14317877871676626944
13506069243762458624
15068218516126109696
7712724603499752448
1145874064291473792
13113251666268987392
14589225516209893376
18013489375435941888
2775970861406807552
6394093494299939840
2736472351845799424
18079478845198784512
9038778379835524096
6744122157255489536
15378856609321213952
14284159513353172992
689713213039942400
4983990069651299328
9894221345764253696
13831806216802658304
15752804296985858048
9909763167512295424
5041011255572400128
14530385759757651968
4633093184374706176
5175123975198825472
9692998410462713856
428588121636271168
59164592612653752
939304965405098368
11583850719196764160
2887323846146324992
16427959463553939456
9051405803872206848
10285671981985415168
16079415996173592576
564945652787862080
4751988467249167360
5262923107784548352
4134695453749948928
3781362456193660
12776417744702584832
8228620748490323968
13082332933084751872
10873841275871260672
2243075416841036032
14804107471969130496
7473277776645882880
15848699067553736704
7138618400745558016
13224729627536486400
1090686355891804416
13350414203259817984
1255120601994346240
11878811690228594688
15118014065442189312
13747735816809160704
12391455316413829120
11053898745506353152
18436098398964951040
888028754819569408
11402529201847703552
18126352298549186560
1690406452932502272
14438788751070853120
14019466168003065856
3945787818037680640
16273814118085677056
2135006099718169344
15723500213062723584
7296010440193518592
14937442198326233088
8127472985014290432
11789093245102221312
10459002204735358976
8941582867700638720
7096232970855101440
12379607880578217984
14696510822054559744
7456840572560461824
14576670190214602752
14474487763190675456
16190565230865680384
3408625196285503488
10765979863111774208
6927264157911915520
2846438685249164288
10413460550664017920
12217246080340254720
11291020294129264640
1822544855176721408
17406443169271134208
9228987995846144000
10958423898620440576
11764591882920757248
15354276321720422400
529242797823322816
