5156686247306175488
9260148010796206080
11394905761812092928
16780678438030002176
10902349206449760256
13484205786278791168
15867216462492694528
10285839007149977600
10556309537755969536
13401036821245698048
4567700259506140160
17887422964835936256
4460036357909736448
2630176264238170112
2801279731842861568
17069384801867726848
1541910155885195520
3344066494525835776
3026686646579840512
6601743368275287040
16277889296771137536
17950948668160444416
17383766876781703168
4488527664571207168
13006057345015580672
8214176278030601216
18104121602530816000
16185245908133509120
7341771362300259328
13919032462763923456
720421890965092224
538172682099957888
8580371511340150784
788392035639450368
4278944602951966208
8419661806206732288
11366426929840820224
4465978861373320704
1085734404767267200
4652142327089808384
12527383862501437440
17857800841405145088
16101412507753162752
15375206440992145408
7671699205045060608
17345404876868874240
16202551553549266944
6289871621642125312
2258424040215205376
966224179384733568
10482675262780848128
4504435358715996672
3576448227184528896
2463211710767340544
10527389283875436544
6810157450760395776
330996627166785728
7148252983668975616
18399058227494068224
5533647333190480896
6799398034141005824
10226054190427449344
2830220568962677248
18351192762474035200
12188494377350070272
10580479547831875584
9381809410309965824
18046345407834859520
8438722617925022720
14521587190099408896
4642431717994340352
12008833342427596800
14122874753904132096
13365351728470102016
3016939236784939008
1588830214975286016
16055000566979647488
17179219650350180352
6883799632920393728
1039574971266952832
3699077747100214272
18416633224294391808
7096406438596078592
3104433343294221312
10346396430024564736
2872697302403838976
4709933181950569472
18013367907499300864
6071949423631844352
925820682367736704
207293388443620256
7709168270001751040
2145163451709016064
12422572974634575872
17840757310025822208
10722100127609896960
13242469172789104640
391884098686635392
6675946526480849920
9396184080253788160
1118138388944658176
4214980617681869824
15849436818216767488
15593301938837807104
14015545628235247616
18370163520057276416
275192665443447456
17171358938244599808
1701406140364919808
10763724348094515200
16337816817581148160
6700567441130963968
1616819529349177856
489510015677803712
3649375916204132352
15092284543588007936
12606896584678285312
4482461079310723584
9239737481008295936
17323229595243737088
10842146281640353792
18432357464714418176
16035011651818786816
17679081214778980352
9296474806672924672
9050981930504394752
5507085052631430144
15847372784463054848
2847695972995874816
5733095796086656000
1331086962385581056
6913399418438526976
7072399160370244608
15442910844233611264
16733504865606529024
8717320964670697472
7091178977727024128
12545245751557795840
677972782523840000
2210143208746174976
11533372039722326016
7690887276483678208
13596081950787602432
9896254970734663680
2466007175039036928
15308133625983471616
4826154141723579392
18261804771483564032
11186061236894517248
1582090763897708032
10442694631972583424
2328599898415918080
9589445143177664512
15442906748829282304
12993891487284211712
16723297697243285504
7383606792579156992
1001373626500881792
5629143511838885888
7939422577536527360
14950956673906548736
13516307124327288832
3432643480651032576
10303529596678801408
15535415040996651008
13600915431927810048
6577756511057668096
5662133993361030144
14270650565053427712
14806600853778819072
12619064623915190272
4461052067111537152
16690799333984815104
12384094932389044224
15109839787352666112
6596285382523522048
13514953195195592704
9649842592792422400
17000376488041412608
8885015323061720064
14736508412851445760
10520223951367770112
12172636376346011648
615832009627166976
14215314401144205312
14282130773631866880
8702474559932687360
5882436229517345792
13054315033022056448
881631822825588608
15780301489939122176
15691761368356890624
12674342844773529600
7486268799732907008
15785112095066279936
443792353488024960
16215222470863040512
12258112682679332864
12293241691276206080
15977774479747817472
13346714834432051200
135643475482312976
6450906233415173120
3083471225861807616
6931655175279955968
9711326722661730304
16897830022262882304
1232831838444488704
831898718860824960
17408355649894117376
17303402622202368000
11371403644167409664
13222397651797432320
9556075960957405184
5644824962704112640
6388095189249113088
10241646275861387264
7188344515191640064
7200357875190326272
17338076952081358848
5907113101688409088
4585993963887798784
3887272671848070656
1673124115837026816
15619430651361433600
1158015715775349760
7296992702827497472
10288820887626326016
17601318941806276608
4184253696666964480
4235846238431646208
15545404061490132992
847302160325744768
14733133426989541376
10089099914979258368
1792732137754242304
9464909234815559680
1481476635908879616
16936006339925422080
3493479672352196608
11303802705181335552
11024693736456419328
6722531929602747392
12244617145179447296
8789533548060190720
16219016073582893056
408141193679468992
2762240472765831680
12899287602086324224
13454154775234795520
14945845515008980992
12051227366266302464
4943563118327869440
1254081067624168192
8921505604118615040
9412450624585105408
14047658598285752320
10154346769674950656
3609226153736412160
386854723823529152
415292685543742016
5790048143048751104
9851148358754074624
14604380904720650240
7280612170506792960
440574003842433088
11173790389931898880
9928671652018733056
16616412608608372736
5165826723957560320
10040536049174984704
8505875536281865216
4697100737548857344
12927277272819597312
17684128290305607680
2210782871291116032
11437184561600972800
13512787698754197504
7506992340323596288
11590310971190331392
12565063618447280128
16556845984186195968
15081029687912511488
211130840168946464
14922008289316546560
15317753189403662336
12058271806416852992
2021971229269106688
2963188188181965824
6865131222886946816
7993363554442327040
15968002867238107136
3142228946169867264
9069022480793464832
5315259391480053760
13055778457957349376
18338427908310243328
17267562896008620032
3791490019139106816
1718094978854363648
637015471440558976
12077932555204302848
14533630624461410304
11031234962926682112
4912901618663451648
8700481514475239424
8001478450631806976
12787159660297801728
3702644006317949440
11732723652221845504
5297106547318240256
10766301518823673856
4452806664301392384
3715349495079094784
16610245293415196672
5750342118811974656
6214163002546803712
11294485580919345152
7092680570815942656
17487691524765925376
13491429440242675712
3177128301649462272
6856396637303279616
1568856865012672000
2164095021013488128
16604219544519163904
6958918417249499136
16061576467390666752
16872863391285825536
1341042503108576768
12468323666852628480
4192835900078365696
12694055128209940480
4307977617440465920
17252130548937918464
18441660165332254720
7368269857738943488
10132070572891305984
13198234994175068160
16138755696737880064
2339535416451384320
12002496967403683840
11711493700709636096
905198607364554368
11868229076298344448
2597744247669307392
5425121198000617472
11160388550276640768
1720398420485592064
11569672968498327552
12721883463175827456
9410939895682023424
11829943050862929920
12358335212030543872
9840912396451127296
5456073803758223360
17879602901210927104
6337328494328276992
2737800102281075712
12947872161015330816
7682185343686242304
13663870382353006592
4449482717820643328
13614014737171972096
17187776221313097728
2074973296062965504
15735183342920249344
1754590738301639680
3016160812134425088
8652333448236509184
16595170568829667328
12903693567376801792
5414516186252416000
14243334353139030016
17936228839191400448
15955446089728370688
8370237520974903296
14073967421167970304
1291732425343146496
6847230638642410496
6002687068684019712
8728065012552511488
2392805977766749696
3793738280404091392
17238881394259834880
5706495248608002048
10058203337902817280
10885909730169481216
5763243322302548992
16165879428288966656
6929411625607215104
1129762716727344000
12017650510145570816
13648631936239810560
2257996155409193472
13304564913146716160
4476891937696084480
17005834273139124224
16775782230123319296
3086631435179864576
7486536310714497024
11417173399169923072
4314292415678456832
6983497224217670656
14408936030848147456
16708566670856085504
17076330608370300928
6320512636970332160
12749612400660310016
11275812015032178688
2703480503930767872
9414380421359249408
7839319988653442048
14512391987038482432
12547002772138723328
6118835189809575936
7259985817031866368
6688126178701595648
5163338247501628416
11721290861468827648
4174587701634990080
13669350231242641408
8816582889062974464
2488584834156345344
10985673214871918592
2963775409391097344
10435643615153721344
12371559047335694336
1683003520333591808
11690288936912599040
9245267734626187264
13006651421066008576
18383864512212510720
14044518578988406784
4559998746285050368
14209142767262660608
14973113099985893376
8514487300081629184
566270326413826176
11789344156432330752
13815478411729416192
6138769686026913792
12837755325265035264
10207743329487863808
9300387172677562368
543506719405394048
14850347999182940160
8122078851354196992
17310379039377102848
12132767660330989568
14342724407812130816
2611024376462059520
3430875978059239424
17966971340580782080
7741917662594006016
10606108234087487488
4222304405805664768
1606562880662102272
12956825613356445696
9699711755324289024
3040490961422922752
3202955092117490688
3959196326230483968
444726859422184512
17790951499759515648
1531357728526316544
6861613085942300672
4940197125379970048
3310112551616710144
12487364387340318720
17361186431262709760
1582847522634313984
12123010040195588096
5298565958253776896
15617195875418537984
6528191624898663424
14971890642587441152
6338605606747363328
6678434735386836992
5110529607047864320
161793055705181632
5218873739103951872
4299338815349417984
13193900971373404160
8260108248786331648
955801568922885248
16716611628416294912
8964895970824482816
595902364224868864
15301373767722586112
10836698562456100864
15915337957383104512
9887606976959817728
4180126296005957120
6057324719103113216
451769659881109248
7514496431560349696
709642478381284480
17220672675215288320
11372091587575912448
2890112675164572672
4619676918403090432
13948435891580370944
16417535661723723776
1500989033107066368
3734045464426696704
11012028061233514496
4797616236145709056
4530427193834053120
7397242261030975488
18313599814975928320
2813211867492993024
6527452169133687808
2135841039473910528
17108804991121911808
13047408551790882816
10652317255322144768
9076987143587170304
9955951131490402304
8616328182933442560
16773238391828363264
12802927797788739584
9288073694771306496
111084886631140064
12246319833372010496
6674394639979939840
17206412495404386304
13176163465314248704
13916802679514167296
14838696028684660736
9563968486508697600
9269525917848926208
6410809633823883264
5380747677177758720
777198941195537792
7894683608082375680
7490498624703455232
12150366816187527168
140658794912248480
16369325775269021696
15508744326113402880
11613567924071645184
13721779400020281344
7539661981352321024
15611184478493267968
603423226419182464
11215995290827126784
14920086438813970432
12226888859540893696
14533546098187907072
13791164642661527552
16941473362702792704
6973171379520665600
14970886956686194688
9183855778669819904
5842664269375960064
4632591359930718208
1858410814602849024
13733460237714159616
12893854952635957248
12455815090586662912
16446080914307495936
17085809180296781824
14072903313369296896
18117637306184046592
3882547413883249152
2624020122953620992
4130495459575195648
2153099212527582208
8446310899623933952
10313240599802523648
752321260218411776
997801067958104576
1282618018670660608
11078938545638569984
10504204482746234880
1663308532683331072
2147095022523428864
7992667795739180032
4429683339300717568
10991379144673595392
13852567481975257088
1955973196886670592
8220383265779185664
9208481232927812608
5272609544858099712
13804354308306055168
12211287699038099456
7854812978450716672
584953287980225024
7085245003212112896
9835817126313465856
18432240043230629888
207658671706973792
5525525203250865152
2327358181972299776
15918579211566096384
6615352912346366976
3395930320940909056
16068170002473512960
5103859507569553408
10698377879050993664
14539492793959311360
11967901154580432896
4290803735890448896
12766810875070566400
9433131407463194624
11544499054152368128
17967302520097071104
18269180192249501696
5789657442056335360
1359682079877986816
7666519257345327104
17289246186586771456
5045979699860761600
9155801573645210624
7459462579513690112
7011341178705730560
14746081382043598848
6473318927278539776
7345595996553713664
11453475660300886016
18235936535113871360
6161539225364847616
5445188166632357888
13209532147519864832
2732936173365239296
13700256890562377728
2076084346124257024
733285060652040832
13727053060697001984
15279601016131201024
685650576951558016
5670684456473113600
1218720910722056192
13701338966135650304
4565037487383301632
10721280773848506368
3171068575656054784
7772216957819212800
17474695963745255424
4344485787724112384
5747342840723840000
1788174852024367872
17626513013529753600
7440726549922507776
493513072524804032
15373803534373971968
3479451132113905664
4161380375686430208
8348942701714435072
6475376983106774016
14275873822572158976
7127947442470183936
14845445889691895808
433225342482127104
13849637486837760000
17470610629372170240
14198317196151072768
7897421163607244800
7040890036785326080
5118041272026433536
14599760424190445568
14206977983772657664
2822676200008697856
6969533632896199680
2757960819309953536
8091126922690549760
17176027375694174208
10363329890287353856
4861756458364959744
1077537033941788416
8334821126354230272
2938532241449852928
8448920057954435072
7066620345311328256
15843688357013512192
10209630088096491520
2191234203495180032
13769050080347310080
10437833518141784064
612163721928199808
6523521296239763456
15334754257826418688
13036560054997407744
2439581584471385600
9114236702739217408
11677552773628819456
9556338840309248000
3542314320616690688
8409076902184757248
15171494887841687552
5782318766194678784
7914582512804958208
14184302358653196288
7714950784180783104
12935375225872197632
18081521010973626368
5544061497877348352
5880955225601101824
2966534305398158336
14034757151931035648
605158817805370112
13749503694658115584
577301666651056512
14203578753867937792
4397770419284534784
8663176321424300032
12056746106764935168
1240607715762519808
15087226787335116800
2097985962229224448
13344580622241742848
5537601309903912960
574308116200916288
10252905199808737280
10258831087616409600
12328774687874996224
12567419936910460928
909290147330624384
9579303780862386176
11990721258762223616
4484788240663933440
8756989319860513792
3154983068026786304
15234117899933288448
14319930162112071680
4854030931199918080
8853873159553039360
2601864936360150528
10929371735345164288
6720821390356660224
9106272247090436096
9297156601510187008
6892191501540974592
9839919425179322368
8226234236096207872
1743775821342956288
8211745257063003136
7573379362362662912
12336874958878965760
6086776662855417856
8853956273979549696
8676528717173588992
9872788696075304960
15149814144852314112
9568976042426695680
10066833669665390592
12530983018177083392
8269018060729794560
14369170785063018496
13033242307439482880
10827426250694864896
17435647443973515264
14603137127481479168
9884977081382299648
17464499757000308736
16824174228122200064
2762334767606911488
7487997119376945152
8990942200134640640
9477348554500376576
4331142071631342080
6766969772516758528
6845567210525980672
12137881709347641344
8661750919381016576
2356873747327346688
15492900162680145920
16642544316750280704
5501097853917960192
11409957659484860416
2548163368344504320
4024504186216787456
8570065871500279808
16136821180725899264
8793938947784289280
9440045726864631808
4470438859376006656
574110247267511296
5833581761622441984
7383018876562888704
6341351489858967552
3108900770064754688
4151883416276921344
100036958929942336
7424158557071397888
11850384531235022848
4286862626786153984
4361048370580496896
16689080879834918912
6327960229238919168
1798357661000770560
11758338208839047168
2608056558523615232
13952165220872685568
17945324787236909056
7994697991482424320
15740368925572050944
6078120622805381120
11553271394029762560
5621024297260532736
4738754594379534336
11713844648499406848
4160379636447457792
9332524792580007936
1405756485024360448
16708390664995436544
7955344093718489088
1289569789134153728
15272288514355066880
8768200517159196672
211070850080113824
740544334499607168
16640247013040465920
415240018923898880
13379679124740169728
5788075597905068032
13629497438088751104
14058086641179553792
16792989772983040000
1216470912936454400
558709083801533632
7053013986106119168
11969048857164068864
2991642894693519360
2514535143145578496
17861434472198291456
17855975931068532736
2102874997527480064
3562821238613987328
12489954821605199872
7002791312019418112
10324986890986895360
7528294720379307008
15917765611182727168
4297240305506023936
4691536238242962432
18102120191385503744
12024456358170714112
2521141220097713152
3336445545072526848
1710158981531219712
11924363851346962432
14353354546540873728
1243503849267922688
13955266524953972736
18262259910793713664
4942822244422770688
6920295242920742912
2251054762844670720
5463768113134989312
14764231051088896000
4713022892413764608
4645647824746736640
7141067174502419456
10783960876816607232
15217120383243157504
12247341238698825728
4200755715158992896
5058831372893672448
11027001562011047936
12643930107988889600
4891109165554536448
5919528419348662272
9002089100511684608
6264420223368019968
1817066000122918912
2040571419927215360
12065164992908961792
9363514866372153344
12719876212033710080
302809695456835072
5299862660171926528
9398405348640712704
8913637944055632896
11016757830912102400
10294255338113171456
8694035390328697856
2632090631695926272
513374793683946240
2410194521352153088
1742398262992754944
4200843747227496448
14242094511389202432
3209643812580582400
7011890388375133184
4178005374391835136
12911575603955820544
13581039056969615360
14336683079758010368
9887970621089630208
18419206793163737088
8811037645230715904
16114554208080326656
1045057364233641728
17913017839396902912
14102741196689141760
6684414753658699776
11680850676918534144
9115051581351273472
5335167567254996992
5631237368988073984
3924332694553566208
15281012681414678528
11220021452491909120
17616839066056333312
9393195230813775872
8490319484396639232
3940076063297977344
16977544206185070592
12468730773727164416
9835537752774144000
439992059681600256
204630984383198048
8000798149768104960
17356062922129025024
1639266787855214080
18156334667993544704
13536998109835857920
6230276551152487424
12179850953363079168
6533608573278824448
18428058499366723584
12607148828215189504
4232658919194521600
2045067811334881280
12073294397121615872
4937566662940162048
2830219631265651712
14123974081275383808
10396220415508029440
2319916833478895104
2808102479388592128
699652221247166976
1014897894976315520
10688846755909906432
8692348011910255616
8633104404616687616
18143760681194979328
17279368252973457408
1303987216853292288
17667162423621980160
11058252078731732992
13115480626246649856
12403676955071905792
15184403932273344512
3823756550331776000
10509692104172390400
14821206353233868800
5241265731542885376
9551526912311865344
15059418607370369024
9343387650555316224
16086460172848338944
10791807733734029312
18280981574764257280
2545403207797665792
11459852092536832000
10664883376997646336
9415383234523035648
9588469944943427584
14228416994752692224
12031841563029786624
10929791917458984960
14305858446717368320
9729282817090478080
13275369628723787776
7782626976853460992
10032838481018337280
3954767319759264768
7682524135662239744
8728964603042677760
11711955771397933056
4551273232494533120
15668700194376871936
12190196606883440640
2447098136407286272
17593350640767064064
2417417852983849984
9536250168787798016
6065727546465467392
6581300164216595456
1561425622714547456
6488085552017804288
5878744432882488320
17040470352900956160
15674023666522040320
1176218541677913600
11841411440844933120
7947864183729819648
10892089860432504832
7192313802375525376
12568778337276223488
11609457975204962304
1392480415625713664
3661808379101527040
2291134306821141504
8368460817295623168
4090615345669399552
