15422237732827269120
2083937420972944128
6584665630502261760
2930779238905450496
17955059510343622656
12387968014971545600
15524814935233171456
12281160846854434816
9195585084226589696
11323871394742605824
10878967933412794368
15786760478251323392
8712886155251323904
2290165247895459584
13647670539468701696
15815412886576205824
11961054565816436736
9565845817794304000
5021336379793915904
11358012084914032640
8336682251545831424
15542468160822818816
3594474998316114432
374548474057605248
4378013614433664512
1286983498674626560
12048859822740166656
12453689973448400896
10946266715240589312
16150320159798726656
15149074835121639424
16028120959579731968
16748323270652919808
9389389148118853632
17383066797585846272
2584545858298491392
15348421735497404416
292865126798490176
221454188396603904
5836986500264281088
6674793481088435200
12444251194588133376
10091650618175627264
10557260725682726912
3858953337949332992
9710001711937083392
255429828423229344
3955776479793467392
2113031392014655744
7765641990466780160
14848190048660690944
6649694370470831104
10710991675649091584
11161497826660765696
1763280180359409408
6998592780242827264
8596686458199260160
4522962177168128000
4796063176102047744
4082604409677582336
957270322738735232
14654726968790525952
13070991114753271808
3582242824244537344
5155125082370920448
11488332491747053568
4071112968734361600
17061880613495836672
9107667631858536448
4903003949250272256
10953568548209821696
12531152795743602688
13847677559399053312
11043644874916593664
788519173109424512
6625287399371665408
9447261505986365440
13467873312169209856
17391781334269065216
12735162949492398080
16919691809906288640
9821341514418878464
3652790968504477696
14743700261300426752
2588663385074972160
16310698742144393216
16598865162692947968
11303985854194587648
9478380549675952128
11816808117637695488
6266125389939210240
15843889255236102144
3476362862144872448
13336258802926618624
12308405331055419392
2406721561005798400
4541850318077105664
13564163936022452224
1816733368985686272
5359088847113907200
3214777885841168896
16887427055349549056
9525089273404424192
4469682836059222528
11925364357563926528
131418397760066560
7141169960489278464
9796595121410424832
4567753387817555968
7658741000525765632
3033465558815120384
6430761194094523392
13304240405919936512
8839231114753141760
16220444472847257600
9403984774390091776
3586500712424681984
9647226059620608000
17839988791280381952
10162348879365376000
12978092331114706944
5240120021380357120
1397037100945267968
3988900732002220032
6450815529361948672
13015793122248900608
4875102621565246464
16426065198342019072
7237257620769336320
18150981469414262784
17772229653157672960
2126116856912593920
3024425433180554752
12573398283925092352
14299649469669496832
11091708230723196928
16339163563723169792
13641916716174041088
11463185736832165888
7736448368628032512
14302252314943217664
7126101664165569536
4725549126435630080
7817623534619736064
15739336145535397888
10619711588502419456
1032076100760077056
17494902504571287552
4790280424879177728
12267188369642199040
17828415122370664448
14895425947540889600
1288205716452869120
10256109147215622144
10099694018620225536
7165014182765656064
2946765548327445504
15740268966736484352
11040233622452144128
6171476227142239232
2220726815633137152
13450190252755136512
13916855068263577600
16320809778969794560
12511460994651011072
4298841754677268480
7506780917471689728
8088582594481729536
2549451799698633728
12430451338574555136
4652139010071506944
4996091259605984256
8896108078757485568
4249317703654658560
15419614183916042240
4459272488426107904
6384890777657005056
17198029771173705728
9601246665087789056
16533363517088126976
18243077254118232064
16137812796540321792
11217512111191339008
17544160402859862016
4040656050335365632
15829026428218013696
1218407891886723840
4228795242749172736
1547342168942019584
2972286383517804032
16119453782607245312
9171251047604841472
10735599549077403648
14753042127563862016
10469393037627586560
17353130550990827520
3168466095461083136
4479243862211939328
12594194060091987968
14295364332475987968
6009395371169677312
18261654003361843200
14577673956510582784
261498094907550528
4807976194212643840
5896369327742098432
14414691942980982784
1147977441490971264
13998127985364504576
3805634388219453440
17740310248892751872
2051093255209540864
4731260823273788416
3739155786705601024
2397386826460985344
12820542851871262720
17225978283200206848
10736534847916312576
7450361753185958912
18305092886560352256
9400526414035599360
1741729886520106752
15901043319653011456
12432017552277868544
4520304465794038784
3659025179831791616
3297973799926925312
11492826977580208128
9831829514336835584
16303469039590174720
15649460903361445888
2535031247805403136
6995189399880665088
408032729679811712
6305918118841794560
6698533342572954624
14884694620011886592
2901005675456753152
6519459812994328576
12611309153182818304
4384252932080549376
5179080754863800320
13988524064437753856
17511873918414979072
16383605503997913088
16554239157466163200
5164507080592240640
2555728103311318016
18202958526988165120
17486212511639443456
9528582397991825408
16303891368264728576
6550908759281777664
7421802341257220096
4469365874738636288
1222041641255426304
18155729907139514368
17382388752721582080
8007238858342500352
7661411328682941440
1219949084595977472
14978368035239342080
14903324360373432320
9837203832170442752
14621696394265008128
4122986675436606976
9255718036611465216
11208015203922692096
6848119131544502272
12255480639078420480
6646626272684242944
1253208873085794304
429390160137357440
5112158487516377088
14731906663639605248
18170055440172515328
16843685950101338112
2144695915866841088
3885475547256562176
6753943252349700096
14805408371986333696
13259180953180856320
8528328479146795008
9180234444870937600
15950673219719632896
17732285125269121024
7259335175846388736
6672874549467704320
2837381138046045696
6354435021291130880
9123166308128187392
6260901702044222464
12937973922581766144
18276946811626981376
8014942218554333184
17155131151344758784
4658560968076046336
2672589347644364800
9086865999842735104
4622785040583472128
2650158943687439360
18393226406348251136
11561722125269506048
13719511529765832704
17958143588873691136
6609074256473578496
4619694759209400320
621646103228541952
4182365966122292224
4555063467559349248
10674237447979145216
367683177715589248
3994855102541172736
6772710716735391744
3570208932376517120
11155018239953000448
11631020805295648768
14157376006471077888
16040234028815822848
13773820424742291456
1232403500414793216
9868421773781243904
13726487012871489536
14622871755537510400
8009737553990438912
15458518653202214912
4919094762585278464
3682938961627704320
18186289736974960640
16063392053177903104
4618966725008018432
3891824593598145024
8922265934760673280
10533269802993795072
8441373210665257984
2516364232668146688
17101037681879881728
15081147798054215680
7928994207192951808
12374699766341324800
17942376534293825536
1661138359147948544
12118265169732798464
6577156242978610176
10194769972052490240
14549989934829498368
5807450067671012352
1091510827529196160
9277139441343217664
10679068669038790656
4823316264755569664
9603141279522269184
9168956009122656256
14140293389965381632
7179969624192849920
15434633521970569216
10987290536658202624
8666589807885504512
10341058623045666816
7776325118940531712
8889878947758445568
4542929429893714944
11704064874409793536
5318211150147123200
16211615350818961408
13579697480701929472
9855393509099692032
10789143555491098624
7730166784573972480
1359078344824309248
6370329716508792832
1382372133156400640
18308201766723188736
6562505342820537344
10536880457018773504
14876340260624402432
166753587713229664
7523306583943945216
2601412575057603584
10964579698584025088
10630558632635379712
12987248299854479360
16607360473543260160
3521283295350971904
399788509175719616
9160782078847252480
18232686584718428160
3222595373176836096
12369335940526260224
6997955160575783936
956552880103021440
6804004382597617664
17037740947444723712
16555472087383666688
14203501508101468160
2137031290394950400
3490449303344054784
10148181580666007552
9454606571550511104
26643443598555544
7823737436200840192
6820896484289924096
18289362659000406016
3419749907445014016
7352029605789468672
12596299605505331200
9202415961891898368
6956254285538691072
10890744881988898816
12888906520612202496
4709973519982723072
12505485538051344384
5923226780555366400
16047778976859398144
483007721878166784
4228343717299466240
16114755124392130560
591915285893106432
3798125602112861184
8983569268583894016
16967157535559313408
6847926730694296576
18305153738739136512
15249450027749087232
13122581521768912896
4883161261857049600
13097457085579474944
13523639533647208448
1928921164190516992
3332370912883866624
2875775056968411136
1421480442923503360
17692518902035181568
17690379894100090880
12411985774038603776
6417516540926230528
7612349017546483712
15795652359167051776
18345849029390663680
14946800380951058432
12101992305752180736
9112871134982878208
7454382601970054144
18172577898087331840
16747235630699225088
10004727812171534336
1845906156284298240
4280098217276789760
3859177699169735168
11177193898508261376
16610831133272956928
7263638918685082624
9211936162581316608
17570548231171201024
16936819998926483456
8003062691920880640
1489321913999576320
4269754877359562752
14514868200023928832
14812356199430180864
9027741555615793152
6204477029973485568
14444579434267600896
547771806748596160
17416443273864980480
5350762064673174528
4526147064392596992
1128034176733831296
6598182312431655936
4591504435326785024
6665635559957677056
13792896230378102784
15594334530079805440
5447669704893455360
978350234178037888
1156912707972346368
2595818722966375424
10905147197144270848
17280345084263450624
5900655328728425472
7095430486268767232
7589489475607567360
5333125366507739136
10715732817788190720
12402918582996957184
16126468432141072384
5882584938288819200
6476697318692230144
17750142458574094336
2044072188178736896
9953327162851686400
6757713363671797760
16656882268065933312
8285145964768258048
8400952667649441792
7546588082277057536
2458508899093308416
1509731626615442432
623862280699128320
17071866522610216960
1522497265931332096
9213862364926711808
11823822074408556544
7714724604281565184
16133060568974551040
9398039151234727936
1475977746941419008
9320601774304294912
50246008699422456
8747958300735612928
12439372907588397056
4541430001939431936
15630524578700398592
9360921540518326272
12525432996936306688
18096804117141682176
6700779698039772160
2207967727080294400
3950730459199525888
3888568078795400192
6350231387311259648
13368021509997783040
5615698060129486848
1986509647466072320
11298407045971503104
1905929420460902400
4201323637573038592
318057873595578560
9267703153072193536
35422705615095588
10237202486036398080
13436979544228251648
5164091062971662336
14047865187822571520
1486418490716693248
13581730283999924224
11015990740279234560
474698456665431424
4316858426053349888
6309448494186839040
16119290107943186432
8017429657317249024
1182742093115243264
17087510235593922560
13596507517286963200
16063304196578283520
18010297833530120192
9631270221952059392
4225686659419280384
15846147887647686656
14135493731885856768
15531215973616197632
14359890425524953088
5128128376137812992
7215067656677222400
364873374822587008
2972091706193881088
5188013541736912896
13348989446464382976
9981534463526764544
13907964531370326016
13189757360656029696
16316331479817797632
17588059679247079424
17630120386481285120
3153174414092399616
7490240037370081280
16808704024106864640
1688005356360386560
15054109093517897728
2166884268192422912
13227534119772205056
9540037908762685440
15206276094435514368
13978635985855713280
1823351829475959040
1812119575723223552
1420699593493220608
2499928700206277632
3290359049683738112
17245177719253653504
4586419355147980288
6603370383955571712
11752169867614410752
6729774156301954048
5495345085027632128
9024344505029967872
7623735473508059136
11413476856821258240
859092420963672448
3756379775726404096
10659214276475119616
1372253695870174720
3051091185482233344
10220095768802568192
887270824510039936
2850075722158246912
11945841327126704128
8849536031051608064
14200440818562263040
1213985243043901952
9718552730439995392
1480257113667824896
6984516026656434176
15825969459887718400
1623998452925569024
17355264418942771200
10349056160223107072
9450479412473477120
2267063053706710272
14575510271630272512
12328615441111992320
10915266014415851520
13250129383477073920
6396577106151673856
3853998684355907072
207532786155879200
8244224901692609536
8086924868290258944
14375146714668646400
10298162678805979136
1039835249612535552
3394918078007016448
4079585782725251584
14844795100187121664
11582194763812976640
11782293975307511808
13092899165273255936
4981254825369047040
16336679576972904448
13408570215586662400
18332677924325976064
3029012887203197952
7287840516346647552
18063946579560071168
9414775542996207616
16930568758301116416
1998904385271869952
16626612805309444096
12290823523825567744
10136950553246306304
17040336006747072512
17931813395066306560
7399562756101200896
16553026296352342016
5322606866231874560
16348679882140762112
15115915815508008960
10709338900811530240
17358150303081848832
5302378864592361472
8116414377426915328
8944090358851814400
16125660419629424640
7520639369812322304
2515263920610482688
12357475297686634496
11028609809012951040
12495089474776127488
16418846983274694656
18150466132663275520
8592294087660935168
3568304808198618624
372001572120879104
13159487602821369856
3414735229417290240
18108773351400525824
9237351237559539712
6603082059034283008
14577370013395865600
7470823503291352064
886338545558696320
2791154927731214848
14199975164308611072
10527803903992276992
7586429272702256128
3179657456161751552
12285522208592709632
17364591924927692800
2013431648475884288
5853539727707290624
7604595194179367936
16072340661028220928
10509122805707679744
9511773153692276736
4018736849283755520
15688293373068916736
12009711373790220288
525716294327536832
6115480914618193920
17657054915432644608
1936712169007040256
7519416573047472128
5309917626364390400
6872631953705357312
16038406459585431552
8868636715534242816
15817444747235450880
7287228660432904192
9451784001618221056
11399740468137469952
13991464185253619712
8365488215032058880
14831298025351460864
8276929501610970112
16895831294536187904
7280638944200459264
7802032289785548800
17672791227332085760
9056860173587997696
15470402066381221888
8432602383787963392
5421206514685682688
10613611515758692352
8468987162587663360
5821159995024174080
5789769126685697024
2885914968561209856
3269311778526636544
1343982857016768768
4478349807161503744
16870408459078871040
14890723179046529024
13538894150203348992
13911480189618907136
3290907616649331712
4712020427182388224
916530523225506048
12862271016630083584
11889741354600071168
1690317154573113600
3433329445885004800
2898104757293566976
17889646573771270144
11313929631921346560
7668339162271801344
1134782430040770688
9538876856266975232
3789632910366427648
1484041296408398080
6182518567653908480
8352759615249399808
10048390098505451520
18293300524556918784
4528548133719823872
15325257617481000960
7829328574391315456
2764853318312629248
10197768038435430400
9611047089315663872
8907396745993593856
12241333960799623168
5142438135883301888
14229638850430681088
5134224606128793600
1738194211784388608
2073151238926668800
12951409145729001472
13699226936315015168
6683788606488544256
8632263642840261632
49852325280071152
1251874137665612032
10956470131108909056
12596154716995020800
3765390665136154624
2131378958197507072
3581199148451099648
8518718779739914240
15608386756939956224
6723055244879791104
8610923962478782464
13666750932334563328
17347615252226715648
14863055239249145856
11385394644153534464
10831458140166705152
155734143239148288
14154697238908067840
8689252071677111296
12553138250020132864
15647982195146604544
342801278708298944
4667047757441907712
701273139354155776
16031990678791006208
11276793716898344960
12845864063851636736
10114293021741279232
15137995243485761536
5152394104218109952
7758045283611431936
8634577724022926336
2613497349842869248
5165265523337609216
6094621213273575424
16304741438485624832
14389907943638288384
10378952553059311616
13120928808824866816
12625203905975218176
5203450752262926336
12544504790671134720
553805434677457856
6875012230781202432
14102216657067769856
14910244626943504384
13369727964672442368
14299847378098538496
1154412760328497152
15200803728601442304
15079887824013621248
18245646467132041216
2900499246108396032
18328589187512629248
504321205434534080
15003400079596072960
12187995959383384064
5480226607977746432
8247742043031719936
15796188340183113728
15304903106984648704
13800419210981963776
4584959927877499392
4734077528924292096
16239277473241823232
7588290460305522688
5184170633147576320
9843232347034169344
2834922327599486976
18397733136233273344
11970326503338612736
3640813111306426880
11377338454887419904
421498630479326336
6144874878309392384
9258312034026409984
17998725164612728832
14665992580792897536
16159271912007075840
2989592949632329216
16994331075372285952
12589422345755930624
2631857500266335744
182651217273781952
6891313193665699840
4342678631816526336
11639605622930771968
1190954335149077760
4492529795394833920
7885177648502474752
15277203612773410816
5005296740850364416
16781079783641757696
16582871845927606272
5628171718134324224
5550878135853130752
5442073498877412352
5962831030234526720
8846456070135474176
2056760095628135424
3384074160704828928
6437329331701983232
4265946766957161984
7321892854379095040
9620450743327256576
10034479836575397888
11097652756508315648
10071088638391238656
16062139025217675264
1589642503952180992
7125616080199409664
16054702375343794176
9148058981431563264
5854692990657776640
6525324847454905344
5706445545759455232
15761983912207294464
14787378791741272064
15156624860982980608
12600239360538480640
12407715758190456832
29316393200361252
2013843869353288704
15533680069790695424
2236341325715007488
11380838515713468416
8147511217324648448
13839376822930436096
12433715989565673472
5786740509257539584
13581619043209261056
5958241589461889024
9348540989815341056
4570601520259684352
1189974302264147200
15559871472544083968
14271961009964322816
7372481914919364608
18081341141702563840
9443816661324238848
14580901246663305216
4247340127856795136
2801451052287232512
16039889625735165952
2458504499869799424
17177328623608401920
14728977722313674752
8631151775865656320
16929492575010152448
11336304213348356096
16790069805543219200
11998537902575347712
13498287319144851456
9405940971606431744
14783909694481602560
16519406979608168448
1520208896565715200
710231150995858432
14250328448596199424
239921393275603296
5742745749987918848
10834095212316538880
1486025272224911872
12379154418203136000
12993232477358536704
1064212829387474304
13253698207485310976
12092546935000608768
4185998534737728000
13512805635716464640
10744135013263851520
9527740820111405056
8675858830238996480
6646990959449658368
9447242471550904320
17867990663043598336
11137201022137999360
13852535029720080384
15835907025357914112
1723258552529764352
12825192472004632576
178390848413528768
13461631003565709312
16780807002181992448
10590776061053263872
17251770080816994304
4354470801930186752
14194652975731734528
8756119861259793408
15500336969834950656
18376785196639844352
10616531465560682496
1828361911706044928
10443208686465546240
4740371412767283200
8284804566610780160
3236384919846107648
2762191788774899200
17974925387820539904
9580709375461103616
8379115670898596864
9606731893703049216
15708907299613597696
11790167120072454144
8989569193969750016
14418556922886776832
9594150422023964672
4848057673724984320
9669173686808301568
4803185970788311040
13330530588929988608
1837731140741157376
15871723941351268352
4424521006103838208
4756523071686102016
5309153788418850816
4699230422739918848
18270947019255365632
16761257600367173632
13070687218338387968
17081428689203482624
11337554472797458432
11445059173854267392
4043351471977448448
6383353306836577280
8503687462108125184
5235622192751468544
12589162368819787776
16282634273053921280
7085586731792606208
11337649701947734016
3242951671247856640
6013770714583339008
14107905371709677568
14859851607734573056
12369652202633699328
3972238298741197312
17377577239206862848
10999532730520950784
