16289077747244447744
371679487687553344
4010285255732021248
6552331996186561536
16042550407047565312
3099823786553559040
16241367410526703616
7722025112053961728
6760204556545381376
12217006836740255744
2190710073596131328
4672176240057488384
1542566985069558784
288412610434803520
847121623570556032
2094516367951716608
92030382680054528
2534408883216311808
7762256465855433728
7178979867046512640
8420659788116414464
15562743568170029056
839995893018012032
12956315119711629312
4879517255685433344
12824102317432604672
11788648792376612864
3438938818937512960
7521397378975629312
159863306563833664
2101971241035468288
8872579965829835776
2464608097958428
8030986399594048512
10307438285295001600
2875524870674338304
6153866820552071168
4579555489497016832
5360217692549974016
15372275730682398720
5451036715947115520
13245336505770975232
3420244282392458752
13552867512876515328
17222202051057285120
6575701983290446848
14455184603075749888
17298123444137263104
1286292774529274880
12299104121313605632
7288912845286122496
15041167535171440640
8373685894491278336
2062682982193533440
16898259890598989824
4141284795838973952
14413673237933762560
6705684638209767424
12707333357844752384
16224681382430210048
4402649501303397888
6329452845825176576
16317956446781786112
6492471471952552960
4956219693014221824
16019425069363294208
11492115267254251520
13141306876251500544
13262458142153539584
8971652961542125568
17665895588823547904
3168919081344840704
2406880706354702848
10330680489274857472
1056256727945529984
10526242349737392128
1229560163335332096
11221068328773013504
8631030716299389952
18047303568851808256
17179700799096088576
11218994933275203584
7754351278409826304
17249505957433600000
1601743797565851136
16539200504105056256
3210548250155977216
122325095643956608
16714794718622961664
16770066309495754752
1654355150109432576
12804145744091299840
18096775790920253440
13375549896538380288
8443237891128181760
9987017043691458560
4957458479439967232
12715892597649707008
15051752810745976832
11246771005224028160
13698940267258693632
1896338326493007104
4287262462032401920
1130776875497979264
12826409399519504384
9332730711507499008
4556329432163566080
3244046427454377472
341364682693825600
13177611470572779520
1659770776599343872
6410060240027792384
11468786816408166400
8480022080532804608
6890075615668199424
7230868486495924224
5596655564303850496
17637013562223226880
17362843395297136640
8624276447059615744
6637466459527866368
8155615842111293440
6725655013560956928
18311261877494931456
3475612722748539392
12174374840688216064
4305264611947523584
17902479867186241536
6568893377709385728
674058566188790656
10553043911136104448
13544867420186425344
7352909723596651520
2952873805721474560
2836946297658776576
1439641483635767808
12098813173165719552
4427967091549733376
12925535890646401024
1314214575903805952
9602203639544088576
3577054636829674496
18298753297798035456
1755631055092413696
868677817514705536
9781360486908854272
9185150260935467008
18095230860409059328
6536824064771952640
17210092670543593472
13124924976061435904
5373459632977362944
1354941431283977472
10678398503078375424
10292134316629469184
6050009620965272576
17933475352354240512
1289030040454196992
16034386477249112064
17861594447238049792
13558963115570632704
15841935851170742272
13484590035320283136
250044015640101088
69685401992557120
2852686318610863616
12017537502361812992
5608124603431868416
2020623483423078400
4022579868837067776
5825870137306651648
17965938319449888768
5730042125306767360
1771795805385538816
16800028728186507264
9844634452930772992
3218898416083992576
7563228178659238912
15302418201923966976
14791808233873780736
14674401923832360960
15828542480606574592
8076684104541081600
14434444875466563584
6433669519813791744
839061113750117376
2610004836389751296
861654840045918080
7969047261496779776
11248098015169251328
1700326111556295936
12211477724989669376
14829226311033212928
9955751947212728320
14965235717046941696
14628145718721964032
9265061571366203392
10473578745806307328
14939550321581701120
14141707054866116608
14091748280667627520
14954252251307182080
4604459045530066944
8259870060368485376
6775110080568868864
13344339111711969280
14242323105077633024
4735000585885191168
6993561583600467968
813224185040838912
2152319142141894144
11170291853300801536
7220188945331463168
9134410224147834880
10951681056054108160
1860373670971491584
396097338955878080
2680504231350152704
5612385352584406016
17532633007318134784
11888086687561709568
17866364918488932352
8923951322403979264
1400409028000422400
12059164024429592576
4868299772023821312
1550948975117940736
15038754520901406720
6418724429744867328
12589555430188095488
5437543946628623360
2317201153976804864
11036516851858010112
13856889779533441024
16349892564018098176
5773525148062399488
12941520569736732672
13226183066601074688
18442580662142724096
10973410565559793664
5295892486392179712
5329008433112281088
14934319679581247488
6233327162932141056
7159904388176486400
13413241853500338176
10277277887357966336
15202113493873901568
3565460202294788096
7783266200794839040
14784563252764428288
14970150960033972224
3946507235881860096
4181026482629062144
3689397328993613312
16384401530264242176
3039021852658968064
8160623052787603456
1703744196777163776
3699991008385356800
2855036632488586752
3288859160780714496
1198769975938645248
13735603664792436736
16806479648057104384
16320482787354286080
18009968443126939648
1008353965550763520
10552312115886237696
16947473640134326272
658499210392887168
10823421780280174592
4472782779931487232
14631543681449394176
2887787265795547136
9764234933197735936
548171704204060416
1186782360704647424
11240687363638542336
8912178094742377472
10747592807445499904
2654714073110770176
5129994554762991616
1379253373189989376
8913623662218912768
10732390562580443136
9464275935407749120
6472488012233978880
2773697948945111040
10081715155475060736
11617051353575303168
7638102290888608768
15025820734356250624
718503932172185728
942606896246253952
7917656646795516928
2916792859398335488
17180149226762184704
7769345887685389312
2027242790460941056
392980104587738880
2774732305860437504
5250956752300145664
6057766440671921152
4625380999585777664
7104949612225468416
17105976138868768768
6150094924844581888
10433117585470838784
12830503755979462656
3837033115838080000
13930718778392659968
4596273599399946752
7557659549783133184
10106819444990988288
345993024513296832
5302284009778282496
1793233927326959616
14256664645526079488
12888511838279837696
8316984365919588352
739568758620985216
16861846458410153984
17402432787646380032
10522660167697795072
15570224688825004032
8524517150884982784
17224026930340583424
12963630704840212480
6805112722085702656
15739403449632813056
15241346768699580416
12389155013686464512
314658309829444928
12773466485668732928
12356738734946781184
16733114304030081024
12132796450879354880
3481122902270226432
5860873761840248832
10199487123806889984
8347809881944041472
11875195800014622720
14213867278840397824
4827326719215335424
9803439214896039936
7948735745640092672
18249724554211106816
11669062266790322176
4449604923163831296
15412711453792188416
5593271262275887104
2230563980979050240
9256136431388301312
17412682576447805440
9784621487829614592
16303522481699018752
3010495040779970048
17915089110658605056
2694469457137201664
14104694789305796608
1304784092534767616
182763815400810688
12574452936960090112
12665879066383742976
10381937588827598848
10075192775336607744
11528679516149008384
11438189832189440000
8810123396707682304
8748541061402619904
5156679446578098176
6211428102766072832
16984673371332966400
12988282060314695680
424231485386091968
18189455939347728384
16410526210967115776
13315968697735084032
9657379121127202816
1136272782237320704
2128425757470019584
16588536629158983680
17299978549368610816
14626772507729285120
9413003166818768896
13235127750142564352
12177589801387786240
7790559607176047616
1765172618355912960
6835432026478679040
1825842737315406592
16676347472485644288
1910271432700629248
14822378585580068864
7190057180968304640
18382546005560952832
4151470540039445504
13421485496311625728
6149285497346054144
12832478939429253120
6107184665808345088
13760530741920284672
15547176925320681472
14327286317891014656
5089298446911387648
14202258594182318080
4479881069993690112
10582593861340420096
10615066913799159808
4893716508922053632
8310717088592208896
5280583252356062208
16413539590776887296
12339262091266209792
3800465727529203712
9407502835004602368
1552887125983165696
2715297558450548224
13454646508594380800
14879880601851432960
5387557628388481024
7477379373441994752
11049286657949300736
14261843872023427072
6399575565513264128
11035268802859032576
4633618321387875328
6468725021476899840
14002487566925144064
17953998118771683328
15467352379221612544
16632051873424480256
8041599699378784256
14448785476353146880
18199773392978802688
6385279638172218368
3858018712159243264
16199155979439673344
17490547955626450944
15532432851637217280
155581406592915744
3230343564096002560
9257731620698894336
11313057499803650048
5674008205407835136
17442182155068092416
8433625647898508288
9453204719518521344
8045407511363999744
8122575411633803264
7310565163129433088
16616844211663742976
17724658425472364544
16277258224722382848
11402674720781899776
15588072655277219840
12898486524113946624
11692128158623129600
16108049125430394880
6985293106242194432
5069133176629539840
11438573321354280960
11478183957664841728
5868180022408653824
5171595880377844736
11722450345677789184
3967903660556327936
11071390604952391680
4209414993931057152
6209945080366941184
1916852812800735232
2546869904709273600
17264603774701703168
17495782234202378240
65789998133790648
16298527662004713472
16899950431867418624
12927930228049815552
17263779112297097216
12965661380353923072
100140465515391840
12872054506587940864
14442855977877915648
16161833636772980736
1659401612472562944
16913141765531541504
13233845000811192320
13635237189135177728
13828604457456375808
7629186757601409024
5468210346714562560
13779954101764700160
11363077829349853184
1729578183932527616
8765597109742457856
9962368586478393344
15307946733298571264
12348071367695372288
2654591033416665600
5641789915204661248
15180962978159568896
5206096635053879296
16846256366335141888
17248143491763388416
16279734527015378944
1020527841448414592
17362751001289857024
66260751903837200
3404929364749705216
14735848654330202112
18118412157616850944
3996378079241219072
5602704149911263232
10655385724530233344
9114080911747170304
50744753702295632
16077261810977550336
12426438944030273536
10851850631590471680
8090225977760566272
8468564435401752576
5550855859241526272
17077364893598164992
6243563550682097664
11420791486327754752
3883176383479237120
15030439510056982528
12711767437172193280
9728903728458526720
1520942237957932032
4781798489777082368
665007950005145216
12197314416063512576
11768274959715459072
4802244314021777408
271781806011131744
4888812323921430528
3727166693896157184
3270906430295054848
6553802158050912256
14310047139565457408
1775763472210713344
3598580294763613696
5724409149963637760
9417044453933166592
2420496153830759936
9172479235989052416
10484112770935869440
7870309084745059328
14069567939516276736
6658812246183081984
16434610484087635968
11511920352011962368
11861837979361697792
13591309634737403904
7053486824951377920
3824647457414541312
8995966167124467712
1937430008196908032
15891498917098344448
15102520829461227520
684765624416740224
10365611839807154176
6001304620281479168
13311471188761520128
11711709028414429184
18033207021755166720
17941241352816977920
16458269197831004160
6954550277451210752
14926148697997266944
17739251890718861312
1871904351508846080
8451165124225198080
16309092645447051264
9914619754254637056
7140530495937908736
8966943548144379904
446209867345107520
18308762263244056576
9612508709073989632
7229449086013997056
13191641303134808064
9674925816020404224
15373884632483223552
7568192765893074944
4814178232590650368
17597382403975133184
15717113382446174208
17743891990868619264
2033873185829975552
11615496792502945792
15922864990702229504
554883668473731904
2019649499163087616
14557453595311079424
6447485473873748992
3926408102633817600
17968153763455508480
13083308622602211328
5906163463437896704
6139933289703250944
9518947164115980288
9779257551139373056
7319974408332402688
2932572397407512576
17544608477091518464
4280183280029421056
3432722488324235264
8145716482722032640
17950131695308703744
8734256471707607040
15768225621461121024
16674373132459352064
18125770621606920192
16217880578389147648
7495562522777468928
2215363500971367168
4820377060184667136
11534822988963776512
12602158991737278464
10497249074706460672
1123698968146809728
2005928396581598720
15615919547927279616
8926772838506298368
4345652632308642816
6779242750637433
3651617298847104000
13513943735150741504
7712485877075177472
11745561220775696384
8939317889215601664
17603959875913121792
7827202935498522624
4834792697101646848
4082333129500236288
1576723821692700928
1741203100604133120
1976510294149335296
17830619745526587392
13447323019117623296
11320473054737899520
13389902828380358656
8662255003676437504
14403545404995022848
2969215047785367552
12851855850216972288
5447023737764584448
13429465506022973440
7216064556869481472
6921811149291285504
3789881916167607808
16995999305890015232
14678626743702650880
8140496335462427648
1179763559718350080
7329238179236903936
9591763932422496256
13933754642564966400
1215328325906364928
12679779383171532800
4859069468888626176
4357502981523132416
7127460418982770688
9315188637078910976
2663230585042862080
14453043040741007360
7955872489779697664
14412363689006041088
6996043459617453056
17383072635297765376
18033042927849359360
5159946156129825792
12167450390174738432
1127587822615626880
6451545286616503296
8302409938470346752
10305706520901662720
664873217208775296
399634235156373568
4274220610136750592
273525008652463296
6817642248967061504
15257466893519702016
4956428977491134464
4482263705383420928
15960837195142782976
5595811175370355712
524810900316017088
14510580466568660992
11497850547364321280
15806606822039613440
4527848360543115264
5605640977257767936
7207966995716876288
8961254880861315072
11012289978846513152
10656152749704984576
17206006895234605056
12196909955068981248
17567078484954550272
10357709958556964864
1102700337340666240
7872095577985986560
17313658627276820480
775780549690621568
6684123604949732352
9869275662965534720
3765269619150965760
2818982489809506816
15878844857804761088
16206782015566837760
3483218622630472704
16583894012445974528
15098114750263703552
17828661275952334848
843189154303502336
1065541111278865920
8497322925075622912
11422676322085857280
18446354396592381952
8002827355575616512
9051430483766043648
10122713593240225792
1129571464940263680
2981773694026982400
3024052248324283392
12466668814648780800
3126632976323343872
9617272144587372544
8467968033161077760
4759361308578852864
9073405589310518272
8978384942722548736
13485823607019847680
8251074381854406656
4215625385162774016
7421042230935857152
887683233432074112
4727517657845533696
13886601551326158848
6054795222261995520
5895025699370020864
5640360141125904384
212965832149202240
4404924713868528128
13174540533717866496
11276569704224081920
18370181267954053120
10449642869246601216
13899107784275507200
3123882179842938880
783576110659524352
15158263863607912448
17871369474778566656
9262019657683703808
5036785645917583360
9727741708957065216
13051603355010684928
16925422629970722816
4747568902807693312
16852023218912487424
2480721724906361344
16193835967332104192
1303476227431506944
498818656359706496
3672183881856328192
5433783083767542784
13546372086932588544
14718789997996939264
18440440218661646336
3148126154610821120
6790607648736143360
5196245395580044288
6688220151457305600
8491641666104767488
2403804012690206720
15078806996839305216
8977341370088854528
10930047933906348032
6222366601487195136
6935346795412764672
15253147879251642368
8372815476568669184
10948993589958066176
6212586713030052864
9599558328433809408
4359036927060348928
4748216672743847936
5617803750890277888
16400512441708376064
6221283877435305984
11730187765612896256
7019223783569141760
7842085903693672448
888645343745261312
15718552054906736640
7209115038083376128
17814977615311886336
18088885602964250624
6956970800910551040
10262453057414027264
1963739653794199296
13370306184007514112
13326923222704340992
18083583013192159232
14342182457310828544
4341507493631954944
11024208760217579520
15574588397799481344
11555480360092907520
17175234564828160000
9032725876941340672
5454630205755083776
5009160174971885568
3052331563805959168
17317945068018982912
17763576137534889984
658288799583002112
11631981000707151872
836617975498773120
14045020522532325376
6695379070820568064
17222152298516246528
15606885308245342208
18041167373437487104
7888819282182026240
9445009139697186816
7226962801666573312
517777479040078784
14475861143622105088
17132963385462398976
15196416280982433792
13705636588532830208
2865449609390363136
11054511619315511296
12759492912771137536
4475054309089886208
7914385806509484032
11701513692721068032
10724881463488294912
6048209401321474048
12549745829359460352
14147955898594996224
9290834482202826752
12943022172992825344
13469300432467021824
6678004535748705280
1909276535112115200
15367472688474269696
12058750830252935168
6564079574265310208
3521095827571695104
12169432658662703104
3404084765128764416
8304867407731806208
15518979516650504192
8819508867415304192
6089476494135486464
17625775659297120256
4457432791409770496
5214094377040311296
6692187204448675840
5602218459815638016
13520738486010742784
4665869270681359360
38282067410277904
13020994284503721984
13481383813930266624
1726436417779406848
15149782852360128512
7248561042752004096
8682056740183490560
10421889260830169088
7803711686265803776
5661467517018711040
11173720526116739072
16194755763564079104
16098575993901604864
4923792741763499008
9060798607958129664
13834081259891853312
5336448939730912256
277279517325697952
5527318361562954752
14495441795786334208
5422541875137238016
18220343354567847936
339437799737361856
13539694089266812928
1903791182579019264
9686233110890989568
11738995117632843776
9513120080736815104
13413228197614493696
1058056400077120768
8916439690537293824
15426303667201476608
1182915993878012672
6356354251569445888
10536204170314555392
17452018338092711936
5867278059655744512
254240828438352960
234142399824398784
7072646807276534784
3499800563442504704
9220750415743053824
10126833647032524800
17407407338521528320
17225797642590611456
5453076159368383488
15191748748503058432
14111444296462931968
1917434052759134720
10034929430598928384
11259958181870530560
6691813750268756992
1137899084028787200
12517286882358886400
3288392816966521856
1890971053380489984
13518063227895984128
9689072462327105536
3071229663445404672
8668132525862595584
18090360055741251584
83808741136691168
11669853020090587136
994433698236225536
8217055799776977920
12136195692318963712
17783977407793356800
7455112816853799936
14074855493945710592
7249852145366387712
16243883943784486912
3791036689831192576
6724821526989166592
13563897033831297024
18279619484273432576
845590635165744768
11993815036084948992
4869889921906940928
15025319338450704384
9863481536918233088
13335658705108463616
486923492590422720
9401286491304218624
274011441126796000
8370608250410833920
10250224599483432960
916940166867942784
7619459454827943936
13525878261819942912
15722212835907846144
17458194932801564672
13066705917924003840
15170803514621931520
536872827242961408
18262770259082067968
11096646786571446272
14582049378620438528
5370195509282173952
6836089582037315584
13485399624086519808
1950955921825270784
11139909571260264448
11709973013701386240
10809193790152284160
1885376525509456384
9889072491742939136
13414600026917935104
5600114196021570560
3370993240047621632
17677202959708833792
8159643420625230848
14331159057765857280
8198913875099529216
2280574408131061760
8961070342081300480
13836547285018626048
14271258747278966784
13515693914463275008
8595566407141745664
7544423275661517824
10039986301049675776
12370532716691683328
5941291798151456768
14353975339760371712
12649090970665566208
746157794052274560
7728502314693206016
14481111226667675648
12120751034571749376
14901574583038689280
700072498430249856
14596174040205899776
