14094707931725426688
11103496743387676672
13561880084358461440
2998784991205091840
12447470931567663104
8339888881132824576
5140869890627063808
1173514972523342336
14580916110359873536
5053484448107857920
3754687789181861888
3363739117293579264
4629729912039633920
6805745475728579584
13399289540839684096
18367265100455499776
6307031042327187456
12620070294347821056
17500220841748197376
175385023088895968
8354737919163298816
13158505768765440000
6023357807841900544
12253000313082419200
17023813208867645440
904162933576804608
2560867292269257216
12558960291335653376
14065736832721330176
4448842364725631488
12996042919532009472
17717496116187400192
13233348868149956608
4873749086252030976
13956170087746338816
15175397175348494336
18230104840539236352
5424093576357834752
6041486321955883008
9719618716422068224
3158443751869788672
13440329523652694016
16836782290734487552
17096096375465472000
2454287909125134848
7273126107584043008
772123146605580800
1956209630999373824
2774350579228484096
11188416236905582592
16945312935176562688
4998009856903461888
8335254698153858048
4255295872278360576
11864894671722563584
15435523018856169472
15805326032809095168
6264177409260547072
5862647394025250816
3759460946473584128
14932205075777630208
8409049433557873664
5602731191994286080
3904716468238508032
6700997414132078592
13465478039489828864
14853227253388029952
4662135249719385088
16779923325621620736
8934767913862798336
3705274117972647424
5936630283590478848
3873590580598439936
13230667860750888960
12368422985970978816
9639775274503948288
4683122031608731648
7655220554192627712
7524494590458966016
8751323762278439936
3775728909841826304
4208999437663586304
17665456133195960320
15702621633612480512
3591363131674862592
17917229956942262272
14187227456059793408
15276609351872860160
8030708825802260480
8097786715232782336
6681974008891353088
14939113742430054400
10608051778119686144
13901248550918350848
7049896960560907264
6508343403862702080
8889188451883187200
4434742066075800064
8856583965052220416
383821843444588992
18373000087503405056
1133017801843105664
7347920931607002112
12424644204079988736
5053102547593438208
10886866123607658496
14906896295897935872
2337703446366879744
335709839637741056
16201524410936356864
1153356215116285440
9433074533782464512
9222761718006227968
9373651707655827456
12140125032305307648
3906261434447259648
17971590151952893952
12338265764943439872
10547864392137256960
10532462094937620480
13252029255185063936
2817170048880616448
10999868664368115712
4162045177172282880
13767282152578486272
14925864191825098752
17705617400563986432
1587157493990204928
9500453909447047168
4823412110756900864
11510801341717995520
11202709360547522560
4381973830020759552
4467031658523069440
4704174077539562496
522927501489182016
17510045761978288128
15292440631439054848
4124088861135511040
18032957666786588672
12595948556555622400
4024472865875521536
1012998424582358784
1505379103545439744
16555576849290393600
450828827048435520
12171940906072659968
16118298100280659968
354757564015313600
13554769514774837248
6555670560561541120
3878666523462556160
14110391181000552448
15233016237790781440
3142543695560206336
6008833227899019264
7827716945845166080
5508099271198694400
9055143815180836864
2254097106845935360
17043665517918173184
1453719842840115968
10809245128425396224
11027875472481673216
3361138183499411456
17311794167743731712
9304094128620797952
4582336923823168000
4795196850799930368
17938845562260699136
13919806844304001024
9773566091486547968
1108775475463780992
11672100137974099968
14891547184781357056
3162114504395432960
3579601461779271168
2230247217784952576
13829172389049694208
3136936846807516672
5994533362625214464
4780946300937071616
8481304231484941312
12980568583572199424
10467358843179751424
13455774100286400512
3260800692264248320
14860730928105197568
8215181337948975104
13491682739892840448
13353691352277407744
11163889413973622784
8665319897576794112
9081670162310220800
8540881983586928640
1366122450506469120
15943127187801438208
11595522128381609984
3786700102533224960
12439013303235803136
8446656282005632000
10968603275257174016
1218137096824998912
6205433674577209344
3327728796365676544
758407383267847808
8372825883562820608
16446000604192731136
13270392813190825984
13272054157233545216
2481296662358816256
4098068647704080896
11159237115648219136
16791638493764323328
396756393168684352
17347515264509890560
215737937294535616
11869487836688574464
9125797248016066560
11591230385921181696
5468667383232799744
13084384854203422720
2268833136597477632
971453059060824960
18030421353068576768
18129329841032769536
16202892770895894528
5029229481181955072
11651489102803826688
6105217459193322496
7137123339524413440
8730273113813286912
4147387757397629952
1749966839508429312
17537341500072062976
4498285383911284224
16109524465702277120
7312788689040156672
17305412164528144384
14945865071097389056
4195129248643153408
12476123837766656000
537205071982348800
18203778478083338240
11937274304874532864
11190623711735726080
18155165998477758464
8136200704357855232
7362776115873747968
3919309833816720896
2466440925004262912
5996942104568022016
11687239737611161600
7753601660091724800
9862289745918318592
11441078412455899136
1633080319026692608
4074606388137577472
304291083364570112
2534228552357566976
4925476224733880320
18382125008514340864
18147374656164622336
12319083892663386112
7731980992373838848
15633102589176956928
17930170470386112512
13558105707261302784
14502143026733217792
5281712711265154048
8124295039464050688
5064915947457544192
14039350481393827840
15598567922647914
16901873337912225792
4470709068569379328
14093060823723960320
10448069882460190720
16101625343265517568
9588026198853726208
12499961749709139968
8007008289839578112
10096422602711584768
3138316567518278144
5765970156897198080
13807709583634814976
17514468188084271104
16997743237894889472
16892327745668042752
3927044148263994368
6414592730776802304
2679724188146125824
3906499503565036032
1683085965873751040
3651204626042707968
4045964858184901632
8663211132598523904
15928314196063451136
11608668508264073216
8784547413378467840
3078153332108478464
4235934509405168640
10325796888959791104
904074813946399488
9524644843467577344
18257400194733058048
3164576841245441024
12549937608529264640
6950411295477367808
4818838442660271104
8336630264378179584
17492049506073344000
13997001453741443072
14313547580275056640
8868025176010381312
11405408714025355264
3388390339048264704
14064134425369714688
1111956158229253120
8143117155284714496
3059735327062082048
9481526323981957120
14652996717633579008
1842977100318795008
9281082841264777216
1115636486554960256
11640308397874948096
7781172333217755136
8332673559420643328
314785814480465152
1649910951351010816
5427540576732426240
2863076997762593792
8492920437523349504
2246606462338301952
589720910405042944
1518280517930717696
16725253103463038976
14133708438423232512
1113607885842793216
6104977266866210816
12992466939123343360
10482442430016165888
6166846859806262272
15614066963325097984
4606660305233549312
13954181233665003520
2015922887835516672
17554090667757692928
7531506108626146304
1623228808822574592
10183393474892251136
15783128971425943552
3912588461341318656
16702488099436990464
8873036838739449856
14048077039027302400
6526681822330723328
9423615524945238016
3991029432149923328
10103360188621615104
7072501214948511744
15037851535035990016
13533431368527437824
17836482265622378496
2525982519933132288
6956785172552112128
15240988802500597760
13712887681781377024
8984505549985288192
8547562617834089472
17532433317828460544
15543327799007557632
15965209495847585792
12656288428505978880
10712890777098313728
17742467658830811136
17018808651763322880
13719593678977775616
13813871520539451392
8011021053375297536
17287017088682100736
16122854160275652608
13124455398067275776
10635978720127139840
13224832505577873408
15516733453661534208
862482556998548352
17034236447135584256
18387955162452541440
16761338704383074304
17160749248120504320
11409393814031921152
9919627188921913344
8886344233240860672
12584573771586783232
6358601221842230272
10372874544752115712
7550483415509131264
13143586497084510208
7023015903818084352
15665302122847313920
8356757672677000192
7802115310093264896
14428910101396123648
12693873154121785344
1334439533285541888
17256478448024629248
18430172299066015744
8218809883572423680
17096774448359362560
12430330128469925888
12570985020819369984
9951851771644831744
16361092562707425280
12167927051387973632
7545635042758673408
3723974829921357312
996866509807677824
5821141486554828800
10787479506309257216
5194242255929283584
16712491842783995904
12823552237114454016
14743130921714831360
3297385221703882240
9692261189116059648
10236227914241540096
13201341690843058176
2110222774368582912
98892141706865168
5558478926766066688
5816780821969748992
17685368046037735424
2805200056985954304
12856620396381052928
18031850241257107456
9091979365378562048
4049083824076348416
7223785448893128704
6774027065958917120
4534963334235883520
18352373110103130112
17859458418338291712
4915047055885726720
2656730237895657472
13010241068401000448
6012722763045359616
3698786683114922496
4245226975219469312
1200548404554406912
11648274229113131008
14936189206777055232
1906168987165465088
7227709160017987584
15358568740306372608
15502493579237515264
16318291354839158784
9959901342670481408
8780510995333441536
11428739839952517120
13735967730687004672
17369668518253758464
11222948991152185344
15627120875609845760
7099547179488594944
9922281870569390080
9125244401452941312
7329120796435649536
6652751679465422848
4356577086307513344
3965263449042828800
4955653751913197568
7264676867757283328
15471877239383867392
6616097109729360896
14294572802242793472
16209358265832212480
8279221590175951872
17213525954509432832
1270580074636577280
6772156211874921472
8129434100597644288
14830481685386602496
13785226334690908160
2554855093199009792
2181144524064388096
3597456885227518464
16558138918201903104
15671231588046159872
7360830728496121856
5172886845630324736
4752200777356740608
15795524044329576448
14568631867885914112
11389118040026251264
12264730743149246464
1871576467604770304
8548081450403903488
6011336280250484736
5929980809679344640
5075518608435308544
16600195294214092800
1817324601665397504
15784197023355377664
2286234406300431360
14896551622124879872
12872282126161950720
14861967709726130176
14648900889904754688
4685733224422896640
4587709408898036224
7482705750273652736
5528172264240757760
17295430572651601920
13584915016528623616
10306247382997817344
8819877346281856000
8607372896335803392
2637921675734796800
10668428130336839680
3904657666917350912
10902633383009968128
7044393906064506880
14533684196723003392
11363047352223762432
16322853760605112320
6220643402876343296
15817759588983103488
13373445597729169408
8169722142330981376
3294527666540677120
13901517312455964672
5514910626194170880
8195951721662905344
7413193354084415488
6419006197663705088
904862302797937024
11111799688196540416
5147625140240177152
8917429833189562368
3143610327665111040
16239361518852691968
1693917420039656960
10403256348854472704
1467063687382055680
15151308331581853696
9268361422125748224
7667055733534140416
12086479823314663424
17985416579572910080
8058126745886267392
12018797896518027264
8197890164920542208
8801064559975474176
13477503793821497344
7481853967556051968
1324423623067321856
14038623995885809664
18135545082540730368
6376544015825550336
8144919937577266176
1552176790102414592
14721600594652227584
3707435946057587200
12937398085353355264
9940705358189090816
17434117721525129216
9959524049659342848
3290166416276100096
6667255876967035904
1960721781746107136
15461685247508819968
12310657182167818240
6508149456412747776
16218724254302568448
14264109245505812480
8055150768972960768
12455766645329098752
16145666106313336832
15279270931936630784
5695480263701098496
2823901273651203072
11956415244676354048
939583095454158976
8677572650499999744
15222577063956635648
2626226753821750272
295950778099650880
11250235315220541440
5972324311901117440
12770274652887230464
3165747005957145088
5481386213038849024
10090688524065865728
3279423695555699712
10807532421692286976
17944589985174327296
3967376015555251200
11239417581806030848
8669670480631047168
6497531339025184768
16589781866774261760
13229723233375256576
4374810219174556160
66536768055332040
587277657343080320
9501683793379018752
15052253611972999168
1299207628311527680
14929472743894319104
12653914139351066624
14473353347447326720
1619602738110071296
4185285742046765056
13521268686443057152
14011823407279724544
3719338386792136192
17142868503507599360
13950315984222857216
13305050436015841280
10371805702856194048
3139539974345404928
691491260334139520
15789012770170433536
13668921258612117504
14617184892292067328
7672162273144586240
7849308111937755136
616905223720867328
3730401177973047296
18035761942488020992
6188459276790907904
3867516742963927040
13863963443109001216
16422417851692509184
11027424043625506816
15728371053664657408
6623627806763022336
14360317037672445952
7546297996992660480
5575448890792070144
16898817942428983296
11772481707940274176
11078146921284808704
17993444348346839040
5012307312138462208
2316909881712397312
2075740303515845632
15378822454453061632
14000671610099718144
9510007924561676288
15484752609233147904
18353632686884683776
16046503524759955456
16907607539572285440
2934202447876493312
16430256976575197184
7359754238309174272
2236366972574554368
15318978619895109632
3900683140710481408
185632237985198304
11297541929758652416
5302963008789093376
2539876347721370624
9312993154990731264
4769789668293939200
942649235209323008
656896598675435264
3968737873518455296
15392431728577818624
10345337448589352960
12868473913475061760
14401181279379079168
17610266002651021312
4432242751964707840
14992070735421925376
12696474113781614592
4978603185455517696
12110744899915634688
8166684420097359
7808648512330733568
1821071977312682240
15866824000106342400
13654606637121771520
830776595635595520
12624980482114648064
422411446360456384
11192133828763207680
1232391600457064192
1526945138909609728
7510436497036588032
11344386186966949888
5628223111437091840
18059786068083814400
5367696355532249088
10935527030720903168
6894420714542571520
5424796648810778624
4410096921447465984
11338939414100441088
11424146050991128576
9865862685725808640
5161452721693410304
9244518083415121920
14581444949242271744
6227925133852244992
13864039459738179584
15313848723292485632
6457706881361883136
6464087362856084480
14526025085921527808
5031295085907960832
1010750651772632320
2484990620996230144
18368749796176773120
5014526997975763968
1979048577167323136
5376668308409904128
14128156293561593856
10779593140412874752
7514977973885080576
86814120295333168
12193772144902012928
2240326069352647680
13419985571492388864
15563590482941403136
13764963967621894144
15077981211152588800
13721324315522330624
6860785482257848320
7802100982649104384
3873679208610848768
2426710954809101312
428813027881899200
6492130523389510656
4720199978253511680
13835099306732883968
2250117705726937088
16757261209614503936
6056816859886355456
4747856944393255936
7125847975627778048
10369405106994735104
17523987845643573248
8703121948231795712
2404856165450932224
13941979850022633472
17270444779619921920
13143051125562382336
4753512895790563328
13625656922713913344
9019736447721896960
8700635088731044864
3196429984426723840
5852043282686304256
18240595328629012480
13680681468022075392
16386974304022523904
3808175795787950080
5671454064377257984
3311648976826777600
17190162326704257024
15689810263056150528
7998393718981295104
15498923456719781888
6062923762569142272
8721107988732669952
7886172983474032640
6958595162785984512
11411712331057850368
16918871859346401280
10366277205115877376
945587881331060736
16058290452467732480
15304141898717120512
12288568746043054080
15888534256278329344
12812991407970443264
17975456422328526848
8826038885694423040
8823617449270994944
5818631613003777024
9857847361768593408
15645501923168137216
1941437475422698240
3604328308997716992
7988146586959145984
16702479624915568640
10043925541843294208
12681094817212856320
6204105701673516032
10874611709127917568
18334885774399928320
16803597294542112768
17197604371098191872
18429002086018981888
7801540803012809728
6922592035363768320
17698823289448376320
2835019217948718592
7381648650285764608
12110267330470512640
6103685888999665664
14364872666994067456
17580833478659471360
11683228685619038208
15890080330973474816
4799095869704105984
11787346715271532544
2168071127935607552
1177607046793094656
6878909886167379968
1033874549707041152
14006720577752377344
16728507479340986368
6766600432505653248
12039193667541231616
15825571171384489984
9634073724303749120
6996973726979683328
950184786943427968
12350501891294683136
16161116736145293312
8588140047099862016
7708446069390963712
13625651650250780672
1428668376274575104
16219052750308038656
16876367462539247616
2988707897003496960
14876794768039317504
2528303364502484992
12300449720754784256
11309286838611331072
7809055312335860736
12716660984661526528
9216355580651958272
1031584436385485952
1979776508346918144
16310362953353590784
17279739022309621760
17287081034957910016
2654487421164712960
11632426728830961664
10477645685237338112
919310210844477824
16435182244083951616
14037579465491531776
14015902647125895168
13912311634801295360
16034823399868139520
3716931488580386816
11286494471223068672
11100391542969856000
14508868577912502272
8338436632132562944
11553247724397363200
7571956215407805440
13982886904421423104
408703696920466304
8460905417604188160
10473253316818466816
13318397641284325376
8829381960089042944
1433092108854375424
9101908384229575680
5883938313217508352
13782531525984159744
17815674695396831232
1682836683376905728
15255520947065110528
3777190991726412288
11801727478108495872
7075339557873539072
16253321155307444224
3412175176812606976
17560003256824750080
17417955783869677568
17754977445675767808
5647752447798162432
4521616861703024640
11004087329859305472
790204120646361856
3518358297462897664
6000003810240635904
5503288980039940096
5194881849433198592
12040915814063599616
11985689426240595968
15872023027943567360
10200464495312175104
11410881172235999232
5937953606625324032
10977313513817643008
13742981137638148096
3773366580986227712
16054315366245945344
12558297323480629248
10938054465831614464
2197493773913325056
5116863372111000576
11832138097935220736
17080321950750752768
10842967094409873408
10576531294446067712
6891330633433213952
11990865992821491712
4563821155096241152
8176468110089954304
17360475524758693888
6369157168928759808
7084569090375766016
16902573796458862592
17709171937423708160
3817271859010358272
17762605371672489984
10372407335528972288
15595216882407335936
17522097719262593024
11588497935162005504
14572632699523115008
12974288372926261248
10321362890159583232
16291921495928545280
1137423314807585152
18160631293976098816
5802421413111255040
6923892887553295360
1154929243329257472
11418931831620155392
11697574736931885056
8018176650919194624
3381629178130532352
10708636025289216000
13056555922999052288
6636164596876997632
4491291995131714048
1139673184174840960
558974843745004096
17871710307949150208
3089842815990985728
10894124930396798976
10205458891473641472
11083044363492685824
11948661183024699392
2770615326116625920
16564220980916594688
13021085220708724736
10715262857106413568
11427970561112844288
6032250071174131712
7170396559395525632
748025764487270272
4134678508914776576
2083808972680982528
8562164325168211968
13925411474558089216
18072302430026919936
16724234709726353408
17165509636400988160
15765066142915223552
9847071669295095808
2868054886357372416
2095522271309181440
2597779755223193088
5662761058570839040
10590928982008872960
7576645800223227904
1821699354754082304
10920637224453310464
2382049018511367680
12846736384500924416
5189559549237915648
11078913071470100480
71562511239183752
285314073828005984
12549808062148624384
15979371917803042816
17085859446584504320
161011628430002528
15016448490903482368
5208169637396961280
12509522485480775680
17790530338314190848
16461319160427239424
10583802971089295360
4842834862475002880
456083926590219648
11899776648184301568
15259470561275013120
16094753489461102592
3529884176312650752
1013036773820259200
11506027632897015808
11351603150838667264
14122587083764652032
10407085406933069824
15438568403394195456
