11525220432358205440
7174332907991022592
17115044127215792128
124011276863324368
14317608163783331840
2145311793813785088
5045413075960169472
15795128545886517248
14023323471241754624
13562442528295999488
5745216584412573696
841629948194404352
12307280835075780608
11567499036510629888
14381251561151041536
914634309178279040
17944559126803064832
2636552015091504640
1975714387548111360
2302813915504277504
1972621275342672640
14110362257807405056
2113192362013708544
12848861770192140288
4723442520587660288
1906351933543588096
10778307906736271360
17326903151420676096
9932381401267261440
18133407797077508096
5157762569342214144
57464542976324688
10877070347521249280
13949529716519661568
6280168292908548096
9055434719453949952
11946148905073989632
12177165973159184384
3954722808992233472
13535807602991663104
13251619253785047040
13039504749974540288
6959289237467152384
9829361850070900736
3016437731766709760
8021403681365184512
4010772972688169984
4369800208570790912
17766143137482514432
16217639875313022976
5957887092161204224
12874349067578236928
13767811196384653312
4901111368018660352
14872157505555421184
6281883962514341888
8848387764157233152
10441273826282100736
12109485771962646528
13431330445956519936
17812673464794986496
12485448182214008832
12969887731660335104
11513634246124158976
11703346045637070848
15292135779556900864
12187323163188725760
17650873548883179520
11233055563745628160
8493883803900137472
6281819479716700160
4041433284165309952
4965052137592578048
9438707654247403520
10163620284342437888
17035235633366310912
11441387360806012928
9613567793072007168
4355109446164299264
11785127612107374592
12698844749405423616
12191443736949288960
8943039453042181120
8047444826617911296
6662641668614609920
4575995474005972480
15530157587353667584
5991907326595955712
16788493574337525760
4935369341651554304
8205161666217182208
6886565987013980160
14854616488881874944
6759838842103196672
15652507479126108160
6966504585954586624
10649098037889857536
3160961767696279040
15402178479718459392
83119214591040320
15827937345132627968
314925021040149056
6149635566404688896
5914896932112415744
15201531588744153088
13801496542743214080
13597262110077384704
9346126817094027264
15595570053493422080
11957653550777137152
4496356153384986112
13036706796940257280
2776474920993641472
18400573875060854784
13604717345275131904
390318169832668096
15406270164374937600
16816292428719646720
13673773676437338112
9217684039049913344
3017313373356780544
6272889687543818240
10923827354375860224
16104564269232691200
10202401031472513024
6677071833865164800
4274359135551810560
7733604828045100032
17401119357795284992
1740117791078196480
18246285117016256512
13582607991293392896
16419611010786379776
3562458190570077184
2743738991771761664
10148280743562813440
6006081263957188608
12581382507980273664
1710609938461103104
18138884840142647296
17684302993952081920
5315494880791169024
14758105064370468864
17500488585314330624
7453145024058420224
995727283524921472
2345266319834673152
13363560591124162560
502241245430084800
10629646183200710656
6798660554234997760
6195849583654012928
8186707480148990976
5244358196051033088
13103054104620275712
5623902170260050944
6651816332625254400
17009811813804181504
5384954533157349376
5187703613048891392
1521122503208458240
14279165552835168256
17482232722506289152
16705132239757758464
9203197680352854016
1826190503375889152
10702935146568486912
15518011448686004224
6637889190480429056
9360906994705025024
4910232941897664512
10798348088888006656
4885857913274401792
7235325686822336512
1004361618953986432
4723528226976691200
4782409850006097920
13130034477700343808
11740387386534111232
1974879773375481344
9302414754456070144
8826586808896287744
7014846939819610112
2540255071505634304
11867811971194202112
9443217728642631680
2585778045935817216
7631899599620800512
7616112552827092992
1768860008865635840
17296849506562396160
13934417867433357312
7993465903310582784
9944859831573133312
14271991129885507584
15339439424963571712
3260144212982700544
9746488862744750080
1940645102628468736
6584489930114476032
15768942005125935104
17884310264718532608
11643359345207275520
9268476642616467456
8877907097768855552
17897486631469565952
9380060013470799872
4080868961873663488
7906678292456638464
16360973605546532864
15927441842311274496
5425100114200866816
2447676423278440960
5019838167443576832
3622752629451424256
5876162635230974976
676285741902256640
10092110982729764864
8968872993297865728
18122295397171326976
12524249801060308992
16464013093476771840
18411314252522047488
599614367825304192
5425791432888291328
1523432395524454912
1252048704856614144
15481517073082787840
15529467662549639168
14175521050499799040
8911691725160955904
17429252174767124480
15816677517215453184
11454388886437660672
17695851989014468608
17843388877303980032
8814278251257163776
10581862044634159104
15108743635517571072
13240515576975015936
11237061643465328640
9383708218271098880
10280981582771019776
13469682941752197120
17738625689388228608
10023044866901303296
15873507623178592256
7692338008309046272
13857545758522007552
5861639940614700032
1738538826780193792
11514961463676274688
4044508787062138368
10454495668588546048
5163863729235143680
15913627689573011456
16183621576789712896
2901212765712718336
9115419996057448448
14103989129661650944
13626986477379753984
17343188726172362752
10321469269217800192
5966706044170823680
7230153226341641216
16331831282824609792
16889329423093092352
17118315573945757696
5772390132020822016
510074216582035328
199872268900775008
2990726821538179584
332609036241928128
9252059910781507584
3923409084032132608
12031792789067923456
2505063221445707776
17972866340377464832
13135694006866978816
5223530826752708608
8446965262284904448
3382872435789731840
11379118194386374656
8469835760100967424
11429154623444043776
13308439364426008576
1348689313448223488
9373328995025215488
10189633046128367616
8244330755183308800
5110718243748837376
18122469298842157056
17757594781437659136
14282586470349330432
7090178346260853760
12298665257188716544
6934782076508161024
5245647194945866752
6511118011527263232
14375101991960647680
9377244829466779648
13466552971420809216
11125423264387747840
5671895308785648640
7395571750859206656
4679967344541022208
15744620364179361792
8198800487485819904
5701892756169847808
15095229860510240768
2391536267798387200
3345612014078222848
6602515952742779904
18119559212132536320
11095229028557717504
14992524287555637248
17084085158422818816
6444459488216239104
806339603593439104
10717495566412253184
14979359967869042688
15264279168972255232
12596037689618575360
17491645049127471104
2759427977169730560
13883795901460000768
8911615254603032576
1332439499282893056
1268398379248274176
5911523308933072896
15992862097265620992
3944413799673268736
13204796309752442880
4065852890519080448
6357019175056050176
18039648809425215488
2520110664405065216
3459917319897257984
17979301644382582784
8981966397756402688
7348522753976006656
14273112811647879168
17253112428797630464
240960014244251104
6146540213309360128
4775965926046491648
10525391934528442368
8262718555063964672
399141858901209920
14588225627625000960
11916358770903963648
17555763752442570752
680384552693689088
12840071539141193728
11049901179308630016
13655730294119315456
7189241549044658176
16996419280138766336
15339754260705181696
9686921337660153856
5091487300437495808
134590385091222752
7862277472953074688
10064608792118347776
15656243886413623296
121504253257469616
2169380680820938496
14711419593579134976
12782701856449630208
1185307635832594688
11737571586429865984
16408689168690722816
17589167035058132992
15668934215387185152
9601235217564690432
12395803342682359808
10620982158527979520
15155664440086282240
17759033554880088064
1482319328215872000
10194567265306796032
8383994359727143936
11071815036471404544
4165050647862726144
1575255659670945280
15863636136270094336
16521266829079451648
8415932002274655232
14819048468481163264
8780223067993698304
11492954427448182784
9847789042046515200
8823971273165852672
549049276424677184
4687505951498811392
3518796671547344384
2125233730686470400
535364033519578688
38673591522028016
93454313983378640
15655753016264218624
12274446265922668544
1332021771479747328
7602631734245390336
8356654610114514944
11108648184132608000
10366960696892203008
10195222682975854592
12895147515800432640
3652916370434009088
13369741876657547264
2191099935164827392
9101173103642403840
15406272209560719360
14307157615288506368
17516869967159027712
11075495769770930176
13172347063180943360
8584594669504272384
561962043407961472
6080125121127665664
11498407137196521472
11179922943606751232
12031915811900704768
13520541669431670784
3664751076965663744
10141309596805314560
5839027823725840384
5012252496420022272
6551494568374241280
9165915623622642688
6446905574909885440
7158970428265763840
11731015467574849536
4339750074787614208
7143951425500200960
7960445751124805632
1131378516786216576
11732681672134219776
13000546669898371072
8560825329059047424
7173099872899192832
329165779522799360
1572361032585594880
3587942061934232064
10981082188937879552
5039297045626490880
16239519903317643264
15793008583224985600
10828036088351797248
5346576239940083712
36950590262948368
238078303635519808
12450398103727632384
9649853045928701952
4096637954854944768
10309485116441681920
8461857301267008512
7892214792588953600
60614585298954296
4771518085508742144
5252405791110401024
16870968286618705920
1213777360368997120
14226405103369201664
12968605473731319808
15267407729662687232
12998246017758924800
4725748775001909248
11811672485239613440
15061661901953744896
4187959475534237696
18395989150966073344
7173746097003628544
14029961861604720640
877423704171964800
17193477864925327360
4726960935947210752
3831781242433550336
14614635423197007872
845458521262790784
8868932095250577408
4080906915572623872
4955348944236680192
12213012689064601600
16038638652960632832
13062121268595705856
16801096012104519680
11425416430664073216
8748527962459468800
13899287180418189312
5890868189974738944
3166150452825295872
4342048028459486720
1209382876472803072
10123387618884347904
15547352531422087168
10017472186941876224
13862530825854179328
18307782722362755072
13972623796654075904
5685211694744890368
10213469589789650944
17944123043432992768
8926191081565577216
7099160694576703488
7686315168751773696
6581969966154107904
12937972856697919488
5553732289526868992
8883810501514159104
13469850054111334400
3917830501439968768
9433353117124747264
1515941056153179136
15147678867246501888
17057976358098876416
12530316008770902016
2073880420794248704
4227810408107244544
14880545311869253632
14567552326437689344
12003249089577398272
14628782376546134016
2756741763120147968
13690088272056111104
13662409929185232896
5288587770231402496
18115781550587729920
9084066958455336960
4667491130791808000
3270915347422581760
12054640365617813504
16668457851157737472
18226570349734791168
16905669146437443584
15768717606240161792
10428265511033016320
3357360386281909760
687345103587698688
11133343261600059392
12717512519466784768
13867413408040751104
14284988381658478592
16093456694066042880
3808185689391107072
366531332015005504
7449610329781239808
4422892205690279424
5468860976728922112
6490046727230987264
3032545562228146176
16462432870934306816
2630171712653522432
16599618150193274880
3715850370649730048
8425072255028020224
8945746048534411264
4220343000595233792
10712017452505120768
8907680191583427584
10847028798671323136
6715398273443873792
9314368921104281600
3039703467808927744
10604167225758238720
2547414863216697344
11360277883002009600
7038444299409574912
6248018816958510080
5904563467840126976
12029760618402734080
8917809603896374272
2521346330570332672
5686644769890089984
14623283050860564480
12237870318791612416
13763260276204042240
8451575388596634624
3511739612819662336
3682409531034094080
9585560931076276224
18053690438839265280
17131654533206366208
8003192184063899648
15861291836689129472
2853422928474395136
1550050104064950016
7034697046059301888
17619953146690746368
5588746571963643904
11710962309653286912
1019538453661738112
9845363806021877760
2440274468465279488
9768358364846118912
10606983307685768
14340657242290354176
7300822000431849472
10442939052829386752
11117654839458191360
7178195972808382464
3816311852254831616
14768912033609035776
12918065227880663040
8997930195834445824
13518881128195567616
15740785334810456064
8618599923909550080
10661877474751262720
5417968910536852480
10675030981866303488
3229738281686596608
12295269500485466112
6739176167855987712
8363703102936508416
15366251933334894592
4493043610164968960
12348764670721472512
11296468589196234752
4993967815413634048
12898645959610961920
9120348796729547776
2047996856544496640
15768738476520347648
1565597799481529088
15764431610672500736
5100450257545393152
17701768101258123264
426252973078624512
668187731876401536
17302134661209075712
3895849560902929408
18291997129435502592
15396576034119532544
3126210450188674560
14069570436637571072
14798591990448508928
11354205065927938048
7678914956940297216
9297260823834646528
7786046312722738176
9987104914649171968
2853681718133202432
8872995206507895808
2095705208779249408
15290121240922357760
1201075749649208576
11695399443707193344
8210070201146166272
11931695826322362368
4793649888664310784
11177875751176376320
2340294604575838208
5265110282400397312
1349321541000386304
5557532827675852800
10592538688759836672
6608951447627415552
5816455108660066304
16920753412980905984
16292695297612896256
17518129934268428288
930991278458555904
10503437627054039040
4141040222464946176
7293030296443509760
10343084379490811904
18063228603242786816
539468794673948416
14624455026299998208
5808716644090478592
9168467727672157184
15067012991933184000
9370895706764292096
1878394901790451456
11280809877438388224
2026687703195820288
11521423520948371456
17279410729916116992
15321763786060843008
15437179134466967552
16668287914127265792
14418929391633430528
8364338193091646464
8277496861891548160
15563970332350832640
13801705496530008064
10754739870435497984
10107684620576690176
15268815101561939968
9449042172834994176
989450872294258304
1049890740340372224
8145195328139664384
13675238408763166720
6919613642846628864
2316960776167042560
15263737816112453632
10183703645450500096
10689234694273984512
991426797969719936
7444213145423122432
18169666505859622912
9936925385349855232
1105455755708755456
6215523212004096000
12101293805203685376
4519718572414230016
12680476871552172032
13686296122166874112
14849934299153465344
11584786965722546176
10700009271128752128
10132611889618145280
5843191800291454976
14382937526986876928
11284552886239795200
6661277358174174208
9158027738190599168
12941547461720236032
5094561152517843968
8456670761753866240
5890215254304234496
4743241530520476672
6280236554820752384
7307114595627176960
728867075510811392
10060331186424274944
10313309770320449536
226692319558867552
14093434267841357824
11534291875889528832
12985945161628442624
4537487953845794816
16559003398995253248
15622402874855157760
10950425731358484480
15282669212445720576
15561517050752161792
16065554631635845120
8433308037740258304
10464390496711100416
125172586286596352
17247499611976337408
7913712470018397184
9250244408716017664
6227774584660347904
83185700202183040
16390459773170649088
16162034841415559168
11998763681056319488
11488521049731948544
8784598350908383232
5380714915836986368
272227991002060320
3216243330431320576
3771760220873729536
6464452792245866496
9993559589500788736
12453667725802489856
13387181761077346304
12229796340598413312
282724388411142880
4034080347799083008
4548488503914469888
4248296754858831872
16765763992113942528
10501246959240493056
9995303644518248448
9678041687740295168
4075399620654069248
390510056801699840
293687711175866752
14690305876232257536
16056021930886588416
5902299863862251520
7112533629167959040
1643773573036038144
5714669021780865024
9577229130164623360
17581472517984280576
4709805306156698624
11882926302650939392
17417725068702740480
4489689185025980928
4021047791035584000
9295599864807006208
17418197051161749504
5470343078398232576
1131462299751745280
17923948122937780224
13032873504833351680
5477290096908538880
17731304729122390016
13635688645989388288
8263501468933600256
2412100473696796672
16866733316105717760
7381161353704086528
4073439668234238464
8797293703971887104
11646578152006711296
7103814313861105664
6408807652813848576
4215365629296108032
2727926702005706240
383241036213945728
9699081057597171712
3477566572332552704
17165448200518752256
10001533119500310528
14404401610778640384
5250622251121214464
16539263916827883520
9489678806281916416
15734047576864495616
4652675637408002048
18057239211443900416
2982272930267627520
8878412320556778496
9739571295282030592
14337250996285095936
3389328116130244096
18146093633670508544
1024809147670692864
17934804891490396160
10997859913050130432
8593963182435066880
12507310847140552704
2357243869904838656
3735712357318143488
1476248556809835776
12625150057253398528
2978833031109076992
6951773338828937216
17908333743329845248
14481990350849298432
15888420802866098176
15888303776078409728
11869644308094855168
15814813878033248256
3013219926057465856
8827095109042902016
9841753621321482240
10252849835259680768
8797735191860892672
9194989093524243456
838996094719226496
2087712481183701760
4167977247473213440
14360474888176742400
8960546240812109824
4185593863173767168
10006005163173113856
1286126025917814272
1527807067555538432
9865627125226436608
14927979028038205440
11471802214348623872
4218026321657556992
1736231280800180736
12520856321203099648
9315221811586603008
6091106216960212992
5929492434447558656
11333385175964276736
1806289420807578368
12731251991402876928
15742058782962159616
10722005876352882688
785296629233678848
326497518460792768
10159683362900428800
13214621638025648128
10235247731798452224
13294326118771283968
940095713199238528
8071251538261568512
964614439800085248
17077609623470524416
13528546075034824704
16897630547233947648
4597657060448794624
11705823303338186752
5156456020940875776
5874055128946176000
8796575261047427072
11562853647390304256
13110372856718991360
2997300059622221824
16999568313258823680
1142024023383726720
7318800326584906752
3473958898591754240
1877776841304479488
8842746491961786368
17500800439950041088
13073108367845529600
15307159058449393664
983455062074833664
11311995666654902272
17017678766844833792
13829811021908011008
11891469827056037888
14693982381123647488
11446323433882695680
18337322825327730688
8142046272019181568
4902965560991253504
3757992109181472768
2394177815872731136
3879847215581755904
2027817978859512064
4508162535515332096
17301871874125543424
3022376676116912128
17433831197332129792
16143609386316621824
12546620858059399168
6799241792599262208
12809551110819092480
12121280713472405504
7254274013320845312
14482054494405490688
6920745954090008576
9411360603947622400
17195317557849188352
2918822922168226304
411623002067633920
17349452098160250880
15206496734219241472
14858256895359006720
12763897115727413248
4212278470641839104
9499434386211809280
13711252943496126464
15464817985434714112
14027908328507985920
18117896703640596480
1725526401792383744
4191790110781409792
4471663095191181312
9393932288649140224
8332977963959290880
13321261988081469440
6817402533954231296
5290236900535041024
3094540442439114752
3858499558419388928
14472706275322306560
13981091493841496064
4330619377284369408
825637838148667008
3257984194996043264
5607319080877533184
3767010973150042624
12408007705221681152
10400220081828388864
17252203481595752448
5038360707741033472
15261710042824030208
10719549306853957632
2117073206464631040
8535349077295213568
6778502884133786624
5299115391848614912
13168788180390762496
12772031289285687296
15009727636871720960
12646135734655084544
3626270371344531968
5194576290903059456
9622643712577951744
10788199031929094144
12417150891667347456
15915562490884507648
12843294887072702464
13991636255716595712
771965009479622144
8482385933677175808
16944009651054282752
12468917848595744768
3210027873712585216
2751307529762600448
10153324464926750720
7684947334014527488
12228181835848505344
1573047201010813952
10761467075994486784
8302811247926833152
9130391697637981184
12589644230108973056
17781411317974173696
10149199347936589824
2031773324438218240
16155636464166735872
1504101282569802496
13518834311642816512
15039929654450210816
