4519226799087971840
753027478760788992
612751287583388672
4393144539730284544
12014280821130608640
8000259522155038720
6382308126528425984
10272237064852156416
481523520424212416
3821714185836103168
7684322375125363712
7137087553777186816
6027249622262962176
14737975664187068416
421192938229580800
8835120479690509312
4261713898729524736
5497199668545404928
6697500937626132480
11981087656964419584
1788595270443185664
18118696218743107584
16118766216407609344
17144148862814965760
12838148654110048256
11122586003546232832
2838989941098020864
15610577799385806848
4879674628277445632
11867650713464258560
10031933630683099136
5827894288712274944
16696912410881769472
16557044695620648960
3275870518189337088
312811641148462848
7787641311732156416
16767672010924171264
18000661145342799872
943275319367565696
17467714565038288896
2542913221225558528
3711703461950145536
15654896897029482496
12264710936898861056
12119114196675743744
8881929063624294400
14579510392001101824
2448643909472365056
1065320010252641280
16982936028002625536
8123547231881782272
8804551749812104192
8481059036411573248
6258646602790532096
5664823627427618816
2545425617077611008
346244744206024704
17500755294621933568
12481046635138977792
12714048033197133824
16927362863284400128
11575949710711623680
17783406817522069504
1164193901293204736
804798450001100800
16605460927610347520
9970804989500616704
5872445858498713600
3068313311537284608
17204195388903249920
3687714446040442368
2827888448419380224
5622105672582815744
11067788748356044800
8134749137318623232
3810417891792484864
1947926758685380864
605710831131889536
12344722551428536320
11193474732922093568
18115956820105760768
14087319951819202560
15192633040747800576
18305399411421827072
15135771676892358656
18231838641430863872
12333320701430689792
15319084278397591552
3457685745180578816
8217708688326845440
95215748248253440
17765973350700410880
1489369767690574848
5693490621522138112
5744438352914770944
7001187322495529984
15117874225202542592
9750183696757202944
910758506390652416
16729091346264061952
13575317812216082432
16226607206290003968
16223074668018352128
16559289258886860800
9101299378932830208
1200012519452869888
4907552110235378688
15048014049558726656
17879264005027452928
3198890696752832512
9165725998014211072
6143798200414957568
673990123556015232
10404397491214596096
11915140549602437120
10543462334266212352
17158782630844020736
11295703400138745856
2632875567150889984
14694727049578416128
12021745906964434944
4099111996755745280
12305249638608558080
694012300274528384
12787115789805371392
17987038716095961088
6460682842252753920
2920287841402037760
2176286654098225152
15756032558550038528
14227715922965430272
12611361674280028160
1961815982363058944
18110212871818166272
13626134420141346816
8882343404579800064
3123824777258962432
10157194037221507072
14215008336387850240
4632211055354635264
2751347129148920832
7679517268061415424
3379705923284896256
16473312903650777088
18388071427481112576
3470253321243166720
14893209297588719616
2195951259813329664
13197790405641150464
18421939131535157248
9667508551163684864
12838681574540580864
1545055862013908992
9482412225806860288
18206030048627255296
11895479526122940416
17034840769100691456
4159253340730436608
14907629645658990592
15178646176048926720
3124122222693859840
16277568238974941184
9368075637970468864
8064880907436130304
5404784270666488832
11598060960742823936
5004767929018887168
10446649041104199680
3389518618544919040
2867033825992261120
5223467309942507520
11926557586251343872
1950995564405187328
4219655592491758592
17223879597637718016
12061906230639419392
5834379139145318400
15085400748768055296
7347065652728440832
10019192363876415488
6658192095563622400
2422516536992646656
15828078242470752256
5529771926410536960
6809068376951127040
9617810157551732736
16813900319861950464
3093457737591708160
16296281009493825536
6478418381464679424
16566201335080869888
14805128087029032960
7788065991169575936
9226154711920801792
12886988304359309312
17325772631039531008
3460542704452623360
11980454958655893504
681564161121916032
14324039214696232960
6332776712575533056
5056623719182675968
14062115976133625856
4213776259990073856
14402862100348692480
13177017176325883904
6617875806311641088
16991884721490624512
9410595745653772288
2376195691224230400
1997455973215973632
6416344538925115392
13534884927610968064
15630299993189060608
5799748537232531456
16754194893479022592
14934481322267338752
4786625888902164480
17288949598793820160
11790638664104732672
7917883353744588800
12388885509288654848
4804410209779573760
9279529046501140480
11031122631204100096
11609195577161379840
10221452327766315008
2663485330246219776
5426367363290000384
17076847985123874816
7934119568500081664
293263955375795776
17338676138694963200
14730277820624994304
6404607161574840320
16848186564690714624
100756529828346304
10170036660547964928
15645755867793539072
15418552678959525888
5283462752637835264
16546696690183131136
11449258565373648896
17018858540746295296
4514984267686963200
11976215535835799552
14000856685161975808
3806125841258010624
3670338955372308992
15246103584313280512
4232609087835478528
16501863092135737344
14755504400976271360
8210523761702895616
17673724525832900608
11113695772888231936
15210448738851743744
12091977725373231104
14500690651305590784
13635523739744800768
16516486535255877632
5578596742042939392
6482600461862283264
2538097283804702720
16515344041315424256
5955903223073559552
16050130594395260928
46424004326910136
14758366691825487872
18193686148315365376
16917941673769211904
3131790636279871488
14269114382242189312
12512327830070857728
13034511655677923328
10326802076421132288
2308793912097777664
2463352565795271168
12974542959907878912
11721333561242456064
2693381590186578944
3605056685772916736
13231069865371500544
17965845788594110464
8910289846838450176
5590021185596361728
8648111388307232768
191737959593609088
10744044207283312640
11294380820489529344
16419119276053127168
10004993662433435648
13511402539954835456
16216113887556765696
11838382900580638720
6021407821704516608
4071278048474631680
4258525133150201344
9170609875763522560
9685288844801056768
12098750629591971840
1601557888448205824
545537782400154624
6402842250319575040
5948366210254175232
11525291565098272768
11469343777233772544
4365757038025068544
4397908042792197120
14014719465285351424
79627626180764096
13053279380114808832
16084124133474000896
5667097475484705792
7027247808032389120
15227722007743520768
9736187529721595904
3119689392097683456
7879779879266552832
5408355411404798976
5445007242316711936
7442074068122407936
15326830266171410432
9144990681993216000
1216097050858236160
7849400513461515264
8028302696315624448
13459323340651864064
7605005958263331840
16116879849574522880
11561155734978320384
6995801779963906048
231116151408181344
11115820498264440832
16850687450150354944
1474988580902186240
10009572538718994432
15655177246433642496
8341759757540354048
4242374205215652864
6437352591451613184
15573960851619618816
503001914069425664
9735990583678849024
15165267951138832384
8390345364295325696
17568751436652705792
18088841885439860736
9043436001680463872
14718588411831949312
1871095621700204288
5830993654386519040
14389072257846089728
1171240082361677312
10928821969237583872
13773057864582367232
17240440402504912896
17905678620446928896
9950556584185012224
9652993882187053056
14779005695069626368
630941984253583616
7492185139046749184
17462105446475851776
12378087653744373760
13606944293554962432
13223683377122945024
9220517966391462912
3056507885478799360
16385111111228684288
5448071196277668864
16501222248834740224
10524704781623783424
15966160833944502272
16556554402338525184
16931075575589371904
10666891304167094272
10385489845173792768
11555891035486451712
12541521088515618816
6005462610138210304
15719581399676524544
6277915542514881536
9530136282914801664
5709439679917009920
8277534629774143488
4657680665793460224
2373083584456142336
16571073122211205120
17539728601503047680
6886185667603297280
3432034529516683264
10991247047253491712
3510094683028958720
11837552840610033664
6419817859822065664
8047426573249095680
17001344109941262336
15481465171030351872
9496042825688741888
12987280852298076160
14004557574376939520
9780396052900661248
17262331543625086976
7151263956535721984
13172842568134326272
4571112973324101120
5329556087359297536
14181733638992017408
15722330585631537152
8884590853942148096
13021105632157210624
18325669541495367680
3581996964125617152
9673695986650384384
16465518386991509504
15289825822600855552
15605368944002420736
1356787865246362624
11467338487999969280
6165622197100216320
5950250639370547200
3080668432728922624
14962429286858104832
9482856426694864896
757200741307235328
10542117446664634368
3188081060350780416
3672413904718757376
7920321323922528256
8321687921883181056
11264330202709045248
13656624674210951168
10805891290196043776
9535308546425837568
7374442741593543680
13370909639570122752
5781005258631103488
3264521975991600640
3551355395802210304
2413508915562404864
8617286674891192320
9824720733707782144
2378558524800458240
17471625528628131840
884315404958631424
6411833722780939264
4763262622453940224
16794292614391502848
15730229144268140544
9592074744660076544
12939589044652849152
9039047727960009728
11650155536329918464
6497036442106935296
14189936793401346048
11997900827829149696
16206735616127356928
16730242301181870080
10381797099676999680
1385573868450333952
7283497188775257088
6480011470394836992
10465231623256233984
16808426702239229952
551309521645569856
7113320059490803712
3934508282978660352
15802770707656562688
7133195687986936832
2222736366820603136
9036530980339664896
3270720353670599168
11129441387620915200
5984220028358334464
11568479088129259520
14688682089299279872
11206289752951128064
11374522390268094464
9323377870303543296
661263163589675392
5417221711389212672
3241736546224370688
16935467737445181440
10640795686509654016
11314224187924049920
9259123250441560064
906093308145280128
12186914601670590464
4350931644825687552
4495959388952346624
7928189769447048192
5454797587849778176
10299658467490181120
14143121802386528256
6016741520724211712
14810215987302324224
17995763535169513472
4081349447069281280
9501493974298843136
841008625378013568
14337694971398846464
3039252099554156544
11915566049302046720
7344422365576327168
2189734016765338880
17132599227112091648
2420575728889200640
15546112159715166208
327624873824210304
10843470189404534784
15617740362515480576
1272961721148951552
14332151063048204288
3566224985312145408
13817752911716177920
3324870027678233600
5646046043989708800
13007757343505596416
366947158993229760
13011147503857946624
9146703554943060992
15911879756133216256
11766123191460853760
10575641330581229568
14648204514217101312
15934625346066405376
6538195379357899776
18295736593852606464
11168520090464325632
8132771240734097408
4851062830432630784
3676102525516835328
3941722543876816384
5721923476512927744
17265922816910837760
6271828030079678464
3791277325403520000
10477681707230324736
4504408676336351232
15156063507516817408
14128994803386894336
17209476610542680064
439915577685145472
15298092443853180928
5294280419492186112
11138123720677902336
8481902134807288832
402796183873223360
14870655490991241216
6822368780309649408
40991333573498640
12283683447588583424
10838622722159499264
3454300100173883392
6887797260088399872
15056877360097136640
18300266814304241664
10694263036632643584
621995162791184896
11829636394561693696
6966886008883693568
9448735760801691648
17076827457330282496
10434259699707004928
10277439822443919360
5885583410106254336
4869368381995936768
3490015713564371456
7323162660494898176
3733524776255845888
8928132372862089216
16324921801735753728
16127860131921960960
9351871354624768000
10082933631222968320
16071647671380768768
800828063208057600
16490531129194516480
9519943836473696256
17153607024310372352
5383687246812571648
4477416361935606272
2317142316548978688
3406545331449098752
1741209343082928896
246794523141824384
4381093778951686144
11069427380821495808
9500545187858180096
4720822841131627520
11059518679862607872
8792960115939476480
2742875339495266816
18132636837839595520
2405808000300131840
4620969213510174720
10322283509644744704
13724223554620315648
384452962443547264
348532320259804480
13310097324973205504
4512121495202122752
8051894902467761152
3368429685910689792
12563889295113250816
3117632173244726272
5307329313030650880
13200870685545586688
4734432754301351936
4880731668200549376
1591911256002718464
16959579299482654720
4170017711029819904
6622992310954562560
15691508836371814400
10382069583812399104
7795000867625588736
14325944237959452672
2026847905900002560
7465576857637363712
10002479478342746112
12360427935741036544
8132189122838467584
7936979332506402816
665071280938366720
17647216374698930176
7271637800763270144
11349843908691570688
2357505201793779712
7275108181698153472
290366433100800000
1563499527273013248
16512291411594172416
13081224647892944896
12041157112958687232
16524569823727605760
5825428464406157312
11060023719664875520
14571076316228485120
5204580968306525184
8131765093734556672
8521379007695866880
6179960505709144064
6790644455435223040
16142818379486939136
4539299310351089664
11349864568816404480
14190782095987587072
3909486298410421760
11775974342467407872
9145865856936560640
11335678769228482560
483990082623961792
15960162807028566016
8290243408332418048
18233630698959405056
1307329480620343552
15948366941565378560
4546221991548191232
9711653289666000896
1988520838756562944
15994839810931281920
2618439481209405440
14462007141548816384
7467552057914113024
6763991214201442304
11104239931077654528
15082023498640412672
7606012082417764352
9501825594503862272
1783547163205007104
5039103790885185536
5323646720567396352
16602189005057261568
7783717873096184832
4499994925157809664
6237921504621687808
5585391123729760256
4294298803439825920
14093991998901673984
4202983076557830656
4609177900876020224
1535573783502965248
15837941419998705664
13895089372841689088
12066030839518124032
7562185885546818560
14075952120411355136
648667849758574592
18049084899982229504
16218802769087830016
8663966235897221120
18246722130675154944
14517702167494115328
17904745473733152768
13037645765614288896
3623976027455639552
10384363561554456576
13117287030043588608
9868750319518916608
7694497384599291904
14615312652616667136
12405242916985712640
8627520298085218304
13911114898556616704
9056237909957346304
7744981351770022912
1714642320498344448
4720387118423940096
5200636884831517696
12574449017204611072
2381920184319769088
8452436407755157504
4628994016120639488
17038913793967247360
5980706894778242048
6118031676445694976
768147991507549568
13749170017658550272
6918354984231955456
4468327996548748800
15698862101967343616
16653915322385149952
11205824132121399296
2459112901757811200
13494066856278956032
6587007249480178688
10551410976178139136
4018942710662248960
1002044827744663040
17263750626766028800
9326989770572396544
10081990040183980032
6428698799581817856
6516368798108860416
9228370729025077248
5725973416425380864
1534551087997698304
17663694069780029440
2903685366531403776
8412038352533843968
9014007314960219136
3633008737002188800
16560061835880396800
16392711726229041152
16174857708668860416
17622215928556539904
2785610257011353600
2390371297503264256
1856527524220210944
5419708294470277120
1380302405915466240
12331717095721123840
10624023205417988096
6907349600794832896
11980588164731224064
14970344080555018240
14218499159031908352
16853251145015097344
7360942832742052864
8107580698488930304
18129747209555996672
12241143207089803264
6897461356864140288
5723940222624135168
10154445193592047616
6725277994594868224
11026179796147963904
8328309309275081728
9392091150003636224
9925603381614772224
888662191511521024
10614962409399949312
684948833898037632
1437135095717175296
12619581940496846848
8473221080513310720
4958672034750351360
455359920057525952
12630784848732876800
12169584989310947328
14341200144132954112
9064313610871176192
15739049404283623424
3818328796150886912
6067368719904909312
12882996350492921856
429269441164178048
15187994061908318208
10846062460369244160
10839357104098920448
11279454841654644736
10340314009628006400
17469656522732126208
2512516468378482688
1620841567588146944
4779957046090195968
5371731507733525504
841161290401629824
17825120216699564032
14310203528683055104
17204542652609478656
4909122636305417216
7430816331024794624
5906003047950940160
15742244113761275904
13600487873624332288
7353943958423186432
3070998541353063424
4842595773688182784
11143039372081256448
8833334287218837504
17793209367018860544
4202323581153052672
6665542831573682176
8229289874335377408
3510898574891020800
4510054783110877696
15618635532351356928
6426715084812147712
15188568123312568320
8287494893303940096
3807543910288174592
6040029886702980096
5245203568261118976
8790408690374503424
8227950719138842624
13497200282563203072
8271898515709276160
3734089768127552512
18392406354551343104
8411018168475399168
7346409882080742400
11020342755451355136
8486733747354348544
14341248472840298496
13476059154040950784
4042564582313296896
11844006065223514112
1945963623217152256
17409224541937944576
13665825024280174592
4533119720101228544
6284788887092134912
16724284889876959232
3412184681845787136
11211786740275656704
5819974482251094016
10052455489753450496
6245664264214735872
4583434796837051904
9442268414334425088
4564030160284639232
10631472881153157120
5565170915541786624
14097673450584649728
16249168344154740736
2804960571836432896
499402180225521792
1937551128514641664
375594544777539392
7604366884746330112
12118610861739462656
13687890472352559104
7777440328698270720
14939201225561047040
486733833973268480
7642788776523961344
1573926901153434624
18267555810130999296
2215707936452493824
10650259763485044736
10594309262418685952
7375483445036745728
15410289421580867584
10967292065993377792
13812815592874393600
17395909190092492800
14122393632942669824
14038901939172288512
18412881136704595968
3129108860337582080
11148690485763698688
4202079563601424384
9866364271952076800
14528068368977950720
4302732131148684288
12551076236230668288
10419927051181920256
15059729277070161920
12324463637598775296
18312145869497800704
3323498055302773760
15283950876461697024
13742516683563986944
15394230482031108096
15138218585442887680
7914334329555207168
12388987705812054016
804950620891892352
13917560467898402816
12241249650711269376
167713089417089536
13576782226385764352
16016346729189498880
11108691649441904640
13574629201094301696
12135410869900165120
8562540102566050816
6699889569793509376
14742705498472382464
12946905000861984768
15669047726334134272
15255374727495991296
6819141263804452864
12951924940456763392
18354979871288473600
14429193388529092608
7432830821554213888
1575356764883939584
6384977344872095744
5091611138231943168
9493833672392146944
9919554005318526976
3184837205631898112
14177824883976695808
11434579175688552448
6756628079850722304
18198078981516052480
16599097375357474816
9051610911152514048
17337271049447731200
1168051475887733760
15805050457310310400
9735125678883272704
11640631540330117120
9865447983368009728
63685166419601224
3293622052354160640
17291777321696552960
14458812345582166016
15336257573502685184
12415150901321398272
13255941778664620032
14565334019681058816
4691248795280918528
8965342881126436864
6766277436318554112
6187461997732178944
3738590119113880064
14940660614796138496
2965019045553468416
10974106985928019968
12855861566493859840
7367398480807413760
1493340908639814400
1484935694593135360
10077463446564886528
11970336330726121472
12646894254183589888
12522059107924996096
3617824086137917440
8492807176996585472
10679577116499109888
8951433671026221056
13629395673543962624
8643654996770227200
2099987004107399168
805412964074798848
43137316393162824
3895974922328196096
12044072124098652160
446193574977302208
13400924039193751552
14565409442555740160
11639787011688617984
5300465148180720640
17241500529444235264
16575111080951707648
5163111937162910720
1247423322443706880
16271417682360389632
10589645282400387072
2452316404038038528
16721259179751075840
3022528788835906560
8266311267001349120
1976597068935144192
17700752784420481024
5192182786613707776
3712639939719331328
1043147716028989824
9159953415741348864
6823466618019994624
15026410405201526784
17452537377442312192
11537931894801070080
11389125236094519296
