12213412196646598656
13934327722465144832
3937368768411723264
4654983498366014464
5741081633964721152
2211339094413703424
16252054820965289984
7373437456762976256
18133758271633729536
18293679007852034048
11798868304730980352
11378700599640504320
2121302669415952640
7930307175622277120
9839035964352462848
9036600632152969216
10841195806700048384
6992373414066408448
2229525415156441856
13268359971713894400
16887732522155472896
16169615446591178752
9819523910402394112
2589489450497236992
9961578043561568256
11523410278342344704
1435281009194572032
14536430904875008000
693835443416022784
14391953978915809280
3206531197119861760
14799517110687973376
2176855661068171520
4620109764850364416
11838815687516174336
4973353603032330240
7271820731355368448
2325501728687052800
6687504436003631104
11562369050610518016
12036124078705741824
11849126717098311680
1444550809924946432
7417082390544239616
856823830214934272
15888044791995914240
9982742722082271232
6219770773560882176
10466026999445534720
17898216413716051968
5136934975030677504
1671815471290537984
10254550523662487552
14120722184075907072
3460377709604033024
4068901539803096576
6975675229882036224
7521546827131237376
9470402838807040000
16757752277062903808
15601021525134172160
4270319028936713216
1330148435713134080
1026701164865386368
1606013493625984768
11962955451133663232
1182982403663068416
11167075767822548992
2032146698128370688
5038815246987170816
10212041417671307264
13136421858164088832
8358883913284256768
6144501310900545536
126664911568213344
2096902616244360960
4475006172909180928
18070966148467206144
1021660685905115136
11216672978684628992
10473763332906006528
10237650182656307200
13898172647474714624
11491059751798564864
2257735003142774784
15666335577508028416
682578654434187392
7434963267377710080
6351571562287606784
7667407956689300480
877045413598895872
8175095270281982976
10660595487323652096
11735922005786755072
7775242990102494208
2809454853587517440
1977327557441950976
14399158058915983360
17629981230541613056
16121212130971785216
3053813122745431040
13759562842565140480
119250916899262384
12802100306747146240
17463809795371593728
2705677388899554816
18018766427248932864
8903444365749189632
15248624845464692736
18108806646032025600
15807726516461895680
7241031936520180736
5989533147819324416
13077508224842481664
17608009465387862016
11425730128886992896
7416054235778605056
17998299120979849216
5729414151058038784
5514232518073178112
10122066325400860672
7143659234590693376
4905630802201195520
6687070764905565184
4203543660873690112
8536725124081673216
6890203086904458240
6001049104127334400
17335285003734392832
16534786256703154176
12609255862294581248
8256126221938076672
11206782082375753728
2812767709245755392
16622321677353572352
1001142661068003456
10178549553227890688
18047024300597194752
11085919304657125376
12971536691497041920
8929778508053435392
15145472962473725952
4087826038038154240
11134116110624526336
10900380489183711232
11278210501260531712
7909581919793859584
4537267447653634560
15367252267517063168
9777332362602803200
12903699228760864768
9147065936015779840
7858278304386914304
1475997145310241536
9472397701816895488
6246325066385328128
7178850327876155392
14175930357100619776
5493401632360987648
1413354826154024704
2939791309612522496
17088002178835460096
15846042990505359360
7263606877055661056
10325806362825007104
12540172274056710144
5956227475878839296
3454991668982991872
10310022299630979072
10788255687669727232
1303296979475605248
1590869881106139648
6064655082893854720
11151603337440090112
10478933996416307200
6909983833337577472
4677446651493282816
10953132932043270144
8125718077799265280
14513437911369527296
15706451823344177152
2281002732120927488
18126761799998937088
12641551427161892864
14243213967663882240
15781597037384308736
9965015569287356416
2683680820090254336
448059387635951360
9095846231062802432
17342080810198603776
5567552214886040576
17929552814101041152
7023925202221510656
11646761242878400512
18021919951673806848
8353550296801460224
7454923685304998912
12932168071096809472
12543087872714776576
1308208301497008128
7293943819573016576
14837476969036437504
5379413859495570432
7029225041545531392
3120252458074483200
16238609268963287040
13636391038049910784
13163574906140463104
3443376476632095232
18281780909728346112
12770902627582631936
11829847197001996288
17266946005922140160
17070764442935552000
10094699721507153920
16251886427937640448
3929407773719332352
123489059678135872
9449035519011840000
4832320320641761280
9037467497364517888
1130423553979464064
10546085645181908992
15971873769273243648
8798452710097360896
9522027226278680576
2799905745172764672
1768460519291817472
16449877842644254720
3271667392859575808
9347506238579331072
7247739439914509312
6443722701200869376
12453521174522451968
918938190714661632
15318816877214599168
14993832368627474432
10549522984556978176
9807315616960116736
6549837979688514560
14336473823051954176
17458238944621006848
11971362913951549440
11507671793743212544
17379846205326860288
10654196203405375488
2707172479466444800
3100962372937227776
12470882705898911744
16188614355277056000
10667827014587101184
3728781758733482496
13923073194567954432
12464107310239137792
10254771072862824448
10890910941449717760
16551269665834463232
3822087709227815936
13740481234093723648
15790130021833390080
18262493654483369984
17664514134819530752
13082300524864362496
5176064919431876608
10471528018494130176
4495894780970212864
14425098469017274368
10524627936487927808
15744093044470124544
12368416328210606080
7829134509107785728
10813864890533277696
11235249148611485696
16754194158286471168
12265254175608715264
15268257443786991616
13098641327274280960
6367540936607489024
10483214364854935552
3404810937168171008
9090098125481948160
7891524381603404800
14391382941739524096
1665161941676113152
5255299755755702272
10488757781937627136
12365561467564417024
13333039254325016576
15071375018001582080
1396088812703701504
7856790551452798976
16838830696778170368
14372609051245518848
7529631482910066688
1892039589306928384
6394226129986696192
2733844356944734208
7524216603573835776
16084179502121197568
531966830022803904
7206707883555537920
2396359056462136320
6768736182912707584
2304049941132562432
16192949743667150848
2528223046537363968
16403057177861783552
18063120893008646144
3138002333671946752
671543340130594304
15558571759119196160
14005975019889684480
14433272561147086848
3052933177743040512
13803201280480940032
11027193964270245888
1215927050480397568
9600884029436712960
12267588767863128064
13457009289736908800
8343608244266188800
17000122505016881152
2114114907410493952
6590421815121184768
10738945703376869376
2910113648021277696
6958970226836580352
17836291852442791936
7645921699106953216
15154727776602597376
2612980099719658496
12934464220080873472
7037466218441742336
6788616938688943104
8106848244579240960
12889593493061240832
2896377079973705728
6492829475501625344
4737375800303020032
591127361975982592
3417759438762726400
4801333291285531648
12099441910681751552
14420817092342183936
8709479251775915008
12523633211109435392
18246831588786302976
15296995826170224640
11342078907446427648
17313307253634473984
12032019769552609280
11218797575621543936
5244444594080271360
16681128489035644928
16899228117550764032
965392565201240704
11021194464221347840
16832286929187721216
10773940324500801536
17421101743406936064
16982758689576650752
16235685208259915776
17574545152256819200
3069784597401747456
1494796070739965696
16253970555321468928
6265285931545645056
4544264863594989568
2927356361352737280
15538741361443745792
15413746771650496512
15430694613326901248
6600425173255526400
10830422450370959360
2512124599066246144
18407285286250772480
10530437025558915072
8050737603492971520
12799059073816424448
4734321587189646336
12907150489166481408
11997088528217184256
4121890842130010624
18384986194757570560
6150792802935087104
8146722526117157888
7404179847555486720
15475870581233137664
4181620337448543232
16670213948310556672
17229609816474007552
13949968948726325248
1426971809643409664
1804833981966400256
7672508528514969600
4656282497082206208
14749386426542161920
7616095169630440448
4843727207615348736
16300630646202664960
984764319396461824
5439654390362176512
16386382095207032832
17026362249060401152
6948832978690416640
10122748487728488448
1933088860061030912
13654856256065415168
14921966625987000320
3422295330640263168
13939981344447623168
16683279116962836480
11133073802896084992
12745499186111322112
10361238689972692992
8681144717008946176
15750583564315924480
1488767368719331328
3205951442999726080
241377823944126080
8812894822015108096
7103227499005807616
13442836647795636224
17850851358234281984
7001204019652674560
13197767228670418944
13312305187929436160
13539428383936976896
9143164366657693696
12547620823092922368
18361919437693239296
279967234647762816
10424529010844461056
18333384836028432384
3802788724022389248
17479282980670783488
5092124462023825408
13447557532735582208
7479365122929186816
7047420480392434688
4080870606999707648
6558503593087616000
13354501358481913856
8996065277560313856
18282358333117325312
11783796077545246720
10796352669263669248
2960027156971796480
9874596030773350400
14594232033058824192
16293854355119200256
2212123410332356096
1407908956240221696
3056389815502942720
6791955613781720064
1846705011472448000
13914908867436404736
10851004996278036480
8201162370108695552
12817560519461959680
2181158494938335488
9472266372763965440
10491387732862767104
17102190541289682944
11304770356021714944
18028862889550675968
11622254736090152960
14679395312641222656
299226220203557568
11616487462603638784
1990511544005981696
4466419494030828544
1755644551426394880
10471738001542946816
13855821717251526656
7293142445113722880
3306997275189283840
6153368589230381056
4768020227783242752
3949776691616667136
9700361158049732608
15851803022009520128
6073210409386587136
17143695035151577088
16399945581593300992
7052017551157738496
459866334480262784
2734236831289863168
11920302150416212
7802179984544332800
14952023867502809088
2259725731036017920
2704888398385071104
12880328801642860544
17380384289256744960
2996873569727024640
16307307367555344384
17273786944368019456
3175092993539675136
3428613620401104384
9598215776282406912
7059832203302487040
14367897727636273152
9128905405954368512
16865905884513587200
13488793297658732544
14645593714119057408
8106428192160504832
10762785923914553344
9561381201604771840
4510023399056360960
11413847272282120192
11273969739312805888
2390586785689780224
11576631948489771008
6889082484477187072
13309704006009438208
3418240439855636992
1412947611671824640
35596542709262616
12756540040039968768
8526767912257240064
17308926635660179456
7006667148728921088
17465869785609189376
4517889685903691776
17635943461431187456
14280803736822734848
204218216942120544
5975237172046001152
33922709440380920
9621498993986156544
8497365406521294848
9191552031531295744
16477704321426825216
3268909968473655808
4135205729730286592
1570296907065416192
2782760008269426176
12642983219915085824
6822528778656835584
7431838518784462848
8430828511532798976
1177681726161122560
2593107440976248320
6863441497571138560
10411413756217044992
4899235974381874176
17276350127528468480
17286740263940784128
10793787419763275776
9534094500818192384
13969583664008810496
1312998641553244928
2133431314513136128
13440047204435699712
14064281255256907776
6334320461368033280
15303536858408900608
2114574736070180864
7609360884195780608
730711384332173952
11158816318114951168
10161161744290660352
8789591998575647744
16444818411362856960
6983428763536309248
10011780389727723520
12415774625175435264
12786478859888338944
13446786502880727040
16356495597524899840
875680190103057280
16508185754284130304
7556955286327066624
4757329493286007808
1506316980375490816
2965727371012212224
7166451636723661824
8132598829633056768
16079285507588804608
324330363060898496
4276424728837306368
3340249494501872640
5777121655185820672
10224588361622910976
10592781072567457792
16165622131334426624
14349566109430372352
8373829375119520768
15835214016021950464
5227123974031161344
2402165285453974528
3191951392316831232
3300551436556985856
12050266593386524672
5109147332052036608
12243030942034679808
4713213061386797056
13497852372819890176
10739924093718583296
17996039917649795072
5113665721639500800
6086223972127082496
2481584736503311360
13967085458148306944
3381304818626349056
176134190830678400
13507336459686227968
18268634077157386240
9144405429669241856
3862974479899453952
5933459533176312832
6924786353452958720
16976508801168023552
16881937291901954048
15530180735643738112
9324723156963110912
14226216632515336192
2463588576425339904
1386906001635729152
2630769572413777920
8123843139647180800
4355653109881492992
13747806932832489472
740016680994115072
9632572892531007488
14901650185307295744
2889661122751460864
3209143229575944704
18257847281927221248
3173349474770276352
10282093375650830336
17875096999997356032
14789242686814003200
14289216778415255552
18428419619912628224
9257798831938004992
4891725704952546304
12867301108992092160
17612631816625762304
2251659218404414208
15162362958355935232
2736841142327886848
9839676385562761216
15382502384482807808
6083180618378628096
13285997207415136256
10323172689507117056
10523074549509781504
4279858869100434432
12912934906106681344
15565992590360754176
9052632935449406464
7898285815133891584
8915016865093712896
2667610884232395264
6419123133772676096
10882853620535521280
16981986640343361536
17222669092975515648
7415973882848132096
16521912237407588352
8118982644082991104
4663258898154719232
14690773213584461824
18423950049894397952
14524905919093129216
4475969982493429760
12581425196459597824
7082643059171961856
6691249583260323840
7602014974683170816
3745512740879808512
1924731350766814976
9171958489408491520
149570532390849120
6051921935946125312
12151251709354104832
720323366590487680
10674762086110932992
14954900842142564352
4938024819544957952
6616705736056233984
17105883993833760768
6916884938155706368
14567331816262338560
3784095742653999104
336626442461836352
7270702241021377536
9479674221597249536
6439147606594933760
7020484156114544640
2152647257101554944
1807488440971634176
17832247209639112704
1458261734903644672
2891982022701929984
5053449258411836416
11617053376987394048
8574351368372454400
11736703891907577856
6939002453872778240
17863583930950184960
17123272062309640192
14171395383453057024
2354117499585515008
5619940250658891776
5636285488292444160
16269090819700334592
5111834632762918912
13652308707762581504
8288277583127598080
8107709299040339968
2908769259651456000
7308862726482082816
6100910944306850816
7084838318924372992
9769281244063995904
15994911799913768960
42099869656951520
4994589770163997696
4531191208129623552
1558795024314676224
17360588978460110848
16018283713054691328
16200169458455855104
1040377190101341696
284436065195292608
15043527452046012416
12820599463612571648
13374802356960432128
3125097424273424896
6532441715314012160
10369126396821972992
1870288671649288704
18038857296340873216
3273350532339695616
12373972267796846592
10662312141024131072
10877066527715096576
6783535407305463808
4424935899314420224
2183124987853128448
9956395036779313152
11453355981518860288
8787276841514642432
4555915704423387136
18318992297306343424
13217636638719459328
17846113298810681344
8321183233477915648
4915436680040203264
9042676482347940864
13402322570547529728
4248002251053867520
4657256251444938752
14248336103235233792
2105989655076230656
12034263655999045632
2175314830935131648
17492065927619663872
12713889428407525376
922588814972684672
9527301360133609472
12039988795952795648
17385914785724180480
7777811138084011008
8397694134015315968
8006357465812532224
10403553226999994368
16865595136740001792
10560326708273524736
18294440704587345920
13516754894313914368
8665205615122349056
13461337681128953856
15911062050760060928
16409549144643946496
213635696357912736
13409305723175282688
11556247015519025152
5081951479520675840
6899788301212686336
8129738324511739904
1157341436478793216
9070344525879084032
10530105139600515072
3227888048190946304
10090046722702204928
2632658554300388864
4791630605149449216
17046397491899840512
1409117667708220160
7827047881756596224
145723675829104448
7672845203020724224
8145328626948977664
9266243755332171776
8167332625825730560
4901708259991386112
6139921883066441728
1489298655687964672
105530999991872720
6461233621032391680
14014746302855505920
1944194057282920704
15975329719692754944
15271885869978415104
17926378902042376192
17147940702979467264
16593613063588608000
7837643159020505088
691120878534570624
13923897621446688768
11403279558655313920
16260045856800008192
698536741304210944
13732386762013413376
13465064417280444416
5438553720046475264
2211582964510954496
16963831930568419328
731198088588853120
10831893123738732544
9867525418803546112
4779077104399859712
13778623829069551616
10863767913116940288
16131297327874840576
9288176758253963264
15769854294444476416
11421807535687174144
1665901615070205184
1430890204151078656
18317320826192498688
7449955004948455424
8097493588769664000
5801548622169934848
2358218248482751488
15055821302867212288
18411990566986176512
10982444752391745536
532018327272890496
2370573657586206720
15649171259219937280
10560026317457981440
2370525858278485504
3011891240911488512
16492833245830903808
9058013123439060992
10050148790929213440
8155558434342948864
16539421078844356608
3684344485494191104
12023393893893593088
3813530982410759168
10372999556051822592
12315964503288195072
45349704000002848
15746634508303278080
12539089734781534208
12531360357492957184
1831804802369630464
3285686820249217024
12591498556987209728
18368119792805818368
4801290806223851520
6899158104005143552
7464946191589020672
10380659486783209472
14642364030355515392
6843110536579309568
15689922848241635328
9136617192214226944
15670240932285747200
11313490949623373824
5003597701884357632
12846266106928318464
11093153147716184064
10868026483750062080
13662427905092866048
9110598783123796992
14160514495700895744
11612559869852991488
11681711461647147008
7906137230966155264
14609586218249238528
14921952877046079488
6649947384264131584
17229423727895431168
733819471683155584
5045421412343960576
1586440338635734528
18230665518443825152
13065464546597064704
11000645261737111552
4878967669009284096
9897637672891461632
14923132287397023744
11852891013728251904
12274348676011309056
18405297458272417792
17580121465953705984
213909580295347232
17138536163538567168
463693075826891904
9598886601452349440
7663964506866503680
8744321729565214720
8977304077395705856
8874913209429237760
3944037377960099328
1611895884508177664
8743531731535915008
14539494657162004480
9253277376290885632
16004642364590022656
8321892542175490048
642285799718667264
1598122457197985536
12886342005198145536
4069382229602588672
15916435756841658368
2884880898797701120
8861752308017705984
11047063293651558400
16148466383004401664
1741472418355280128
5850428653937179648
4492489852867147264
186464851647342112
14334341192063870976
2345387574941575168
12062571327908196352
10425594260126433280
1532376728449612288
8458644604254798848
15495556340536428544
11498728739532046336
14852940805355526144
13063693906285195264
816649076993906560
827533817524865536
13997232102290309120
10202232947215751168
9738110657408905216
12012878427991291904
2348864991140158464
17504416862378596352
7590518213954717696
18405609477196679168
14188696430694674432
15521799220412270592
8434283490364743680
18278293649360308224
9769246574897422336
2567169055122600448
6957305092553840640
11622854922044301312
16017335159725893632
14159444588137830400
6489876947189789696
11127401150384353280
10254125130518265856
4546099430914010624
7613051950103849984
5658414156624721920
17321194413676453888
2272844324752170496
4380148677980665856
11428884456724752384
5026121052331405312
10897859459483592704
4185388169337330688
12605179377213566976
4767222334866129920
8386554722329443328
3009225596251477504
15628516785127585792
4236062834828452864
17177728790696429568
12599043829653446656
3791963971335605760
4998248198719409152
9819285299638781952
316406080631088128
13369198825010528256
16136952074424756224
6222516651262433280
18308137801926447104
1524910424837283840
2846685336954904576
11332235214897684480
11256391379649402880
12865775313964316672
6871773020159777792
15999923549625020416
12727573669314062336
