18362002790016309248
3615617745570326528
5933771808252042240
17782662686950107136
37720441483447616
12282889063232266240
305054000614795456
13777693148298420224
16685374006470539264
3471730563790493696
10602644034845362176
5411852232106322944
422923644625303424
6022442947118223360
2051697900779966976
14235324311773347840
15030679764216262656
10828660928467372032
16330254874160504832
17881473678241087488
10052602215781953536
2805173298375896064
13374389243255324672
15174500342686316544
11348902838994509824
8422708534460278784
16645722526612791296
12967853126406203392
17056511570829598720
14851840397187743744
731502091155265792
15770502336472389632
7085776044962680832
13857127102542495744
975371325661033344
15215032656909793280
5886041023291517952
9662220215906686976
2621498827207378432
13357881951134797824
15023262591015790592
10306079232980828160
4767533480042467328
8152032881794513920
13917315458269069312
5163605570152699904
15710978117316415488
13288438682672613376
3692270306525544960
10000470847325050880
11599516095609350144
5985476876779823104
10612085251700574208
2346227001146162176
17924921194676623360
16328249231733831680
7591940588244026368
16553885881826439168
15417063754424190976
4357179339593271808
17307207509603647488
17624951423341037568
17540535519633762304
15110903700648650752
12330552791604262912
7848637979414633472
6122603835831860224
15799256789581365248
58545743767544704
14976954755756713984
2201423092917450240
10966643769640695808
9197405884116738048
11090665960101251072
239942022457706944
13052269956068093952
6871532492127091712
12263934856563175424
8747522569562319872
15315834143489394688
2172565177117374208
16808757632937220096
16540717055526352896
17099230250169556992
16689460821691981824
2217549479365864704
1947087252173237504
911757665192890496
1786121103647849728
16461811103802662912
2942225681374984704
3782332319887300096
7444405871739819008
2254338563431553792
2037569781617462016
11257153535109042176
2981045854579657728
3771892584940004352
16644132925983920128
12029578908157628416
501024302674234048
15829819633807538176
14491712299607349248
8832756682333745152
893422801386838528
3741467084944073728
17632256448962099200
13412992659740108800
13576165340182394880
11781045666295558144
3449624581009575424
13411799252045314048
1208791360030331136
7242108940993995776
15646791401228361728
17887014063590789120
4114617888618185728
11914974266145406976
15958016130871658496
3207192630971933696
12570505067248021504
5147004592527439872
8907755373677480960
17649328070690824192
16890575587264301056
5966836546726215680
11699654515542536192
8423853942607584256
6345228619725416448
10567974439091036160
6798157774028967936
4228175164319092224
10470372117633818624
282493609418123392
1092479471958844032
13083552688610023424
4869799830753112064
1880933204715852288
14036254127289784320
4913508140570341376
646280320685816320
10701847340478033920
8162511703962663936
7178220668194934784
2114802214916893184
1603535535139641344
2114364080491504896
15473299479055255552
4762126017875424256
13257865500076435456
16331413027491723264
14162161514889777152
1685141117564931328
6422930886885063680
5758700003425214464
17320756850576363520
12268316343639562240
14408229011735953408
3924788031636829184
1736860638602540032
9061426570066166784
12108069054326431744
18334917106934802432
15703450042882351104
2977588046779442176
6269889032627484672
1054935225997832064
222210552725589632
10804891115761559552
17429572728312940544
18105819135249432576
8508162859320829952
6138990603991023616
9254605332289867776
5088434347924485120
11758015566921979904
12249538175262818304
11321842960444012544
13609719441985511424
8139583631497999360
7207546772697032704
2368652895646638080
11674806570294028288
11711373172809515008
14723129062037172224
13826283076732977152
7361214231051582464
12365890703954585600
9225681154471917568
10789555551437668352
15931147493100812288
13737377221364805632
9130454094881256448
12484126729713115136
4253227186292939776
11843345984876337152
807176720887639296
8815899860982928384
15282976115088191488
11652131670561431552
4431983459093747200
1724433693749064960
6665417537246528512
3442339696965863936
10143676579454670848
5685711642320826368
3269778961280331264
11338203387948263424
14268921556758308864
6625525213215576064
8361161055248230400
4499031657483482624
8285009990318108672
3949436736520564736
10260847275914749952
17973441742348353536
781175334897370368
1155213370136801024
3540423926041650176
3915729396258861056
6507410219473701888
7366191694997841920
4320631502114334720
9242228049104140288
8225112680907656192
18345888262268104704
12549351153190529024
1367654932328845056
4527446217171794432
11199480968155672576
18311621205601007616
3386666795263463936
210637765120642464
17567748506656079872
4200265694114267136
14120350206253295616
18079293412080230400
5802204900309122048
14327036099124985856
8463294067159270400
10686306026705709056
4945448888027572224
6238024484562173952
1601245140938417152
4085513405397147648
13334504323564918784
7353565417221921792
11164865722250551296
15771870169839591424
17023178762770982912
9514534419908106240
12833337346336329728
5469445711213576192
17788072770479396864
13235657030085785600
5441664995372369920
2589577609424398848
687233454977158528
5284196132379159552
13171109611621115904
14299968933988548608
17315500995993276416
13258190129652224000
2445735011201328640
7875957820401532928
7581394423665126400
11813937185879056384
1484521012998534656
13033094358998321152
16209141881939845120
12473555388075773952
17301833612309239808
13448206609863979008
14646543394487609344
1030376204782978816
84690457245826848
11443722070071906304
5411896109295191040
15993751472495755264
17762654478098880512
17040840542574694400
4038818240554890752
15479144206296336384
17241811444174673920
9813530956936806400
10722213802291279872
13428469405493420032
9663327209286952960
4671528075036843008
14094632640110825472
899691847581468544
8192301127210575872
5863490041488276480
188031967118138048
14372492956787251200
13403087014311985152
8840911625455705088
16365207082706325504
9867032047223812096
13362066897254868992
1239905852353817088
5489939565712253952
7045292521814615040
10941657613197066240
15061793766481367040
8629668640867149824
14135469063605053440
14377781743987283968
17271452984712093696
4490584297151623168
8008056470496119808
9270659168171614208
8070342745131845632
16402235666504458240
233927621496564992
9695019923591604224
5576542216732589056
4675901531927984128
16223211459922247680
8187158256362859520
12580612424211023872
15562021704956946432
13821052673842862080
14731042724241627136
18090299057849243648
14315292526748692480
16981550403407464448
5532392103850359808
6556107101225710592
1578066677092261632
206495207744133088
3724400330715581440
4981625479877368832
18373586129302833152
675447068171482880
12642474307666798592
2278357709407330304
10717158196896591872
7356758214708527104
5856035935564066816
17461055084615639040
6773361020595160064
8577237826010832896
5974535934329077760
12421609446404472832
1437273734127289088
4512683272716044800
11143307545380157440
10503794305469669376
11253395781159415808
7634659744487521280
11459201843880091648
3390543759765751296
14984499301302147072
13139568204309262336
14648930085142382592
10364838521016522752
14964779806595516416
15034892521095356416
10360573618042642432
11350960438627495936
9229896062622064640
5431317919967098880
11679404716936073216
17894682826985543680
72922841444423360
3381811851585990144
14005652331537238016
16832789230813964288
8621393917783488512
17017407884732262400
17841039286684565504
4016284900777624064
14179044449404829696
12788036968967337984
496280730361393024
7400939046729826304
9894034664483065856
11197049768129929216
7523166334409692160
8511596631859152896
16136652715422830592
56166249693870304
13192409607789168640
11450643140142776320
13459943953632202752
6007052707989057536
18347672074940246016
573114066454339072
14209756755489880064
10425086829388767232
939284349647365888
5597542592236162048
15111283305943310336
12749815062505230336
17126110909934225408
8480952176030729216
14981310573859792896
17245623798615861248
3532498493718545408
14215887178030204928
12651023628115562496
15754575620092170240
9932368369934456832
18294796659321810944
10915643804745484288
3411828882694902784
18113544218487539712
7859816064119148544
18355885729485338624
15881335881486553088
14590178499869624320
9504576366626500608
13498946995926775808
13858448539810949120
15741068881287368704
7644641640259505152
10634493006449856512
9375817751326138368
3928330962031169024
16742523718137057280
11198052022761031680
5653524278649064448
13319960396141254656
4641242677149463552
7637590508830832640
4972221004205530112
7336977250387756032
5896356975985542144
10801343900657344512
2858166209330680320
15682933334118651904
18124621258479888384
18157057964362428416
3159883950923917824
2098417046150905856
9337769083471177728
17393881195556251648
5417140080269343744
14244235925349046272
11735590533596624896
856998821828156032
3889713055259032576
9845599028744718336
13157718930052589568
5471687020426438656
18333514489005551616
14148767619832289280
10381162138978932736
825772197738591616
15903288399780257792
4458410372160553984
7735533058310080512
14089423160365137920
118022592511192592
2915012066472161280
11046819676899454976
16481801790865301504
18359494680352153600
5176630456741337088
14421747206904772608
17387709933506211840
1939579821370538496
5677776105158385664
17230381743767799808
11580265569733218304
6305871974330949632
13505412074085935104
9269192705806925824
16774090553931253760
2591124758672317440
16630206900662734848
14245003989303902208
16459686291328819200
4682833723323223040
7166626871215851520
16367671899811518464
8497951893899844608
15324221292432646144
17324216338915682304
758042818544770304
5616697802449112064
454865360208190656
11478734612645386240
3680673938977957888
14369295335135320064
6519888471998679040
17376409290244589568
2839640910297783808
12390859354171355136
4488784020492773376
2920097968325741056
13791738573514131456
8742084121735723008
10372583786452850688
329272898858375936
1961636446671310336
5204616088627466240
5992876688652612608
4986947581936636928
16804006709807284224
12742475755905095680
8191791656220541952
12618597310795165696
9595948903001128960
16697954745480554496
18157663706016516096
1899298304171246080
6506992957214989312
9046948942521782272
10506532280499591168
1169660762306287616
5306486185222513664
5082674971768639488
16619867609421471744
8227944267819908096
15214488097737164800
66080721917377592
13896694116239581184
2122748587152539648
16336842449120892928
943928491006873728
17019021154104512512
10825244614196684800
17136734540840484864
15398179987293595648
10612755768375996416
7084999857459386368
4206357795518480384
9683665823911958528
7111659312975476736
8006933973810286592
10706162967959603200
11027898493667342336
5472701204690348032
9251503964296663040
3594303720861569024
18034510730479724544
14605673558636374016
6761435517857750016
15649116960696684544
16490625566081636352
127145714735970704
1331307549045624320
16043679910956797952
9775608066520377344
14581708213688975360
13815421478808901632
930553978694888192
16936923375163826176
11811233679781689344
768047911007404544
2993506188415112192
1194667347768037376
11771919252204666880
11682576631016615936
2710963159237256704
5385805207359741952
5543557865899532288
7725518737314920448
451365341081044544
16682070920916350976
4299660312481312256
7790816272091837440
10431856695940331520
2734446420283013632
1089548984648655872
3583488344516487168
14916820414535712768
18238052859574181888
11790046405990428672
15729006639472257024
11603353711360913408
11371845171176611840
12075650790257430528
2708735924115479040
793196490669094656
1737081393950938880
10631445328213989376
5643082369137915904
3856194538221720064
2408681742793807360
9104505915524127744
14200470316836749312
16398785559008413696
13839168715297044480
9258220013811789824
4802831859839193088
3136029385452135424
1543503111284892672
99265648229646656
4120260386184669696
7727241187646206976
6339780353113103360
13545793422527322112
816796283332297984
4421369604943389696
298027548576854528
2954503510295821312
14558813520615014400
7487154714410641408
12780500511489609728
8568015790107967488
2874598596842543616
4867515035582261248
347411659948828864
13448574086512658432
2828667312814882304
6034290234146307072
13350964797090555904
8156577384897343488
8979984766574945280
16878953981940518912
5487422013192089600
12480312269839661056
14891282719966760960
12193976369786447872
672401977356691200
1701371454297611776
1631257201625904384
10688109328619933696
5640279095401149440
2923540713717960192
4774787286814718976
8405342467905172480
7274819715299375104
16520013233841008640
88069488553053440
4616935744274970624
9963991796454014976
4801232532272427008
5630228078561853440
1400158803639368704
12080593965767411712
7024443938634281984
6966805207914873856
2947731921589711872
2457926706655270400
14155431885457137664
12788168606644158464
3531935463980491776
6732028284916660224
4447329877674465792
206963889227040416
11271254348962748416
3825297517675604992
9139172414549903360
11183837815482845184
13267127677501102080
12973977148442664960
3170806078131137024
14025306849713295360
16015918779881127936
9688599372720988160
9692701030127544320
11650641554295267328
10688219339008366592
1774725317453485056
13717575384161595392
395442492672258496
14562328317568815104
12405811189532149760
2308003917730888192
653460167478744704
5418467058050832384
9493874617696862208
9688892513305122816
8395872576481410048
7158477862911152128
4977235386065595392
2121786163201504256
15253751163006459904
17511117185729982464
5940520337047444480
8963537761913069568
4899300308663478272
2229737944489349632
1063347133844767616
13963570500473026560
3944950075324136960
16781167151685558272
3265619322083695104
10216502865552357376
6224787482466056192
6592801262873950208
17308968730736558080
17825112633899730944
9348354003972210688
7230787763556684800
18027058884663812096
7716029356472081408
14899073587835013120
8967334501050492928
15709293571885225984
5058738783950501888
3241917333878050304
5959096243341334528
12852716525785069568
4462124308974422016
15947313254390675456
16938565002019137536
2165987134462636032
18410245352312840192
3379329453016735232
2383603824573927424
8822989521791008768
766105036276477312
5392632100005682176
4362003305224763392
16093912358163167232
6065262858788757504
17143550216675110912
15456381453542473728
8173486989770923008
12889146256728082432
15855652717895540736
17882963333308151808
16056466431847407616
7363739718102337536
7047408693336547328
9200503414062962688
17433837762446053376
14519995596073832448
9569987529566584832
17239217217768368128
278293317789011520
16763328643508959232
6042260085089598464
4031354698120842752
11563346399194150912
14233327104012466176
3774698284304012800
17271126168498956288
2155363147864325376
13155246603339425792
16055829964408829952
10660802691635748864
17956523727959226368
12637076796072830976
17423349119787999232
16813904961844916224
982302821531731200
6067687542319499264
2930605009716421632
11250191703555512320
6106544958292475904
2490106260320541696
10027669098227460096
13665248333062281216
1379996551992070912
9628325249181952000
3009523351955667456
16777568920075646976
4078569382454166016
3837755752278108672
13945101957330720768
17714581186465101824
8693788020941101056
9629587240049195008
18440738986661933056
551356835516698304
8474234168122171392
15376958208107266048
5839737071393484800
5106767084892669952
18173989424668846080
6799950893918659584
13277335051958081536
15356398773669713920
8302053838569591808
15225293455994308608
16048449425015984128
3328619074884326912
477147186747404928
14696370555974381568
3932788201521267200
8769739642996304896
11734937845617516544
3345686071490131456
10575303110473144320
5205735893991846912
11486683698308634624
3468381268218443776
11492954310428055552
12721363153555589120
5051353806973588480
2237460776379953664
14466796616228818944
13569345624600328192
1367064562111620864
10846315193777364992
6518329013115969536
11921942561256321024
12237360491225452544
16697113616148271104
17975929065149503488
9287512041780088832
9172913982798337024
6851365314523528192
7616885738326116352
1074677256511551488
1011862443752394496
8892547650311520256
16702151699472304128
12545171013500045312
18020400264937777152
12794102870423404544
3091474604597346816
15908603444104566784
11871358410789566464
14027826202436067328
18349333847106351104
9863506337473363968
15062705070608152576
1126337622989532032
4856069075383909376
14697805536914708480
2565337285495119360
15106304430392979456
157274389993923456
10541299380792602624
16612455419165566976
11965514686497781760
17022977691193462784
4394067358050735104
10408373521555712000
3581699380245862912
18281651469363931136
11406887311737288704
1684250825884045312
18063092573694308352
15157475361676298240
1013524054825369728
10225252451533592576
10048778181054087168
8949892347092220928
14167952246599401472
14631017821634838528
17301552070788849664
17093080644725405696
13575079363545425920
4300083094051438080
7757015168356817920
8400941460610900992
1375120291607179520
9275792429021659136
6701582844229365760
8892265437349009408
3755664597685559808
7107268525692188672
7263013878528355328
2231498234755811840
14002165611569891328
10546566178143377408
1290866951183182592
4641238712440930304
13130713985209804800
5899038725401190400
5458194296516814848
10655852583129178112
1629739226116677120
11400553432874522624
7381481738705735680
10871662480631236608
3274181961609307648
14135679501421944832
17256322585423613952
2723983749230331392
12667405561561749504
6977988624037490688
6380183133807255552
2808154211844261888
15603959304197890048
9616900738853300224
10104489608829683712
18020541147478468608
17985717854531620864
10060886037048352768
18342708872435595264
7734179761741312000
11014846433727098880
23318677809436504
2868852664357084672
15369940783348795392
3065936548259815424
4853975484521211904
7351116351612765184
2866333639567732224
1152147714056819584
13977167529366458368
15029558856461393920
12296164304991602688
789853833024927360
10305525706269466624
14427572439936663552
1589685352976836864
16435897119326535680
16182221076308086784
15878641028837761024
8639991902395265024
5685627788331241472
12811766962134495232
4237724884977449472
2776446631263675392
11682653315661195264
6612597437226763264
414910433682578432
7862508977572691968
15832173783931613184
9775693677977137152
11148060907861549056
9315537692486121472
14568426846809042944
10964304173770872832
17159627046735732736
2130285085313773312
8848316977359253504
16819637922238816256
6830717713500210176
12910519509324574720
13269988926120572928
9511564729681545216
18002935815274020864
6561345683641283584
16887281203908052992
17240732939144511488
1425331250009352448
415384363683719936
11697031363615000576
8367572774251069440
12138803500992190464
16129551626075213824
588212646044510848
2662897319325459968
13178601888234059776
18025401495685775360
2956062869294233088
13867419992475396096
13663622143096809472
8431552661232301056
5483865108146334720
14154704240170657792
12987854897898637312
16040485367451119616
15374893915112562688
17805924690210508800
11546330811024906240
11457007805841465344
12602191679702497280
13100352717135003648
7087796205945209856
5813797632451520512
5294717285611728896
1274982879991848960
13806480025875437568
5011820973299191808
10487602611477268480
9592215005606461440
5887982270716275712
13336042672607334400
200939760712993344
10514674592295116800
8674726247066265600
11870565264029552640
16939249297442136064
7333517510596346880
15553199529949050880
14078357063348502528
6664008223828554752
13866739363303100416
14059426870596866048
17660620580027047936
2783753285081776128
15980610914512713728
4945551731257913344
16601402542527174656
1853369326848397056
17775050353070157824
2853402810483969024
3841046698643968000
13470858928393351168
11425291426795067392
13559650325590628352
3119824478217626112
10641824201232676864
15978704022448662528
17682076314754177024
16105585919280988160
7594398239264778240
13538323930567735296
3601985333731084288
13747479312179019776
7930161296193330176
9428025338396477440
18145808591270615040
10583723148851734528
15386689005236060160
5941579389938365440
13845120462858436608
15199772991960582144
