14706175365405839360
5746020168559237120
15848084886101350400
847220867890741120
260185609939159520
16629755838760810496
14465742034436315136
17667770921703579648
14611218808372602880
18245399189958615040
7585232991771421696
690874525067641472
9424249615951157248
7938601670427440128
16567922659671572480
12661645108471502848
4485685665899131904
955218699055212800
13201609977727709184
7161224908917312512
101402476971159376
6249442409250237440
6299658464893775872
2582525489145373184
6411075753449394176
18310105062744705024
2836630929758924288
7852845345749709824
1225621431253053696
12460784173350791168
18284300228699375616
8563384426268743680
7512439465004853248
2490912108303636480
446454514594518336
15283319081955278848
5758492931405026304
16909000677128337408
16827308613701636096
8295529273414520832
1340884471368599552
16311951009332359168
15647028010057553920
6501786916208730112
9833045846120816640
8379539150420357120
10782450907878459392
302680623678807680
18344707225613113344
8912748880378458112
18231712515612006400
12896873375830702080
5191032843385380864
9203453641470760960
14087579435431575552
11278023508716933120
707368846084745216
2559375427530374144
2516498559374959104
16826601063119738880
1933045128006404608
2479460567617931264
8170640815279370240
2734510902882221056
8316629926008483840
17199096604025661440
15661681011989379072
17212956046389305344
691259948888912000
3921922643904774144
17816873605691172864
11485659519572787200
2891933069476210176
3265250186689989632
3624261505658491392
14909223745530884096
16444883075474323456
13371904588967499776
12448909454003734528
15095325937932359680
10179817175359213568
9176900235177334784
2124515136625622784
13573166883006361600
11611311132655024128
11642611132434202624
11101867829815554048
1873880229114849024
15493685553966524416
14989825128153444352
13286617960297230336
13576270018953109504
1309890699590209280
13888497116733440000
9108661910307030016
16663028061241057280
12594130565534095360
7297098201633400832
16448590016023115776
8219356445749807104
10272444722541608960
10261100483201695744
12946318940038297600
13546709328331689984
5503227865048833024
6656365282798322688
12695496844641912832
16683001846533117952
9371230109960280064
14187536699363307520
8459080900373435392
13431668385326163968
11754127225452625920
14754174185353050112
1377085364055046400
11660656947200505856
7172683554065312768
14149010122420178944
16000266184892852224
1489624691385091328
7499938808962494464
7830187723298668544
4367016507317359616
1359252212935093760
8047755391173880832
9046202398467356672
13265452673542955008
5105298836708519936
17207735279038109696
7764587737529134080
1265011123266534400
2901806451374608384
13172491005210554368
2209469495050116864
13893372851201230848
7705047551967433728
1656259440644707840
6496339934524470272
5575347078628156416
7591655974914161664
16611885504939104256
13183552197093945344
12615433496363300864
9039051221157017600
8198942170904811520
13256186602488455168
8989984524210048000
11798888201293053952
16237818380021483520
2932370088214760448
17422654903065245696
8476278978164688896
13370318069975977984
14756885284839243776
10428794688739964928
1816872591227122176
3364488861218807808
17537881064031584256
6719816110751037440
15135948542904315904
8866372162287566848
2467776328059290112
4008258997515276288
2614167669260534272
9419633214806697984
2408746208824854016
3240746974472069632
2827792669952277504
15205229908709609472
12879469686225348608
14617085488086587392
3679403428473994240
12657243758544175104
1045551142268706304
1258107598339012864
5791882785904333824
5262135220477560832
3222387830205397504
10435309277959768064
8675668297095751680
224356462585508832
7691540137243516928
4791185825548163072
12662506628071176192
18296000091409379328
11592293059673069568
8746544263836707840
8496388935884559360
5460816987403914240
11059993487255351296
11492859372653023232
2906565368888750080
10156056814069010432
5621966154577434624
2415023212771815424
14233856773559623680
8444631117162854400
10587737874857973760
3175466987140659200
18280450069772634112
13691784417079351296
10650235390551822336
881142704847864704
2538366916049204736
18377389169999572992
390316722511245952
11761031599437756416
1023949875827038848
17047656600794992640
11597958343588126720
7864055882061377536
8725325206838533120
14407648667512459264
18357465364039290880
7611872508206191616
17444667598311544832
10676681775102513152
17893796692541808640
12178949885705211904
3279325125360576000
9912022805568215040
5313081785477448704
8872841422596116480
11890694278443749376
12894973966938112000
4489415581884174336
15370601333648654336
5787254665292729344
2755742346005450752
17853842214941753344
8864716204842948608
1602626465760357632
8208209139677691904
5387985374901982208
11354767046036041728
1455670904936326912
2008486681397865728
14956669765355730944
7908474709066346496
906448809197481472
13129933809556901888
13041669123435372544
5896554454792828928
6015128578769219584
6539281168354311168
10892384525978437632
882118754616079488
14537529278016886784
11180842147184078848
11456258466001156096
11991869297556162560
1677671608545104384
2834606267068681216
4435013839137922560
17639386362367817728
6315016780426672128
2966960431443388928
7408031415295138816
3294817416510409216
13438107460332238848
5397787616276335616
10256673309447520256
15657963233208899584
12871217721205387264
12041189946055143424
7062652932631158784
11516774984184266752
18156071272436957184
7392333043676243968
9260653676147716096
15871972578162571264
3001595253758348288
15269159398429040640
9690021771411970048
11968558323684782080
3966853576855349760
788313446665689728
14747490542542487552
6723234757586052096
17476130602699917312
15308736859102359552
11476390359238103040
9753632518465671168
2462051455192247296
13466793388440547328
4249115372157151744
13987790612278669312
11920005199897217024
15532290006720034816
10122504964263700480
7384611373747460096
6016500348336358400
15192383008718694400
16650611353031440384
6419799258393965568
15693533873327568896
17138346056041293824
10840777215568959488
17038207727780661248
8693588869523512320
15336363957641052160
16744047475964727296
18327391111384459264
15980222531376711680
14584477251887263744
12223379133832314880
17446278481671579648
11840963230853511168
13167617965433313280
3131132426113130496
1922518315804552448
8444315542987813888
2853187567484663808
16713753822758877184
10442674384655949824
16895046556335962112
5913203249139818496
5579787535452120064
3684722375824660480
11511743565891201024
10136536720773214208
1217687844942643712
15711787354421833728
3460402219923913216
15330833767733118976
10434645198257377280
3835504930067686912
5097662544927409152
13325962128476014592
2541143499925144576
15584804566758498304
14991407989038934016
10978908369474340864
14639494941254778880
14399960976704327680
12294268848024371200
11604106171328004096
5572677415843197952
7266573019448832000
14112164548766773248
17436278392458211328
14355663043812687872
5790613199512468480
12127924087029815296
13572154025848164352
7251843501223592960
1288984365318008320
3600522089847804416
17437772549101363200
16693842448537763840
13001995544450787328
1840431728303282432
12413141920234256384
5820992309272931328
9294610354535104512
17204595969457164288
7891119744193056768
4991164284700289024
4657163254980543488
11072590593984907264
16265200769520187392
13170098274952648704
16920601828212525056
9993611733706932224
854202413638943872
15929303029148418048
5256546206273741824
7638517612849467392
9124021947271034880
10944981787912503296
3268049063667853312
17621037691406444544
9536060852963266560
13334478858673033216
276622823264095680
17642884196767973376
1034070413979444480
9619492175853570048
3928952413526562816
7883362930830694400
55510157547896288
10448896747049271296
1965342953032697088
16249936258239242240
8709366948319873024
3065336183776082432
11565546167234152448
8264373876346834944
17873623068167374848
16000656841923387392
7928731111504992256
936847250673077376
3653428773615627264
2304136890613881856
5401824901881225216
17035293878576689152
15978321675273005056
8434343584488787968
15444279735869501440
8276224292380257280
5702701049928385536
9449004735728064512
18414067254786869248
15176091835753269248
11165135920612257792
12537324683539564544
4758025901537046528
2433840541957462016
11081004938621949952
16783719636582598656
13885764220494434304
14162329781064364032
12571374417688911872
10360528997509515264
15872990753813118976
11437599122653046784
6423629024023252992
7713019622246393856
8750454484511990784
18144221673897007104
1360661310814019328
15211064819877728256
7739051564719516672
2023889226439002112
2895779949497147904
14821739689754497024
4814894208388372480
10194168312156370944
16010436129335418880
679444914198860416
13875499190731956224
525089568952567552
10831369881479802880
4065359779550441984
4225736972802479104
12555795437597777920
12246009299921727488
3839462740737271808
12296976492244563968
3886103285178079232
3423570500260842496
10085804343722387456
2973205874457565184
2704626533236526592
17513077615044487168
5984304442036590592
5463154987289037824
15682562940551530496
5383190940464644096
10710189913321732096
1697975976161003520
1401995804932862720
12348791599330598912
4314351514625415680
9874234808693014528
12457230442805856256
4932949782587699200
778826926417731712
14125897299219279872
2424488314705898496
12648011424171626496
17673153667799838720
4368549317899712000
5551134380847162368
15744373217635506176
1298501866635780096
4070439459911006208
572695660268734720
15601595017582073856
4861562130899833856
4776114227655603200
966368895579630464
14423654160342050816
7583877972679017472
11273496668072134656
8188543850259207168
14958957643668541440
11793138736065921024
13303056634959824896
11908299818350221312
11909319121417207808
6086132893955547136
4271813783588355584
9140813674422330368
16463514171273463808
12510600256732043264
14068242948214499328
4305155578962822656
6059233356631119872
18130080545958443008
18240413140995059712
4359408054308656640
18152285670445656064
12088456048112654336
15340505092427558912
13150663124829681664
11604824344683081728
8647977042009233408
13975529690573797376
5773194224261104640
13837784256268369920
8645903971347847168
9857884142830018560
8889196617203257344
14092856236450424832
10090911926892314624
4802379217779174400
5487349146762765312
8131223641264761856
6569689938559149056
1140240344263912832
7663344663361380352
474254232906131008
4290601305220579328
6688033978750611456
9003389759864061952
2651366881768903680
4448154524836325376
4526381280711949824
18130195658882676736
15295648315047397376
1986798051615341312
2064172681010378240
18110283133667002368
13007750336970733568
7031212685728825344
2578898139868825088
9776183368697096192
13707846278577942528
14667515854089105408
5497218737228756992
15135861943101898752
4535128419140733952
15344015850723874816
14251196749493180416
14280913733585152000
8552322653267364864
3393402535256792064
4858122056773428224
17589159295705733120
7509757602522789888
4824773074524187648
9601239533115699200
2362351172891460096
3340479365644007424
2255434165746106368
5748004599246796800
1948996676960992768
3290739367133461504
7371417300982331392
2930910568080132096
862609770602134528
9056885321801255936
16386500879235774464
16944682444575094784
13499429879851538432
10969281741462505472
6334354385268944896
10396664387304876032
16787414145770778624
16361344927506829312
8144286599785860096
2542852131107620864
10576747774300229632
6683485854218377216
4252366861515230208
10358487799345491968
10497510080075737088
18010468467114479616
3816482591204242432
6334597692061680640
6102405001334676480
5066357070017691648
4210053953375949824
14455491451402508288
13016378978254743552
5428984876027950080
15605388259918155776
7975197375482869760
7468116506714933248
9791767067565291520
126791898411901536
14732180526111555584
859191503568184704
3253132920473609728
14614734092023699456
8241142615858741248
4955766092482848768
10436003782758187008
18045857560758814720
10899197773985947648
8728407194796150784
13209428981870280704
8355586883393606656
2553613445332656128
12449349778458267648
7527571687920225280
18384236839469279232
985309826848196480
6083032538537845760
5634820572553530368
9554856701984776192
8381151237858987008
9129261045260102656
1556871072679836928
5401458746065587200
4019173579507088896
16558888938109163520
302693961385760960
8477514320649649152
2898476939018267648
1221523156743427072
10431547464180609024
1274179198613596416
4574430803681527296
2008511912088015872
34624483044663388
8970377327582292992
12593447890674036736
4696011805515710464
13745596467697948672
4672460851040800768
10420865941471387648
2480836284352558592
15180583798731012096
9680632718154911744
8688298523020015616
15847031488769726464
8781076065948157952
6275431955974789120
14886947895392104448
9682937756654639104
6327865353839620096
2202373071711581184
3460082640868376064
385833419997858944
12330117664109041664
14500533004693884928
396958514856418816
6105752432889256960
6855661549160454144
9067946632818498560
18362433603069448192
12873061944799938560
3333265551815247360
17264065023606661120
15652275629025705984
11037520024827797504
11826327285113747456
6629624484022341632
17244700008883488768
14948028111699116032
2272802268436798464
13451201306316161024
18277336790607745024
16957024787805440000
7687135873570772992
2528944929603620352
8814466035021283328
16673820807038228480
12187292606251558912
6571867530047928320
11932408241423755264
3256737465219264512
12115973803329116160
9665053799769137152
14294334461040168960
12848676645839151104
17918814613655263232
6065181491654281216
1190403365619929856
7254764891721539584
13045312413364914176
9415983418596143104
10042801841598543872
15491005958247057408
593956295411387392
16705057520532150272
2159995752658632704
17089529144260102144
8435873977786518528
13514448521717573632
2226707007679107584
4911387495816675328
1233722642293202688
14729151372802658304
14205718078010521600
7771411383444041728
16090436958063867904
6258045034787911680
12026902565791860736
13737331058166032384
14100038316093820928
12557199942389344256
7456072206339895296
4738387573581521920
3630996468743928832
898446174201266048
13647335963759525888
14110141326588878848
15812960560727799808
7393539346817575936
16637346025115506688
10928990844220487680
14937974979705446400
4209973403374729216
13187472736226152448
14164095685261438976
7629198811747901440
7840992374719059968
11723969641160865792
12448106485579634688
6836137508189231104
17547952042315644928
6047330476406852608
18036267866417037312
747130968566008320
17015026579724187648
7005049817479709696
4058572892125734400
7923860802748702720
13361139344186599424
12222949668746604544
16596789480326463488
14672383354714005504
5240291143247492096
9343397561345409024
15722198228869806080
11822038522495576064
16897249466716987392
9567046321129611264
6443833674259991552
13954836589402961920
15980031564848670720
18229620192320387072
145302317177367776
10743432946126548992
14067341526292504576
4735738980532618240
16946433923270393856
4951584488650885120
5588090007830198272
18194758003416965120
2267337776419506432
6703862900620485632
11869276256535592960
5039670521452328960
16435139459030947840
2332136315294225408
18003209713029044224
10657684740827607040
1614718208704620800
18235468177999194112
1074269039632939264
3681532829857256960
5868861091886793728
18198644228026978304
18116524706312577024
2646350011086510080
17623085077336436736
8186983378655066112
8987484344619486208
6829474041177661440
12204227617656223744
11228613732942112768
6070552567008548864
15428432617438771200
16249646622208233472
4203222715105358848
11333572890427551744
9595084377036257280
5366723479486384128
10398926765984901120
41505576185410336
2774580370534276608
13765057791673864192
5381689631326449664
11992915090902409216
2847613424327156224
270379487395840000
3060374870359896576
2067260814952724992
13379549273405315072
14178779929324017664
8208793703777301504
3729244351105491456
3482490270490005504
9821789603481583616
6031461974807127040
13360024162835838976
9884233052007155712
7320254420934972416
1536411655500033536
5146480242529511424
2304942977858519808
16364141582574286848
1960759703110307328
12068503620251609088
8385072601403583488
4369074707824287232
9356381275478937600
14589059977631649792
17539079382387507200
13012988946943617024
8761275471008068608
6964472237664897024
17476282412250290176
8411362215296952320
16264693645817761792
207612049628493696
15071489647600273408
7096752227753762816
3246045465852510208
2725260957188239360
16157673588384043008
5735614521441667072
14679998119506915328
13003288142290855936
7859345681699542016
12330337699924699136
4006927047192268288
1590753278852304896
17353053321879496704
624195200221927552
12264639112037423104
12668449272001458176
10327268625628073984
5023738573140318208
17185028039235305472
7601716490319958016
16687977159445415936
2886560220946534400
18013028114185033728
15258802404601454592
15169774974246737920
6898364953570092032
15561076048718899200
14624779759326105600
17943913950400987136
2460089769961044480
7806065784153748480
7139441366300307456
5816856699696280576
4637973404604460032
18274692606181588992
2296126089671297792
16385202774643130368
9290362676504344576
1929264421215843072
299458107151576832
4987132133640754176
16408787170552483840
2627385432673933824
11613045874731325440
1514417546773833984
12190818502875711488
17945731843827374080
17934759138962352128
7957270473807326208
5644414096930976768
3483440929911939584
11888552682865954816
4338726424188341760
17945100214540124160
15560495069098467328
3590269292471025664
4974145083625102336
6728850990652720128
7750476119016984576
899882494706896256
16895647875294990336
11287837148568113152
5371706889125143552
926158962324522752
12691885140745345024
16539167063588331520
1805665319774905344
10918475410633680896
11562712650859665408
15482961773310617600
4657298565891667968
6148904219600279552
5869587750476478464
9459642958556088320
6994344342799031296
8248906358892442624
7517958236448431104
18255107607927273472
7627245571090234368
6857948740687553536
16116957567739420672
2197799972419337472
6031813675530481664
11989550554600984576
15162208536516081664
13574893877521825792
14638400714684354560
17740813451308285952
18124815518576850944
7026822777828166656
15400626281401106432
4094748465773046784
6554228051093038080
2160542538291041792
578705130599047296
18013167898785284096
7813869836904934400
1217318338554839808
16979521392697090048
6924051636915023872
5226384174444432384
16798598282182107136
2764397384868491264
14383825688047263744
17435395592809039872
17478117085168121856
16760080819727831040
5227305503153079296
15259482468121202688
12594614622693797888
9861557051015518208
3846336188255422464
915569902004133504
6563891502415266816
5772679337769836544
9865319070214991872
12593847309599100928
5301294249956874240
2004696229916610304
18191823442112237568
17009688311418994688
15430159080979214336
8151122324673091584
2605141301199457792
7603053701131017216
11267304535631831040
17653780902223038464
10297758953656215552
12747844359229128704
17680963982932578304
4759323608059008000
1366439848641082368
4246456797995023872
5347880299662309376
9606036798335240192
14494156312882847744
16546913043271471104
15095411336618532864
7470901250672142336
7447422596744593408
3248873844897423360
4239820632415662080
12637559631756548096
10332718993930766336
16834320830972479488
16222462799848802304
10737158176072929280
18320149249616795648
10805207944606752768
8497946174948382720
16010555419083657216
11499273854305644544
15462430529100699648
16183236913171699712
8887402956836187136
13080812030142185472
16754025811319486464
4004740242302061568
14308884135212079104
499477271024250048
9098060861643214848
15082073093198649344
17789854018215309312
11860366124298569728
11760649723909054464
17192283952282445824
15725192673548918784
14983686223471962112
16421834768358506496
10730081677109903360
2030863189311854080
13072894051524571136
8487208160204178432
17888757020523188224
1467503683730542592
15716163060047222784
2879751234057126400
6167143687664151552
13907757894852218880
8789560502746672128
15222648891376697344
13238300404991039488
15167439547308853248
3128912468893323264
16428151433054930944
3298664370048781312
5915135494519609344
17898627544089065472
15078493779054225408
17784002935694929920
