9069171424538087424
15053147510681452544
5536280110423293952
3265952513049217024
14331576099420516352
5601849978808692736
17507933608160124928
3663326163245542912
287754642435486880
5425901899708061696
8343297317380784128
214634001669130432
8385067079744870400
3381990230118929920
4150344908494967808
9148079107862247424
11423385915460909056
10619859893666740224
15729860463332317184
13295966554731485184
2905914754548560896
6491421579139367936
11302464232736796672
1098855760287710336
8887533106636354560
18170111714959251456
2644477400754812416
14568450225869258752
6390713123662485504
11885468767954864128
14606435728101914624
1340544439123014912
14454642416748148736
4310311447467544576
12321474125050400768
14765325816594964480
7963463640056185856
10401184518934202368
3858677453487783424
11055254855892862976
3854809816421373952
7304534384795418624
2176689729061944320
12987171589820334080
17109572889629618176
2888653300787674624
6451319990798854144
8742846911650727936
9530740828482226176
4688457853091454976
1691248128748327168
336242039504707968
9906517551139616768
13658011635566272512
8025348650373338112
15717175288910780416
9628932724819808256
2565201252208839680
12144634375391506432
9729411449493012480
6985040148322469888
1805781393348146432
18235009390646198272
5648344418791459840
15902247810787010560
3840047182696253440
10057903516427126784
9834377397393784832
8830672605732401152
10045409791678001152
15586725580482930688
4757659561401016320
14412403218722439168
8876382718488364032
4600914499781410304
9418496118684061696
16226674140913264640
12288092847331008512
9570855327724740608
12489456830572828672
4107743010778252800
6388915030336336896
9067345161410092032
14413686072742006784
4030475742536787968
16129016239008534528
7464158745134386176
14691217577985044480
3887653270386400256
15636750249303074816
1143934692262541056
1046516546232600960
14156950556011976704
2990065849317347840
15229301601187297280
18238337092706818048
9520495431408162816
506036554249969920
15489884627472990208
2334642585268658176
100020537260539120
6161729345252048896
17720401720403750912
2139454404755358976
7528446846578893824
3188236248013248000
16135744039730739200
11996504109852389376
15305899635611310080
3118167054261473280
10278902499690364928
3479682402196351488
9905475981142958080
16778721159039975424
9340431077891717120
605333652032021632
10673436109937178624
8413414099718505472
6206898800765600768
17980095322656321536
5062879236697247744
7598247708760093696
16088139937311068160
15915085415180015616
12843357883879368704
16320400394535630848
8831651306929524736
16359314619488446464
14499305120376553472
16673403023994195968
13110880637479471104
11224865582464716800
8803323658182868992
4487493578787059200
6918376633243113472
5703724707539162112
16732831585856845824
11385970313977067520
5665373023453832192
12387819758115809280
5986418587196602368
12833632672800108544
3018082558041376256
5049221418476401664
9328918123527759872
3569428906204874752
5301034413537808384
155347464979112352
6744153427386519552
16384430866748401664
3366366911582372352
16476963184598136832
8422252893390584832
4043530982531354624
14798455425952784384
9476018618688129024
10401511172315027456
11615849197737979904
8450483066198373376
8921096547652638720
738086259634406272
2995496556338842624
7391227574042333184
12250390995420631040
15430251678781011968
11692364783177093120
5523724156994973696
6949480539557600256
5466053377924071424
3515891069195466752
11856470215805200384
15154324834810996736
2070129193022239488
2913528992205238272
11897798210492436480
16753096997709412352
10918627876556879872
16381330070170658816
1830137019768948224
8639981730301329408
12861309403794470912
5872020541843065856
15698158593330296832
13301811065277896704
8417126214914457600
11364271739703527424
5927702001708832768
18178350006999441408
2489031599919205888
17049153227325720576
6705503423803688960
10624788213049032704
3209176532562448384
12107933323234080768
2187873931714356992
3846795091169302016
13489995538845857792
9753611750480844800
8016788197182268416
16897100369522405376
12764782819340353536
508370315937430784
10693726753897326592
12671306171587348480
16618205494745323520
14557679933452115968
16114403457055174656
7811357916698549248
4863119600722813952
15580328134442719232
5207184620294341632
423097759992184960
12994765088552833024
7122812431032293376
584123950763030656
5010861430993603584
11826990271507273728
12427737712687915008
4371473720106009088
2884370238664869376
5938490110016705536
12761159636344180736
13265391408937994240
13981390731666829312
1295666037987253248
1359555951763933952
1680665762671087872
9111374516616217600
13714363979304314880
13368187972380221440
2653313793441236480
12562751674810488832
17367615878174992384
4707525581568930816
17824707524089591808
7848081541667526656
15636974644861122560
15267600700984766464
13731323989570193408
16078792728177827840
9576112961931378688
5188280192241833984
16016305276120471552
16244076261230137344
18070165681978599424
11513226376779698176
5407501222662355968
15259255428582866944
11643546431559827456
10649190476713652224
18283374611038228480
15290257733808844800
11575067467401072640
4599908685956084736
16636965393713213440
8862810513422881792
5326579491004967936
1735008706157450752
17538031889332029440
13404372778295099392
4647095696113949696
17683886387488841728
7551016134103584768
758441561861301248
11693939895593596928
8394109223093648384
16406387846334765056
12984417984537982976
9871083116147879936
2038132205782869248
3271163852039971840
13588463131193327616
1609767768322567680
8055259233923090432
1515484902618830080
16412913272387938304
7880398035675268096
13673473775473997824
340225454212022400
838028038069562752
3903645332805758464
1489425490859383296
15138841977141870592
15368275164226461696
9756867271636359168
5513209212287037440
18235031229357623296
1037439805275983104
8391657074035564544
12853792856498143232
13593243597693411328
8506496075821668352
10012955468164362240
481085113629991296
16498177487140024320
18384072525520818176
4752649557844491264
18137957946223982592
16034324617559142400
4104766643641610752
15372294546106507264
6787991353676936192
5291262930997365760
4710319487688912
15005460100281778176
14533751878852184064
16653845707869050880
13988987153261035520
7409588725532642304
8693052742103511040
1693905077524968960
2503082489138182144
9524577060699838464
4710619012104309760
7134051171361359872
18163379412589680640
16341459732643323904
10263596973839427584
2302022831219112448
4086702308258764800
4239027967303442944
5568252966675212288
16974422035852249088
16842150099826307072
11316522325716553728
14261481267990724608
14071829585200568320
17632557744841578496
7271644168331649024
7606653118242080768
11353473599100721152
12297137596964120576
4515369994909690368
15222781771150075904
12287161592764616704
4932606033104886784
2037956059775961600
11780595147247214592
3132016144274141696
352446852664060288
3692300919413017600
6787626017988125696
122571825360588144
11895613791323688960
14747495534005065728
3396546861140789760
10673673537670649856
12357473427701151744
9245540691665203200
5475584167629232128
2850260129410624512
10771979992421623808
14076198469159483392
4998059540846588928
7157023147337261056
5720064256404952064
10063327818047584256
11567517608430505984
8535351278392501248
11901129833182920704
18110979650146498560
6952262318536854528
15989155218552391680
1623494297281859584
17321231240733435904
9964762191090444288
16601289971043704832
3081534631650985472
6914991518678274048
13398199494630518784
11832423712965675008
8991657806205557760
17997111517355321344
15324830347875528704
12731323526558951424
8921079714782230528
17880438366393896960
18219888373472268288
6124139494795943936
12884837673869387776
14213974714458763264
5668758156679973888
7484674876395314176
14659903710045222912
8944808806650353664
17970242434514810880
272361621741210432
12392536401932875776
12566722475001802752
9849823197365981184
9877938736565254144
1086702052842060544
4370381528287166464
2033468785629078528
507239768227941440
6810752820049430528
10185431504291399680
10412606164610691072
7782326802070440960
5474120778245083136
436441461251341952
1091092024328925696
8594636184105008128
6063258811665727488
4195522680375155712
1854507720295568640
15623429487604731904
1304987007069406208
180682963208875264
12297440583504887808
2351457121449783808
18386886960303732736
2003859054277988608
10042924760567918592
1315723251941735680
9492759112259885056
7740104637865795584
8992544614287236096
10825006846645551104
6642573928950462464
13489720949818118144
10278890641545967616
13723105772688773120
7616833569543920640
3601158888341288448
10294609243483996160
17014596317311344640
15359825749129932800
6461275655843224576
8211808145583491072
5414775957298838528
16391003046357538816
5141529178838347776
6913488047448540160
12906412277797208064
13961656869515108352
12147909027757543424
5088672938595094528
5129192184164189184
13947944525715466240
15196434345318170624
17945701804300378112
5075259210527994880
12881576469464846336
17101681389325193216
2948262359612635648
2107203665427465472
7441139140342031360
8148000673947505664
14585791920830754816
14302174888363194368
6729236511008945152
7026444481324926976
18156823323506774016
2475883066315156480
6435681495840199680
13863400529419898880
14240939696809809920
16966960129328379904
14347820686732494848
3266876451470847488
6409420607591736320
2908637461835886592
1906206494972390656
5420216472514603008
2984812096678283776
859440282856095488
12772058912425959424
15971984952521007104
7543290469344729088
965984985778919168
12801432011710808064
239478858472174912
18114259802738003968
3510677179744019968
12585748889999869952
16039264472947574784
7768218826732784640
10113611321827121152
15898180449689718784
5995581958426298368
969011061722112768
8138533395664390144
5796113879961701376
16919919234787975168
18091491975741343744
17015937832156481536
2213167629066597120
9605675342963015680
6482981103603755008
5059265122680175616
282790925358144128
17779809707113771008
421094712398227776
13559353216662251520
8448490576979127296
16974494115294808064
3371493038663918592
2479564935826470912
16300334846376488960
6112656248375236608
1514197957821679616
12534547646544359424
2721064113964103680
3646169617929033728
7502487038010246144
12338799694414596096
13646789486803521536
1299168508780263168
14898474928535318528
6588819909870673920
5060934686541349888
6676085570671127552
3863390596293132800
5361763266444877824
12795730336052623360
16225387033194928128
10224505407377164288
12409446968545024000
2741472508349151232
6056693046113741824
16334597630745673728
1491061040986360576
5684365501025346560
3153443604351954432
18122689319670208512
17362075994232147968
15211060417922811904
6318057289392464896
13042703778453225472
13607416481017452544
15564576910608594944
5868050988856071168
9294473153468430336
10971946900192342016
12348906177602971648
9692896274076940288
3497944739664482816
6436435562779322368
18424840570742947840
12571891747342792704
10690874295587610624
3576849638507572224
12684621352208531456
14855696557228527616
3282592615156686336
7898150073922311168
9127230323496708096
16631354616542992384
9245837699880407040
2649697261460768768
718998886139619968
15891255644433977344
5526042911524799488
14672031754097522688
17587103001324511232
10143829256525920256
2278242651262114304
17084498192391759872
2166877018695019264
17816658055715850240
12224066500044066816
15292923306017665024
9062366214677100544
15353619303046989824
2280646230457607680
14784749746310840320
823363083806186240
17655495036790272000
12459012952543201280
2117335007118932992
17015977656593565696
4396134468078988288
15774629168229087232
4562164421335222272
12047029462915645440
2261723793556812288
17682643741816629248
7800001597475423232
5274621740690050048
18058740585895899136
9486855546218936320
15129143642311223296
12777397493065586688
9130375692083068928
13161017492658087936
8075833231128257536
14151940034108776448
10859000133030070272
16071950874042628096
153439430237990144
968160926293794560
7826176066030144512
18171563421839472640
15531769431596056576
15036568451668402176
10201936786570596352
15385562381968107520
2751323832475366912
17774787987482152960
8136984654659363840
8534384510972221440
8078783319904182272
13997098250997790720
8783735963114856448
364407093518289408
2634039744670905856
5332279804678945792
17406802080284715008
16552936161116622848
12155397030595756032
14513213140524437504
7888067839554966528
1561923734314835968
15320924113009281024
1135174289835921408
15116474037386831872
14184534956524931072
11106549509748787200
8899507884671563776
15472976344407177216
12666265281036267520
3498900962171506688
9639112930465361920
12414924699144763392
4063260522142216704
18276576784661671936
7809922166451638272
8874330901746480128
16902117007369279488
12320712289178324992
13808566415259060224
4421508802893794304
17488115349884110848
16251574251089887232
2358297126758974976
10143582194144137216
7412270409938822144
17891482289378125824
13046357571203016704
3195854013952212992
4930247165135294464
5410949110172198912
7130487308284219392
10929615302473611264
7250873236221009920
9992646646504681472
5773180477203725312
1016398456139102208
245993218968252960
6002743763143023616
16517332158681591808
16588741504872847360
12869605802937294848
5471548593472382976
11577684422574239744
5976610528155267072
6865667792155179008
527987948634835136
2693042379399535104
1126740467934705152
4415719494861789184
4995883913654660096
16465004053584672768
1766844026745613824
13153456625566089216
14310367763119435776
7807176110763845632
9705978347204689920
13070832770714454016
15835284472525320192
14929221463785316352
18314362759058489344
6532999432685992960
1755484986784836608
7954217682036184064
10283322485956954112
4868574467903256576
560173436221532032
2633932180674177024
16315117531139383296
16163140163757133824
6164984705504025600
18418843252265447424
1126746484785943296
15359963869181159424
6727083377533892608
7316564995419449344
2296810967381688320
12519914258156861440
10797941216936388608
13010626866084151296
6653375285096165376
15425033550179012608
4967732704799707136
13620104369005461504
3774693874449267200
407153712091623424
13991826314857289728
17798035462458984448
1868530761277197824
18280804664342685696
14135437523716186112
15111171869816031232
10290430923176050688
15095156005480896512
17840669599613200384
12924002709717534720
15824982017571444736
12674615713080748032
3697620993548742144
5773140955229561856
3055367618285236736
5588294874081332224
4328019008470517248
5251809249788941312
10173218710483929088
6050010202983808000
15703144311065071616
7962355040281499648
729078556409934336
16449159928028418048
5224055866723234816
6649099442270915584
8425867564556456960
3071046976466455552
14822519913113403392
13627197068056752128
18118064570925547520
1234537033381771520
10317435370144186368
14850405474293278720
1238607321243467776
13218086588282404864
17091337827473588224
11985502904954329088
9409178018410356736
17823878665703950336
12207023643623073792
15197720360870713344
6928234844032420864
7828209675837999104
17945568588059287552
16652242446354149376
7613137768598097920
360425823196153024
2897276378926683648
16726995768950296576
9574576922861072384
2975000070416241664
4063818406471834624
9551060944475174912
13419045533610797056
2282350985338833152
5314083949829408768
6614304109438939136
7996414022779963392
1414755800743604992
12165320459213658112
4718625425561151488
6141668989843661824
2564681507762336768
15565263412664401920
6191717115925002240
16782212103777353728
2419569271952114688
9672357181155100672
14105728659549880320
15791386506589153280
18365406591886825472
15516017246080702464
10581393592856993792
7060421251155645440
1469563958771144704
7064056330882297856
4841625348641025024
3018650879341330944
16869286724611966976
15482849091801757696
2328686181833929728
1262676560583096320
6703633263804967936
5040501733849382912
15894473749646462976
4827324313495079936
8687371448370679808
1127196594277834624
17898756543650570240
9532916511961847808
13430610576577685504
12592233406687098880
11949816251115669504
7052602827271289856
13453471578777122816
10543152599059720192
6708074729469464576
749161229941437440
14312214757018955776
16697000753174063104
380054802103000448
5651287906256789504
9997695464496029696
3719970277649901568
9472061253545302016
146757807346415488
11640442500946173952
3999873615610820608
4199144116339238400
4794467465304586240
13393408840238553088
17701627799152779264
16846820547798824960
2492649535054679040
10624814081955682304
5942803883337481216
2342974827278322688
7643515884999657472
14851254163941048320
2658251393282184192
11778122823104208896
507192925320671488
2516632986998897664
5871881056516558848
17319560688195966976
11983427474593067008
6676212859376969728
3638405754430190592
4834802305636680704
5864907943852574720
14500305060743018496
13245885101415839744
2993527016782109696
1538683212122090752
3935769064247773184
15810240054842355712
14357891292456744960
1436670766895745280
8430736973152897024
3979141965758299136
12967665486770708480
7294897077211366400
16455261344374274048
4559365160228681216
12835250097958817792
5138552000678970368
10189131465877741568
14442169696400523264
378782254611797824
1664842525074740224
4454572505266894848
13873380166497650688
2949126614682702336
5261722318788504576
11604082281312309248
137415301554848320
17170590449253455872
6593357310757480448
7550653011490398208
2033823794424611328
17906751528977358848
16576755740970201088
13798653149053085696
691148708472973312
12008651915900807168
6447487333356408832
4162681896683988992
18221540458743484416
451247343511518528
6517492534149144576
1668013391764015104
16469562066196054016
1761023419733654272
16051764431982958592
9402865379653838848
2791973375944859136
9328118588438978560
1933267716097251328
5807366762457841664
5500961127518138368
1306807050995853312
10579633306752542720
3432143510024864768
15258573651641671680
9317518250712907776
6022210366328827904
16098710878804131840
16067033578359965696
15794409127543760896
2283383868188275712
391489023668018688
12033924654452101120
5988921983922640896
1425126102874147072
1634082257086963456
3116099575300113920
11084607061945739264
4219829528416864768
1708619699184820736
16889690687666757632
12855234093124061184
18383145183445788672
3752836768137430528
3423227542735753216
868740204866519168
10651308418368673792
9805949375351791616
18343729421924540416
1029173550757303424
302425960153580224
11282148785274497024
6820511903538511872
4503597150635319808
2122200599089372672
18114221706588157952
2364257467531212800
16300458757886046208
1653644728962490880
10391458180509483008
1578900967807032320
3746624395750504448
13225167106081382400
16992066048659986432
14153227994144249856
10693643943247144960
1077663092951244544
5081896155693651968
4519062373542628864
4184689928778641408
1080319070868206336
7578532719820492800
14487074580665999360
9429639683084138496
7815157410770992128
14302967203522209792
1859112504581184512
9623332486588012544
13805227428444456960
1371304137791740928
11872061316225179648
14670140171581995008
10644213102292633600
10288800878875496448
2171754908819484672
5044829915603828736
18385760085285769216
5282892906516163584
1688879449694478080
8126755526703469568
12286390578582181888
4257191848369760768
12857694261308561408
5563554135555373056
6774055145911178240
5629620052181493760
9527881896949676032
7853543296185692160
6591189277092617216
11768158021889730560
4866589761384336384
6622742751249654784
5745000945916424192
11702138744588361728
5409089549147548672
14884268061497556992
11402368881240072192
1202905785388297472
7396581582302794752
2135250564390550784
8183712254119116800
3675478309141176320
13341383240142409728
1651447693587398144
16492866979720275968
9386119883521490944
15742026926599464960
288336501910850880
10652678516138186752
11918664464649947136
17864422586100154368
9891369298336086016
12946542968349415424
8160209749766522880
12514907934493329408
15061570128603521024
7376606104416609280
11194037078565902336
9182144750933158912
8885286013352858624
3618763969079791104
15578515848833605632
4842597477291089920
8252175718351823872
15881198337442832384
1070832681384684800
5612703229670810624
5240143727542866944
1402895159667115520
4310017521776139264
2178481020300135424
6194049088361121792
