718326438709482624
13947391254534361088
10473203754014916608
13769836210110822400
15164632165878050816
9999158131417722880
9957374503067486208
5213729782237241344
10633539852535726080
6184195299581690880
8517598305241011200
1285073038396992768
10050499427882407936
9520603636032501760
4593402372832676352
2000244012788676096
218857977566518368
311337376453067968
8169885249636099072
4336031461491028480
36418101286596984
4510129871725388288
16109833559641251840
8512414768155746304
2093342398173387776
10985792393164869632
6063524467757048832
12616661426568609792
2156945085601898752
4129929297117505024
5168610671472433152
3691544816109773824
5520939675970564096
15027326746396188672
2324234860299968512
1887112091408523776
13379692626743779328
9184091353341645824
17120999682572937216
11985004350415044608
17983931429325182976
12100307102648670208
16389977067697129472
5196002017333445632
10150662079189915648
610737024709156352
5254547029153761280
18245294792574439424
12709820796699766784
16098147814118658048
6162606063703500800
1898401100926889472
533653203106538560
3766497671124532224
11706770889615292416
12614045625541296128
5352985712748278784
9656057375476649984
4857584788550803456
14530300326384021504
18034046881631016960
10274129014051663872
5337900361057897472
4369921019579381248
8041392630026293248
6165133794851960832
8683448911236383744
994908624944279936
15922260102393759744
9511301177831542784
12518636427299153920
16562996211162918912
5746612780861035520
1700857805884814592
13576787508438751232
14704064470158032896
7987344013394071552
3870891709941617664
869154107954959104
14072204204673015808
12247797808142018560
15563909900904136704
689478355934178176
4554131448674479104
13583670206536079360
16522311401389277184
15805625883489613824
11789757930087528448
12824617620666007552
5994297259077028864
6893720570270918656
7254141008806152192
5279087329440185344
1667513580889146624
6298027405747681280
1292812031395072256
16454270376658364416
3328472765175653376
6398293372556862464
6484339333457634304
10898693377478940672
5021741635459901440
14352174134352949248
15995223861429248000
6321317637136312320
994559176479289472
13202838701323069440
14958891201399736320
7549504223768522752
2483590861982029824
6634012737906791424
13144410612006412288
8864720402172712960
844849630997706624
15398586290730268672
479083950092526464
17012806021861472256
4488193155901921792
11087166011958591488
309056892094341824
7734971647668510720
4111278409799987200
16571292038083915776
9208397496232239104
17922608834735009792
18298301663694585856
157377438047984128
17428785129278101504
17592481477747261440
7940753717015197696
10783081464700626944
9587487439107313664
3709485414613809152
15558473370830510080
12737452039050559488
13157568017707161600
17446874198790062080
305227549458226240
16949169386300942336
8420421516528512000
8276543497927818240
4202319544005135872
982763852851100416
16666408385140525056
17006189070470207488
5679166526576490496
5099177905648704512
16404667861270306816
3747237979629787648
6964190247086271488
7040657317846916096
15268399618077929472
7957302123510417408
15145922170867441664
10136628233509300224
8827757852661662720
4945512160853275648
18236788909606998016
2041964103380160256
7076012698724488192
8146963625155970048
16752727415340924928
3677261999563045888
10861520708985300992
8826974242401386496
12661847717912326144
18427593363750309888
12217634392355950592
1176607571179829760
2284084336420628736
14822159549338521600
8221983321544622080
11410315252914470912
17072390537809043456
5495908837996628992
13869384282622783488
10261856756704210944
17002568843968065536
1923132133215349760
18425760815695220736
1164698350287643136
4983501088889404416
15351623024089325568
6393180783735524352
5342514019140921344
7884861801473679360
7044847252535205888
1726827751220995840
717457128430596864
14460785632366635008
5738823748816180224
2896747674079142912
2133269751364259328
15065186819277682688
16849060415792852992
12378091518520213504
8096161709840188416
5921470685156976640
8263877683954692096
14542177245287913472
17535491538142169088
5220443855252308992
217272291791491840
10577607403997261824
12819635982220644352
5356680909852465152
1420371501545318144
18182990415768827904
878207829588441728
12299188126408226816
1739362574533192704
6763428183971932160
4567694821763268096
5352607631375597568
11453497111768524800
15613360157827846144
13849095244189339648
13548770168157577216
7069513369649613824
4055363199121460224
4395863605036568064
11375134430603356160
4915937142594416640
6910034228904883200
13525119252982042624
10211419248056168448
426466739656217408
13993579979309563904
11139548921485633536
7109256841507510272
8467689145439578112
3762412263501815296
4852871567783473152
17682167395815536640
3020848277183823872
13447556608144279552
9821079154228537344
12271068350793746432
11667488614427990016
3854281613845734400
1121779610170915584
14039222633972684800
6964526446715294720
11479262286468134912
17409361540684374016
5662785275893993472
5209121877032880128
17196529015528458240
13676263225712406528
11930383489269450752
16569403846248970240
14278312133887164416
2601932946753056256
11043930591144650752
6028826828700243968
6476486892301241344
8212892271270099968
10351670131293466624
15827177819419865088
17973547361672896512
334940530905877696
14792949277942372352
13253016243823048704
14937240136385830912
12873912231883776000
14397475610287036416
10140205852456499200
10535379133477707776
6312212364489663488
1072872144656430208
224926992373129472
3021496300904238592
3175617876792299520
15405054759895691264
5104525377581325312
17905792108108294144
18106443802076936192
3022572673103343104
17153049618613841920
11106946892421869568
13389769720872728576
7758845979335041024
16816057613911961600
7256902322297071616
3802505441145338880
67157462248989344
18306700159594260480
327492734892568576
13196091163342131200
15341480152612171776
13568624813785505792
5259907242688209920
15059655093526392832
14591971790059198464
9330331892157321216
15981397601358559232
11867371165078190080
3778790942354011136
531756959796348416
8120553676428244992
814027299336741632
17668101263368136704
4505605793760449536
15777736059435358208
15609840470647115776
128350170382294688
4193882682473521152
15082802636072316928
3216867458080465408
15223549849005684736
12395646283012571136
11211586739728297984
9829210196541431808
13671913638119458816
8574110223814648832
6720784925439256576
8012507548552098816
13521574128116486144
11092154378701590528
9961185411200313344
14349367810909554688
17820394989331095552
15062093044339118080
8462644129744096256
4113516484246479872
14171778972473141248
1021310167319830912
13239329247962304512
4258356186112920064
8303175849027227648
17105994637791426560
16694034501338613760
5771951273794021376
9349335782661695488
8181495451779518464
17031787659989284864
11153560883131348992
7613749605264975872
16716483273759123456
4663217033999882240
16252116215647145984
5210541065315398656
4271965617261063168
5339658508358052864
13754244338249738240
7110783807594080256
5303796325575288832
12127952875096412160
8115554556188944384
16387516764479107072
2877233838753703424
17024719780913754112
6588334519488048128
16035880000183134208
10470418818645630976
3529082575686121984
18368527204787736576
2573606075368482304
3206993228366082048
14619997282697695232
9601566601779171328
5758524839228011520
11551602121492744192
13130746165192187904
5716908290085236736
14124280456585283584
13521374610747469824
4703537543511964672
10540812060474863616
14174620107510255616
14901780542126403584
17955628432143198208
11098437625940795392
17219867757446651904
4077739899487100928
15556744878593198080
1189047965502884096
6844061843100686336
5527344354136615936
6459060987146984448
17269728811632654336
17611730741595502592
5403237206723870720
14746381586577805312
11742700449139529728
2474019977441528832
10681182006625075200
7324634014870079488
17544456241378390016
13874189617670486016
10399526174561753088
3169920357801724928
4261496188660283904
16515927371862720512
13929105345643626496
6255807946834211840
9097637569016587264
17376081614911533056
17803265553338476544
5210830919166861312
16540822121912598528
10614649532759932928
8636172051033281536
12515019860088977408
6548329541809254400
13188980592600287232
17657312487078017024
9832273701798301696
13246937224053737472
17709285271778443264
1305203394236818432
6667204861503367168
7993995766773862400
6609744902239565824
2326110194986121728
10080585783685818368
11686915974056738816
15463970333214539776
8253668796834231296
11730050054495375360
3551507168385603584
13646485264780261376
13239560450332846080
11434592472181934080
5604182008584838144
16086521442373099520
15739474953574623232
1039504681729912704
15013834401043439616
16277098766492401664
17274966571564851200
12798150871451342848
4400300925190852096
1819528022060606720
7195301933910128640
10736370340385939456
18324678786671106048
17327801686598559744
8041925014774451200
1809063287909871616
933700285147728128
1072673706666316544
13592833304563970048
6007405740338372608
6097052378389357568
557290240759782464
10759036544055781376
13141689138712240128
13233420716649582592
16396567525037926400
4283186442179150848
7734164691234401280
9503323706258870272
10747001877096585216
13117801704553734144
3755413877114983936
10033667580147062784
7659002774021312512
15405714834012104704
13257123207023497216
7071701085968301056
12212940307386603520
15893202400048236544
6026653706826114048
4802415558143083520
11430053478887731200
8632873933821699072
8102931001588620288
17151622043713511424
8944032587615933440
3298206824799273984
16695097273807333376
7306494666946894848
2197301579519809792
6718756453910567936
7915903489066636288
1686451618216433408
2270567291177794048
1080949761480187264
10747469180245891072
689472666647708032
3531489433120257536
4317921901225200640
14992763983563427840
14614663650829873152
7421571739423424512
7041205835336127488
15072515952553299968
6395293075761601536
4562289109586655232
9474491186580504576
11976894689385015296
6456824838600048640
17190016101429260288
18161066231991566336
1373623573716253952
5087980071880480768
9262950786344308736
9645681213488281600
12140534516440205312
15219164789641627648
12268557676763969536
9231434445352171520
7738546183393469440
1163852208993732608
15685697824285906944
5223668213994415104
9495319217736787968
14372617888526200832
10654246881677371392
3807078656210807296
5547381660073716736
14657713584629215232
12892976114179864576
12571837224215517184
2578381800401764352
85013195654617344
10246090992464877568
13783580330162821120
8609021271762892800
7780092440861670400
3012762537748309504
14099833746357782528
8148352545826430976
16993156236234207232
9006944978284899328
3957467245274391040
7430603538036121600
11942989758017212416
1894215700453850880
1255487201307391744
12053704653131515904
9441603743827431424
15192909798507536384
14194139496640112640
1168480322781761280
5554417594791963648
12938925333637885952
4097022874947026944
2068144457980132096
1114461266221505664
4131215993892034048
17970915468974884864
16259901546986584064
5863894745057582080
7407526307574394880
15479651169207146496
2072760284196867584
13183556868404680704
2761840841039878656
10068532085983557632
2359104497738921984
2572055813862683136
12555346413418960896
7791122821648761856
8889404588852101120
16130194823784810496
5012060279032877056
5256056299446998016
11979202651046451200
14101918321422848000
3322218553364665856
1615552660053825536
517525631812457600
13058843254699878400
8610875540377995264
4080216796054109184
5918493780014009344
6392441545374408704
11655726186716704768
1118413005076132992
2972116104699678208
2033952311311635456
7474791714433333248
16185207362972352512
12016644065484034048
15024938848977565696
16194897846479697920
16660567173205587968
17704562073098870784
7477011251677934592
11952603450336014336
9395572218601119744
13886085250504992768
4943191357540436992
9475418291133382656
5461110366914844672
11816595209261826048
2190154831347029248
9071906639678509056
1118807300351817472
12298334168434614272
10703794028072390656
4109437776062866432
3015629015355774976
16099603156113526784
11341627579967823872
1140850364143422208
1479703708538790912
4483790684712308224
7167670745996674048
13894726358036850688
10738192794786846720
9732956301442623488
17993390004247408640
13619777941217640
6909496861020114944
13864921795582324736
9800767463354679296
8737042057157342208
15426836873684717568
4288854859158520320
1179646667884027904
8586057315177337856
7342511127568361472
11231792925364197376
1697993544657273856
12652545875684773888
9417830364391217152
7384138246172340224
952018795079887232
16340663857862486016
3064649900030541824
13075135173822992384
3696542318287497216
5233848485864144896
14439794745396815872
11416814948327030784
5100067226535361536
2848730763096998400
7715162747553153024
12962169027638048768
6683795250840031232
12523997575816437760
11904542460453933056
9136826073458091008
15903279917250234368
16150817817465403392
13981546309853587456
14024532569962510336
6699548607152180224
3576793037946657280
11653466339445477376
7207537382066039808
15063954724820436992
13805174455280949248
16126231056794101760
12712473710793261056
4955315199531575296
4496815077440342528
7027881970705650688
13494125602545987584
3229840327086958080
17044084077959888896
8368839771319959552
914766802221178624
12191239098287855616
1927874420861535232
5035300014311753728
7136852453526896640
11162483996846039040
1321778506005815808
3876047388343610880
5476608047277925376
12751130948456579072
4166934160653012480
2361587566143705088
13633410534624319488
3035253595292824576
16270754085492547584
12320760050190815232
7564809626299586560
6527240040349516800
10685717511329107968
7872577279226477568
17709615324242522112
11020995606389948416
7831235892572465152
3189145696009332736
5740065105176488960
17725573424031277056
10663036170258214912
9336371833380204544
406038116131405824
18283959292536889344
16849097571524872192
6195384381556018176
12905854491136602112
12526543668952598528
16895645165576787968
4809977451685329920
8475864175690252288
9332094119125303296
171135572873356000
5703916845916652544
890376195069362688
9196641818283407360
12605687486639607808
15506944036981026816
14341542139016083456
8036795247027640320
16912694762413608960
10324079610913681408
8660384427907497984
10916787698062182400
17171152940673323008
4768427766691849216
1955513883020419840
4765249541348865024
1471153136762787584
17352950815720960000
11212190981696882688
18055101074951548928
14253782355017199616
10789330997742962688
5857095279329770496
9561296030995609600
2540561821855907328
2640782853839197184
12455612966733672448
950660250899474048
7024361942358563840
17674788615797137408
11970238860641554432
6933614269654299648
3057687723058462720
13056943690718291968
6864264012237360128
3683536434501471744
14125321231877720064
9908059553668104192
7112748139756701696
9964062893412231168
1767756763418668288
5599018076549795840
8629975527355780096
8352329695579073536
1643425479337587200
10626714354977554432
16311304982731270144
8903457628533535744
8767653519988094976
1799262276700549120
509432102876346560
5941309144215942144
2356160148614234112
9152147454444089344
460898062491876800
8105608018537421824
8174222537719266304
14493789132003962880
7756241884944191488
7120624190652835840
3924567700156529152
2735662326211216384
15174034013326563328
9509765954367830016
1932412247194662400
10229637206273673216
10710513277176461312
12257673054908545024
7456533084171292672
3071175098165178368
12799377885552828416
14530285773863438336
16822104209857800192
1693003052744570624
8318175855246529536
356205720897033088
5628130397821704192
13745596526022129664
14362367493000857600
4023405166534080512
13384089635947290624
7960976595602323456
13568771515006570496
3116116076102552576
340785186551826624
49851110893695752
2436757740632285184
17146245476236103680
13591194273455564800
11194433879866855424
16329951628442650624
6771976589042654208
13400546978866202624
1486035629737765888
677047252047696000
1123351531006239616
8791562049445711872
17308797319583690752
11777469554576371712
9195051154169412608
10899350590612801536
14467705820884537344
12140619865331337216
74815187107584272
7517078247851851776
14657335983399813120
6534941072950385664
8591446466093197312
13707421937234374656
13269330090881224704
13278633778665582592
16660223010781157376
8033116913436915712
8484306327292915712
8966165952958707712
4337143699211651584
10798452466385217536
7867927585144247296
11722166656088557568
4651093505359278080
2926560511745037824
9267972648261642240
10172872733490905088
3616362990482250752
3982896991110240768
455927527090118976
1867617556955746816
17758048870555680768
4234086516703747072
12825505039640160256
4967311088396747776
1311153435418509568
8698345148228036608
13863551733914241024
9170419680561580032
2737785360522652672
8589706921491739648
5562973589081738240
15798599884311259136
95420633971196992
10780254372745175040
15590227363806414848
7540057342243714048
1799701194660613120
9892167540431382528
11522971109267818496
7650813161184762880
9936460599495686144
6273504566563620864
11229825040402360320
11229636585352345600
10580064699971786752
10612904876178808832
14331146279006357504
6424571606929898496
14233871003777705984
4969661464244295680
10061146878172987392
1258940858554189312
2403119230752856064
9831884377905741824
13685518693117286400
1461076928675790848
15520385065738065920
14633863836074981376
6164043120684652544
4558108926209076224
4203844877741747200
15492222136237613056
12478289720829878272
13344745035343378432
3219043699794746880
4320308953383263232
5065957838047488000
18195724650037823488
10270720803889786880
384927090523928128
796441636512552704
17998573383828740096
2290744314628127488
14382133228309448704
2890341239329644032
5687453478704068608
17909498206560815104
10178919947358128128
911652673847349760
4739453743954075648
2889228673216729600
5848809425404362752
16631114887709007872
9637260825922207744
6238658761477301248
4940262149066735616
12487894460633032704
4223910430331515904
10077357697699594240
6238125358659855360
1116468349485143808
18100677328022626304
18328408632054499328
3285649005004588032
17818683126431739904
7231810480260751360
9353134903737540608
6598384379536855040
8745271965008412672
5222301299962077184
6150684539117584384
935019706405569408
5424000826265875456
12767683601227784192
3256313319667240448
7451668993841014784
4646763958368599040
3622546835045942272
2636082804649362944
8480947736658555904
11789339090397644800
6763044529371301888
9140409635344396288
446793018908203968
10572161964450920448
13474848167634100224
3182591567830619648
14093690524649832448
952317795998884224
4790361640568145920
14249739921675804672
7342273800684603392
4972270695400725504
811505944798823040
14841921059522637824
15176952617253050368
2953670610201080320
11573268531242960896
15037100266311094272
14067154436826036224
6105383583075041280
2166521029243428864
9814982857180864512
13576970202224666624
12942949936260444160
11470805045862582272
10459942953349009408
4748190186777545728
7025619629813100544
5592097508048924672
7358411808249528320
8367756594999431168
14815323124293435392
487905477234003904
16277426852683311104
798625882633263744
5930782669982324736
44253608141946416
16973979562508531712
5650395498125026304
1462947741755755264
346985701188723648
17223069291552489472
12923332409440487424
9989618000391438336
4003069920012643328
8926699517671200768
5183224015853814784
5853094445539792896
2784453140091459584
11753363576472164352
14632104241502879744
4782719118051982336
1468364457655454464
8229827027479237632
16672645456253403136
14548638062811828224
16546803781276248064
4287106212876251648
9212956231472654336
4174354889202317824
3392467269876992512
17733050210297337856
4087536182566016512
3779244188641108992
14665710138137444352
6367869845354881024
3383844013609933312
7599717624058736640
9664616905874933760
1613114462448361472
10280090869157423104
8949884394736649216
9325027945234960384
7612897255497828352
2274587117359382528
5575840290793609216
15507123176181897216
15968993322791450624
16329660303981406208
6942354809879346176
8720627625317537792
16792831207461318656
16817493914911817728
5871070258515681280
4470160162211234304
14653332581419388928
17857365202457483264
16037077170353440768
4445352249350858752
