8158892257228783616
16731321679858763776
2314178707339963904
9988973303428337664
10820357172514002944
6808800969240990720
7534215943505334272
8054040247615416320
17058128818794633216
1740165031372029696
17007394466046228480
2941508535015181824
10972233611130925056
4875790052782616576
10108456410629388288
16381596809937188864
14596325403826853888
5159720075401790464
18334095260647673856
8872173618302743552
2470342770155846144
7753900613528986624
333707040151381952
9611330033089497088
4646678134221061120
2601370987845918208
13796350627762257920
7365465649794074624
3822360974292239360
17262519628270063616
2751156104210471936
7572034482300991488
13650836060772945920
6023941304984877056
18029578928922562560
16164130633352142848
672364583561873920
15707360118152554496
11327395293587113984
8540565212903787520
5033866045568868352
15141347935228082176
10838121273905135616
16400015273806252032
8807082899431950336
14809623157706670080
15813864643740768256
16263435228857944064
17440269840035823616
17921356262818039808
990448337611901952
15918403058837135360
8875582140528614400
9096628351721430016
5659724437085809664
7596172266227905536
1321691544214225408
13738895514366642176
2857394564091732992
13894194048698130432
11049323877983092736
16574397608118865920
14248489399041839104
13297378791177584640
11245050778931888128
15672324117712760832
608409046131332608
6732552278484657152
8862026585558596608
4589094298727324160
10321703779518320640
16700653070464731136
13148450938361419776
11671311128810543104
12193001218658197504
7140532227151716352
9419411197091479552
9772716716182192128
16113418399040604160
13057534679761963008
1783371997923948288
14977455983497601024
2733898929706463232
6217876231360339968
849605616543504512
4228892357585554432
13005397939664570368
16828417843452995584
3181151735203113984
900080262667635456
8160509701156699136
4660343074212828160
11004164143171751936
6175245942686618624
9124973741498813440
71685133603860064
17376659596002318336
6284778603739613184
5729260550108317696
3684063494286412288
283075609491985696
4194158105535404544
3628314646411868160
7395766858824117248
9291558224413181952
6558740962731849728
18123242076663478272
14348151585218514944
7708821363647460352
17929485307522926592
16919723261395118080
11422205849613821952
16911834958909429760
8783578822391337984
5559661069392863232
4315051730346125312
13459081923726364672
14205580682059618304
13617103882058328064
15955250484906915840
4204656963066194432
16730121406492153856
5415970365715283968
6780747390868371456
10116756087245791232
3388595889228817920
14434752549205606400
16069514246527365120
13682729673741461504
7535169484124040192
13767615884030836736
15033638015546748928
17220718564213833728
5264780509202917376
18050157170403293184
5053101292289738752
1681603079802129152
18208953073043236864
15641408436599437312
2538313842049358848
15030740237180956672
8919514781430958080
16552141729270876160
1879443728051257856
14604597362693330944
8742978712194637824
2070162411464452864
1110051527989659776
3976639994241682432
12584652611834802176
7449900973453725696
7268961344840026112
18109520250479509504
16169257244956661760
9419835556796864512
12218864343546372096
10220834504910528512
1894377624635508736
15865923034081482752
9628636606509740032
333325437292136640
7427266290493962240
8011241070053049344
17149643401439322112
13423451848678627328
16905240638289991680
2962801917852490752
439987011995140672
7586643095511651328
16953499751134689280
5224766640527313920
13003966225482838016
11879001238227531776
15991261057348116480
2979650224409673728
3094525713412621312
7418162331720811520
878719307759079168
8953616752066524160
10857254149250807808
8204572864180438016
2477718659145559040
11432285256479729664
9473015921799956480
12871702674407651328
15488201379023011840
6666194024776001536
10401615347697967104
328359914132627392
2963861049693737984
13130551789709914112
6549687755846456320
6846563242543252480
3020777980638254080
3754076593225589760
12456583160773908480
7109240913862736896
7276506068057427968
11801456983987707904
5941388872229345280
5221505822262955008
4215778470551262720
17609166156153159680
2244930442384798208
13728641958647488512
3933913006992692736
15236888983872704512
9937380475397928960
10174727045750970368
13868778852846422016
15486360718605729792
8023957494196558848
5515912543409481728
6627358374489334784
7743362500031900672
8400591276771584000
17633899573235308544
8677336818710918144
8382776864550075392
450535197417646848
4168264536667568128
8358360995905715200
14745805396479346688
11892913579269263360
10132696183153455104
10681166438910820352
15097783490965297152
10276508786460293120
16946630489447454720
2542080115960811520
8609456171713973248
18169329511642241024
4961738723986468864
10346643208326066176
14217486163007242240
14520980165178427392
12309329596211683328
5377617543758764032
10479677758627604480
9865069794546313216
15211177273530460160
8202428101744312320
782141577262602496
3308747884646731264
16059536399507752960
2770752838985515008
16976721971102222336
9182699514696296
1684052912572629504
10232375133302829056
12254926833878999040
4202072474695683072
6194456974944337920
8685265153008786432
5977445664276963328
8939263250574181376
15796024534907285504
12765006544250542080
12999382331512743936
2568078380115279360
4784888725753711616
16490766004364648448
17347112106259294208
14192678343333400576
3849942005651175936
5010536104263442432
4942116699085937664
8034783123309628416
11584585290588977152
6789278939326044160
16257365561657929728
7859621748714497024
13652847049942237184
14930412056494622720
17348668018588862464
6941201946830376960
6527813024044298240
3390152676201417216
6588587293840167936
10165467104285804544
9680258881926336512
9016137024846006272
7791476700055743488
16232766600834281472
12540896089039525888
17526979662939170816
147831084873415904
1957837202036284416
16435079884175958016
8451810435645913088
1467566340255007232
11787042401946505216
15509446366466652160
18145715940670767104
14636870535956019200
76358812778677728
18443448939454930944
14352985998040504320
13684360118336765952
10605279725315270656
2182426877381820416
3855385808263508992
7234310533167826944
2273837895654572800
11188012758007048192
9824427778669015040
11838603989331472384
9985944561549412352
3056677880225474560
1000386552036414464
11463107359346888704
5981797986664219648
5697274244551698432
542773739054790080
14161712270420432896
10562467917475424256
12989952640102588416
6796357985286702080
4773011367818668032
6344481017298760704
18413844886340077568
3161459500872289280
791644695468779904
10458830009485510656
1893558007822581760
519334796658187328
10813884755989016576
8015920058044350464
16866660903553413120
424854302998672128
10166596185756995584
6514047828100619264
5959651639527604224
13855237709339834368
16676815127657398272
10954343827863375872
3557838091413518336
15627453918099773440
17734414408503461888
12139359264189710336
17072403535388485632
18329000427542644736
5798411117781553152
6863862001946404864
7167819425492359168
15369049936730572800
1893073273315877888
14125685096696203264
495131166906278656
5932041161217076224
16553208259367983104
7657226920610217984
15882112062505635840
8967311400775821312
2566270486981130752
4800110493642411008
5384530171619317760
1631156264137608192
6228971599427739648
9491372746942533632
16726237125180854272
3331113580308006400
3363648125049092608
1540549099633277952
3491219855123368448
4568264729567341056
3132584547871891456
16842630611637645312
6781013130012001280
2456090660655584768
5986479120441049088
9136703303413041152
13750454179341162496
10100225574215143424
4417642130719639552
6659322702984776704
10599178451404632064
15937769881872146432
4149767331498299392
5387489202074196992
13526968296710209536
4676698023148341248
12302246528728281088
13298587322417655808
16491498332063567872
1667355384727729408
8687042248836197376
557902099182678784
12168561419256557568
9897910612071903232
13306541857671168000
9726870158241538048
10213950879390533632
9308765588267304960
3449790010139921408
10759648377926459392
2864240443025521664
14349478036198658048
15696464427326937088
18331995806028068864
15027874382322180096
12826879220638822400
5271553893839950848
5132617517766638592
13992701341567150080
11675288388311351296
3605303377039549952
10936382497817249792
11793223018626146304
14025419588414574592
3809287385343023104
9784364404531849216
14107721674016202752
6669929631107688448
6691772830201423872
13705686035150692352
2649230878533525504
990473102116927360
10198127748125485056
9834394943104309248
4780950595283106816
14442643826461145088
3129478130108860928
7498958130306884608
9202362510809382912
12515654082393528320
2506351978312007680
2001046437526977024
2130232393381300736
8258395917158887424
6848681452716342272
16840687274604394496
10479965779768227840
1667839596764747264
3247408908700750848
8732019614710129664
17030764852803852288
13838439953106151424
10723863789381027840
12259508474655301632
3676911087446903808
5740958117467524096
12123116519359166464
1820147284905927936
9685380828529688576
5583935243685184512
9319455529707651072
8292677962648057856
1347407921196475648
1260327727910666752
7591138007172243456
12023700285506895872
8764446514402920448
3055561140448588288
2843358206279503360
9240394396553463808
5270986185729248256
11757722489744680960
8994378409188359168
8530517724463700992
13930296845131749376
8985042102546059264
18303621722529785856
5389760804276505600
6392028760680770560
17565922165752940544
5562674957078037504
3474519679462280192
4141923945092947968
11759176586637305856
10006668086625073152
14078757672317571072
8719726726174144512
8048665238745536512
15720417550382200832
6743062845268160512
7021079761091972096
16485440776562558976
14036977737876033536
1978493717485604608
6298790629781408768
5929110249118561280
9054926864568330240
7504455412162215936
13480502527141871616
14095192484254779392
16221254563716487168
261290754314219232
3410824590022201344
16124994018835400704
784237668482119296
3552704485980201984
9757806971641872384
14183021048919764992
13033877509175085056
4366739749238153216
14633894689237254144
16178660934433378304
12482664785562204160
8660216385566720000
10872917160076191744
6345929253833041920
3351712646258888192
10742001412132724736
11420633979340341248
4624218337155937280
14422173476471070720
7075506348843850752
6971252452604002304
17360389487048968192
4229344094548275712
9513205840387057664
18105873793453309952
10879690130319439872
5514280328550862848
14813834975356033024
10645365413451644928
2955565002625157632
7840490549290358784
14559819218959458304
2312572395420610048
11475618046197997568
8956574598072932352
8524508059184540672
10231946098165714944
11142522264029843456
12007078791448997888
11198470933664958464
17403241015096690688
17557296183893305344
16405051177097441280
7472181037272041472
8539563441452518400
1891846640410088448
11384740386420703232
8938927359240079360
1796524945194700032
16111273832990982144
10977015957586272256
606738157965989504
14164145258581270528
11747323928094187520
279371578058623840
16675611461824673792
8238668443415527424
8179229376063157248
11044665456472655872
833162960168173312
16105483621722253312
11022313521198350336
5663162288590106624
11868938775627855872
7490089798792593408
12353920349006172160
15369641197977866240
12895278707277033472
10994405565828538368
13507078203629350912
10614319639695990784
5127588098457283584
4835320601362969600
2701460368746900480
6781442177318192128
13714421451885223936
13617972475327301632
5228361852251810816
14732432418578569216
4978715186260400128
14105019352565295104
4271429766064317440
12396209354231197696
17515354279732875264
529184568180605824
10338424170440507392
8843504883505438720
5087216842698078208
1058631853623232384
17193019463897282560
7755629421071215616
9590819366219507712
17386633242632660992
15123125183510937600
11683486739456827392
10533415749119633408
3883017558752859648
11523792466828533760
17286925654936328192
13604980148770521088
8929673208253473792
5466742181018092544
10825149944473837568
6360385845105870848
4012489692375959040
15548700755057522688
1036946975522795264
11388431131724281856
191850845090138272
12249801869978902528
9475891903127314432
496814315571751808
7333984090094730240
13263882993824030720
16903896778350745600
9061278277442577408
6100821791300882432
4924073382534024192
1089910544158947072
2084113518940229888
3878883434999409152
12024664708778493952
15362796671629744128
3369216640797589504
4197893260232322560
5051096196279344128
15519317867141801984
11650440172894832640
271318687328795744
7101177622171593728
15060950017520224256
10808243379433609216
17475739138668146688
10935340306886803456
12538835902129305600
12814491492511500288
7252707731748494336
6162067196751374336
8782613767953472512
6429585451419356160
15343012976654831616
11421536256010860544
9649958373487431680
8032790893190556672
10269138368497448960
11841307074801285120
3414659954315540992
13248225907388968960
15476441115111729152
2439927874148152832
17528345233757204480
10808011681949239296
6792328568204610560
1058423868171328000
16908494694754144256
17071373088481040384
4829932178342971392
11299991670352543744
6548455236657228800
15700276985623076864
2563428390491204608
16689150535420403712
13096466858659784704
14501898000267456512
13212668203297212416
15627035966988687360
8846933686147176448
8774410685827457024
16236160758527627264
6460381389548533760
17576949091135492096
16269131899392565248
16117148884946853888
10869528518634059776
18161726086132979712
15343162973321383936
5653168529091742720
17839916970072834048
16786439986936946688
4182429053653726720
12963394409693319168
2280175127169612032
16228292170823874560
18374160338501697536
80483833754345200
14493827374103937024
15281868079384070144
16647317280963215360
7156163943107542016
16137253201369888768
509826847779135232
11138066413859295232
11110164442829135872
14555876905817706496
2558181174636156928
1316145067239490048
2564152648531061248
12490236823755821056
8268910602661031936
9037816327589406720
10585563488928397312
13068193889775538176
15923334707364843520
13197199630407520256
10861468727378075648
8382687990097830912
9556266817522139136
7751180687647645696
4087994261672905216
13700999013166219264
7216126093658890240
14596787934514728960
11979973732074952704
16006167542363629568
12484890511704975360
9323877453594185728
4325086548179561984
8996115576421342208
5526425418907350016
16045937169106229248
15765099236462323712
2712857850680358912
893930907421559552
3099192080854620160
16112303327519289344
12527210179405895680
9380030113635225600
1802784175468253184
14748842074829037568
1989593721422043904
13556496391280128000
10087676612185118720
8770844982334515200
942552590442119808
5590721835446466560
16371854889882337280
9515579148558163968
179221778123450464
4118717598378231808
9717438740890609664
14861014496623917056
4891601363996114944
15545319815575238656
10201151755458410496
2651295281055608832
15814211724119642112
5091746050639228928
17907057909322377216
11419177334619291648
11552478144114114560
8236951121033988096
5861340960095512576
6862260305945219072
8243750698726704128
16220917137968222208
9803714338069995520
6645787057950803968
11444958475846275072
9017338220794648576
16235305862773831680
8036262763615355904
12135602596745879552
11749768504469878784
1672355047630800384
11000531572402814976
7004433225676386304
3908224684596716032
6223638013595419648
10498354663643578368
11164796985551874048
14546797359593250816
655576633797988096
10401504873877092352
6993570229750108160
8412208294556077056
1295898544882048256
18087329992072333312
2672926375642598400
18323411177379471360
2300278136228904192
15412897961358342144
11260122723314173952
558314857263856576
15138995987746279424
14855953868245268480
11900612758767423488
1371576215669583104
2352038372157203456
16143797951083460608
14780490375522723840
11367698838310715392
17510673054676240384
6137303653550830592
17764953971720716288
15160662938067974144
16368044925152499712
10455488891348606976
6170666857080728576
16604574514092214272
315938563112238464
85069997940609168
9180042321868182528
14530720008243810304
12777824537511925760
3984483678411739136
1688110557419431424
4625935727543411712
17989803088243122176
17692549102364338176
15917525946030614528
5874871532375068672
5524197464960303104
8511704285090603008
16844572099911086080
3598593000258377728
3206592430299105280
3457181482375065088
15067087827045687296
2704956606930971648
16695460814266957824
4267337818364771840
5636220322525535232
16386785971259152384
1904152198821937408
759617626069428864
17783406311686141952
15849984177159831552
1651537363640126976
2090971257372825856
17702234796719691776
7908346354674685952
16230249547876186112
1628537252946089216
13181057285861838848
4301261842579351040
16660518574161041408
16668615764584091648
14407104253972013056
16529736768642031616
12460287864913129472
2903591338037823488
3159060367356770304
15649904953701883904
11773417524982622208
2843844985431575040
10123893820564230144
5987405738721802240
11796063337338048512
6756938134386480128
7980507266855585792
8474196467520539648
18411394747102554112
7946785730788705280
1912508835780531456
5930645172999502848
8036764481730300928
2257765361383599872
58122167484110592
17166303167237056512
4759706129574546432
121061890655895680
1302883942642091008
12012986596514807808
9688116190666952704
6734746536239490048
10282290633914562560
13088893076102686720
8659993874703550464
11802415155829751808
4135664437749759488
14304068247224934400
16974189873314099200
12403393046454507520
7631633172310639616
2315625893710996480
9075591813006523392
17544961998163838976
6179297597106340864
8821515840793365504
849839674231047424
6884001439250727936
14892722405753503744
9637883342208262144
2678389553122800128
7920837127804585984
15157357673110661120
14816778078478532608
12826720494586718208
6358351582081776640
4276041098234166272
5671144209086927872
13672371524086470656
16115745714370910208
5647525014745352192
15593669140658604032
18350341041096841216
2781941475497982976
7635092718403078144
6239636969474435072
7623180639443126272
9921822929245796352
18305594897469362176
16112158653870186496
7196424335082810368
8451645688326807552
13311580895119265792
7229685552256062464
17097578006760527872
7947609122134737920
11967373139865909248
4507487694866156032
3801246906770277888
4400576225477981184
10750553685769977856
3700185124493635072
2399424714375335936
11496567356289114112
13136093794148767744
8696821814900066304
4605415390532635648
4150890368015005696
5989104258258042880
17351980679103381504
7470693229049767936
13667660769079472128
15253181646818070528
16409559414453190656
11677357550077503488
16830077178603747328
14162213989066752000
14227448573539041280
772919083390703616
9454077956594644992
14220072408919939072
6332967078737523712
18441931782771486720
3431923793029474816
9139131883193992192
11639070186579912704
390407569989335232
16273004899649742848
13037274358973206528
941400796588798848
2846353336852965376
11682060554297229312
9270197301705828352
9355124773649174528
990977864608677760
10279876683886524416
10922785403156416512
5574394071921910784
9731551781016551424
4547065047300051456
14641482307453208576
13382526408658759680
6382894910511246336
11742228863023648768
9350679618237331456
15164238271809476608
12290488586231646208
7348496862564766720
9106834925359901696
9670690920459923456
2324203686424456704
11571686675232557056
3865565126908604416
4211097913540657152
12462092900971710464
159440477996567840
2020231184719969792
7049741861858668544
17262803149798432768
18097102385243904000
14936241017796886528
13184051436491462656
6063577314547016704
14334809383215591424
483953801167873088
577229902683140096
17071286306231220224
6531198858278688768
16468082961107144704
17738100849779615744
7469647226843650048
1629032118164002816
15607688582705991680
15763378980795269120
13779863896056008704
14179851228456335360
1657102455055432448
10084284829811331072
15556973244417724416
16489487711915120640
18352936045124491264
12570495365328582656
11406022239317291008
17475334267676256256
10983539446416838656
15578043185512716288
5021959248781438976
10028824502683019264
13435693568749393920
10207887072381607936
8775700907937839104
11627190975438075904
6089706510746348544
17779181782384011264
13711714793199454208
11035070164783489024
10833282305340364800
1251321233428936448
5935196347369950208
