3502649612341037568
14282244710304786432
15436560249004337152
4428550111136778752
6202661918141285376
15113446186330734592
15746456494213257216
6002305817140509696
5466165769096858624
14093884287885715456
2985267225066452480
15692789287709796352
16369704400485765120
6629730231311293440
18003268246471782400
7401270636096489472
5997638014515141632
2699948139141148160
2532265566078736384
7912109972615215104
17432221394032340992
2733987861122762752
16715240835582351360
6034249526611752960
13066307285670836224
8816053090464270336
12835095805219497984
1336475306814391552
10409005807780829184
16893855138179559424
12502231420152848384
17768129256815147008
1854854801218020608
11551081633806870528
11286954787458588672
13088500957996341248
1466716975853396992
14849205676968134656
4446772523113382400
5239500731546493952
3315072219382289920
13477145964403757056
3957335648928950272
3008321165311436288
17118737690257176576
1575392273857477888
16569595319359391744
16563190480159338496
3869039733390044160
11177647029370298368
16213949596837216256
10967102531280283648
11486101380290416640
9427013579181000704
14812248449672314880
12391988753627119616
8373494680424150016
8567527454178061312
17788642938765111296
11892569370335361024
17235776046073159680
14244423397534971904
252670510084539744
13302187120831549440
5488618975958980608
16988251405809668096
13117802918888617984
9764338801034682368
4421048918289362944
15356084073944176640
5121546335434778624
12200210853834821632
15177176162990755840
5995760673905003520
11889208268677261312
13294602084507574272
4057863331002504704
17866341857922072576
13525785457572560896
1348702190077750528
12750156489943498752
13625275457752879104
11743598053736128512
10450514683379109888
876232748603445888
13532888662564106240
7634722924165634048
2856553408830074880
10655548704646100992
9965964494385524736
11238830466164086784
7268504925894929408
645871459340183296
6633415013138234368
8532484589752906752
12720029170094895104
15544582787420119040
1426118026897718528
1189322605934552064
18281752286335023104
8005624650978895872
2698424386573138432
8691544030054231040
725132712908892544
15602806173280276480
18098828805721677824
6217897299664249856
10412400705391980544
11226439113645453312
17415657094439831552
15603052090280077312
13319172762113187840
4170503819767156736
7029931687406811136
8027422166167229440
15586917356140122112
18148878999749310464
8476271273125517312
2118949561025593856
14284192559259625472
9935564159224170496
12955627754209906688
3019715249570630656
8059089131769536512
1639393906827696640
10616529203057588224
6529891576291350528
1862727865179595520
7471103705197974528
17377424685429653504
2350278334532224000
1642744124260617216
8293387401505836032
5861725096423712768
18143626493860077568
8629383432749856768
1490323658140347392
15548909932527597568
10853769417248188416
5138014124809885696
12937182649189187584
11795911130130751488
1921375361572604672
12871711919222245376
7816360229196816384
16727735047404744704
7792325743528948736
3395812825053710848
7565609194798099456
14633072859150108672
12948927533618737152
15812034497603028992
10442196136098738176
14354038941124577280
3488548216553889792
7892746305333961728
13190970516595365888
7210249742588777472
10635726448978325504
11294843614018453504
5159017708854348800
15499725891667582976
6938666062461182976
6444896745563409408
3916360064546254336
17449635534439124992
7604765456961245184
3717285147532957696
7280889303244294144
15441536624598609920
11580732315305574400
4914517636630307840
3559321520751124480
11463801202156191744
6649059604051192832
10789398403920357376
17216384859333773312
16731006070077321216
8589361182655693824
10265658219385034752
12070442166141261824
8022155811172331520
4153122961987289600
16632765920848502784
17520387459643140096
2635169723913549824
5802586573343726592
5236016822883648512
17199963907816194048
7758306324424115200
1881708850192479232
6160068276544340992
3209468065206021632
6213794368303237120
6569149914465602560
926002021686633216
7775390547381159936
13604485933862752256
14703711144187344896
14715369493851983872
1250998341976997632
1665409189986327552
6533883762235208704
14805119004983875584
3551478453660031488
7323982096580264960
17843041220651569152
7494583833287348224
12719727756105641984
14274350630723770368
9003418548377437184
9929207679286009856
16612297243859582976
12503439578455164928
10403652075449749504
3277680654234972160
14249820677155543040
7260604941346797568
389793729233419392
9776442252578746368
6413135268958704640
16307987478312357888
13770019966234460160
3390733617980477440
16131926915674386432
5455734016397289472
2889091494282317824
4000032817507586560
14065865449124677632
14045133794994661376
17517188547281758208
12242955223040245760
222999311729084640
6082697634368599040
16053461858274242560
649317999676044672
3711632871072175616
13627163922319542272
6416604627802430464
3711560621616449024
14343384678574571520
5970554374485718016
17001281145572134912
10146748626664355840
5662450481592324096
9163175803990053888
4333211707576645120
1322049836436174848
18355124253766746112
18160350471696930816
11115946245933367296
12474510172062904320
5649720864996248576
13966656816154187776
18429805805888868352
16718112961185449984
17401311194973409280
13676572991592869888
13445131369116833792
15849782461293852672
16211063641187821568
15316207853609545728
657243676755551744
1379874407273810688
1812896726378427392
11441012321541201920
3644551511503037952
11958333814246674432
13027098364985122816
16588335553369071616
2596784724924807168
5775263774646813696
5551409901759285248
2375196900700253184
16358720138266138624
6276248887202235392
3709577213092905472
17313260422407161856
9247747120099665920
5229780359788595200
11418291690123995136
16781190682761455616
6539710710827067392
13275679957658322944
6474679622074996736
16232428465216624640
17067274004395796480
3478171070524916736
6578357247144144896
16342385899897309184
16765973990524846080
4021078585751946240
7400540704750614528
3756637661811849216
5204690194027786240
18073028512515319808
629677440995408768
16943397924988721152
18408709542234888192
17949406913322993664
5567096212772347904
10205487010823548928
16641805535246989312
14777308042079668224
6839013807443705856
336350978098477184
7577842744606364672
11877686197122965504
2979953315431679488
16071996492342274048
18444517613835982848
10416236546178998272
4784526812088529920
13107302703973947392
1307503541895923200
6475125111092998144
2749743348069448704
2905006830679137280
7635307530768201728
6145567103472814080
15620550176836128768
14039535027868733440
11006184165978226688
4618129723621098496
18231081388761798656
6156806255962120192
343496229541480640
13480350496586412032
16955578129485551616
10682557012038060032
15675078535034972160
4465183905343112192
7099444648388047872
4648892278673245184
13982645421358673920
11047361866046033920
4388376649345573888
14428529199441813504
15412043253596878848
10620303974232041472
11750191100042211328
15613620817114974208
17546195214643163136
16667335556825358336
4291207290907476992
14539911866079596544
4687997080129465344
3202645650183364608
12939559636401788928
16887941815942164480
6483797955826085888
10032929694328477696
18095283603292778496
9724094455408603136
2501584016655426048
15912604370179581952
7089996275877221376
18047130001539053568
4752149326205470720
7836865097915297792
6159352905192316928
14134095425985556480
6089672039939578880
4414506723566343168
153576928523437760
6222788011743550464
1659013561066402816
7631730162060950528
2453279452081096192
11672730419336046592
864627376807106816
2509537844377524736
8394809161237523456
18325220175655665664
14897333893775310848
7541377628567584768
6687634439793124352
10491074474506242048
15829319720971634688
4682515355125098496
16694944791874447360
10514805533796532224
13704505313779918848
16769973960834486272
10759028211554088960
5816007058313606144
7224338304100300800
8334410634049414144
16811165438569799680
11125663455440492544
15033586139603281920
15691070633108545536
10495438843023865856
8261442025485732864
6170469747956384768
16461488645451100160
957733220873374592
9264640386590861312
5651927069730123776
14813539067906103296
15253662114959519744
6606408843542331392
18083796142371876864
6635953516217322496
8150677039237869568
16788605862435008512
12801432304439908352
14041075040394051584
17147172327547033600
1791531346796016128
1520487583256565504
15277900481409820672
9472013509479604224
7494878031392021504
14322865859075534848
8354868867380541440
4451157417676855296
3599331895771762688
7059406900227347456
9740759799571732480
10254604124378363904
2060950357820692480
9895954087874131968
15575873834368559104
13836061565916502016
10266900015560261632
13975341149801854976
16098876147122391040
6688279063821551616
707671326476483968
13896400678260228096
4714371505787645952
10307663071520249856
4515145098520029696
14949677190974435328
18134517841417396224
14123477040982175744
16266251235663769600
8568835773771293696
1589386123622577152
16570689227845148672
16005741564636755968
3404237089129671168
1506612733447953408
5563817482310350848
7406558534514729984
7357636423609726976
16743662511922257920
5000543624859129856
403020096097044672
13414218132720443392
8128881010516057088
3174618276009785856
11514828789814734848
15633393213418147840
15520666369765724160
4680698638818071552
3072703490512829952
5122225443323555840
2495249087966507008
5444086816406154240
3909306054475320320
6957812549546801152
9052982871285720064
18260433377769695232
660459210445963136
13659174028955518976
4334995266554220544
10503949246247344128
8282659344760794112
467810883965844544
3899835652205502976
11306077033719382016
14654773666424379392
2604654948013005824
7980575995155433472
8822715480528106496
11516305444311463936
357699141212337024
3144496301027064832
13261426539357921280
15993985685707995136
6971177623769870336
7148167743645687808
11327530730300426240
5593966678028725248
14419281144512266240
593328528501089024
4554116323567854080
1037725358905540992
6713134992687413248
7064655318451782656
8496996797265772544
18379752090730264576
952610221077111424
435862671069060992
14236832129218846720
1997048195961417216
10715077512082690048
11477343778011596800
2488282967602292224
1061702159243151744
7891597938738617344
5357271726742298624
12579860160091674624
17427222317005658112
13233551799297316864
4984220398434926592
13086653598090264576
4313922503978175488
4426943903263191040
15261184922239983616
3613592989343782912
1403908474876006400
170060346403790496
9219343952622080000
1501858221574095872
7499011274670844928
7788487368808790016
1282119155423900160
16789291377440055296
3964266335105253888
17309860617401614336
7082864066651686912
13557052601049010176
9932037133117417472
14791309678676348928
7061020344436600832
11713882845327464448
15078486418169761792
7104651828405528576
6613676863554205696
15606329168077725696
3647654960180804096
8224989940570257408
8785990910974129152
1475274678485062400
12996239583208912896
2920517656043340288
8863826413134009344
7589223385693837312
16157385874140745728
16044987417281196032
8847211246524343296
3915568217523035648
17193341464690903040
6339497391362301952
16715134188934494208
11081390424561532928
6292805167496327168
4119904213713878528
11015942403260985344
5347931836142702592
7290840842437597184
10681307279829571584
6982097835220956160
4571053225483725312
14535867275583203328
3758366717800159232
5197602783505368064
5738524951778570240
15779862708445652992
10409016558131169280
15421057783287336960
10505356787460251648
4648871706675719168
12476959674652821504
14449891811269128192
17335041303300038656
9879405221021704192
17999630264809777152
16496308635875215360
15906198706651566080
431868428419908800
6997344182065081344
7686366468046785536
7912124661743460352
4589451651271989760
4462578213198326784
5176304572099549184
16588672108308424704
15696176145487591424
15787141244533741568
13064660245686282240
2959105536663101440
5541414294212667392
7561826249959685120
11011796902918393856
9136898193615253504
13741362051975516160
13738243354905014272
6136023573236681728
7576724998723430400
15179224413368246272
18241756203573012480
2358203710191280128
16246823478883131392
13760150740432304128
16655306107148652544
3537522637764472320
5119486716664413184
14072994016055734272
14501827069348564992
17678053687849252864
4931894647303368704
11473811510296109056
4732606449599909888
11684585496047861760
13567037469066801152
3568834771665495040
7835579510138665984
15438218861798408192
18382611183518441472
2318500166663490560
5149432137598827520
1186967542694126080
17788954302153107456
18029406894157414400
7798022271718308864
8396899952645347328
18117859989708474368
13184794428798056448
15778620143791163392
17861295704250787840
10886762818341019648
3894641628092766720
14911109434775500800
7744248524968964096
11869211798760323072
18019056034198894592
7275758260602243072
8218295855519093760
9326147978527102976
15712465613993730048
11916930914899226624
18205192506165936128
12096004800079409152
7451882753136329728
7679843454361029632
16689533611681249280
9923875708005210112
11686457248761323520
7061862888156413952
3602942908111503360
6248269060901902336
3257428629278264320
8418210563943284736
14010931645402382336
13806861795777304576
3823941005618898944
4827619852121556992
17685994014317789184
16221658383608373248
17987251353579436032
13460773797754251264
3221494972198502400
15491608898581923840
10038178958660773888
12625404704528138240
8164763213830904832
4389736837443123200
2447731470506860544
8378816059045944320
3067540375635067904
13179123901159614464
18257228365717536768
1654871474052534784
570252031331468928
16150524888189353984
6002876210853345280
8341553699929208832
323881942532254592
6563080423385533440
2811603030734716928
16771365576367718400
18311813457971357696
3195341563044381184
17268707606511339520
1591110262696414208
1910118321456936192
9058210345163784192
371819767882458432
17086729351385108480
13506889997166422016
7992097460875636736
14589483896797251584
11360721662446188544
14171868438934255616
11275306995817127936
4728110319380926464
4016753752693078016
3757699695977610240
15737961790798051328
1203400926732143872
15523718282069981184
13704728628679100416
3125369257037706752
6238949505163754496
10399617918915514368
397154714066053824
5161724934916230144
3679246961193677824
6154018704105136128
12926767154490740736
1699095280988586752
14569331880184344576
6891745200101532672
9776937838150838272
8130831712345009152
12441827771544031232
11131290329587494912
15866245867425736704
2932743574960166400
17317130124217952256
15897637512597184512
344992704288390720
4573552363906654208
9964570372609353728
11455187363809341440
10773042836131760128
7058356531046704128
3533683711149196800
12909583582316740608
893645609618753280
4930421059520731136
1396215750372357376
13340361741412499456
11357210625531820032
3049500414949852160
3583369469729108992
12699034725091610624
10270214502916972544
4374577255533953024
2370785756512937984
13062023269514444800
10181520301116680192
7611859489186171904
4509987428490458112
3733248781490369024
15369139906324047872
17154706174492831744
17242805770777569280
8739771413557703680
2799081534255050240
8761181448652478464
56554161781876224
17193739967097196
9794663250313029632
11482909048500516864
3457676899011752960
8765505148335249408
16281648076457019392
5523798426733201408
8277256810484713472
6683372530168797184
9621778110334251008
13751382183186499584
14342145835066703872
11429093542362607616
5439032679694096384
15575498021051908096
16560581337732591616
98454362085965376
13207615311246221312
12276313508370714624
15055319941652332544
11943518371547969536
13650101608738983936
11938336419933179904
16200256220491247616
9818069110943121408
8758133974100749312
199051140373911648
8574611997489233920
9947963415681130496
7508619404948465664
7521981081422063616
10442875679914670080
657684882514795264
2942856924551470592
14561862593461458944
14084003506126651392
15288949282483087360
13787547002936629248
6842112361390108672
7770863020449167360
10706016503060930560
8524266043311058944
16360049095309928448
16437814317860718592
11768337019093196800
16341193334708584448
1629909914898909952
10223312491399079936
12312222025585766400
7103340027262404608
9383923273435863040
13877671887678623744
6547299841762166784
10862835887175442432
16700033883799232512
1212258977982384128
1194165061513370368
1618151245342962176
10219511950098069504
9027797170773482496
13854288482634369024
15740103599339747328
12486218391286018048
15173947174897917952
8626812789452286976
12769226747938658304
1413901732576905216
443598302129059008
17384750808670255104
13456836212708739072
7381889824058222592
7340412023943446528
7482152611555792896
16462196615468693504
15306435903669121024
13203798330240206848
15500447264740087808
9745336242718185472
9704858818234617856
18078754196243714048
5889359959126202368
1788489787077265152
8815251855167953920
6690061940981840896
11404339608771133440
14718795870877798400
1714369682922210816
9357158908440238080
5636759062809735168
10877806755307790336
12565175736045019136
15566395405668483072
850921539907862016
10832154728972034048
18117182288840396800
581330351393504128
13018390294999179264
7627580459317952512
5333274949689035776
10752993902711091200
3683808547037196288
4453087820331239424
12851152032182540288
14286646532149133312
4345370671228929536
12514639554989080576
18060222069620731904
16441770150016864256
5086831525528463360
10487227928316559360
17458425704276457472
1749328706693711872
5606298555485983744
4684147752217370624
607804489279749120
15778504899243497472
12525033862735155200
17022289537890527232
17056652293548191744
11768947820858658816
5800206254672117760
18285380049460355072
11755497758132766720
10224793390742992896
5049526308577698816
8993791990525973504
13303479641145159680
683622301248982272
12161759893589227520
16199637671366602752
5320776831458501632
11745893818879328256
1368118520006836992
1500813059947534080
2813119473572222464
16224798865836783616
15850120700244369408
12715990874256205824
11800055216096485376
196104987833836736
8574400583626583040
8469623120157918208
8509241897428426752
1908615711693010688
2699672203475699200
10130309741710104576
8663234306767498240
7352869931001112576
8348313902852144128
1723208822907056896
16575442354943004672
11637328622709852160
15925836975732908032
11744369803419815936
14144247723794720768
16156879715122804736
8968036732723374080
16818291125305841664
697105051257925760
15188490339882100736
6853451104020829184
7913542393259121664
3860077047585117696
15206271544052783104
13770229798814955520
480272715453213120
12180585012742535168
5520968795741470720
3575386705783883776
17776671491102404608
6650242422922788864
10095387205302493184
14007674234816319488
7247051586187635712
12600668800279719936
7277360090228569088
11558650882954164224
16207866277897762816
8669782098885289984
2969863986278216192
11301228539301609472
8490162076369347584
12479466090472282112
13793762684451043328
4941103658275314688
4274159092411036672
5085718299066094592
8317797937037708288
16530200125538095104
15544277653569179648
14977738312762269696
2702724731560587776
8581217982884757504
2105016370640815360
13967894351971084288
14691621888138717184
9875487400844599296
5913087998670228480
8495567181120411648
16316460807852603392
8123504033027556352
14335314252265678848
2906953328340019200
13327748274536615936
3036625006066969600
4213464951725672960
5143895169992990720
6522093967386930176
15673733173938708480
4641676114017727488
18132066361543972864
1300250262023756032
5631350885569022976
11941534172511248384
12333753743157671936
12479054629876891648
3158839726197284352
15769320864293713920
2693884468859978240
14055661046538786816
9636816219744745472
6847580542130927616
17284716482287134720
612923727439534464
13943285811476115456
9345128563498960896
7753783890011913216
4211548949072062976
16469036588174149632
2650877423062015488
14354710486815240192
1234837377830027776
13382550110645211136
13970235125771497472
4463064068907332608
5718771600105129984
18153006507845629952
11926839752691869696
18348702839963488256
4278317521656100864
11854268227259428864
2187588054201533952
17078028247444080640
13853650693380880384
3271490976907719680
3075860557833050624
11036618921572335616
15230975156681633792
11842592930838128640
3545893290388333568
12390072929579239424
3413950064026167808
12855399135457906688
5729229850641942528
