7170915706185805824
13986596337412560896
13053450064154306560
4017958661779133440
12571790825567936512
13210357641834088448
10139560464576755712
11110143682000627712
957048552197484800
13553178819799740416
4051226991891756544
14868726223372478464
8773169528494546944
14030291997556221952
8012164023953218560
14936058319178655744
6354276783505643520
15080636802126985216
1663800771381212672
15932310540679483392
9685871557923684352
1964315800582265856
1196599657230422016
15524290537239844864
17953604152151994368
16656223027680006144
3128728548931769856
1671688874846396160
2150257628957896704
1715260469919498752
15862585945371387904
3662407048642186240
12296628921818238976
13648232026197108736
11692574041896075264
5347975336212643840
6330353404440152064
12310699289495425024
14712141683818610688
13641700670139725824
1187317796145691136
9425470423660544000
13446937897288030208
17682369426510968832
1267531549521850112
11126747030178519040
15042322609921474560
7321459149619721216
11197316913865711616
14023275741257672704
17920491011736506368
17860858261882378240
9069071097968524288
17916721018534903808
573704701356623232
48341657243060008
13882009893357989888
918929246946734592
11196075028016506880
12690525002148722688
4740293435073731584
7385928496902055936
10683498959775305728
3396541908705654784
5439732191419850752
6770859558135053312
15050981486004844544
10006194839270580224
2796361523806656000
2869862656087685632
6035896350664670208
14720231293366177792
15917640373779144704
2514468706972596224
10430023788880103424
13425091989246158848
9157856540955620352
314691212206600192
15973844428844552192
7456360977419567104
14074386515416162304
918940671254343552
6312041060359169024
24968035778733904
6574948358482833408
11887896184948353024
3179437151768612864
2026101432785598976
3841303151503708672
15187914484800565248
17945582317280280576
14102157685723545600
15710568680656064512
11788125912287621120
17467475264809627648
15258960931992410112
6564598316611970048
211863030305807552
14785760896310431744
6936392050121974784
12167942102311589888
10515684988755548160
9665321836531779584
10688515905773283328
10683974829639972864
9411292707502227456
5969702887768731648
11430298828203173888
15758782405036361728
7517302030453598208
12511553928994957312
8664075747458325504
14053868611177613312
17274278718130561024
7894817497914604544
12229752309122887680
10099973019645673472
12856270600010938368
9705826065207865344
12349021742360125440
1337061505857793792
7965001149505259520
15442696534686863360
8186024970562121728
1466644044349691136
473734943281593984
2846667265161782272
12162288879451637760
12073903101522022400
1377716301877545216
9078336603128532992
11222734389688565760
13164219687775660032
5054571527102062592
12391391649783353344
5165747357729469440
3721176182788706304
1252855062187416576
10403692929190094848
16947331397308266496
12567991506059501568
8173921976042471424
14327990026300041216
16960037290693701632
9733826864422387712
5038594248679564288
16057180137040947200
14702729417011742720
17219624014334826496
12293722158046533632
12123377499166427136
16574867367572320256
11829805231406059520
8253289786226020352
5711266395720866816
11860839926353213440
13825908819624005632
3384365785887959040
7860624552741088256
17732555597080498176
3163258119687117824
5300536849007263744
8505891904416169984
13738992299379132416
13682097371720409088
13635843551890819072
1506212345152293632
5963697584476207104
16370261528768899072
17934331581977788416
3912093887987361792
8944412080145196032
2528875701967003136
16864740734294824960
11933011933733439488
12853467532425795584
12538554562168936448
8325974070295394304
8581811937428718592
6594157921679053824
15972481673931964416
3142523356838427136
12750850557658183680
2346530509524845056
8198328825505361920
13986320009515257856
10698580279725926400
15149799205882617856
15743397528745979904
12301728369124872192
11798475258570137600
7757624418942097408
2443295933050368512
12803631546462461952
5126681264994195456
801758992039122048
15750166756613273600
6386122799578984448
3932235055005910016
17126337929267062784
8529366519763595264
256966320235765856
2090616524337777408
6947409473182985216
1797227205467284224
14176783286300383232
1539784295430839808
2429089395699216896
3010212177838046720
12496816063149729792
12691815398048724992
12198866233541545984
11429618183428978688
3858001894875910656
13588695209636710400
14420335603440893952
6960909479602351104
1147452096657922944
17911937352336371712
15502155050508830720
10629746859038504960
17000113522304126976
17204453999904679936
16432048126026799104
15821798764075563008
11218141251573090304
2379692419653133824
5140262560518465536
16357130240720218112
7100355689716627456
8918782256741705728
1758959462968292096
5446644672939314176
3418690932820573696
17388607909292337152
10336904780988137472
11941547718334009344
15838640597775271936
10148830090338009088
16674509115482361856
1173252908564877312
13305016571484491776
4532883766970757120
12158775972918861824
17287912892075026432
7430150873863203840
606166446170879616
9908844271520108544
948030530562040960
7546465967856101376
14067202179410155520
14856442002783324160
5562244439706787840
8403715341471371264
11104500168883642368
17664161348930617344
12896439116192575488
14073459282646308864
12983388878933729280
4657437098932803584
958978680768556032
18059547338130268160
2195148796543471104
13560870331149287424
110142518607246832
16657745498739267584
17711383147574603776
14625427468695601152
2503470791450061312
11891805188645906432
7432753700884481024
10243100453176506368
16916032763918962688
1751660687033093376
6953665324575438848
1449819755796475904
7254726513560768512
8184512749439442944
10240479230385965056
1101860656664078592
3664503094564149248
5038461868575441920
12992856837809100800
13269267027612297216
6039856352723678208
16595121303413743616
10636318129655003136
17457297786889148416
13260254182437171200
18357449792610551808
17003159882480404480
10219821005807306752
8498875237841903616
9580151925466744832
12805847777428473856
11711879740670717952
7135677962596733952
18348374720685410304
8102503620751552512
8645141104547492864
3759550556029117952
14057894043766966272
5385409408445646848
5382231722521643008
9480576839523631104
3047376458997890048
11246882485399504896
18387167470345119744
6257063355987450880
18071320670537394176
13260541415052003328
516060706750312896
6163243385036973056
7639396772662408192
978145749698018304
12619232078066429952
11691671809505415168
3219902611654087168
16361147354459774976
17338130223352961024
14346155111200483328
2879670054511727104
15370812004525418496
12023904763396384768
16111444355078191104
5774418127674220544
9947239613546543104
11232064568052275200
1681457484800838400
11531534304276213760
11271767778499127296
8473787560218455040
9283469820276307968
718532662229900544
2693975169608529408
16653502117141155840
3598876949163649536
5689403438561528832
223120398669056224
17362230066060990464
11019473652293298176
15318673524211339264
15268927618394071040
10596133480769394688
16262191726770036736
138102901161673296
4166907006446082560
4580764988678833664
3156951335617847296
11612847701002510336
15174089287447148544
2421229766704797696
16986167861217513472
13603987213293039616
2869813537128616960
11400705302790977536
13252775445211508736
11024263109772689408
15639603045823430656
9112305641476453376
11631876997467842560
8857734659352737792
9924979061409761280
18291021195124459520
4348301491966029312
1102806118174852480
8341104236535038976
17753176663550566400
11549020175018829824
15894345767970002944
9858186084302690304
5936700230091441152
3855431487345017344
3700475242060887040
18076587807338266624
16357106079025049600
730527138592179072
11382389233274054656
15855738644391993344
16671774562913992704
13596857319216977920
2839364049371332608
846756884429841152
6896285517976271872
15302471376239321088
247188852043182720
16049609184912568320
14036832286724630528
4689693520461164544
12653845114307291136
14837564232723734528
16273131876247777280
6129299531904885760
7555717586129835008
4295026581207219200
2879975293843169792
17572343539158550528
5989132690834675712
3175242244335720960
16834473740302473216
49636930055115184
12147331954041972736
4573146650136268800
4698797375626151936
1713556488037417728
16204320393327718400
8224616071058519040
10025477815336269824
4172819512776125952
7149313185730073600
10699233720118022144
15880427571389165568
16615320569673986048
11899528092559304704
13191110748244031488
2443296869940985344
3087430818080108544
3661135284965913600
8249315606194889728
14800181191654887424
5699441770138996736
2516710630985292800
4931425154398096384
12062054162640695296
9855306539467073536
272464542027391520
5413808053148240896
16088315015656423424
11522466316920223744
8580777819634481152
7666170401631831040
11840941797490563072
4773329489255037952
11851313466451165184
14338685360109182976
15714133643653943296
17094276288094603264
12961689457704302592
1693978309937218560
2485933130543925248
3985361934897320960
1717651386332398080
18237778732708169728
10090015375523018752
715305115905142144
8708525141029955584
15564613197578911744
873762102423006592
1523646921960118784
18437985212093839360
16794261248012875776
2588164534954054656
15037162714437154816
9151866707752988672
15918074155314012160
1043606672416553344
11987387995389462528
8689888740907022336
16838882915986655232
4745431396672226304
4259636258315123712
11593263230577463296
788446837368248192
902345458102929152
7338112469180729344
15125292649539708928
2766439626098582528
1564892171745930496
18149288848537360384
5536388883934747648
15910573494334679040
1653232324037307648
2377809398380204544
12654325177405812736
12253059435678830592
2451458892809893376
13355710505863616512
17751678081195503616
14159935449863223296
15411683638245265408
11948573138030596096
11432495247063019520
7002281195083425792
17320661681687556096
14570577047891279872
15409018676565473280
16924425912096849920
17852344727248381952
8331661973733644288
949841501639722240
3227908549506098688
3121188961859173888
5367433867742987264
12483802116126437376
8532017543643621376
13889478441260566528
6669778625505053696
293170377280948544
8914729360701500416
18236439276125468672
3503121530282930688
13554219025201084416
12148037931326580736
12330178554445094912
16331859601841588224
18407740881901121536
3026128465310027776
12631804063972139008
16619040130537064448
2085295931224068096
12678122713949175808
12450292378325407744
13145797577057718272
8505509386222963712
10471362973044320256
6339282914890017792
1962050723418483968
7945508335542352896
17919920873792491520
8549803413049221120
13032288637456441344
16331908714016237568
5949406559761515520
14578117979899115520
10978882480744077312
10949151195728328704
10973097202901979136
4524747254353999872
2544122115253082112
2859504283721549824
7452222004965832704
2125381470377465856
10261929544640561152
10608211145494276096
6816746188321723392
10084755934468851712
1803464633269931776
12604363209539637248
12821938007190059008
7389591067361550336
5098455922373318656
11818100846564653056
10760025439402876928
8586247832806526976
17856904833371639808
16800244109719214080
16438963477450520576
3764919310665933824
16321724107314184192
9654756367241740288
13149407461275396096
7719802026615438336
8183584108085860352
2152358571327743488
18386375989747429376
12764849584940490752
12956314219368865792
115421047642404800
10568268052422529024
12351601280629635072
2959321043830703104
7801820368786422784
2071210643984512256
9549401675523706880
17639981853148602368
605272030648820352
9199487744200833024
4028120871202835456
3291048111436625408
12006628730814613504
2117118619056081152
3437275155448327168
5144213202403866624
4385724343428059648
8069959820177572864
14119000791936571392
16514357121931401216
7500493277999905792
9544223199925612544
16945437453681385472
2654305137428762624
4586816489619075584
1629671448057487360
484425270618435136
58621792209424416
7960296450640309248
1275182614486191616
3646140144800333312
16519758189610467328
5130024260447851520
3523942373254943232
2488684849203000320
6139869686876581888
28827785333766876
5862993114149398528
16099425919371876352
10995179413953425408
7256832916181621760
14024385416550144000
11286417532203302912
3559421782803745792
13703711026476206080
12117603598848450560
15571513245345093632
3455523685539497984
5309588732091452416
1945268005722180352
14033877110314502144
1189492490460592640
12365223630009556992
2539061672242750976
1825390121011653376
8422474147872687104
14104836104717606912
11072756761274884096
10399278678267928576
5497474965972122624
13123956536963893248
8560929364587640832
6400055600282597376
2612721778218869248
7655469202363314176
15327055440184774656
3802579094853686272
15578003869429340160
10764439887263293440
14955434628936507392
14232729120199895040
13891082660756277248
17535744863711098880
732545046804975872
16586231571684474880
4977872006512613376
11632875964270288896
6955730467129743360
11760802617083213824
13850635061653481472
10047683701128925184
18017124918798864384
3679279518334033408
9479101621303781376
15101530678904655872
11612960218304032768
4707276411578573824
13938975047182239744
2462695308010729472
18179188111337357312
2356996558667739648
6610435483069560832
3434062632117658624
2804351247804674048
8457774098374217728
4595807824822141440
13006414952408006656
7327157955926577152
16605753520732131328
6883479806019462144
6771366519615171584
16615693016249020416
14847710505954222080
14562496386461900800
3295483248222939136
10649326338429095936
12091879209242468352
8899424206448072704
477795126714754752
10983077755330156544
16084357495721244672
7864352562594348032
8803502194771116032
4359572997240424960
14045436234843588608
3144853435209904128
9642192659815436288
10701878493603868672
13597811715080341504
7513560567142443008
10570290973622216704
6370016357909742592
17854415239614590976
11841368177985892352
5486844802790790144
1161598835706323968
15025169548511414272
1862222322488371712
11103841441455761408
8279592993516832768
9410242151957417984
13878822858506209280
9668884388246800384
11431720929420677120
13496095848664543232
5037021205126870016
6664830888432926720
16194024071753318400
17976860250638989312
8983093836783077376
16685905075103279104
8000218243921536000
5356948139188675584
2491555648903882752
14561952253238661120
3919262837287210496
2291764484717515776
995430361689098752
2400313018949026816
6899784341503521792
4479056704838451712
12951315232749389824
11071272116583028736
12985980699451428864
7083057482719397888
14985082608984342528
895793859587498112
5947908689344346112
4817729780705936384
15495940991402547200
4442609465895969792
8029102114466931712
11301759962125223936
5922951919391875072
11617561618250969088
13408071893353496576
3339922894041807872
9486315030391138304
10658631877350995968
16956792315636117504
4689669099923256320
1242624286791941632
2703492059451609600
16069695493369315328
8361534583156329472
4448607217083954176
15613818276178749440
9886681138675007488
11430608950407954432
13599594112835600384
15827484476035321856
11998248248591687680
7001638591156574208
962778946489900288
15070100939316029440
5963170941693432832
8213675502420404224
1748564459252952832
11379020503018940416
14519894781541441536
7816926418647368704
13294100451350179840
12219171902781360128
2257311252091365376
17400368460147789824
12235541336896841728
8964911654390480896
15247391795604318208
6382266233631820800
13298739296975790080
4302678420000968192
1090639204465996288
9436370507630133248
13095820465918498816
16885656601715402752
6936870548623306752
4620300162484015104
8710878968362484736
5886642055449080832
3498251010772005888
17532441817614426112
796242317584515712
3584225793302636544
11936224933400766464
15435457405665826816
7699000488006998016
11916246311555602432
15424629537646354432
13899392321777487872
9217222392607680512
2797083077334335488
7603138343501969408
6835051066111676416
12698103430014953472
8201665600338982912
6446678249616907264
16779147351885299712
4974053268477386752
5761979258970186752
3471837253911003648
12822243412950063104
883560301211439872
3216893561208756224
12820811409605093376
13223946567092240384
7935439471787589632
5569302848822792192
13751035217244438528
15027631001498390528
6635063619915996160
9455487936543430656
12774853062139119616
2365934340414470144
16631067912251103232
8936130631908157440
10763237719105503232
13908521118951761920
13695589211875815424
11670561555696506880
11065169846054569984
172078339423100640
5514347540352589824
2553217247509724672
15053263182492465152
14354953333276471296
3982117722160367104
951814923015685888
10247089397514190848
8663811065805775872
13097197990872029184
12877203578314172416
2103673548530466560
2475341786692193792
15847106314509840384
14944359330003638272
5221841867417797632
12582356268481728512
13547238343033391104
15020866601418911744
12880139374098102272
68349811656733256
13953723789674532864
17215750180015521792
5707085959123079168
12033343291795329024
8943449300967589888
11213432315181789184
17535755281774209024
9173451912921526272
10840046133335070720
11090583152322705408
547440579752233728
3763419254731672064
8848826836810091520
8608214383298612224
1871580947940230912
3411581135540205056
11621088771168966656
10106595641817948160
15517808544647776256
14022286902305603584
17504389386721689600
16287109038740772864
7516431154567343104
5202175603925611520
3438318008004451328
17602101998027175936
2163222363434414080
1798561367260156160
853357774027873152
624422863339456384
1420522817359981568
5370789814526169088
18169760832595660800
9392176474000885760
1506976198746978048
15361114828134891520
3381970762214891008
9248496107483303936
17850164040496521216
7514989780926722048
3437983657356870656
10936531738589558784
6250850683669527552
17824984229535201280
7435041536338738176
16559671236329723904
11260810063827947520
8698146594558098432
14068243453457979392
12597194379900229632
3655042234678949888
3285914728486560768
5872038858059611136
3863357206979226624
13520426887573204992
3597643451301706752
1296578894113627392
1336343615339842304
16664031521203851264
13747892572834521088
14762449781553123328
908383797822800000
6019265458937234432
11420997625442594816
11843613394897504256
12003588821934739456
11611164814195331072
733486662053772032
3847690027826737664
7121687944695866368
16007190866633525248
5952825070885798912
15171020701239769088
16503274722489274368
1654786241607349760
9967358302401806336
17099177012897642496
2274513011526443008
4564655925595522048
3140382000616724480
3782526814352373248
14055010035437156352
17354530044006825984
12085869688507951104
10878572081592205312
18184257315390599168
15787088566039425024
6702462208782101504
17682933361681739776
13458653700374183936
16231977021775902720
2042998710521385472
13916927361195497472
14609716149915957248
3808962401764870144
10829158294695686144
12071794633886269440
3018495087988832768
4865561043189685248
15984338521137881088
7227670628882908160
10221380458165686272
6386110021695952896
11807993387484483584
12094665486883340288
2007585980765467904
12675497807480758272
17354617056868917248
10651939400539371520
12613476561306132480
3234725112792132096
2139639080140540160
18038043499747082240
5171784316121491456
333529320602646016
13333361022501804032
823487699086891136
17544834732982853632
3803610627502723072
9304063536363872256
17918886371083075584
7982820778028187648
17122199901783312384
12188904012783542272
10173625171486502912
13464582106966558720
4263067405808524800
17196047522538860544
16302305069764780032
12584439406921658368
12027230243009019904
17750186032949770240
15902215855870390272
15517758104947611648
12889404183043282944
6043489596461417472
14872605544246939648
3806053397849767936
12210615695250794496
18051955711074996224
4844562850735374336
11738475882468982784
15709707581891790848
14010160224036376576
6907368629630383104
6927885820772052992
17158187028674961408
2063418794543483904
14186304367492071424
1643177953613007104
3311685830952653312
2351210611547032576
9252105237670014976
12671086643066142720
14573070046634330112
10439632656463554560
9461041472115161088
3946740314388051456
9144429588124377088
15434265626439919616
15206051651852642304
7305882160148283392
5503293994823041024
14436556680645627904
2734464944098023936
1068627713159372416
8981567152393248768
9682282325524195328
4004878128081602048
13228496580955080704
3495489452557367296
13908763521271324672
