11275152212527888384
13527962104429942784
7460537013229341696
11588235659708542976
3959127977737780224
1450174373115389952
8012676435349283840
826149482394203904
7579659047462335488
17836989469749057536
6317085385478052864
16655745990103183360
7170491046963596288
1528130415723389952
13820796400999876608
5373295309072026624
9280435090703065088
10256938348342736896
6590683278510277632
3827181291871911424
3994694350166406656
793458040815429120
705844724233781248
11732328388416202752
18228497475426979840
10094952436194504704
9316760281274550272
18328964480725035008
9870258973831737344
5913331146129998848
4362503435896948736
7294921823847692288
4845956248534472704
13861238725048883200
10596803732619364352
7344666486961148928
644228716350873856
532490267809880960
365225780862894720
12288259628146927616
2136871238666543872
10650468229944979456
7405070679360825344
16850410238027073536
5523719263513963520
13059504978381770752
1748036516719506432
11529222536494843904
5125856938907757568
6168282549149882368
9071100233168625664
15176361574707095552
229480644302471744
9343172864208556032
7372849229764609024
36303223339140008
1861251366142832128
16925549627678875648
13321940517130121216
14609649954959933440
11071182921437898752
11484788902925516800
903837337768847872
3097404396374774272
1453660536582425856
6716472118898868224
1445208792772208640
6991607744684129280
6617546955063650304
12515881528252674048
9403598321664970752
9419248095902814208
9264292506899308544
7014176968032653312
14464996713999865856
1750527492739531776
16888401333985652736
14277272024571478016
2545011249033401856
14392278643026911232
15618659937300410368
10142894645853941760
10083061718075428864
11983662145846083584
15082368948962717696
3670719718316029440
2556471478765767168
12422974060607301632
18015053598303887360
8208200515726727168
5596026888094904320
2203730076897905664
13960840511450984448
4452717987525086208
14001126047978813440
28934337626204104
7218314567384948736
13331678789098274816
1555035543315471104
8751775274176290816
2376359934168486912
17622510510452516864
3556777059240260096
15742426164493471744
8279956753183595520
12061219062014588928
5939062221056028672
5565218632154667008
18047873312685127680
9816974875420983296
7779965105532655616
13276891969609080832
14715616424252192768
16756732536106553344
13016107519492272128
6010160825227227136
13489490151880173568
10466780214593081344
13441191719104749568
10258053629596530688
13871232088515913728
1304933932373262848
3171299769849029632
13080088055863375872
16396588957260093440
10823221924813199360
2335724915624327168
9371535228442212352
17591690346401089536
11869358434233929728
17436051036817518592
4496101739179755008
9985056438684329984
16210470624146667520
9653914577783994368
359389715226494528
1140334859582670976
12629389945606782976
17753191953789616128
4025712648751848448
17720160300963588096
2512848378645644800
3719583398596867584
3116724380111382016
4273731422431630336
17501774238153586688
12270795010345926656
12891622383538376704
1227919221705883648
6051028300710429696
15447437861929095168
3435843689206607872
6001505866870150144
3557926342113627136
16520291334735710208
15267101354136866816
4183810342825533440
14357953794875688960
8761259484635395072
18175245326175856640
17567136958148308992
11259270249086646272
15888496157548507136
3245943089093504000
17272574730382600192
7257298311555050496
17336665192389535744
11368299876463857664
16456259899823329280
14015333046172475392
16489256163606167552
2985955479288421376
4730024920537697280
11687010689126359040
15497388073582657536
8480149553220844544
10598000158636101632
11544774451777263616
934098635833149952
2997842916307860992
15079899867669827584
8617424488007013376
16628701847033905152
3436831076014822912
9246986870488426496
7849808247570681856
2128448614181611520
6875489048505544704
10080216225569613824
15238455223070625792
10812399017774966784
4593670272422210048
2091978625510813440
6584822074303838208
2837169982031010816
13036313412363440128
7707796488739034112
437151454630417664
1757612655532964096
4200091649913219584
8295728894426468352
5500755169721063424
11040490976445548544
2624367955118896128
15485666038305505280
10066610601053630464
16461194097102129152
17043509339210823680
1965172516811273984
4685503195762957312
2808649144087933440
13045171461861670912
9078289880964969472
8349217156248525824
4799934082086022144
288249841105606976
421104897438975360
4276809188247084032
15400608862264111104
18195601773399103488
2315887130152306688
14149845252450519040
1353704152329753856
8761211641845090304
397572493102344320
4066614054199131136
7593566015277081600
6637929332736003072
14094997211594270720
6249196723151183872
11858307418001426432
14882615670534164480
12315187767513739264
9455628241972156416
12859171565711953920
13112278391028260864
12975431590766321664
14146327778733797376
4751335809769687040
11124936893222449152
5583832412669674496
7901444552896072704
8117226209172240384
14484278253806401536
17656396187609931776
2069686344399938816
12981506446045331456
9618890868206942208
6387411303177423872
17023739840478459904
13516745334767200256
12982170541687218176
348932790130552576
12425736050126352384
15252041948713895936
12791148787548407808
44127538818664064
10553782055174686720
12854267831520296960
2204962986332745728
2039536725447584256
3383033824105287680
6015268875987473408
8449679393523722240
14514748421108783104
11645102506487310336
3236513417610927616
2015941413678967040
4282015460716197888
6181961127966903296
6966530394569670656
13156183739646420992
6924427499989424128
4468612053680306176
819367650755511936
9320950762208247808
5859155402273743872
16997558766753728512
14034251974787344384
1031861327168231040
854356004948448512
14902753615001425920
9966653563757543424
6796174371053438976
5632897355962370048
12476739647106586624
17760029669038571520
9272393826824636416
6796062621797676032
6897011879612957696
6849776982169345024
5512892205332393984
2619207243350115328
5241211460712115200
10944395445565229056
18319377630030866432
5274635168754711552
14617773667215953920
13938748150881142784
7882554157069592576
481478491887396800
13711841025216264192
14403988447815057408
5293279296326346752
7630137262885332992
970260061926919296
17420469749707833344
14417548863878707200
11742935926445187072
17053405221157072896
9532405102594052096
7820127117411137536
679900116954191616
17960177609464766464
14729322823253809152
8275916921654475776
10120212092177567744
17609643804231628800
5729835150375683072
2269481869435913216
6756769716806617088
8085029269194719232
10243683773837678592
6917090604666315776
1725392978299430144
7637968092582435840
8517345782191187968
7186632834009768960
17302680651929274368
14530631063852996608
10077558098875199488
13314250382403473408
17920617586252843008
5413028870581656576
4272184067601821696
5596870336660074496
9956126418076053504
16652217154931124224
2848469503174069248
133029025637694352
16565376404316952576
5322589255555390464
830175421893976576
17923758476688979968
2971671561289590784
1018749558964025728
12336876193551128576
9431639481129332736
267066159731192288
7048581641881598976
729421091443346304
1560648856092916224
9523464091841226752
6625551822177865728
13241329478835673088
12498583972730052608
14221190412824719360
7135022393834184704
18102450083817150464
15079676816069984256
7936948594202473472
6064168869651101696
9011457146366570496
10009243211895984128
1333051992268536064
10646253117606103040
17234314563367929856
17983888573066106880
10441824034555189248
8845271209450138624
11878616685664380928
6240911529969341440
938819574683553920
5685643226107688960
1558942326499078912
12524683706282852352
296766384992010304
1316146938062113024
3376406474858199552
8274806764744070144
18359367992234452992
13559891263558047744
17396810309740697600
161295953038189248
17395701126171062272
17604854732712841216
9490665304097761280
2419624549535863808
4291053249395305984
9896282766661959680
16292848678550407168
5791850642075084800
4314105869268308480
4947407526205852672
3503752883249149440
5710615979139057664
13390742167028910080
16788483983583186944
7874412181578605568
9851110703362523136
8142852475607934976
15653255561815578624
8861811420816507904
15327624115094579200
12370124370731939840
14959198373086955520
10222797349713850368
2121666211500527872
9747258500911517696
5034182744878774272
9870771954591520768
16835747956203315200
5671071819177787392
16879158006441586688
8968375288060227584
7832600565159846912
13487374680024838144
2965910718166918656
2233489136527952384
3719294537707539968
1129751479155982464
6934593691462593536
8905785950373534720
3576377375679217152
17869934428411482112
10022608686148683776
13694756446110029824
3205853720186424832
14497805054952448000
14717316987175217152
16513881822442237952
11621029939663497216
2609946180532355584
6462688845178511360
3581118209474213376
3700219732802268672
13934745707792621568
12994561275898054656
10721928835142322176
1073786929743291904
16344677642907244544
8311700262946317312
911452423855773824
7185950207793429504
14130840083432818688
13597747775555764224
4399110595936384512
11859714459501916160
4539421025749902336
17218470971269459968
9880199898138435584
8589409127580583936
6450840880288073728
13719485083475228672
11377564897501128704
17789144990170025984
2044799917048920064
16205411133857335296
17024356492041781248
11207933313755015168
17703354786369789952
1994500858924985856
13501760971665537024
52593142300068144
7744931654976377856
7912894593944118272
11521987694436022272
15707916483908603904
2122735154134930688
923191236184993024
8046730250444622848
12992734731357083648
552245294037364864
10312346910879002624
10998897440759762944
14019521334410033152
2449772797364306944
10220319675385645056
15615528558849892352
11039339443215519744
3643671581397214720
14715905081740505088
16104988884919877632
480333550727834752
9778424505275584512
16205805645379055616
2369739632237503488
7508029248254757888
16944942702416596992
2876260459807688192
68487275882312720
16243067246417573888
8832264778814888960
2320092417359382528
6144288691426778112
13530457494089936896
11054529905553387520
1699149039864340224
9214224397392652288
9247732463659952128
9039065023455679488
1448386979858694656
9471775925812944896
8428110506333062144
14718339050955638784
5130675370123806720
7260060509534675968
1831817848629789952
447946705517312768
1827830516569268480
900495471402642944
5793484585852785664
17500218074289035264
3174159243699970048
1042643902011349504
9437227114533877760
10733226216392499200
7424029292999731200
6444742044445835264
15496823274643945472
7699971689483877376
16285852466510086144
8190483991241779200
16038264039255123968
902630366266865920
6692256060068539392
9561391246377377792
11060014845236486144
14714955535851950080
4752851020548422656
12954996797701210112
17988407717152407552
9065672723047066624
550709672711502464
2227959992785359360
7183997190507643904
2243854636986187520
10026491611623575552
14073349700576159744
10090934332139698176
12529132407548311552
5380240616096283648
11095099093364604928
10300922153806884864
14359513281572591616
18160617081256314880
6391626966315369472
11454443215289430016
13948379903505092608
14066165018033217536
15303443564137975808
12245442978544244736
3446536955952865280
8277124168827506688
17536631986412515328
6544512430845284352
5834494465969107968
6035086450289650688
9774236180776957952
1198201303710551040
5698366889971880960
1709278837856669184
2567451030490221568
11035649387649579008
18328068206682517504
15606116990773008384
1086083789800887680
16180404170668574720
6702472805227126784
9762209729972156416
11106736163468230656
9887140609469220864
14115301217272020992
2522686642124724736
12473688578768271360
3349654175129916416
2914615173311232000
4931165560665297920
5263338105642815488
15104841194956320768
7531918665503557632
8063417621836494848
9911111560327534592
4622222636156478464
17066452284978739200
11348845885447092224
9760401443537475584
2972305069681171968
12621356999849144320
16248242221714649088
4541428689428342272
4785244371573093376
3593896546658265600
15892195241896916992
12346029912209033216
14128495845104732160
5085122608204993536
10045029348538482688
6342016428030074880
15130028221895145472
265614031792818080
18252773615105599488
10139380152580321280
11100668028959893504
15394245590932383744
7969029673391311872
5156959770357136384
9393943350981519360
3488371472588428800
15553762166296283136
5043011996980167680
13167586637698607104
17773156520605292544
7522850717755714560
14798926655663958016
13308521201292654592
17314058195870676992
18144075926215213056
11323374283303815168
18084470285018271744
10603172546587113472
4301120076408633344
8160918503167244288
17447142635878080512
16756158589133729792
7290057861901614080
6469846911627531264
7023384031061703680
8217445600302070784
3315652203019858944
2858633326583237120
16946885429610264576
9927867442843822080
4695724163490661376
7880540870216274944
4451038287549850624
15155549412440336384
12931319282298695680
8497548926389716992
9676462932525834240
7958061240793797632
18069073105720053760
17002751511323762688
9987964679242536960
11039319767083507712
16221496789275226112
8189203883782492160
7098608680318035968
9549979330063921152
6609648336552197120
13304257286067003392
17093021484721532928
7522552903875946496
7301018350762589184
10836677621328353280
15413892914805004288
12459283494551601152
14712661640953274368
13654611453483257856
13252961424689682432
8209038807879744512
5966889439394915328
4257896355313907200
13115082168460582912
16598844123907278848
8306602457274226688
8260897650526674944
16148102412159901696
890269554461654272
10802099508879917056
5233190511228413952
16521595585687189504
26053923878722756
7958538590966665216
3832909281926596096
7571606010553610240
13966607834124310528
2860212934894185984
10460770631517636608
1554838144502448640
290043477224890624
15276511943340812288
166793131059809440
4526723750214662144
6179192895482875904
4126796052884417536
3610952409365061632
1823224266602241280
5730544231367715840
16271274422379808768
11964796792444227584
3517099352843047936
274497526397978720
12050583025256222720
2302242412133834752
17494689043447105536
7261166445726258176
16992449744471580672
3054110221751866368
12760370656130086912
11488566852977858560
8761264659247282176
4650792003587776512
3618160215309183488
16805152491185090560
5864106521739581440
10191359959308081152
12181100976514349056
5949141490957237248
6415697854193831936
2756536044590717440
17459810392450985984
18213369766755174400
8874408064448828416
5585948999136169984
5644697327349690368
1921732987153741568
5602373617624491008
10990284183848241152
2682399602487111680
2968658539077178880
8799708772631754752
941212576396245248
6016245023198955520
7209648685385132032
6417056214910447616
275364843341510976
9165928160890988544
12492361472076945408
7645774692837402624
13724275753288699904
1712549202156344832
11447597154274770944
8763534694903097344
17229518127877896192
2192640542424058112
15207587461729695744
1310602485525828608
5630879710103049216
8401173012174624768
10674259687332184064
7695317934337462272
7877849247832603648
11151135860019826688
17144931448266778624
14770285391917817856
8602733024973131776
18356980735046782976
11899855467324121088
11704557786193199104
4451004102704758272
10945237077123844096
18380179724498126848
3067016825134025216
451588493121805184
15412588698610440192
11651182830953723904
17961309995047849984
17293966698310332416
3694483083659243008
14437536179192850432
9766103870163165184
2604301581317076992
13740846461160308736
7056517109356665856
14200913384730038272
10364709648818620416
8461497967770834944
13237666336949424128
1487676139426202880
6164157331402165248
402718652533327552
3685876590155302912
11156216548060354560
1409110741494329600
4302865453904162816
15737250953353410560
15532671433437474816
4296129948215578624
4570987182420898816
5803992000646534144
12787714639507701760
8180774143330275328
12325215358975016960
3195913009240058368
9649744580562522112
10286522217184622592
6692980130310545408
10997916301123614720
16602462513827461120
14833623326610247680
4999581989029827584
16552847586053873664
1645884654284008448
5010529606864608256
375141102223474624
4050152986538865664
9738918355013091328
14740701820032772096
270546814956207072
16371574267553560576
7896542467377809408
3894098184303265280
1571772151447213056
7963604563095829504
2446270478977330688
7770440881051895808
5924034807210948608
5579886266449633280
3928849495462539776
4241223460470949888
3358543439512257536
4224554104847864832
9082857863924624384
6873169287606209536
354529107575147520
9106649784618793984
9013559792331650048
1688826323263596032
9772057230056169472
10687423641997975552
3760275105745988608
7514179009318685696
1593699213812970240
1780023900911282176
13394230596495347712
10571373269054027776
2046694534206604544
14268540575485999104
1652488576374550784
1425499743965947392
4847743187310514176
13049765752881174528
18075447832659279872
7727394373254380544
6065184739270914048
2271107350448115200
45826473898553184
14716564469709557760
17672076805329664000
9956311085308864512
3181443984270765568
7894168045071135744
11063714872357910528
11848787599504635904
9788143338343911424
16576753398225887232
17757768650577434624
318216826808229504
2330600724667147264
11122245151873431552
7054735649534873600
9297622757103734784
13516020032845838336
17612458919152801792
1529872549372039168
11348450067806175232
6752858397391202304
13240790831583062016
14531210673268830208
3085611199875954176
16205052031827550208
10190797864952352768
12432160923575650304
4016905021466492928
11419539115833053184
11333989351837749248
10112880102445015040
3125496449754294784
8988527590716832768
11685107855136290816
7685054180548149248
5125921513963524096
12175347769492379648
3024146922949251072
8023728376468569088
11057851070484230144
13599621740454119424
3805764083024470016
9939397971061204992
5506524791707675648
13449127039545610240
10639637274886502400
4094847252510173184
18328897023934529536
606345529356336384
8927282335736866816
9278718893818525696
4085892496936677888
9734443596087119872
15849938176454373376
4583793473909155840
16793183361019004928
12308420890331787264
6700089551407380480
625295010786228736
4837594806102268928
3824892833882007040
9388058910102382592
15514731461483210752
13252263449449719808
2075687941876015104
10114056138851688448
5702301924029997056
6322722609452523520
16488389278495803392
9437502537126363136
16240668556651927552
4351512545866975744
16012367294552948736
10077759265127626752
4032654546886579200
5881941303297825792
7210002694042092544
9742122266215069696
6924582748829452288
7583578606967054336
11763923037490104320
3408994253399016960
9256089932118343680
3618483889062242816
6584931649897969664
8566242998017855488
4807268123624293376
16449112599580110848
1112393385130676224
16440925600725063680
16133100627319414784
16154293615807709184
15606778415340918784
6813807068755774464
8136258824973835264
12835920595769573376
13222122551957739520
9476507620714319872
5575448128051920896
10359809977832589312
2801279663070878208
4369224341835810816
10045374951776178176
4774429859053747200
18324987463895240704
14302422345520009216
4671233596492782592
5006749082982278144
16579521101191671808
1830570869777947136
14625493987310602240
8616159474528705536
8551269175780724736
18360938360321089536
16518492766470223872
4672796579709415424
9225272784267175936
9911937021188890624
13811655877316034560
5852375835764747264
10961530971697082368
1466065442231848192
14134081590479497216
10419947717929703424
7440587185057351680
10321638554243993600
16450409717971628032
2391020965671482368
5976467847878941696
2600571555178170368
15964579235419179008
12817899438884880384
2663159575174443520
15967976588421529600
3208639354041719296
200198621444377824
12348006228067217408
6532832436327626752
13663088707816673280
376612847193621632
10975859054471086080
8070990648405879808
15820371443469205504
11742435997989636096
17843439500049022976
14980421796579823616
5589774984757751808
15857732332528052224
9209764089717628928
17570245213855637504
9620668513054916608
1983103549920536832
4967709577909752832
13736192323962679296
9734032061515999232
8873011912174781440
15108455932999647232
11257143768854335488
2483376093482267136
7098890362802816000
1106221977728610432
10488802740181753856
16909608588247922688
