17119789752749381632
8900730430665330688
6618559223159725056
17249650446058749952
9259371809922531328
13025445959784861696
11595161172890087424
8335740743210096640
4319685007843600384
467870420202463232
9585664670479298560
14984388681717389312
7454653529465199616
10715243640328140800
10591932132780187648
17860809455746359296
3065864271856571392
9675321856446025728
14844222001760155648
6608028582601776128
8058606119131310080
6607721181455839232
11290297332474656768
16017228727900962816
506081397535849216
18085440876415055872
10531865744402452480
15526739294432743424
2017219195709716480
2657981027729007104
2656703393552304128
8433728585004186624
13063213009743876096
3236490440367688704
76024781038872704
8886839103195152384
1150643224858147200
2445261375980541952
6120523826482305024
3504146317378540032
5003942802618389504
1346142284478777344
9348313254442643456
4085180507908978688
15403029292365248512
2757641760179975168
8689795035851933696
2529808344384553472
9598196424748525568
11363141511311497216
86000380457985360
5280284732802066432
3566183304521172992
14491324038179080192
6299745708107833344
13079630315309637632
13575831567612182528
12732778753395728384
7553303227120752640
14389760303884685312
1701262397853287424
12211605039779504128
7856806348834364416
8491518683669471232
12074249781674235904
10919872109925029888
5754683823656606720
11450679061470603264
15848100491566004224
11416202223208202240
4379076586777435136
16540396895855773696
13337194445088450560
1708024073984934400
15990080582199136256
17872747846972583936
8278713597294810112
11864005277958660096
16276841481220681728
8238194896897594368
15903453026361561088
17012693984359737344
2989942527802337792
476083922249580288
7762016097845744640
14871218010929475584
15579334178577532928
10051526182171549696
7844161716183954432
218320564746389504
5031915275646008320
6734760036925480960
5826017750158909440
11061909907064621056
12709998494902921216
2450658172575356416
14856102744947650560
7516199341037299712
5583029156983815168
17786439968950679552
9153489714318502912
6047178750567097344
7350767907619597312
8258988404376622080
13443961534619594752
1540786761419732736
9075684155133033472
9174789583348743168
15988674078498375680
14990654563646799872
5650930186235132928
2272400081803119616
13516008656409987072
7412896598926029824
7736885020896233472
3004596486271764480
12279809895532242944
16641322082573342720
6133343611904422912
4144131457232338432
8285775518988156928
16649551691173662720
1807628995185791744
18077314578890369024
12371532598997407744
7660790874031329280
14592243575090352128
17799262521416933376
11602489563692003328
4518809225068549632
5364784745898504192
4489852518043237888
15916720356387381248
13466976247493265408
6745431441374827520
13263614464108445696
3014217035702168576
4028263515659505152
16908737890412296192
16240207956969758720
15400662972421793792
15717306564414734336
5804400666050678784
2863762655675181568
17991784819540258816
8284611443526776832
2642881614321291264
3546211803764109824
17088209901591386112
17667463332380536832
11073494423448356864
18182583666363312128
16003328733789507584
10594480102408800256
12706736866533124096
13915255585199126528
12273393672373915648
6503010226377497600
9023929829174740992
2847915408388476928
15415964741221238784
18357632782118045696
9560278616060473344
979911706792590208
10387073262927108096
15909398847478310912
10530912684612661248
6837541305342178304
16561727699112882176
2668734033669121024
5570728866494929920
6996986362228327424
17291152399603879936
5948083207013535744
14622243425947015168
14896049573422858240
17592277326567256064
17515383581829634048
11624174246711222272
10644338371953741824
9261246223211081728
14852023185943865344
18394179691080398848
10105972859232980992
5011042449347798016
11111347950189238272
8170184797532917760
4817430843294948352
2952496886584324608
9194509195003017216
8624336094667094016
8318072058961542144
12107622384756793344
331480920682313984
3585272723378351616
5890342357718977536
8832878905360440320
5785585618490535936
4992544045145924608
248424283116853728
11285245847501363200
12467953042140487680
15399956704241848320
908121541492915200
14881042534802610176
9664792783303200768
14836326997891024896
17585981172793661440
15175050317287170048
9805476942214256640
3590726114964866560
8522200783215268864
9045472162112964608
4615301920616989696
437925844470948416
2296390190263471872
16097130012920320000
11613486106014984192
13552046874063527936
5318434459157769216
16129290090964596736
4822232437366501376
3209430624646522880
15963679277990885376
2943977408963168256
14230716661789356032
10381766696301953024
13919122189966946304
17375700261620973568
17254098833958565888
17334021153238511616
11094470294951974912
2471146566815463936
1815758861627002880
17857728646758621184
13884454638907445248
4807024396664560640
5143721992599238656
4761992419200007168
11701992661451923456
7553644984897926144
5474019772848105472
223462274299749216
13800505585559601152
11896743143510818816
4346591683393077248
4038571386032122368
3065608491939515904
15222910022422984704
5976993829196043264
2441452866334237696
14708564088498446336
565163666019256192
15344679795312218112
10752042234263963648
7265839059592793088
13476804211685251072
9374021691621388288
10634308338034046976
11997596910580641792
6942120002534517760
2723636805457333760
4644497147734686720
650566538223710848
14754123334945300480
14596113513085544448
108083184234975616
7606777132976897024
17711916769983252480
13211937240385159168
4823684483656647680
13993535644495865856
17584878685868707840
15265164435196037120
3422127590051663360
10799114009016274944
10671052306991396864
11395950433608595456
15037477795953115136
10699192215817340928
12891323757454798848
13779474606261682176
1085149826755704832
2264974891153405184
7240569335546195968
8900032313051913216
14372977067684300800
7250744093643065344
9496586745698942976
9659709992973326336
32928733281534324
8502590530602383360
3551832207715659776
11554939126603712512
13400436037538588672
7910139930832753664
2082939973294868736
6741104196875000832
9188826755438690304
17690455391394940928
4581510793530909696
10892616116741273600
15506936901645111296
2934368491181665280
11250243465538019328
3839956424294351360
11494540120278163456
6506707380928780288
5399271011945188352
8309906296474583040
5219523862526366720
5415847062590320640
15778833622857062400
3475554207025978880
5755556297549448192
5636244666189069312
704923530013149184
9140121839046603776
5994765327394792448
14380680461937698816
9462146666411311104
9896785466714963968
8606760008854234112
3271592095807677440
11812130212904316928
16148349761365487616
13517974708200749056
12181078811675811840
2527131609077381120
2660911069124434944
3282324405925698560
16118928042006210560
5923584188014555136
9656028186887397376
3707303179917732864
12022301584816715776
13866331582583644160
6045763917729190912
9182214727020312576
5686193935958424576
1734261132125970688
11700720869379106816
11411395305609103360
3583478080204244480
6575529215777390592
15771887144166418432
4273379270426459136
1713178111129886720
16916640707317800960
1645817206657573888
5387426759641098240
11647750972968718336
10096295928552087552
977135879143533440
10796253081095272448
14811619681357066240
17306299918047799296
1922940786338294528
9549655816532750336
7029629989796337664
14560783136911419392
16978695623794018304
2113313374867651328
13342687684191721472
8444379787117044736
8951749236300937216
1137336458676269824
5140996221765881856
1075535295071767808
15365939066054283264
12961982334531852288
7690632075597078528
10215924125890938880
3935399096778000384
13472306353672853504
6590029884757163008
17686163595525609472
9081261739281735680
9178248323134630912
16723965599765344256
15419783240139976704
5710335122399123456
5823715414392655872
2788570177270548992
15411666876973965312
12528320129577392128
1453828337794534400
17462259652249823232
17496917328351979520
14692676079234226176
12127550100148815872
7299294872751323136
8762696944582579200
12557265427614828544
12940787893849409536
7064986804281804800
16987523534357481472
14063544112431738880
7359850577205392384
6418124234331679744
11114775014453362688
1686810410017793024
6815815302536303616
7512464136353997824
4913730458115188736
15962278638828146688
2648231024909529088
2995771697844224512
3774884349738595328
2805435776443267072
2629676968700826624
14105461587472717824
7600620676090931200
10142496814995322880
9857176988831105024
5605819905923547136
6722276431188154368
9810053049217818624
12726226010450151424
14473732254773561344
11802714108380962816
1935973418910149376
4501139105421031424
452894253148266944
2338221946835594240
11545391305573560320
6440470912522567680
10750392487010060288
3535076471492045312
6679415871847046144
4875728238300857344
13734052692051097600
14655702123793360896
17547045668125782016
914877828532093056
5316634407710296064
9914442812144758784
2925334394244890112
14385830653649364992
9696826612721983488
15435374313654431744
4664053971239238656
1944570501498284544
642969861903187072
15529851562692231168
7553713068885174272
10078988955888963584
11077945749712185344
15109451706508670976
4326333137627334656
1826792170586320128
2542134425368557568
14539890080467279872
18249874510133954560
16833970449507803136
13682642082441682944
3837680800671673856
8502454907318130688
16586777783242778624
11408143404760320000
1220257386069409792
5859523839092363264
922122384467865984
10326116343036764160
10826945220620455936
8130973875472497664
309792085924573248
8762112878987441152
16422033167180589056
6954020276336852992
16049222580409561088
13580608420324343808
8702332492315108352
386087394564482944
4955267474349066240
1072975752883108480
13025021402196996096
4067721550079059456
15635743238971660288
6061571111186658304
13972386645411209216
7397447144088782848
1122100943072533376
18312450831575320576
2212285933923775232
14577180091402027008
10018537662102579200
18014959450585571328
1192792385497744384
7193894516023604224
2583115796583731712
6085554406060346368
13757816255778213888
4317743228006705152
13966210583813713920
7558080168134240256
3226138291606772736
15035227634775810048
15224020034376359936
5708105634226278400
15093441464205275136
5541218734010988544
819274746704924544
6349756955091596288
4779940618774452224
351943590583098432
2803747066896307712
11543466333694763008
1003840481305382144
3902587941920411136
4954979912511620096
13387571082589571072
18003415133256988672
16096796785885310976
5714300887308760064
6902125452025043968
11900068859774590976
8433430666347345920
15533403799978713088
3641397556449507840
1095752129813201664
17411505714869245952
9294005419602446336
114273745919197792
1472224498269105664
12226297892990568448
3912774382337381376
1082537536527605248
16100979443373539328
16870790809974306816
6793591944342760448
4147626915152542208
17974730997245214720
4995114855656495104
8148447612125034496
11524346550676879360
7887134277328986112
10922662312673708032
15726478533648353280
10127253993288587264
17860961162244139008
1550309043012148224
8588094517751949312
183621531807910880
16804153827178233856
334017703293296384
1129920476634999040
17882626041362157568
11709383660504918016
3183930821125702656
2045687722924740352
7429984995220278272
16650785123552888832
74350977755731648
325470606034952640
15316706878383159296
4538822743956246528
2181941675212637440
14896313796530307072
549846072749478144
1517662823778425856
15103913501381001216
15866673794418571264
11442011075274172416
6277993404145884160
1070290653189181056
16171173534734297088
1740513700048411648
8598128634329407488
3622870486866338816
16717634063399720960
8054522164989110272
16962632674611279872
17284919645688158208
18424671241660207104
9875350407264870400
7285979095032550400
17555642356682176512
1937552091549689088
17272623501032531968
6039894702922297344
14880823632736690176
9773791693807482880
14745524428054462464
15286786674977906688
11866500270557579264
11093759259723061248
6147491534438400000
16935885487860774912
8551333448118476800
1051402301934990976
16410518286760515584
15388547691237818368
10741902615468244992
2106068312064316416
1253300851766035712
13694000772104882176
3013449340608030208
16905602748093732864
7175785463866188800
12496849228200599552
2627713871364390400
15471038188821325824
2099132494207689728
17074996872926263296
3534362218142133248
1832258304097987584
15482963488596803584
4891104920480161792
14171132426285475840
157121401594378272
5436265230027190272
11546820150442106880
11768662809570875392
1076840184945730560
17890889979275468800
1542327827583814912
7256544134132372480
17884221180240447488
5453997341927803904
3347295138933873664
10424179451086450688
6042832055009385472
6537383593018854400
12307017796538038272
11295120815636174848
14374283031492536320
18020696340846686208
10576578180450322432
10170655759656269824
14220517420332722176
7084929658997007360
12988220662776866816
1244405288240450048
227984802951982304
6854958082717117440
2775228708329122304
14801010174593724416
7339578302881698816
16965653490515415040
9205238459913449472
758534885225249408
4323332223481598976
17452045411731038208
9269635323073976320
2125389578524703232
3742344958552103424
646965646305859456
450180944950000192
1342491191936971776
8305429372033425408
12127309688196272128
14711132561037936640
918078280098764160
12725127997686255616
35094215062786140
9049047707402347520
9655588114450360320
17734135462916386816
11205788035201763328
2922726086431357440
4328158904714018816
14073125801839917056
14171599739433773056
9514381626497243136
1308152625433569280
674788341395657344
6819763411819504640
1220903689080249344
770914143319335552
4965262877793312768
7563503084325160960
6380265387287870464
8440217109999980544
4715353602113784832
9631605070307649536
6673887659881595904
2080033035534119680
3013835862164758016
4100275991667371520
3195264881907375104
4213992745928645632
14237000953669384192
3270216027601636352
14197746533969696768
13074731535878723584
6968815450008089600
1437122713804649984
9543336850122786816
7359420908526566400
1468168526756593920
18285360807171117056
12992404903862349824
7358462332326900736
18282856452158191616
11671887484029046784
958823608549858304
15847909952274536448
16667982054519271424
337038968137570752
17689757009701931008
7690423482579939328
7496419537477438464
17465029108057929728
4264448500379449344
7939120406170479616
889479602058312960
3841329619222243328
3335890734974124032
512107850751405888
10293707598861641728
6835280294893950976
5310731942494534656
4937562677770537984
4710585261221094400
4452218838894170112
2179508834621597952
15522729096735778816
5787783321093057536
10859335484975527936
3556561770572117504
2437981099133459456
9723180347707576320
7722733832578726912
15462511892535052288
5759056848879731712
14689548261806649344
10910622731849216000
15193998119995416576
5111004612870993920
3642424630649998848
10481174514614104064
7259053729245598720
17754006792112732160
16697043547159044096
5253525640664332288
6515099110905538560
5268389897168808960
15787286541007917056
1264192196402153984
15037603667223779328
13841039748666093568
14305709400778917888
16893836351498745856
746371821430915072
17704546141192239104
765552292413193088
6801002404753012736
10612720461090355200
4635310421981380608
7245702575505018880
9777756405427019776
6425776075017028608
17461010906124763136
4135222935501410816
12654848502471180288
17786375062484867072
7279343345784067072
2510278018295491072
5538952973370701824
11757812204154759168
14274758136106233856
16163083204386603008
3536996785374724608
4554007808521005056
9446958324724475904
10980383874293600256
14032691406306869248
5669590615407832064
12554368826619361280
1389753318671210496
11264100264236607488
6119933539443798016
13102671003946594304
769092659103929088
1908838954440968960
7351930343391651840
5197239502152995840
6447257751819808768
8636107729484460032
1222730318357392640
15627048543272861696
1576828319377411840
3992925454034903552
8643608078754150400
8333232771827673088
8339794334274369536
2466696171030875136
4357451398538783232
2877505966283652096
2072892299810930688
13634575865348728832
18291235714736265216
13081551767935301632
763071854204873472
11299365250400667648
1410399892675659008
14529972894126489600
4045444685886435840
12558735388313974784
17066309310419496960
17849307386060212224
13497003552956205056
15057683146970218496
2437145080908454400
12484706139472027648
16267871672488685568
16968073667052404736
8703177628672201728
13151338382818654208
3392623704521015296
18345973989552445440
2875897242390554624
7055858640519974912
8732516242873061376
13412217417062606848
9177048614329682944
14998453907374827520
3330886754628976128
10206767256774942720
14536259955454597120
17053514413709088768
14189376950381733888
11158058368409686016
9877813703015104512
1662754134885942016
16263199476020056064
11755783417094514688
14782213977689980928
13088003229573107712
1156491413566966016
11696972744647806976
12361533506169427968
10270125339894312960
10353042264894894080
16647068778381830144
16533502091276990464
14270023874205104128
2769974547561444352
5326758044701229056
14198530054735374336
6134658433617305600
13616534816277002240
13689949234306021376
13685599896592214016
1526818068089266688
9389356015062118400
2830685117495662080
3698224392056311296
2172641124420614144
13134481059509424128
3277805790382323200
14608302273860679680
18069529213169330176
4891239030474008576
7217530552420038656
17950231051733962752
14819968046803628032
17585777789202079744
6111263536405626880
8030541121574470656
6875622731249160192
11261518644529324032
12530068312466286592
1959217310563209472
3271806434952554496
12512716096904501248
9984064561808687104
370776011773474304
3849875438613696512
10291769238530150400
18102572440402251776
3435386725888743936
4915704488227377152
1575437863387232000
5191489733372225536
15301937831107547136
4872110054986667008
15475160520546844672
11917760553868191744
14628684121563637760
10623722586596872192
15753770898218668032
7474949051467940864
15875779726227804160
4027086625102706688
3114702091309448704
12869622863144626176
309396635810760576
13376925696385671168
2673399636767950336
6460453942624943104
12561822244257103872
18013472792507684864
9559967227239782400
18406189745434791936
16800610431477336064
8153886883735787520
11725908960053698560
2811087952312071168
4213319936908219392
10378085755781842944
11340301496697679872
16144091557723103232
14807522481270792192
13146072404322443264
5413305855404631040
16754190082078961664
3535080066830633984
10107680808577544192
2709541499864128512
8238418179416615936
9896325527095746560
5111931389288187904
12757963402753937408
1869893083848074752
8566106865296036864
15879349471215423488
18437925229534380032
2682128608168068096
4270912487747231744
9705152765455253504
14523268251879630848
18398685889275514880
1679296484186809088
16450310327238545408
12715646599471919104
4423842448439745536
16992444905648439296
13969103858194958336
3487378173841167872
11983151657688215552
7051274997201882112
3033709209693481984
10477979474029897728
10563339873789095936
6385291996615941120
834314423742063744
11662161053508945920
1795465342586222592
11484756501991243776
12916470257365194752
3387668807646488576
15175347414972809216
13081427960722427904
3352525343764537856
10605843791877498880
15615250258900936704
10361195237577754624
15236044915903571968
12714051559792465920
5270441471828804608
10998554251242649600
9869798386298763264
16988015682415341568
1666114304293006848
13653403280164995072
1576313470462661632
14165680945232654336
2082015339848849920
6558967834651341824
13317167377684271104
2259721658627901696
10742970325395445760
12647168353389197312
4839111748759504896
928834317132194688
17575391513602588672
15623137448280078336
4401541065817457664
1239968765834433792
2386616902336131072
10067884866829088768
3682687972895391232
15343836029385244672
15954086085101471744
1353684017400862208
2893356487538843136
11267649615304251392
9171200884053532672
14852260495044159488
1278855835562829056
16268517534277953536
1715741089292662528
15624787246374496256
5475566556428051456
4072144073102868480
3552506811225488384
12022324999294185472
9474522363043061760
4390918905819374592
14181379415216244736
10221371634086217728
1287327933016735488
9562983965201788928
825343091803846656
9106220249071390720
1942374558571550720
7302954266870055936
13768434704887943168
