4247379113054974464
1365118823631304960
7119777126403340288
12594488207431858176
13305176460641628160
17311385758269167616
4081411592756800000
4050346906480663552
11968764352692400128
3806892948513292800
2820397945372665856
10806743913331271680
14571163393379006464
8109842029787130880
4502714189576643584
17062370078977335296
8190785125958635520
1741710960748001536
17758051294625587200
16087528241690738688
14163960867888525312
13525474002872547328
5644285077313821696
11566365020426252288
5744022697534220288
4897980568766169088
16772338764876783616
3073964534988370944
16875820517583937536
7126067717445026816
13380447910668025856
10019857353206681600
4928691685746378752
5328335229570675712
4655811506696270848
11348289282725072896
12329627439496218624
17019279470932172800
12282402688209127424
10267039044893532160
18351577031692675072
17252708559803371520
14895857359686035456
5133726097512125440
4300082879918820352
10128628231167477760
16901622228156848128
2553397056373074944
7289925873180111872
10978003869570643968
8287939139779786752
15687177153416185856
12791968617078099968
1262885146398780160
3452577619876875776
4613607275083054080
228755917738493440
354169459196514624
2450977850795004928
9681479731680880640
16200446370727018496
14588796489347266560
10567960102357405696
18272061295879024640
8530120851966853120
11582809946851205120
11246829626431209472
8687916893060717568
810156889001691776
12611510276852654080
11861279235220293632
16338029778682968064
13593894929825302528
6283191922576723968
6595378193837140992
9318100294736965632
9631621213978023936
4672020705182884864
18039895681843644416
12926939347267776512
707793465552024064
4182426546056704512
4029862964752043008
3336915714606985216
16917137308263258112
10160775741847003136
6685906051740889088
17620533760329244672
14687984534687131648
2549725989090747392
17831794524185673728
15444923131959195648
10972626077558544384
1852862476886955264
16822570301536346112
5277545467393047552
10683378915772045312
15816348003903938560
2694846659160491008
1132082876733636352
3825527864015459840
4948918586630629376
1947452885827213312
1521397387167904000
16640221908088039424
7532664754917151744
10213022014893334528
5498779549445100544
11029358088167677952
11856070473185986560
10305838636937838592
2084698957653855488
12417109279552550912
9981340923790663680
17050207979259746304
4328631564895052800
14850589661153671168
9027609637629192192
16151817248385150976
12687781898421415936
16893570906939271168
12275409910962978816
12658189234397452288
13983840093515956224
11130330321903515648
6856410540701783040
15930563270114000896
12422072708711245824
2401871199649073664
9436063961971642368
6764698024282220544
12727322668494317568
2258072153186901248
12245893205708699648
15251951316276002816
15155269102988535808
3077179348326779904
7294675218948070400
13458216722368706560
4693081188651499520
2280183365455819520
5762236026799286272
3104543330195550208
13620443878953451520
10421253921987221504
7003286447414851584
10931363946773092352
8695323210543907840
17639660184387987456
9380045212769589248
4206660097020251648
5617825265170262016
6560087341953903616
3623925052950622208
15430633414390210560
5700889646806037504
12639567864217200640
2622117495105753088
2086567521179589632
13038273279974563840
13778066189283733504
4624401165018631168
11527225040866834432
10473692826272675840
17554224274283796480
16691614664626892800
9254585893036361728
2721122533753202176
17922491524585887744
6845012088167559168
4795585815724605440
18131755994535184384
6557580130869110784
6946848655359136768
9453337882398371840
13843006214667757568
12869798778131793920
329536630541778368
9673576957512069120
7652399349164907520
1850245042315252480
16362429804386822144
12692306669695596544
12513292450924881920
10402765588137424896
4320552130219497984
4238431135154588672
8778854549806601216
16538228009348231168
18097985778861852672
6411067905527576576
18237389676013799424
16354207888403654656
13743074621648637952
6650373199949748224
13008988944509526016
15039501072254128128
16143394966504034304
490898130747117632
6935164064518502400
4945191499758701568
3026690337102972416
9183795197428655104
10299470403775533056
8491174732211481600
9275752982295881728
15979591784820027392
15857938231401873408
18442529312352843776
12344678984388466688
15736540615573891072
7226126998959296512
11713511988942862336
465987079388707456
2226029569685608704
14152892003442909184
14710512243055732736
14298869279307192320
6447364414908548096
1083844878862545664
11538721273994395648
3402453138341516800
17083866010614323200
17155444721178167296
4752735132997558272
7146777609674507264
1692396965464334592
288255426367170304
16766422456255068160
977679121319010048
1166513193417525248
8112082115307948032
13083482635742429184
4753329230638725120
10985145533775601664
11857919831838031872
10066285958190336000
5641808494398375936
15543623554406645760
15663292424655925248
12317752503181287424
17987080709460959232
4428749092062671360
15392283577707493376
9516451306193813504
7334192547733164032
3681994323569272832
7759956051803858944
7546141664141134848
17136117885663418368
3914235176416810496
11371491745815805952
15895738717689978880
2915660210499004416
4110560934124199424
7575015116949564416
3362540954280302080
4928308984261542912
16170772694001924096
10631047856418482176
594637973182277120
10379008916589535232
2776955654827025920
4770335748850805760
14846813273939122176
1469729757273662976
16128162514246330368
1552226208864690432
5673492453110029312
12736555430673096704
432528709569394560
12150329544402462720
3575196652291461120
18357328272866064384
17093064470032044032
8893419268367528960
8935382992621184000
14892401905030187008
286789390117551072
18267016183921025024
6071947046597672960
13885039561654294528
5974644582359036928
10489086365196296192
5532506020435861504
8148780250584578048
7824814726577796096
5016973728588378112
7351582906461090816
221300849124320160
13257756786326493184
6090015280673313792
3785145658582514688
14479415422756204544
1365398299853547008
13141897219877369856
11905240918159564800
11717195480038909952
13856792104998701056
16332146515687008256
4607084993243057664
7855665992626804736
9477944837045975040
3027699317117811200
16726868094400282624
16598496198158649344
11107186488983132160
6396224194141075456
8142766909877498880
17693864676202557440
15364530634139013120
1164743650674563840
5879119304556049408
10592172866826119168
14954289187590436864
16123755016098942976
626309616593118720
898605571159292800
4092286816625616384
3428206109863738368
9373033954891319296
1200339519477146624
4971536507396485120
11806244468265775104
13417247643698704384
1922319910755759616
16828476887257235456
15663100249128740864
13543201950506008576
13390444001085116416
10417307707749343232
11886253765558480896
9374708456359297024
9526728947658342400
10300915840880998400
204026288144739232
3426429579575027200
3596249550515597824
3375778858924064768
16620241171399071744
15221637666275241984
12069875904008865792
5583026924175289344
4189871331110496256
1826348130751698176
16283305217191690240
10918125412300226560
7346002169063021568
7524014328741796864
16599941322363117568
10643139180660602880
7899648140939990016
4793771615657831424
618859796985511296
17064354283283955712
11507235469222174720
14206458519006062592
18358145187440103424
2808064362930956288
11278388684136798208
6760924591449109504
10588591636289904640
7888910301318789120
17756906124243740672
13865274153798039552
9028788641276437504
13839403346909380608
11748055393273419776
15617324310943543296
18365875145375621120
11254549845688354816
12953884000258224128
1139648736083199232
16368881958056474624
16168617980992235520
5549608001378707456
13299053933545621504
2820734604419947520
1707909837137956608
8932675601301678080
10795546239129516032
13575695131613810688
299760406999893568
5888284082425991168
14696238720601522176
8238955550479981568
1870417646959511040
6661327279146850304
5518620026385209344
13526636280178333696
16331815840880551936
12419683079130118144
17026624395670710272
12243830036688990208
499846152922833600
2278041319013127168
278165872929720352
11747200468098007040
12168505587969380352
10420050526974732288
430710392836116864
4460856088117235200
2170372057802788096
14558710210719307776
14879507210683006976
7320134675880370176
4820144798137406464
2315949816695802368
15487156819216279552
12893684335987025920
12156191327865544704
12329077635152506880
5298664918438481920
9268677642409160704
16724038917830311936
4025743826131943936
10766167123341543424
8362323033944597504
16927551671724115968
12404130652533395456
407125879077541696
5541483095883147264
10626805298365079552
6414988796044404736
3171925639353082368
1573003404236357632
6229236444054489088
10528435778924156928
9970075043652788224
13960747391319996416
2533290205739159552
2658126980435757568
6836168897335000064
17293308510731177984
4428248756223757312
33462171741443712
4621833896215433216
1142300186195012864
17459751529873344512
10847397802457368576
13660682858326996992
2301538913719737344
17089031972578760704
1888786496987878656
15407999734051250176
15384900447577475072
6550841550667916288
9358232530853787648
14280055717930113024
4682584270559922176
4529020252386418176
10840111096440586240
9291876353063804928
13643679278196301824
6284601192442817536
9388247700357584896
2106481988708404992
17583517110605350912
959430793118481152
9639858229393420288
16926025788924944384
12597339778776131584
13751990501211322368
882555767374863104
10305932140420538368
12981326117931616256
4321537585282788864
4366021297258234880
16100963258647863296
8915704067152083968
12754101267999926272
13473857102820554752
1852351556281499648
10143146927325140992
15927406974113269760
5430709006439383040
8236563636855698432
17655500431717570560
9001584762643117056
15212432044269592576
361136664315835776
1835771387569714176
15167681460782106624
977809783772904064
7102264865293736960
6846903551833155584
12774289252166266880
1109948060206606080
16680716128796928000
16022853186421022720
18200251411906351104
10837595669146511360
815896243588093824
12596640641221607424
758332429017690368
2573267375647905792
18099706808116215808
1161049602407192320
5364467646737278976
5623311982798145536
18042377813855621120
10498028955251863552
6128878506633213952
6379160083685472256
15902307580128876544
2155679176102740992
6438955574416171008
8238172425387129856
16099749392616212480
17550787048136579072
15211747433723369472
7131661089581081600
15863676466127329280
508396937461411840
7470236958096173056
11386856641125144576
3208926842030296576
721880707967487232
12174087676177387520
16400949922358061056
18191240913509343232
13584716715696758784
16829106941967798272
9984437076200239104
17069083534740535296
10844767453733146624
1323063345219073280
10971627865151979520
7350997623149122560
12431702742294839296
6860316734947889152
5076300947157632000
18225228725303044096
12244918983597719552
5246855398741778432
5703134375326686208
7307420182263556096
6862506594384951296
7832240335260825600
3748348065125582848
12442402124039329792
13713844959371251712
13705958071409739776
12074304852127293440
15023462793235109888
16949998036096864256
17272402637996627968
14917941761052968960
16057513604066070528
8347793927071602688
927312421407005952
1273284789074387200
6693714440887306240
7188529101365049344
14540251496924655616
3280719339675114496
12618566799656228864
2606194497563634688
5946782714116623360
13284346710222465024
6817765482520787968
3616392101581336576
10197561009202089984
6942656350151923712
11065581839727564800
1680303243514835712
11160048747364990976
12456421998073059328
975732335645120256
8581076474305285120
15191069885439035392
605961346995062656
11272287425332697088
4863748747908500480
5696517110141970432
12475264108536215552
4286973972881651712
3506977884063300096
1226344129443142656
6811614419345533952
254902549638543200
13351506556311336960
16556607024711692288
3794272790780458496
18443733807293878272
1409618960783738880
6968175018655283200
1551208921958954752
15724107336662245376
2237195201907042560
12649459067282462720
15981817728979159040
2957701903073360384
3741579547303048192
15795328623879708672
7523272414358088704
1835148421234083584
5125234427907953664
6857709732299289600
7933937834166219776
7413872737954045952
1367703807285724160
4447365519168086528
14150681399225001984
418325459734154240
5434924864449883136
6648725294010363904
6993794692209298432
10768588794554480640
8644054109155077120
962212211850564224
5102418352809947136
2130048223458098688
14786381540733659136
3134770570132715008
12270408542519457792
15025235924154755072
1727454889188981248
7876610049125393408
9954405446903052288
4122664031015773184
3245624221272993792
18229004324150327296
5344439359218732032
9891286406524762112
5264523778431898624
8732460343050314752
13859554028691453952
12583095393439940608
9358064724921440256
6818497237706417152
7629366055941293056
5473422701804504064
14157791123708907520
16374327614679486464
17880406712304044032
13194335997072146432
17689660313545994240
15863856030400540672
10476221646754138112
4299050830031532032
12187246041391337472
6769979787420398592
5824034479507428352
14401808691915239424
6796891386080107520
2801436567209448448
11620842537151993856
9018976081151296512
9033552713239984128
16142057070754045952
1947496320035640064
5141183075039408128
13685815316771223552
9685429858847987712
3465805833993164288
12616825780413700096
15151719798173480960
3140167125131400704
12017621717653530624
14562995384430780416
8963528021716552704
2529635698239276544
14585286420138450944
550809500710889408
6978130631168429056
10133560697542238208
9982261075591553024
14550554419784810496
17205130535572310016
10499399063247669248
14593179450371004416
5291719930925312000
10170461321210611712
15621679192307808256
9476997797199761408
15996911781414946816
13769985912704190464
18017718508448962560
12921233640542550016
8762777196741948416
1348984385130283008
9079915278031210496
11260772290956779520
12148841155260602368
11132960248952860672
6942742712914563072
17468946044421486592
12856807030265049088
3754307832545323520
1951370189539643904
16829743234298947584
2604485690288233984
13951959176771557376
8199803478480510976
6891387553149986816
14535029337085431808
7242157668045824000
4280059447289842176
2685420725562211328
17985363495546241024
10349716651995310080
12872258057381054464
8630942486630677504
5473072781667522560
16077276700866183168
11844382531385499648
12127685685043451904
12923010478727391232
17946112266148448256
573007769502337536
17865823457044109312
8809758065984237568
14857783956531372032
13325805042261618688
5687279809648854016
16997208620885323776
7815147133546551296
2072855618200983296
7219917065538058240
16615256167757178880
4854173909388144640
1070687170456276224
17421422239732086784
11421025250355660800
16904370629601484800
17415806049068089344
16240492872029464576
1078046947199523200
10839713171623135232
17915869718669615104
8941814973413571584
16468332869210281984
9142937210467205120
10941220860239876096
7354695147719611392
14760413375094525952
16337262769168873472
4144598518507001344
11581611191208728576
6404415072937946112
8384532237160271872
16404862584014622720
5271238125125743616
11049336537603590144
3478085073818456064
7313489989041127424
14503001643010600960
4833689501882083328
6126464394250934272
1974764872516908288
2474168683756920320
3342072573465031680
7936144605832935424
1407612515715919104
5533809318399830016
13823382693970782208
3739603115183312896
13976915821963722752
17754579175040452608
2494448665181537792
15981853082848585728
17368509641449310208
3354631521333351936
14686165207401846784
5016783106570317824
2869851000102150656
14585142517300832256
2314344436202450944
2771529790780678656
4372577001956234240
7819841358966431744
2654149245935895552
3853052864272280576
7856414004757319680
7861092072710355968
1284741010234429440
16858520231725307904
11690736518127491072
3442157942624845824
3970865413597830656
15407913299731318784
3345689576777352192
10992444952155361280
13696604182264442880
15075064640287055872
2539163027128458752
4196926605239684608
10888607937420146688
13559949586215124992
14662679798409568256
15338229710000934912
15973100294882390016
6187556137558906880
18076502812783613952
3584949458034643968
16332737852823033856
6124344332984604672
10576891443054596096
13113937411966044160
3019724638864385536
7473622203245599744
10683918534850873344
12479642225491843072
7351824742105620480
11306350094754924544
6940492434587148288
7309626224586152960
8389786824554442752
5663401565371174912
15183876000659576832
10502211708684654592
8301882212038197248
15109424561636536320
10867284928542658560
15942642899981119488
133772565002414688
7516967346867740672
3794993858669739008
739657675554666624
13088660507327154176
15060674611042664448
12354139964136503296
7187865830189707264
8730566579272258560
6583096597421598720
259962839835712256
13218432985432952832
6551749634835717120
17415632278892955648
12727104445964517376
17137664367692687360
4585003156000277504
9945087817435439104
17857004327576727552
16577779551223048192
16443873358549729280
11950913152863784960
15149560729416400896
16824668162883393536
574048047749334400
2633960841826913792
1526322125344751360
11827490199915268096
355566425819018048
11500963467471026176
13427686549956769792
14196938050864982016
6137687784120669184
13136215927194998784
7312299635241981952
5946200501965298688
15158115377140979712
17282579480971737088
16989134598834178048
7581450134696640512
14494340181525944320
682861776504431488
13572516681947086848
14849515211136706560
5025270287607503872
18428591097029994496
8364432717670118400
778870759754824448
12638754167796285440
3866416201161496064
846613977780190720
10526435190659016704
6813452041769256960
15119564227510349824
1073980099271405696
6456410149419217920
17472434676611194880
1728138048212376320
8200952853626258432
3447281539693530624
7206008066148602880
5267173459724120064
13690318004115744768
13299789926143741952
8005721031846856704
12519633350814197760
314390903881735616
15313437000060225536
15494003956155564032
8899987419042104320
8255751338830771200
11855534837044170752
8671774156153581568
2561793769696877568
14630552672518154240
4830904146520995840
15661982539537838080
13703173336810741760
15937465540549462016
2400901423802829824
10855572381711460352
11300901542790623232
13885994808270417920
16039823448039757824
2215190714336024832
5715880956247766016
5395645709105684480
2861194551689757696
15987851610965377024
6760421160256113664
14903092175057704960
4840439037320839168
9247425767245654016
17588201273112260608
394897868020119360
3180595656869210112
11271779499722106880
116756291040905088
15088186469051793408
15169572819075244032
7432481152343869440
10115705353697384448
11417910328837480448
5621454855179024384
1723859588217988096
2766483963427788288
9562031058453669888
7173910493737346048
15896037918976323584
734927640803758848
9061121332802917376
10207499131256260608
9405388612063612928
11308248922418345984
5137516817208275968
10716378746112143360
790592362802082176
5329330499961956352
6110537866621727744
12413706368352669696
176339432294965696
12731858476982099968
5761329299808489472
4281071840129790464
178572937566920000
3535345642013301760
2909927717333989376
971537032689179904
11931804449317896192
7616478993655837696
16379503616207605760
8674785605094235136
6869860071753965568
12862118080105766912
215966269031961088
4892670284498127872
14379851386904909824
2621162384150649344
12563599799155482624
5385150051048242176
7197948936013560832
10496404831381495808
16637138005837197312
2181680008130980608
2123515690501480960
7082629325176529920
14335817774793979904
9226939187730180096
3777806601798506496
12175165864363898880
17170735999707711488
341885799559522880
13864490336596467712
13433053511422066688
17146697588619784192
15668154104431818752
10483142815904829440
11557943523775330304
4046723460450036224
16269135452895815680
16064228610755244032
7211748381623231488
13680839687117707264
413185930283878912
10940626371530186752
3195191559545534464
718555310975582464
8067043388378715136
7869808710032316416
2487899711477802496
4132260868649607680
17054184926221811712
9878558067730333696
9681770972666529792
7222913604558839808
9793588481053200384
2110127189897482240
13315927808323426304
5308098704170806272
14200683613897441280
2874189359055350272
11066960418373699584
16755011219802851328
12683096708508844032
