15737293740961531904
17056284557257289728
5101320572809111552
2333773660194273792
3450788597018917888
12179344245997805568
3706952064926506496
9525804731621621760
2288978226640613632
8000622857523672064
17029476381163587584
409494258087226624
10560340572630476800
8192426316061450240
14760479375528931328
950831083983452160
7755304688654572544
9421640522937090048
5262789158351255552
10382344104792850432
1967468569545219584
13643373484303597568
6584589440901714944
8263843035064004608
13334240178296395776
12046868967489593344
4721780389858592768
11597899729702092800
14748124998050240512
2197776616538649088
10653275129042364416
16821496820835233792
17893997794872059904
16574609756123514880
17717053205051938816
12089299286911940608
6424355368153885696
9608258790496944128
8219599916538338304
9433559144697991168
11549472010836449280
12465599656467658752
17111131125497143296
9454650190579912704
4153320990359452672
9543481488704720896
1025188001259129472
16103047104193650688
9780949621481549824
12170477011776507904
15932246281910779904
14142443342366246912
5743620670798271488
8462256216257793024
160840911543447840
668626439077440512
9350808618867331072
5033142356533761024
6016016392836909056
12366754099981285376
6838383992832284672
567846633775867520
8328002936784171008
6327045197028808704
7993455130904636416
1753548744567650560
11010345875390754816
16554738097535918080
8792167127463352320
10931699468234135552
1021384105012385408
273049656036341568
1282532029381020928
3857902173660335616
16327218608761106432
17957028141143939072
6960769100401736704
11090260777038106624
16918115049720160256
17204847575061291008
8780905817133461504
9039739129709996032
9533113860896391168
14435379191975116800
10780155682039103488
10051090320003293184
8488866357893852160
6457385962708766720
11807366369604620288
3605075122206593024
15008316687120056320
8044849295148751872
14119405674160721920
15374426988848652288
2503699811788242944
14665355721529796608
16124369896554952704
14039005825866020864
3088408134994781184
7837593173415878656
7530769141545388032
10216448370120675328
4284139329011665920
4605245686687610880
7856346919576451072
13325600499693957120
14551235077010569216
12613852340273815552
4190756701850436096
12118566825232918528
8148575832642190336
10216940546076010496
5413689990147287040
8805960938516515840
614112039486652160
300675148776763712
17722287330818977792
6269382882769725440
4231717310953779712
1606386932188457984
1449523865028390144
8188719857165539328
17395584959217195008
4179739023580754432
6352317423623462912
17309030289604741120
12482416505244108800
6015144561020632064
9022131085295002624
11657411987226126336
5491066283567900672
1794024117457176320
3869364631565010944
9133359096978331648
6871954057874568192
3966401814527831040
12004388712422428672
16975327483393583104
8436490985597127680
5286228586403820544
6568486536410021888
17230453164963354624
11031960811255926784
18168295197381775360
1936607891355553280
14420328349444493312
14102303846878902272
8320260667245569024
3156799918655747584
11847880529885892608
2795160184327252480
13787576782872465408
9523860888746262528
10479931974007001088
10407593511860955136
6929073361855579136
6872868785766966272
12320065778957178880
15037900690409359360
15598443780277598208
13477979994007339008
3735807010468040704
4439953568037349888
1872407097481958144
8664814322659299328
1765284296511632128
11949906141682771968
4139124158831800320
7220471156461433856
13149479290998978560
6171559628776019968
8020446405106289664
1622618759348011776
14867849171115591680
8049588587448173568
17465872598720270336
6008809567178833920
16083328644633430016
6863385855323147264
12894973059385544704
8834678793859305472
14376541492678137856
14909984416496322560
5167167250092336128
17252312801228769280
10375472326865168384
1417693845078184192
2867908058257819136
2383732991908135424
15285238008856379392
14160114622305409024
3087126332271710208
13897437188371634176
17036659522477785088
15330744569369886720
10665520726179158016
3036590412462635520
2781873558148483584
3533387769018435072
4429410494261126144
13021119051879817216
13697042565839560704
1239377943136343808
14335088506289610752
1277643700457741824
16819169088858126336
11066176665823678464
13611508285745381376
17312463031226580992
11344822488329648128
1880442296673785856
10242503793991254016
4417880186248071168
4310424234569675776
5923605557049959424
18042752634988875776
5355772860641745920
975806344701908992
7392792448877560832
17376109113037137920
14736251774056878080
12053601370639720448
8022114464684917760
9680456408387293184
3764910585894791168
4012404226826435584
17270223475288651776
15157522157076860928
3926274396727311360
1394899480886239488
11479494950271385600
1913813743407864320
9329014239111315456
15005870711621298176
9507759903556884480
18333564465852442624
8783350345097840640
14283919980797919232
11182757337633939456
4868296512920463360
3222674190028788736
9544744235297562624
17599208954283716608
5988593152307002368
9932960403767042048
5099005692675707904
17481139222933178368
4063488552871330816
13480637633238317056
17690317108103923712
5385723832328777728
10385717659749969920
14699723065981394944
10801061579554027520
3460781440185030144
17704147442458230784
5436774997360962560
9727151857792686080
38273840676385536
11741081682784120832
13347244949285949440
16424306991130580992
13041193699954249728
15326319061211817984
2652278088365062144
5752936299520265216
14306412545913995264
14609009060503242752
6758612122416951296
2210942995835273728
10625595204240838656
12219094430725361664
5744918868003021824
745459406853937664
11970623948382314496
11696285051542302720
12661622803939753984
3263927763968306176
8141099839058146304
16783147728559437824
191582696092889888
17633164125265184768
5029025724192831488
6397620121421032448
17032262005069942784
9249094285005094912
8432203722500056064
2440024301662816256
13430620476944717824
4505092010010685952
12885733428331472896
17235974166585188352
15903484952833589248
2443012126690505216
11943203135546718208
8704734297354912768
1450006333937182208
16208337069195886592
16075729910350757888
6305984856788160512
385693020997605888
9903222146272346112
3316575717290892800
16111771339282993152
1725823232061959936
11597844165326553088
17481924430483267584
12957053816510091264
11311665499888396288
6952317352313930752
18082281186329081856
8610236580295326720
3083622123887085056
6244650313564023808
11416180439260606464
4232945409753792512
11096021000568852480
17027780328666064896
7609968704111611904
10567484027704690688
8550713456347011072
11199540125399220224
11429939365508278272
13394678456934195200
5726567846833156096
6096173439988713472
15510212069362823168
16389118441293318144
4198104532866759680
16492150890736203776
13599521116846546944
13442411754933630976
7319315171430996992
8603342207054839808
5747658704454129664
15858135432624154624
3909871638864629760
14594122480858580992
6014924271984195584
16018294636605800448
1154897521901156096
14418442088076767232
8509323995039505408
2054042712348076800
18106914521467944960
5617884621908932608
9400670380436043776
4753589571702094848
12873800983705884672
14274708809633613824
2496337167185745408
5572021745256358912
15765864925765081088
3956946548527117312
6219738533738870784
15843358603408900096
1147571220542882688
11934606934815125504
5921448374382699520
316892236655567360
2027544452396432384
3289558698764959744
2328960528770982400
2415675513539680256
4559382430554868736
844136364260585472
17296177233414424576
78335711978206528
11574277029896116224
5358968850889404416
17415522632092858368
3328739192479157760
11727199497247453184
5601770860951980032
3316777488444264448
9459953960445687808
7279466133141494784
2453733116922124288
12264321438088108032
8029091917190336512
12439922187087798272
8047284057689022464
7622149223218033664
12726968140189890560
1018530477693846016
15361431198978177024
4894800237037552640
9997242327972687872
4341234006622298624
6545422510089826304
4637438807622162432
701446704019260928
11028392644933816320
4814769096523190272
16722692903868790784
12666604434123591680
13523217233489348608
11319191903745855488
15463940904415881216
10022787229611634688
14834940597847719936
13039380954973458432
14484134055264135168
16434358441396166656
3033180141173215232
8600643761743821824
1597505915142501888
15371587701591212032
13446527629469945856
5023842349242650624
6005311466049148928
932519700860938240
7340607038733184000
9568058349275445248
5901341922505322496
3982080035270411776
11538267352732739584
5966607363730070528
5434785483222478848
982456364872057472
15862658289214836736
15310055614519138304
2514107032208622080
12747441015551475712
3958300086856111616
8356083897863863296
9762977465545492480
14822958420230201344
247705468159202464
14242350925549355008
6438830967289728000
2099522801234070272
18035077122591879168
3096548272616281600
5158706016660637696
800744543477577600
17502975851789948928
528755395188308032
2578425670560032256
13104836601128566784
18141899650148980736
10546575970208903168
11356339983783231488
7603348895646000128
8370497163355659264
12608612716296697856
4164756796978109440
14300186434564239360
4646948668217787392
6888015880464911360
14623139599191025664
5634406477275975680
2242395960005284608
11115153286785327104
4261143079366966272
4159794076815230464
13524022356578594816
5415653893585969152
14752795031923435520
14757270607893927936
3777854455839218688
10443535589031505920
9759034505958651904
8383583159778509824
7087375405188327424
10646595439180326912
3926990489497477632
17689387588181161984
14324887018811021312
8169490277000914944
14489812688531007488
16753088253594718208
9198135896044332032
996176681348820608
16175839604703789056
14820407266641500160
14741050206872469504
15020352962891096064
1583157155819121920
1165263371235378432
14842457624817295360
16165287188280666112
9357676050980997120
14989012799401926656
18095240234533316608
11686356495820804096
9888672998639374336
2024523702043297792
4061008094682051584
17473476901033334784
15678425947845300224
6987977555328187392
11271050570577659904
6236014708250693632
4890352858343006208
6006634655590934528
9776892873105840128
16740508039524749312
2692111820489698304
7634074906183731200
3504075431059173888
7671098421931335680
650734002258861568
8778093670952235008
16512157349993048064
800247094077678848
1112573714301217536
3084800663137795584
17665443564059262976
3351250173038424576
2678739195800409088
1813068484156858368
7282670504288494592
2374947230152443392
14124241716723159040
13605448305171347456
8127930113268487168
1748506055895512832
16249152070767749120
13735245767643123712
2209485055352347392
16279484895792549888
3462531402944773120
15763987238760687616
16089040079747321856
17079857921153097728
12327682058065872896
4007329723485727232
15966504442396479488
12097121622971035648
4893799781159031808
10606693222316771328
7476105258970844160
18215581180120858624
16669364722437709824
4007514033370237952
6514745709880041472
12786747390477125632
8100556769585985536
6193384982070078464
12315541212074020864
8485179772942232576
7533945925158545408
12538079172672997376
4924218830287736832
11352200339728754688
3342721642190336000
5700043075200799744
6477406309287179264
7853456593475462144
10194363091543904256
2499641306710108160
2314366440165073920
2650641930038544384
6527782495206873088
16385300795514992640
15690478186324715520
16458490914991466496
6014050081351096320
9703167749286137856
16864893253658146816
8241863090596772864
4767560819833757696
16187290750642821120
11929385353043617792
17010164218197616640
5171661500406088704
15747802283582928896
4021943966764905472
5194643601562008576
76609648852477344
3584774955133096960
14464877100802394112
16216667587284951040
1596280825119817472
17338823104607490048
8140038365634679808
3212729428536079360
3502553658473976320
17578978463811827712
10275582645127948288
18315180237885065216
5751462898029876224
14277353249732898816
15129541549329090560
12415602908704825344
6386683607646002176
6470531858552607744
6696151384646416384
4262235061189221376
16926421689220775936
13064099762225174528
14648931916491466752
17380751135780413440
13403717478219329536
15216447702446702592
10922061600664797184
17476263532753027072
2085354729182367744
10880078812372938752
5497815117899795456
5282138066281403392
36179211825078232
16046934605276637184
12080602195713388544
5172855169873722368
1739745105396306176
7638358878398147584
12765991894017310720
5238829985306198016
1979799960958483712
12762238922078212096
13309212935884632064
14658872378341564416
12964551784635457536
5918822425627188224
17186168875055142912
9087325076487249920
7267277885269353472
8787954970965615616
368211596984044032
18304765005981229056
17057488068292360192
13813963001748690944
18234876158193293312
16911474036543901696
15897101917794410496
6115893211071921152
1793120497185047296
3014210724590478848
16278518909803958272
1652045481397425408
13663376324178503680
15065706850544001024
14455880108499619840
11009179509749899264
11023379597172957184
12155849341343868928
5975091956195983360
15648783474219900928
17931450499501481984
3495765783591367680
11344656466976477184
1546285075685600256
2429782542218545152
9108686418623508480
8520502107971876864
2849208666302339584
17404136565361397760
7330549046584753152
7984560155506985984
11206700425671768064
1328830581212242432
10818848102350641152
17366292241252628480
3477199313280435712
9530990855676329984
11286368608554057728
17606838839142590464
14599478120855611392
6200120277002260480
12636944875247269888
16302687474899542016
16467829854067785728
7937958133428978688
1354199551615820288
645393796518525312
10012782228436783104
3047560434444145152
476363520496214656
6572172388081722368
1736657620097025792
12901329298683443200
2759198133431268352
719740471495895296
10490168873818783744
13712730109488308224
13294656492001599488
9792270303147020288
16656624570254600192
13299810016609456128
16557675058233317376
3585985982942454272
2201965885656794624
17225141118465050624
4938495626954870784
5517332223452869632
12264765335273371648
2102821447307072512
3358998269000411136
13897156377129768960
12464815869058766848
11671890665944459264
4464089631865349120
17211408091527157760
14122440202519384064
12822483076832878592
14264084182639222784
9773428030614325248
5252836761810992128
14403747084420188160
14884643095135471616
1343335785444583424
1208012422405511680
9635401563496824832
1574779176373761024
972327767630585216
11155420074599772160
12139210000865794048
17948488746562590720
7241540197326788608
5173391379786823680
1285659718657726464
1169200544554821632
13714945838292996096
7624299817838838784
12301111675434080256
14687371712759291904
16246773358595252224
12124669143878895616
9448769518238541824
10877723534412181504
9635974545864550400
2966186119970580992
1015350898534171648
9069067637694419968
10662650463625832448
159230612881175104
16006957363542364160
2448645882777037312
7027393682481889280
13572413933462149120
457999055442809408
4910437467266951168
16207645579692285952
7340489803860891648
7416349093019142144
10376957955312084992
9612950151042834432
5210381342433622016
15442524527730950144
1106453758039841024
8375078441329490944
11510418464952735744
4499398492471285248
8741467325357266944
15812829242468204544
5763153364420409344
14356812322512914432
12377483261613705216
17626215322949935104
17295193819312027648
11055715216479940608
7612485611742525440
15474241160134465536
12987392551808954368
11360103385856905216
9000514550209838080
10356024400596893696
6851030975712016384
9488855840262424576
2215395471473746176
1965508894781317376
12670449386242723840
2607983563659135488
12211451747670491136
15242283153350492160
14344738074840760320
7144556693142600704
6057246306001729536
4321090194947255808
13855100330857793536
4635358350904296448
16091461388828246016
14327991926469488640
14829885960511834112
14468800333532264448
14756468210175934464
3142787780599427584
7602710693667066880
7098445071485989888
16662219588711372800
18170441915661869056
11890641738250297344
6006766550950862848
2400904019905215488
52444393616307728
7737550579411419136
4966695401067926528
11064128074681503744
14402200189072979968
17229275612421625856
1116468332133566720
18229173895596013568
4826867184897204224
16151631920961972224
16758621866470060032
12900522784517007360
2436033999808866304
16175724916335116288
15345313241915850752
12982026488347031552
7213076349471180800
5249338288362695680
11952516843451602944
3742677807772862976
6117564299275315200
17866909520962584576
6102536620908560384
13049028038404927488
8882892808656750592
14252018795560374272
2061514156345236992
7974842602695868416
3943791794663251968
10533897872731031552
5546817774212231168
17674005006249025536
16471831502190092288
9888315412203247616
2718592130636141056
6729615385757224960
913031864725702272
12613538329418610688
12875169739122284544
221861492526160032
6754367750047011840
14951644234875705344
18444604791863078912
14134988501222649856
7030513220037504000
10797363230980663296
11867999718498439168
8928980340712271872
8378185838729077760
9293810439349608448
1450394763817516032
2121775874862402816
18360249319369541632
2810205839472392704
8565138890569909248
2250382086905764864
11691289493828990976
12062700717036386304
3607367899520577536
13685531299430924288
1507632163395396608
10790847335329679360
14231440697247543296
1549484550298221312
6568514410377761792
1688128589709357824
5379474047688176640
12634485357162309632
12140886350094227456
14028943385891172352
8232439771035769856
12516214294806380544
1803134149742426880
3079864372600167424
3668952093772682752
7993947503575511040
5519834851279351808
11494638697560526848
8995440689289661440
16497451076161140736
2455189163818974208
2786465269779800576
7750166751860244480
14887858176398817280
6441974315637377024
650878873995892736
6352895897435460608
15284232026723254272
4480223559695442944
9086235402375304192
11567563951164153856
5619140344697541632
18310115881841649664
16771240556828106752
11073863542715369472
13242882117326389248
2911574430588800512
7557009735820567552
6170687217293289472
5289163739586857984
17437175732102227968
9582890524809097216
1071406238642115072
12438922329145720832
12675247121327675392
17908680386652078080
8697482649076048896
2772641674910693888
445256636099226048
2355120429755591168
13990202305851140096
1942424081381601280
12876169652261947392
18013154125422440448
14749897504940773376
1124658106746872064
15375451553825685504
7337493192760354816
2059023555396827648
6786419286656783360
10224926822138544128
12584343901709019136
17557534669464592384
15395956277398165504
6504525443286047744
17570137269085845504
18348716353517572096
5684392168170283008
14418126878100133888
14042238439570323456
14888325241242292224
6939288020749084672
5378860836223916032
7847546241629030400
3471271890746303488
18040313282149935104
9814251379590922240
15637229669234241536
15205388840481196032
2130702160207746048
8574634012597141504
15948180044645523456
1926421681205212672
6233015019570475008
7789572871315872768
3277995489513868288
12653612539727728640
1797027998793176064
10486640241296590848
7227279522568942592
14673161317474867200
3796000441112697344
11953283451054809088
214095145354897568
1115244402246795008
10795892128616462336
9528785803033063424
12782877915816960000
3930440554513805312
4541708072606631424
7737591554726555648
1068218278141691264
6350781357709291520
10854009180194908160
16123788491455944704
16273823968010680320
12576417413009135616
10656426853352681472
17677812569345716224
5540860923235975168
15149902622964389888
6796181131907433472
13601074155711182848
11051605758570668032
15467572020846993408
4087665852503470080
2470344718943399936
6782340867626432512
11949436767060115456
3396248109885279232
8360036945211816960
3797508052316544512
2560754280764129280
15575002285213573120
10733707918181842944
266762030797136928
8793941342152336384
8417550170413435904
1192530752336599552
6406021808642039808
583288426673999744
12475407021147723776
17058844572400840704
13908612388092420096
10197596959966715904
5672485875327622144
933016857085111552
7111513647699093504
5425083259300732928
11134035634559918080
7028956449099811840
13836750821110032384
4951760885038878720
4136910488111834624
1167546472629554432
1659478727370902272
6083672369536739328
5775768314401467392
11661052048403548160
10225731948983005184
16928206615251496960
531174823657462656
5979355145727434752
2574946055754181120
