14901479672156645376
7881653295766281216
10619936515316731904
830850388870149632
9607394279635916800
12164648020124407808
15818851541084788736
9314554002302556160
18213632935765327872
7518150023264398336
11073206143225393152
8046343838061211648
3475930323745795584
14184793859108622336
8442577637616438272
4103567741015072256
5944582603820361728
9036935938339551232
4552103432849404416
17700910228412276736
2250086728660036864
7839098104714152960
983700514513208320
2203691981353483520
17626916039591032832
12448792674749761536
17496084155063435264
1560811342942765312
4733052659239930880
14594840097661833216
9320879201331685376
1389661082589747712
15951760770251794432
11833743494325059584
692261913185944064
7253028916391360512
8737523841900126208
853769553541724160
18027693720257908736
15691978232353349632
17036364202874740736
12454285596358346752
9406815533307850752
8282098086857558016
16909472326636228608
4176107166838441984
15427645726013487104
15949037294119477248
6458496154803372032
9716234237080295424
8325210994657043456
17588037884040931328
2042692024876634368
13088008269832376320
11093131021650001920
10983617411326001152
10132607836701128704
15840066461511720960
17139263345830174720
10613352767838132224
14302145150412601344
12374899343596322816
17079124816710152192
9613806839775637504
4471827773946373120
15278986406725228544
10717161979531868160
3748258162045057536
14043125268384868352
4497746236184070144
121019083909617792
7591103504496668672
10634701507736737792
17888760171528603648
10620596025239650304
8728681823095710720
5620674598520708096
6409243960765222912
12282817701717985280
15715973172953700352
17565094495767156736
1643785004255511296
5475335182620964864
7518115594432565248
16660476370581223424
3948589329710407680
17770805626228027392
11252274842319927296
9661281004343959552
4918875646662312960
10594824165737416704
15605076120271964160
9422110970003154944
8869084139904407552
10584654751497977856
5836503090300000256
15316659684787924992
17439679629401249792
3017957330853248512
4039988741782611456
4141334931292674048
7514082423133758464
6220832539072586752
5217398247511243776
16821328180981594112
14742035776013774848
13227782829579870208
8937604538593820672
1615501917472264704
16468507421290039296
18194296886762756096
10972882496655384576
5567122043169223680
17165245011060811776
1382799577873779712
1873799192038277376
15958085210658306048
10781457633552668672
2246197962728473088
1483983988785799680
6367363667073246208
10125996462967789568
4911206821024120832
13122156234724743168
9759995955297308672
10165237400386207744
6681447997175818240
2189021606763582464
874246202789338496
16538883313088485376
75547450791030704
6153951323195829248
3975514785065267200
15539109672355895296
7096405311192634368
16121710544204021760
13769936011117086720
14643742648692285440
9736583984980682752
14941535154668623872
12361689349189654528
5291255535112124416
15532228821261178880
13190663832390660096
10463142789818527744
14106363518699624448
2384376717885490688
5822718319547746304
6694109733570131968
14290012173733437440
5864451474506857472
14375908163296710656
1285593664371551488
6359577896137360384
12103722419740112896
7584966994169659392
17936951964853987328
12490625584365142016
15455274711859181568
8643768120793152512
5525909012146513920
17367668687226292224
3455987500270409728
11463115225054162944
8753096545371431936
5932638736563520512
13586401585870243840
14930806819155408896
15977569207920969728
16376823894064064512
11768583278286051328
12441060057732104192
6583664171618181120
7820822430638101504
4379414927755273728
5032741709909861376
6591160017034052608
130827227328680640
794320766701782656
3898140248125050880
11199907204717582336
16807377559812970496
4109417981122002432
14069539658329010176
3652669115782377472
17732697087835246592
7351436623000335360
9801618096537096192
1798878941136494080
11957671206805227520
17974197666160711680
3141143694804688384
11534778376772530176
17422139045621172224
13771723795743066112
6679988710278925312
1376292875517630208
8691336405668086784
17350140155738011648
17480433056288581632
713597624848531968
1366297620346857728
2050818223000780288
3196024575825466880
14439038051116834816
7884982465752263680
9660518779052122112
5100905066931662848
6217461919738010624
14843010515232675840
4004880848620662784
8607377638831970304
2820476806261568000
7482615612514708480
4357076962475771904
12268023357260349440
14877431508212994048
16490016084019816448
12644629901389174784
12426416739425103872
11804549871489529856
14952906707842467840
11170225789394102272
17014703540523524096
11180078778772385792
12723033651435974656
1059371469387810048
10448238429132216320
3351743329875525120
9493683330752888832
13967050147486380032
2357375856833442304
1805304362057107968
9652037417247240192
16342159207227144192
9300555565171222528
17640756061317789696
16476397381076834304
3538808444915904512
7625176050418677760
3672211850438055936
7165563403769771008
10897525412962189312
12824734703164352512
17761488322488702976
12502961056461125632
17820221646860144640
17735816316445214720
2968205255239723520
14919087085427544064
9750394605344942080
3416804846221093888
17105663191657758720
13447285447876708352
11862935917742735360
10456378009778491392
15269805135808753664
10540801498343491584
15918346594238164992
15932837409262307328
2099173809958547200
12361981881650655232
7093122670937375744
11679171026389385216
6798966595716908032
15960624199945299968
6626715708482249728
4306560434670311424
7520731764848986112
12687481216967718912
2935421103402565120
8712347062121938944
1784536864843473920
9457407585512974336
4481828754130523136
11173182540332263424
14158444968421543936
9740294806039795712
14314461642384672768
12906267473075720192
17447050019284209664
8090852866060221440
15243561299700819968
8606355449636357120
561543063219983744
11009747729640583168
11997955359307237376
6080175409711157248
783151159327618688
13328088461839667200
7463065474211647488
5833829774915787776
7437416771666411520
17654320555073646592
149454868530823424
155931122505793760
8511597141433086976
15118756066015875072
2687776694876117504
7498881989320315904
10964429702071728128
2734367943534533120
10229262153186789376
11856867626821914624
13403277371319994368
933137369673460224
4376422150833963520
5916216746153025536
1790993525041312768
3985816543108895744
5134332724939615232
924401389494947328
2746458035491836416
6374164781464550400
6553630366861265920
5931005897681201152
15352929717291597824
15544362887740981248
10357541841639602176
8757891594455412736
10883414445894703104
5643720741994595328
9719768034614124544
1367674194443045376
16582139385432041472
3836183694598468608
1831465898169416960
15968013620153825280
10528078562027298816
3200330970705059328
3192960782850800640
4061752940997849088
13409607288841295872
3425484721232368640
2890995338017703936
10713458221485490176
3944936677948107264
10181843514415806464
5597730319598046208
12561142986391486464
2302612787796069888
11069699595084077056
17580200752075587584
7339341771420260352
8987036957004956672
9283799311180888064
1854143783718647808
5002328345696539648
17653136694420789248
2877383039355393536
14373247501597706240
438991171649638208
4772702183188139008
4883658612427710464
4623447287819840512
15203550754461943808
6687872851251679232
6600652212489638912
9329549123960852480
8928501546740627456
17360706571144878080
5022043340721780736
11704021483488454656
9602149317152260096
18063509903567908864
16856728759044683776
13379046653382782976
12535686840655964160
10210337521491298304
6453380668106642432
11685742969587296256
15185733232498368512
2000274993172575744
18236433088106178560
3482344630664660992
14987171552933132288
11122811570154737664
11228736968862502912
7226236913797574656
1266786696066928384
17643243503328880640
6313995512888916992
17732298320854605824
9599544416102410240
11728998192728172544
17983127265284261888
12390109325474265088
1535040844208491264
16641122757137747968
5316673418679092224
17955763229499602944
17207592450748977152
10077530751051913216
15320081260807948288
2094684302286113792
876663783323487360
16094955899739650048
13320459421538318336
9010250226056172544
17816318668141953024
11989873853157060608
8972608825997493248
12325455070089050112
12966109448507482112
6868652147904684032
2167404794702953728
4919134145606720512
13005779178742542336
15353548486617616384
10994738570387902464
7582096880946732032
9118339288487161856
12685590111935526912
1780907831997353216
9794624347017396224
10614324584431118336
9068679626247261184
13906766772825796608
8011827083220691968
3326448305008788480
14881277769686243328
5012046554756681728
13026727541980235776
903044344371627648
5249097737169220608
13221499587490471936
1977375473907784192
11720246370529736704
3185841807084187648
15054060991850596352
3727244121820062208
11328039974047510528
3636137135891319808
6160802357930754048
5139442588018638848
14655244471432212480
13667493739122198528
17240108966879922176
6799956260300037120
14305840673342394368
5196041111542206464
11457369038854324224
11384312710264258560
2405505975730921472
1096749814279557888
8035331825685027840
5912094118424931328
1207591200307144704
1580699147506036992
5377741296429446144
2246909369309462272
3798874287983728640
14528785699085369344
50027164068149864
16846702633881020416
785892910775684736
15470278337112190976
14452137376556380160
2547195584121626624
8757545475005056000
15861531631878742016
16952443867746375680
12570287347317678080
3982886538404298752
4141512803656048128
1809291737295335168
11517609912817371136
5101201658289429504
4026418536679062528
7820691626556032000
6093065541378621440
6121614983435357184
6218234082619323392
8854372526803469312
13449063738000824320
8949625875219939328
11619745841533114368
16601743253446846464
17502601738186598400
15068991304918740992
14316578342117038080
2048639892059281920
16568121131677681664
4775399019933964288
2565653939799793664
6119106298554183680
6522112746851726336
11913440122424549376
9629176767790622720
11793247137047238656
6396629231187726336
7961530318790008832
8209827869349505024
3977224838914801152
7290992221701359616
14900344978716774400
12232447148687521792
16918560143596929024
16045176067737038848
9325256135318157312
344939059457953984
17073234899210033152
2642011588555886080
16368208613597958144
9429507847776985088
13488492472469880832
5649792597019442176
1719290340711671296
1616544707501040640
7906422162960692224
3244343138759287296
18064278741242159104
14645067616665745408
17408556881115963392
8222169435430081536
10027687056994942976
15788332208442001408
15497079690594146304
8760580544899000320
13438127673055602688
15212603654086084608
14325788754397771776
4189157917916144640
7508202099263325184
16320483501668851712
9646948180128507904
8018771879182490624
16786429359019526144
4984457920631799808
3090635475203354624
5106938236049053696
9824128542411325440
16736820017275987968
14230738241036693504
1930727486411838208
8613034021092225024
8293634132721885184
14894528897281191936
16004952947798704128
13631332121191124992
3844207302817192960
13143904195999250432
16984959050997254144
13669180903602393088
14499170358790373376
8746864509960388608
4568573006685111296
17654135660358356992
16867800524638988288
12106798840242399232
17364135327152934912
8290265973867504640
1898495185250233344
4115317019118462464
1567093406220270592
15619699291465652224
1538502042966569728
3125780759513283072
7241814558965494784
8647188740830042112
6218854908828387328
10933185536355825664
18239357395539263488
13882103431578902528
8544745358757055488
17786906021675851776
2029158896703846912
15092744042297387008
10148996698883246080
9080592371338450944
3500200405273458688
14336484879313240064
3612479475244228608
5809848545566057472
4520148526240422912
7307497409353388032
8611791016976459776
7280135504423065600
2094464122291030016
8211649110579183616
17674194370932338688
11658887420683610112
2682887733919446528
8216314941604476928
14829978948974753792
7925679299098289152
17453098770932578304
17827813955964594176
828359211427997696
5819124677528190976
16760280490874703872
9668961681798424576
2513334285640041984
13163601016240265216
17755751090581510144
16314905349111103488
9030045990798619648
33664524414342180
599767382093563776
17507398919384639488
16743067761969152000
8611383968087962624
4297245546778543616
7823743798320836608
18089104611706613760
7463249130073969664
9089815836533931008
8390792706547085312
3581922953821323776
433195010876550400
332676449352535808
9190475797676548096
16655177711693926400
17727941581653477376
1643623236979398144
7993833059828985856
14706240624439818240
16195641520932081664
6626438025299985408
16749371869319059456
18179073210616905728
394010293162532224
5352559690005817344
8512373884520125440
4969151570937166848
8930397861161347072
9457720062025170944
4354365719444123136
11708015865966192640
5178912072666792960
8276966881920297984
8512802373041129472
12008355259669123072
18132117934372425728
8477821493636729856
6346947047710546944
9237026127016243200
12301156039339378688
11068565583864862720
8879541053492870144
15638654237836802048
15657884951596564480
6300631766731444224
13019207719679293440
11216214014543525888
4113464380553836032
16587199113508081664
13242640888279818240
647169586727942784
195174645352045632
10920298704898531328
13450829282646327296
5023366325260411904
11497629341364656128
1999460837709415168
8845171122585380864
9158286194957829120
16669791609108152320
8550011484873422848
9352038072757950464
5933381858018332672
2637340576928700928
15903866604594255872
6859572916464024576
11113213291574947840
6405751408430779392
1309046637023642880
18430146502588483584
8347522147412252672
1157041139404120832
2984289986682935808
16440562741831331840
15013108249848500224
7292822820742636544
2984895106898921984
10204793228910761984
13406987119200770048
2015187474465139200
5590514534928781312
5785523035355403264
6109712661085603840
8107241522180985856
17423965248820191232
5926956136674406400
10612588327172974592
6364490374584164352
16887586548811145216
10744907380604469248
3881110243156354560
2032366036550430464
11245956368498034688
17663894205359208448
14358669258005082112
5344381781663563776
17454642577321832448
14717471806245941248
14206008708183699456
18110551122572879872
9593496381865867264
18055221493867661312
13437979194074640384
15682389761522280448
3135896103295382016
7176483074629080064
15824759449612208128
3679132665081625600
10357533788955510784
1506721443243161600
12292044062705836032
14652416052703580160
4876848403079706624
17272747854482360320
7524087716448909312
4213635321744468480
11650754684829378560
12525978708476311552
2719401501552323072
377623296373367936
8434717537763388416
3735676926930005504
17356529703908569088
5869139581170100224
8767725149216466944
17535645388829050880
7114188310800813056
16259912676663404544
2598330186520611328
2098070659328565760
5310696127119424512
12557499949491576832
688212627133437952
8044432535630051328
10065133257136930816
12019883208827437056
7268652547144820736
14309934244454508544
6815634036776476672
2894868802276956160
6317185575161503744
3098365625382507520
4748536517634556928
4034506644340085760
7485972444950928384
1046063362333327104
14252330579500867584
5492338054167769088
1810712016210485504
11143557101998987264
4992329699719652352
7813217185429484544
3622082673748160512
11281888277235957760
10693632217120329728
17917453582804656128
17559604297085300736
10361415093739071488
1922139656909228544
6764199310199027712
9271645907957526528
2667599366739512832
7308375141083273216
16224529599071922176
7716266821907543040
2752001467436077056
6274608534256774144
11451387807677556736
8503106408068274176
58463503907836104
11945847729279840256
18185553473822973952
8963617077616104448
4155966380683752448
7704392414826772480
3644442589410749952
14635186736271820800
13204628937245958144
1180475080251325184
6762458126235030528
16074945084269037568
3063377395355261440
10373081947697018880
15858346496646950912
2854511295742224384
658962652122749952
4275281557494114304
10683873422343362560
7810328262106892288
8894501721726502912
15131718878269894656
11135013561193068544
16072618067331723264
4398059769390013440
790475817520732160
14249546123511336960
17368939481330190336
7554963209651260416
462318616624375104
9850031557633396736
15577387129724575744
5570270875755883520
13183138639135707136
14077092821515563008
9699152566057650176
14974344180948107264
10352980916314320896
1061247908066321664
7126259399438498816
6374344426533708800
6719043595627876352
9519898929510021120
1830390978961021440
6895639710300426240
5106897482980667392
12555856430211485696
10312054236139210752
14191186683270428672
3904695027500392448
18214797662892906496
6100023950908911616
17419466769642225664
11667902303975776256
10676612842275614720
5120415607879170048
17807562200195559424
15929533532732651520
16487274326119847936
7454789152042212352
5592257689444582400
13606920065681483776
15811971988674373632
1530070865792628992
16691451491613724672
6371064708265083904
14843355875411515392
6084572697729882112
14862894285952092160
2032167952209489408
458531717422935488
5216468087006432256
17412408607851503616
17075436275672619008
8244609506291646464
13867365228879491072
385954028189969344
9391171867846123520
13299923775934689280
9398077895065700352
7964687247100817408
15373195820894308352
14625663109652799488
14309321083482482688
16297185486886598656
3509325003082070016
7183610901695824896
14291162398588448768
5297040901551655936
12636540888252446720
7066496577874515968
9178650612809776128
15540428780391247872
1677138325809420800
2394355934482350080
9168782431641879552
16125296457893074944
1700700305988510976
15647024324553897984
1777841420915141888
18206143608121677824
11368808637700306944
4028979347899893760
11464715923427809280
9438649346628161536
5805492861028809728
370027531076885440
13675462430555740160
6516199983624999936
1206035572074211072
9606163961177042944
4782709943910951936
16053828560763611136
655272598400911360
8044416791172382720
3918250372519618560
10901915482388254720
15563930073535512576
4280784270909204480
14621337377927788544
6170390565698310144
2844944688234860544
14938071597799835648
11301283883375132672
12918598201829021696
15280941294398787584
7721088375873648640
9539625515895382016
14838531323601840128
661019611776690560
14665582006383411200
2336039459372022272
1583507174658919424
7417823189065177088
7846686222451888128
13606285193643728896
17992192888367077376
5303328121506828288
102406338449361392
3094923530327349248
4479074946321677824
13280639288232622080
2926788154316283904
5035251376724669440
15568381178197473280
2160029194481022976
5574318674417082368
12644926233932955648
7556121193015134208
17740071681484193792
9029762329735695360
4418439068941574656
16537351210288807936
9391053781789171712
16620636216911099904
1655808854075937536
14669544114910707712
6244388235579559936
2688648789211042816
16268333555262611456
5990088393855084544
12585911854566998016
5474917316339672064
13025576878485618688
519437376757301632
13117091572299311104
9678444478617614336
15458332422657413120
14536062735970945024
14323091193142499328
7019252616980130816
14439004630843273216
11899660527244619776
15502069513728542720
1501142281563753472
9923091558467127296
6387118577819169792
8829354359322467328
5384701316231042048
12043385733642629120
15149408144923619328
4765431346311938048
10285748497761214464
14395264580209694720
15843153428090646528
11738010354592065536
9643167436825391104
4172249511379173376
18249272147424657408
376298599731425472
3245682177944544768
15710319056341862400
795954158805736704
2638800878188193792
1404813615714647808
4587488156105801728
3881421503665799168
1049740006518852480
16150761820564228096
13465007156214464512
626756339442822400
13177414266804404224
5703462793465842688
12350427845299130368
13564027693281290240
2157205162416814080
16771253757085771776
712933238680462080
13577484053801918464
8282900706443554816
13375481327505967104
1502894804804952320
5053787331531582464
16964722946341922816
13512738698145069056
2956158503778437632
14677037295717298176
4479515665472422400
515525436979939200
280074821684908768
16509286270062884864
7937970709567685632
13749480604012367872
14412938215857534976
4520022720436341760
17378064178918088704
4752258641492055040
14802511602545485824
14417130494846664704
7688177915658736640
2369089497608163840
7197545868089823232
6619692837971934208
