16830430641068310528
13193464045778679808
2697067988168310272
2256079239412825600
18012233842295902208
282284105779603456
10719798773492305920
9565817748784388096
5561455888992343040
328777509465553344
13374886615966023680
8414422066711723008
1204522540422813440
2122012050491952128
15801992027320207360
14087451003654737920
4233097249401627136
2725634283975220736
14198679147511797760
457686780103233344
12824627476247191552
9001201027062463488
1906054688438939392
2001166228136742912
494474007150631040
9801471138433691648
9042289641791141888
4234185864184579584
7773903582910099456
2749895795443831808
3523026104185840128
8009912846118593536
4535239874143086080
3661880236487839232
6276847402045393920
6612945491421960192
8020190133569390592
12042445716898949120
9402744989858344960
7773699083606721536
13124372585886310400
616990509581509632
13489930557197101056
8329403504222175232
8259205438372707328
4279841842825619968
17377914673159553024
17248785400327254016
12066046768314136576
251697100995347328
13509779603931428864
8635063330874613760
16047291576721195008
11674451717799946240
3282229302654512128
9339245980991574016
9535933249427937280
9882713953679017984
10105109210845106176
7058831688304180224
14071536020222670848
14002590860153737216
14414702042420015104
13947554047464280064
12978684152578340864
4269665136480427520
8763592021542132736
17604938801138423808
8205517230809187328
5581929473857171456
11376983381837297664
8249291666452383744
2303751258382811904
2077485618781212928
6429123922485645312
1659569007248518144
10715568727346427904
395682255124982528
8612299614092651520
9048568639045553152
10959480154108692480
13438788928419653632
9046496411297808384
5452512390194110464
8101525156698942464
3506474201082019328
8911190895578980352
14950413101522962432
8077455086464842752
2668610330817112064
10835977221412298752
1657558572259721216
3151651172392406528
18425740503075405824
11003757678145701888
4599103049825703424
18438060862627536896
4386393077402987008
9339992545555032064
1034586867141927680
14334952212207208448
12427316258222755840
13424572577851758592
14946390857828968448
13715519914029363200
15761126068556951552
13388636663874777088
10953885850063579136
16935726886657589248
11278775434101065728
14592064052092368896
2808241377710159872
5989127878042518528
18272055928363446272
10642249751587618816
741072235914989184
4639404009985069056
12947297172582782976
16337524951540496384
2441815431107981312
11111777042312316928
12620870961173737472
758479562195037184
8827444359924329472
11597594789954156544
770354733570750592
2375684278787687424
14697417725594435584
10483691865348481024
8263585536664971264
4860393878642914304
8687792269049284608
12912907530838738944
6128079677852421120
8107467224806083584
16964507856382713856
15355429761776650240
3379439362338775040
838427731038905472
15354333055794618368
5490631113325547520
3660469423284507136
810767799518790144
2355720819904900608
17574162753053112320
18122254367462205440
5643179304286060544
1990906778188221440
12490790530165051392
199213872666032352
15963871578610356224
4004063481280782848
2617738371190068224
2064583442015589120
510317706916478656
1847093867832455680
17455747599078920192
13292557888076660736
4992365725139746816
14860074279951042560
4501814667227968512
2153093555123265536
14308960704625688576
11437559924490385408
6284006876466295808
10196901139232262144
2740324607243418112
14179158226932772864
15980976991041705984
16017244938988507136
8229990159189412864
15483631943953397760
4533261286212983808
4417116497573322240
13953094986455224320
7504242792595115008
14588031462252595200
3321147384867799552
5979171864379980800
7909719364088482816
3535241213791162880
114735377798174384
4797598519772574720
7071027772117971968
9856335609514870784
16542257846659268608
10161110206246326272
13979634769190690816
16837629242481846272
9862386878222688256
5521954947274700800
1865107474296650752
1145890527825575040
17480036374182946816
11422276740828862464
2964956220303099904
5981361240084084736
14319265589425201152
12059422686663223296
10916968583073882112
15241326090979450880
3125765178135048192
4114872911186302464
10929273269844262912
6844866838100031488
17783581491124166656
355991529303227008
13793675723272927232
3205160564289171968
12052378819909545984
55541243985666992
2321979813979090944
5333748342685589504
15701552889430478848
2096171633831566592
7791498569492128768
6510546323157422080
12746344669405018112
6942668245275237376
18153516120129230848
13457407236761001984
4009561897842706944
13902098078216648704
10414054363051501568
11013779950314137600
17021330531316652032
15826738093881567232
18381826306503819264
16610306789931608064
2383586956855495168
15137210338919192576
4877449620827504640
6355426790369401856
9122475252905926656
3713925738122957312
15142229071026145280
11982311784484067328
344809581451026048
6774930785595240448
11247954393438150656
9664384788565944320
415998219215101376
16063928299314595840
13565536343044175872
12020393469966804992
13273735314722156544
4063654734256039424
725532227821810048
1327169842118750976
17627329054965661696
1407983509089302016
15925322021308008448
9373009924942944256
966841218621154432
10620247569651394560
7268660386238137344
1240126521043182848
6494803105608242176
11987064022208913408
15536780020137527296
11571821620935200768
10392376742371786752
9935143870689554432
12883725129518577664
12276120551819726848
6631220111210396672
8715234786913258496
13743095822011822080
16837947739726231552
7469731198746014720
5304862988269868032
8344392141902390272
16149839953897623552
7178944662571608064
1997287338374227200
7322523692017193984
14900229034562099200
7792576996706942976
14271374224052602880
3947886845627173888
11874241672226156544
4135702070422480384
14747496596173166592
13360380153904611328
3891916887296809984
15400747157991297024
6921242751970657280
11772718879632814080
12569817872205131776
1306697926989700608
17705042400608133120
6779139958199851008
13214132959719235584
7878138564702031872
11912468802407589888
10674773393375875072
9853885357776297984
4853571358808600576
12166555232339136512
10502118699116560384
16020246926244538368
4418991381281693184
14051728645577574400
10104266393866223616
15905154293062629376
5438720434426830848
13004473824240111616
10417509806243952640
10940657297987516416
3525347694505342976
14460816484906786816
12261169453829531648
14065155900487970816
7789787842567299072
13207646560403955712
10047147943728072704
10356838216013580288
4287980069807879680
3172188913528656896
15427045082502223872
13885445354328006656
10098459234389800960
3748054803816126976
9547093222240663552
3844332436406553088
5702871289348192256
7525224800939707392
4065945403332609024
2051842755723611648
15758688089449115648
9664883789201606656
741635495945201792
10977946440330469376
9461268251566356480
15934747509797875712
12816638896838764544
11033163554096418816
11178875040325285888
11377918647834738688
9360237792722360320
3235286334483884544
7567681462144429056
560151269344135424
13124567482356975616
14332706672817561600
4291410301246596608
13817410843905370112
13936884173103480832
9346995095911696384
8464089674725753856
1783601151338709504
7376670372726762496
13117527637267570688
8712016231529739264
14780469533975027712
13748547697259104256
6684680306699978752
10435491881013575680
11507670745473826816
15528297434191050752
10923145067189495808
9934637407766059008
10620670117086883840
7903108252379236352
8733208939600919552
10450973302750554112
9725033155061983232
7614668511243649024
17741946868076849152
13789490519810660352
7115008577995146240
7672281098545305600
15405875171377037312
9283869791088054272
15822523516117221376
13384854145086410752
10536875082624272384
4416661584607105024
3157562281468304896
4669592034432535552
878411271686852096
14880387923180156928
3390640164408927744
5295168895980448768
13360460124390291456
11572444963626903552
11230870233596518400
2250081481192833536
8791112319294452736
18438215509795665920
15838488561726509056
15747823832797952000
17022156464112361472
12166986368509878272
5854092982642324480
2173851066727017984
15590384269876287488
11426774440318072832
2922212303543348224
6768520746587828224
2773362261901507584
17493944981185804288
7820775890906859520
16029623743321724928
3550769117051668480
1499670599538807552
11013481121638461440
714623386718151296
8318617855685610496
2527473267366716416
3171460197955320832
11934019318193975296
3469380831460440576
3419422458602223104
1219380106262566656
12975313679808266240
12411077774260674560
10830334674122076160
6171054774257777664
6240508580565217280
17703971990902401024
11320762493358125056
1513027909651681536
11132008988047349760
540822775111716736
18077167350625376256
12859501068644612096
16186862041136539648
2054903511526867712
9176741041828559872
4862644109460228096
18137723737909362688
13283212257795379200
5217033250909997056
6699850299267706880
7212438889813286912
5734188966879753216
14263567827343888384
15653588202229534720
17027938361055596544
15812882783375316992
5568922508019729408
3896112722042417664
6345069953095212032
13688123418457856000
14382245996085723136
8845482961910366208
3743160136946271232
6579573004390944768
6445953967211370496
16468317746110083072
18338588211551311872
10647944016199452672
9907413042430990336
14145669283386093568
2757775632038617600
13364922251251163136
5906692702859755520
12728752776208300032
16474729116436441088
11024640457766156288
13206110235142215680
4783034554244842496
1184166763857707776
11717602563847383040
13453304756448796672
13289995584721848320
8326297649403384832
17562500932314894336
13644815156048273408
13449651307865423872
2093987652948144640
18011611211485097984
3676145394185373184
5036143223340779520
4551296598441505280
13762626329954441216
4095285585850590208
8986902020963189760
14282988956070578176
12674809453348878336
16756326664410040320
18080558278292070400
12475594118493270016
15065212606961958912
4288606393867159552
462304824592306688
8988205432674849792
1141849359511941248
13762914669796767744
14936189566083878912
5596863792939102208
4321384128517919744
39284392114260536
10632553009139302400
12230228301938024448
13620445286489161728
15601252292741955584
7712300066680306688
11298589763927502848
15336089224356253696
16389058047828598784
12498311127311478784
6560774059708778496
11561100934729674752
5855952751152116736
11382854386424795136
813694761517626752
588925268609785600
13417900411388256256
5018533989590494208
9601180165346062336
9755742140880779264
1030166092887272064
9899956573787699200
5045563897715948544
7143444533226484736
16641599239517462528
16829146630525366272
6579248710311928832
3825657903504083968
11518655966683095040
10673245357367314432
2132435691077800704
10942176094921287680
8688363752623195136
989855187059303552
4882488712271121408
10956707132656003072
15097196930360375296
10438031006492342272
9431678396379193344
2951774586199332352
1879313396739036672
853430930919925760
2731377764980690944
4849547391577059328
6360416082530779136
14240161365257222144
17579487308958476288
14741777302819874816
15826955334743359488
1340351066475476736
714638361440552064
2543045971658401792
17397974529544933376
11055013260338612224
7885196121971273728
954321496260954112
12236716345657018368
14867045824441712640
18111355569225629696
9801145187165016064
7624297033141939200
3261924112288089088
5606445445281889280
11965813941466908672
10135758070710022144
11542376446925694976
14946100977186252800
5420458180717012992
2680313937403554816
16483352427720957952
14344040182705129472
9666696153252280320
3727012235520835584
15029298387173664768
4505615311974619648
11490147123496515584
4427757539641802240
11772855530204282880
1202425567457776128
7236611828180828160
12076723702179563520
14026770814893944832
13575567655174252544
6210363276076145664
14417321350091333632
619658295313812224
12053950840107831296
9696348460731086848
10666564058800928768
8343454502700925952
11464159161090392064
350361500054365696
13034588616862822400
7963856136491233280
7199841603455689728
14042477760025473024
1954621619829594624
2037561274990397184
6409178154646781952
924693516435343232
16591739478486124544
14872365326233645056
4081102621204041216
13158342893981605888
4589221802248498176
1893009956731959296
13501578340004780032
3578438455716621312
7409835465875948544
7610373008487546880
12450598689255639040
14534143866505203712
8842927184674761728
7442549179900931072
2332179594739194880
2227486114028633344
3149633282861405696
683424811186549888
15621391502934644736
9963471177989449728
12549104112210227200
17417151049028057088
8466540160392130560
12015541860919969792
10955350190637807616
12883152551539879936
16271407985298413568
7462527928706966528
8081772743185860608
8627682885931828224
11608528929377585152
5579762248317755392
5277826792807077888
5140629866304446464
8978422116122132480
1759453866308819968
14619028345965987840
356594960520308352
12704878544854716416
13417936219648534528
7109488143688173568
17260119462828300288
12614560776721827840
17541534794665596928
8619104517926920192
4103825654959045120
14249914457885157376
2710078520637792768
11231047136638117888
14282559078614472704
8841293315719580672
7580846250664769536
13015887507147603968
12572870972233861120
2460309978568838144
6581192692377625600
4492520301432674816
2923218799147144704
15092681468610201600
13090918031161878528
527174527793835072
2888580536695837696
3367158061517030912
12404494374519089152
6999989578570779648
13801951938508140544
8913618011425132544
1998882727975556096
13953110863926573056
6591709416565510144
9014155879333248000
5679237138007564288
1183818074926897920
17327092309047861248
17457380601776824320
12754137112533446656
3345352957910548992
14855185922536691712
591435128848196096
16241255206730694656
14720434007188060160
5913709875314491392
202223592008187488
5193724116075448320
12266842365357164544
823066913930891136
13701847523617599488
6662455944450391040
11414188354257446912
11047102072293148672
14368927824930693120
8740907725773466624
8950436422393296896
9863442497406351360
936574751151579648
8876380128376588288
9280942250190448640
4010187176668949504
12604421385783810048
16065048904635938816
1347575019337411072
15655384736611782656
16628402882379261952
2639167033058781184
8928039796192743424
15203637742978643968
9022119101534853120
6413098563343475712
6041314039156284416
9131786164902041600
4126533465325669888
18322447757574752256
9551835643182372864
17722731374701715456
10933829812455053312
17374439781826576384
9533580725770866688
13808061514242420736
4916037923348886528
2954431877995924992
2420140879400036352
2848699145421217792
17807110964225298432
13191711566917771264
15596574209211303936
10537894992010735616
3232878640699318272
13639314287419213824
1930605640656973824
9297566579339177984
504859072289819136
15290754778253713408
1075644980721843584
11908966186906423296
1563483466140797952
6523890522849270784
12189912129570711552
8843473534570131456
14323053519967969280
8955401477550455808
7431072090900924416
4080616194833086976
13104456960302323712
15659474126272878592
3563593700550801408
15801678108434307072
9404674907007930368
15649206778426435584
1665588619902839552
1931465750134392320
1971116531145636608
7909090727799291904
14924757497794838528
2490625947344322048
4053184480253865472
4650076538142217216
8044303762611055616
17822432188421138432
11293612109951416320
12984105390132781056
13778623343071385600
1726092813392429568
14365454951054643200
2781958978162807808
2100446760544075008
6317978876944393216
14896406190745856000
3026942310963149824
7133952064725500928
17588250300602417152
1394450404071735040
1112225656093975808
8050489589616238592
14706548184243828736
288389855399183552
4684628020812201984
17402647276011499520
7542719149978929152
17622841967308427264
367379728681975488
17829352260395137024
2959024701296569856
9814647287323750400
4021981472046323712
7764061021893928960
15164246206420297728
12599069595012315136
13649740470772183040
14337398891841794048
13793811828044101632
17055034738042533888
12563102837387794432
18346740393989726208
4267453642715453952
12914722942249541632
896066644929364608
17855570101426849792
11175352814412165120
13930407177751117824
17178038203902085120
2225531694004578048
14240207484711759872
2880191426141214720
1117094232154084224
2774425171702073344
13513160391407478784
14466797889771364352
11891437626321854464
8436016709481454592
8174866391513363456
16519174970090354688
11563541912910430208
15308321797767190528
5612934134815993856
1703195872183233024
7367478802875036672
3342449878020317184
4371862626785253376
302657028441845696
3591665344712414208
5734827797801993216
12224130557336520704
1901968853260141824
17330008194361311232
8604029421853519872
11301866635728093184
17703531868914857984
16801120380427925504
8374765066416098304
11334519657132023808
1439681975937627392
1988099372889549568
15412359726438330368
6130151623601733632
13049701586846201856
1393855594285297920
5580790470256735232
13976879987429494784
9267028662907000832
17029881407403071488
11550887466498031616
5069071758065735680
991499251219824512
10985988715033356288
6242262084216886272
8410034246333853696
15771150751055466496
1661515581131505920
12470581088851150848
15990207918411890688
14358069699273289728
14538521243400257536
13322128207714152448
9596889226719225856
7841192312821502976
17448856967911532544
9176305277446103040
9123993174733863936
15359335143849498624
11351140942111713280
6885285180313852928
14847833603273003008
11402421090697725952
9209537548565072896
2933175971808263168
16454848954210617344
9304916321787602944
14387035901065189376
1636755451380771072
381275018554878080
18370213888259639296
15998276616777136128
15837701741967357952
7051402114061899776
3316678752911758336
3358809976140886528
2603832322133429248
12862160929658642432
1432313186928864768
4480530188098480640
7284725487766521856
2734871422076987904
1834160393996366592
13421725878191706112
15523492855889981440
7107510752353363968
1825672519402065664
8063496224970047488
8889994896741608448
9229880691176235008
5666440393742108672
17000913003305607168
7481269634872738816
9614917895859232768
232882644836144928
325705134860725056
12527747556473221120
7877927774572502016
5368449406036265984
2010288679630244864
3793868586983648256
909383541035335936
7134618311370265600
17624048724015839232
9384596022970888192
13556062570306807808
4485715650214759936
12235752655933937664
1142045441159033344
14805309217094158336
6524456262378903552
8976859646002147328
14061961908052819968
2701853915439561216
8766558259844075520
6736507177443109888
8303826495837617152
12051684241838944256
5996613293502882816
8732644422957347840
18007233338464692224
11363806871801698304
13995742001464506368
16992694941022746624
4408620909235216384
219221059322149248
9094127150157873152
1170180302913207808
5207245228299889664
3903916108914951680
11660357044031776768
3569888460219696128
212479426277739776
4212282005643280384
13376957140750784512
13442411664804493312
12021299167051802624
3968400730573134848
3261203293701675520
15627760795781244928
8935141770160665600
12857704390402338816
3586550774806709248
4584681025936683008
16215436166075858944
17266882158880643072
997079707372171008
14382503237396414464
9136674599686251520
13590906957227122688
9168777884412542976
8986459863267697664
5760713364483750912
18132967200591771648
13551929079374127104
15530730810906234880
10246522455196319744
3134329053974784000
1803620875642666240
6444237777374222336
7383703382789918720
2506447696008648704
16165474707579494400
4820691028308947968
10843200545848006656
17998649831994034176
13110197772925036544
6347802498606123008
7415405754940310528
14101278097882890240
15517339856705579008
17010037823409465344
13014473403793311744
16635712226913243136
8214323914493007872
17509101725441128448
13936170512814063616
6605300923407262720
6544475638719314944
6784348473182204928
18117935253710452736
419112669934187136
171656314684822944
17533635774438844416
6161451982741188608
2021000210458567168
5477494887408903168
16600701644258420736
15806651804164638720
3655943168632849920
10884216168933046272
16152589947165503488
6144125367208541184
17069660921331347456
8920385468682920960
17224489683001032704
16991606824418869248
16429495378577139712
10589524305114521600
9482102393894506496
8289501482150816768
11784579334452463616
13413098932013002752
8491147823472984064
5959810389777401856
16952370103469246464
11246530994531391488
