17890926300994621440
3591241884290703872
15299513120659687424
2236289299390543872
2898642106741544448
14075286747343814656
8965689019186967552
13454164227296821248
17891124228919531520
4521594392563697664
17310987513131606016
5788475517975797760
2436319303465629696
12203251485108908032
9943979283937390592
12673728204604151808
10985043431711838208
9035615881521573888
17726482303028613120
7288050353092984832
17829325149801852928
10869828862130003968
11798478615418519552
1993152842343524352
8123574968666812416
13710127343392702464
15514934158650605568
1983342144879948288
6569996697519242240
17983147529316349952
10310919008145127424
1996397347035755520
5621345208844634112
6047843746415023104
14143961514573795328
3625738242018818560
8671339539143275520
13751201487136589824
15422431612936722432
4467510713218642944
12440366289087365120
8329080023198870528
7705230745993088000
9511574871392659456
6524559222848335872
12736447901732943872
17864826323329775616
11288762905032980480
2106192884258117120
16518985466397362176
4568248652014183424
10895382715402862592
12634624283064209408
14712918496287842304
10623862132134135808
14288860988115908608
16663936514378936320
6885259069102370816
5378045738146863104
16861666179987890176
15837949945465174016
11034120075571451904
13927999598923433984
6575424366403888128
6947856313497023488
5976799562836727808
8473257432809396224
3227884533484328960
11693030845026121728
7706583730556093440
9206235325184280576
5941264869019567104
4255584930540433920
11821718023048579072
6694903741613519872
10973290986210891776
17688053950468265984
10422752902066597888
14599709244630210560
10184707433413439488
9121813082260598784
12655385795849492480
830406430388994048
12085829169800941568
11845788003822088192
530215021897017536
9140231840653871104
784294738819572864
9107869410679742464
3036550217268946432
15286912484298655744
11836054057838635008
17908403005232713728
8964133941732832256
7552161695949353984
6022731621528622080
2222703044072321792
5224366890886724608
13683842652655618048
1758069024706691328
18122004065519618048
5175842814281739264
1613180324090205696
14556059510582974464
17892801268115752960
6324393571403785216
14985967845826635776
1472501105548765952
18001711773127421952
11851071772873848832
16211920198665879552
6872099210277537792
12534725031614017536
10152283622725668864
6627196406348335104
3134346734543625216
13379047672938860544
16818236797216784384
3517051672249053184
16683748784836876288
17989259595186137088
2583509925279759872
11444602207149099008
1574068014938555648
11404779055130171392
12768150504747212800
15585532015373357056
16527198753828884480
10065923093078009856
449760298566247360
154241469056499104
4238876734549059072
6966773760181028864
4887128395342758912
8312112503753745408
12625943064279267328
16689791235063830528
16784495933621676032
13801891835910885376
17380573253707935744
12246622784143513600
6766413791308204032
4293613702924699648
8890617557316100096
12954656673840547840
13785616976460988416
10787756997078196224
13580043642058633216
2715070156903283712
17302735389756467200
12331022832175556608
14784165608742795264
10084826708044062720
13363827137650640896
4569190155019982848
17968827417549858816
7440655693696712704
3668800898081868800
9290943274684121088
8670825444744137728
17139014924150267904
1057090157037075968
8546440938959549440
502029895239932800
3494479280527817728
14501731212945100800
9655075376525953024
8456492676939911168
17651369186859749376
5098242643878257664
6622052523582524416
12947313832438204416
4434581746398955520
699684470722096128
5843149290565531648
8764964828093527040
10125106026236196864
8292643677695965184
3067427135641722368
12701259517950058496
16827948071255203840
6243373209148739584
1685706874266800640
15603324051407882240
662180110947628416
3438057912612295680
8973798135276935168
4087511014982498816
4892159365672132608
15779452380895602688
8483270212176398336
4112030702618035712
18393493497743437824
15565772237683439616
6390930575584496640
8171160610033471488
16528211918662473728
4910950434396401664
4639779560348967936
3459318777795708928
14748000897396375552
11040592909676910592
12637039334804295680
333887926338839872
5224560832314814464
3219724656999764480
4307277282096743424
1362260945885662464
17519703739262728192
7969136390050951168
5115060739219415040
8532846238338370560
12288340868080363520
16915960982031919104
3434960040243760128
6132044870419851264
8053671936169766912
16704811140068519936
8914415623809890304
13397776464110888960
3105553366459598336
1498674055407798528
18277090125877444608
5259475827809947648
4168174012512044032
7639607671574326272
14676027588242524160
3694208201793825792
8348044759248191488
2154296498668343552
17503004745372518400
15873331885638889472
12600948984788301824
5205821849684760576
12935418977970216960
2392649377195954688
16466055177112293376
15185345513964005376
16219561951412295680
13633143685011369984
8790413935632283648
7739025376371679232
11305367451536037888
8885501547605804032
9614333707339143168
18212550166064279552
13842421632367185920
14136488437159505920
10175886641495179264
14247673459365257216
17006908103633285120
14603363307293396992
7081046574601950208
9778630589343416320
1779315102722513920
4016657155118734848
459344525735540672
3303298858361215488
13856931196291522560
4399645321428873728
16576003174678702080
9720480608247875584
10709882256712071168
16846682516862515200
15581907925530341376
17960941060207728640
8592684092113887232
8576760040034152448
11612691422901731328
14633586914603751424
1980977740476224768
11731466351763677184
6635678228198340608
17887591625901570048
16364563041551118336
16128513637924001792
16158104647386701824
8829497477669642240
14161799467794882560
1376058597467633152
4341596716980399104
7976814495905558528
5875939103726182400
11824494329690531840
12815181340840091648
12963198912582578176
1346096516617127680
11719053269748289536
8231123150634241024
7845519310556585984
13578523496916170752
17409770352549322752
12408322544291899392
12730017216226064384
16429447371248586752
17364725116108632064
752630974616890368
9922795781721055232
3556076134581282304
5189441862511655936
7136300717401644032
13687836599668631552
7995600061551553536
15840377670895218688
517647665610106880
9400992868989954048
10649515300059265024
11622245098994032640
7923381203464564736
688519710637164160
14284484467493208064
6995677555224256512
18409293654987497472
2864524458866644992
825082751597482240
10095031529144242176
221095818068439296
6636517438580822016
18353695980450689024
1829965204178110208
425454509335021504
9144972916927828992
4570985673388169216
17878790677730365440
15908713639627173888
1178080770491471360
1463189801138059264
9006001752667348992
14791071410582980608
17360374441783994368
3906890249147940352
9033708458458449920
3595379684058039296
3392992195611526656
2298832970161321472
1336253829992640000
5166244633611961344
13484635129444407296
11376171168198117376
15057762742195126272
9875830216425887744
7659297524999330816
6786824191213171712
9915434532443652096
1029770588159866624
9802993944472334336
6032640588143354880
4788576764965860352
6070812783955772416
2336373884926429184
8884271582463191040
3759991197491170304
7727887146365454336
10286227143916267520
16642330655254908928
10460207350367350784
16819485629226153984
1672793632417283328
13574499941027164160
12718708701208756224
12452144134366101504
15771434675222149120
959894022370558336
11522158439565578240
2071302821889684480
16095980479182428160
14906699284786401280
7149681233503117312
7831407517861477376
15797240427722047488
7003204270221747200
11589367674899212288
5900537198153596928
11864227689726791680
17484948686080782336
16525265675786913792
12578055285494833152
5614506155415486464
3330961677431158784
13631614042585493504
1764999458768587008
10669140247278753792
8190954949011559424
13073332297086418944
13186216683523940352
11605130449912985600
4952215386981935104
16481186352299993088
18046544941625985024
12301293628417660928
15574931582862387200
15216489926187933696
6652367138678296576
2973522209360430080
3708324994499445248
17760435928093929472
8740159886992612352
1547394967810544640
13915845114369214464
7990531945004953600
12685089045300834304
177063982085246368
7630979352774458368
5644423116105809920
15829946687773724672
16459726166568517632
12544849203817789440
17686145048114577408
15942081932872400896
16296756802164244480
2808313754952378880
8982444375774771200
6401491445711192064
13895027166102142976
14329789367129903104
15044822614719299584
288252639852709184
10272398111876313088
8190786282682217472
10142950975931809792
13529282709384820736
9314043962696411136
5776764479053754368
10937412589640411136
13035611826742697984
16517080274558099456
10359120160859181056
1219995419569266944
9346294803918696448
8062239505616300032
16859851788839739392
5817166290184015872
15529167231271731200
7220237110779383808
12146509243194531840
18241325628569591808
10359239379384080384
7928953950430886912
13828914984674215936
9983367192335450112
9408179244365438976
15334892259253075968
8657844862074589184
13069282351318435840
10830460345968185344
1472405921177192704
11339701127653492736
7655909024888336384
10877064415856154624
14480185056453187584
1166803098090125824
16266958554447618048
13993433915925581824
17907447132379168768
17301385753585872896
4915808069340195840
12227957573795149824
4515467385591260160
15999466390144684032
42559615001293584
7387289974299367424
7310492405985001472
6362505758250143744
9024938504628075520
3999784513094840320
2024542708258545664
15500531620159289344
13404466526618341376
10589301692930086912
10831378540972677120
14648441146397605888
1744670547460870912
7061407051476498432
12477591231326128128
15175493787577100288
13404502727989114880
11777898913822310400
3593836477489924096
15446953974322348032
9738175295526107136
1089554894623154816
11226952708353255424
2565077134531361280
4849385171344180224
7785079469037424640
1256984527660657664
11041210516695914496
17127428212929572864
17056183712869066752
4767511793983028224
4336802121804864512
15777938424996022272
15208618728236193792
13759526180056807424
14345361289877909504
16179579759895406592
10836415472361015296
15984449239682363392
17219627264521703424
7980556112593684480
11690851602486818816
3002193042453797376
15709957991969062912
7629593146440757248
7539962473673822208
11510501908246149120
17640082604603367424
8476531149668844544
15755294907157176320
8326563647915205632
14961724585935325184
3463808883792314368
17434673221829376000
16325753488565035008
13407565266357530624
10897572905483659264
2096415340230771200
7833430952838189056
15093120455784747008
300936911900124928
3266948019218585088
13249570365261238272
14838786150017607680
16999931652576880640
7574788051188379648
7902776738864506880
11733482273223966720
3424487533236238336
15063290316826253312
13610253261671325696
4919283098402345984
7709171021328026624
2366240876757301248
17561736712534136832
14008558355054616576
3974390977128894976
3805495930602500608
9477513041542295552
4981729306224297984
6971364877355739136
4769726123291448320
8779690770713686016
17499152827690086400
9236273624184141824
4217447025518471680
10930191321349392384
7598284911764424704
12203018044364130304
10202791846999554048
13916101387007643648
986451039190906240
18321792198330429440
3712531497016053760
10117302447889121280
13072448709902546944
5744599502566964224
10269864529372250112
2585913611543426048
10897171385206581248
9796292468839946240
2350332949998273536
5280132096231996416
3107086409468028416
11643762320861587456
10688862230455109632
10656133891152046080
308146560685392000
13668399356391366656
8222072415552822272
12350027266611326976
8823485537899153408
13222994425799489536
4364984703915312640
12249039738584737792
8390678692870161408
9621803081334814720
3562331977551097344
1862655250207205120
8662884883411486720
8254349175594614784
9990340682462658560
1713945301483252992
15298201277123399680
10755732376872087552
4954439214053801984
1182842935948961792
5942369835696041984
3639674584281967616
1257376569670124544
16484161738521636864
6499995499173779456
4540239055890557440
4588440930141463552
3103261362920156672
13121917562051297280
3534733210451120640
2697780733456811520
7294943419657571328
14397311787171012608
4152294098366698496
16320279814051254272
6722351123927063552
12324260623479060480
17496277490543261696
884068672511109376
4728302571919604736
14678877285062719488
7507361628031459328
18312382892030048256
7041788558847469568
11661550367635337216
342239171621366400
18191421916218120192
11993994544728655872
11183307669152071680
14954933898731915264
6963522594929391616
7506625092685243392
6053656145476476928
15824483147196925952
15354639952752406528
752308783360053888
13544313801754413056
4130125873661672448
16655315859751274496
3222789502379694080
1609664804683542272
5917157512557800448
2016385306889285376
15064334090217132032
7421044593284066304
8783048249505581056
9808071488904527872
12580298453154103296
10475154979546359808
14879590551642114048
18067953232492283904
9711372855834179584
5288730379729906688
18187679849699014656
10479531861264623616
8570842779548212224
15076490024629743616
15763989651006828544
10883096159837712384
14282970487289489408
7309463889209568256
6237183151843406848
17435958541925167104
3158297207572882432
6475326930940073984
11679826356948563968
14501508878624720896
4589531572047227904
4189209578842918912
3292558074802691072
1877898791360805376
15448746501414551552
10441169288440389632
12182187965058232320
2311178329102400512
17046684760382402560
2504419767734706688
7116970582993826816
16579593236393316352
2415462524252841984
7877280665712694272
18355962555330357248
7285850246556489728
17321748993391003648
1626847209457507328
15847598969640865792
11879769099277916160
7149420927757518848
9755376674859354112
7217433245905784832
16609542257634328576
7305485672450582528
17563663139216902144
15999072683294640128
4864323433032361984
10417354830205927424
16078352441300776960
11287438011207041024
14437218155195435008
12475467994415415296
7306247385184909312
2596835445589862912
11523535789719191552
13265793192114096128
9310854699058182144
8969117976962688000
15030296141649772544
11571489270939813888
463345921063783680
15031042761085904896
4379246797666641920
7869014297852110848
9714220218282037248
9690268712413431808
7171429094637657088
7675722100976008192
14575887497580300288
12237207852560179200
10545844354427705344
4610502311643443712
7473267548908880896
402840525358903680
10506928494002970624
9008934851033695232
17195532861659256832
9805299801514930176
16250750642998331392
16457727420032628736
7012341732848961536
18230236624121481216
1273527484707163904
3680087517408655360
12186486381577566208
17718122625653309440
3447161072143704064
5461830516018970624
5693504951254713344
12529170131321090048
12580450093963952128
15943671321167093760
10702529625932161024
4832596360915367936
2579517501062054400
17098968831483017216
2394223977334678016
724932044871435520
14839374470833586176
3839739355366875136
4199066971320590336
7394180585642554368
12449219409823135744
9845379151776849920
9028680380461798400
4952514509694626816
12478739321292177408
397999534161505920
9417297136543197184
11171757188966713344
1143398469244092928
15911794319652937728
12706278969351114752
17922500044668815360
17369159200109119488
14403071789854545920
13675978150738477056
13254903861847216128
17268001943167475712
490779205860304832
16113587619795142656
17790281427498188800
7396515170769544192
17724229687336880128
7991859847547107328
5106150810352832512
15831845992683335680
14602738176071800832
791254313412148096
18356902297684107264
2495557301901623808
7324932330863285248
10240383070229886976
2817182832208728064
4035460843229906432
3078428746563774464
1964222399956173824
11197320177172715520
8679271482003461120
15335083294020302848
12969580006305976320
13041565095169617920
12484224854058967040
17251650543073746944
10471646931636989952
6776774026270599168
8050921966154533888
7042443812555684864
18153465652688191488
10714288671528974336
10497590227359545344
3538698991160950784
2689978576197668352
13885290526709266432
15774550157936429056
7053144607267870720
8610786528003298304
11266860689411446784
3583334897868470272
12954985213822146560
15143842718786922496
7859272948640415744
3926029035559607808
17861821130623377408
13060613268486158336
14272866298967255040
7795596024569977856
434466715305506496
4726919327654362112
16454535171212394496
1554161160690406400
2995103045944128000
4748221867181018112
16451507502123407360
10996921060979664896
16420988882476785664
16199417034334539776
9984932174609098752
10993109777034526720
10226472247091470336
17083253090672680960
16366442413467981824
5619745354007459840
2512970722409933824
9431962021975916544
3661708922718025728
2186261105637753344
9737626332206512128
17253426879173957632
11908217382340868096
641826274064815488
11372024832311961600
14501508569464309760
14654027452947779584
18265055142044549120
3526584412903450112
63419725869960256
1652406716714372864
11004949476348545024
6368760156658820096
2627076510618606080
10764292088653576192
8303140505191760896
9200197469792180224
2514031722579488256
2703650257236959232
2469707576986607616
12571617492991875072
13581246923811792896
14431100383811622912
17145160117692860416
1550595134191828736
10631473172136880128
7591337302253820928
6491631565499542528
5698796241055703040
4452260291262539776
8002655899261145088
2835173826409186304
5916927595514469376
1767931075019460608
16811072249926807552
10145889372653297664
9137498660331569152
17384955002012545024
5032638770205028352
5263777343462895616
776761510013399936
6280965754879998976
18204278608171069440
1984171764892377088
334634234106627008
12481942054325309440
1385162564577908224
10199837067655622656
15593931810055239680
415035790373323456
15489100772115922944
14686009180350765056
17111071091620999168
14351097912429748224
2389776024550372352
16380306381340235776
4977095307664558080
10150349407666350080
18229135280775151616
17135104295570307072
4360819849908693504
12073776298468663296
12346748462757912576
11342383211474718720
16726477682136559616
9898091211289757696
14333856279359594496
4996612782854950912
8181556964066006016
12721950407977449472
17636666002550081536
3066257194984590336
1859814184526315008
9736109535760926720
2241122701084321280
6157720503845522432
17208221064783529984
17516357074423707648
13472421332500725760
13714621354857629696
16443688027189016576
4146685490871610368
10018746949188128768
16353385894228758528
8910295795958279168
11708556086743967744
2920164612387572224
14647976478505156
2720775490997998080
13164626306949152768
16099986667673294848
13629633224131295232
2929873343778387968
1223695180097181440
16767945448239384576
278093678786059712
6363189879179703296
1948727109762427136
10031357697327224832
6212439894918037504
10246031981333784576
3385149182404527104
17100984827859482624
17291520960184729600
12595489559547883520
6231266455319928832
73750659282642160
5400552861181083648
1119879330383327360
9696048217768960000
1369906450649363200
12128971050544576512
3870035152448357376
951146254699195520
5060447258358183936
14199420283584335872
5355090159497930752
8670148411903325184
10382632372836995072
16695885741924337664
821527643813140992
12706870609996670976
7117278117774809088
2585347483561207808
16854818082202097664
2338879297896686080
17672740367681030144
13930307985376047104
15027099600242530304
14102638664748359680
6963777357566496768
16158609136904876032
10203444582787229696
14956393042513852416
3508201196674045440
18080588992581599232
4318189935737612800
2289222045433703680
4946345494741664768
11453514882442895360
16304965145961203712
10016049247691220992
11303127361396439040
4578103082022990848
14926763472315844608
5910061594902726656
13916213429508245504
4317543822394408448
4434922881428039680
2868110034154677248
7889969618394292224
1631062418926855680
13400284257961340928
15367062686518499328
7599034810202246144
15423713663171889152
5595737169622345728
9664583705357350912
1916515209216450816
17112746529216737280
9184013945909013504
949381980493433088
16573932150358501376
10167897981574244352
8960695671461145600
17750123153571827712
12117338561209157632
9737224726533195776
699722551644362496
9822015891002253312
11097324792370548736
546782226854389504
6343696815322114048
3048913767238859776
12071346000856643584
17903315276266393600
4301637773802862080
7977530241334646784
6691819554317919232
