10320536830778343424
4412799743279150080
15845112235146362880
14554119161323474944
9987222307096526848
2918295124158297600
17104636974597339136
8448123968626473984
5927399698100741120
6203399299707847680
2742952951660934144
9034979184416068608
184054012516361184
2593064296838094848
10136025769982861312
18435041314793734144
8235439125209109504
5778766405285388288
14671348022398373888
2560448542958052352
14967532965545768960
4836989387807264768
11152942238896807936
9024473517698499584
13080234201159069696
17298929080250451968
9013885603238819840
10088418498963134464
12371988169881151488
10738819825264599040
6409180436177802240
8208740636878954496
8174461480013648896
12225272855557658624
2856063617908934144
9781872489961736192
6241329798853727232
13527801258737747968
14730962923940214784
8564520859645998080
6573281241805148160
13316940318595557376
16722299078428350464
14243513550566537216
5271276875730793472
908909628223635456
8475595679717090304
16887978136643633152
7650415960626159616
1672033721660162048
7329233338880574464
10670550783188750336
12854065216762372096
10496167678402992128
419922719792755584
3872980471035902464
2748990534193243648
15787578323823149056
9472435014983981056
832719537242439680
16809740713595574272
18121019245498079232
13014563739266471936
9549478921454393344
15785597998178318336
4638612042561704960
17990931463410937856
16934189222820921344
2134971871712240128
2527610564571998208
13590002713039183872
9020173347865418752
15381140133938694144
9498741325261721600
3584291784078940160
3686679165016661504
12136489353212592128
9949734021196036096
2424298613066044416
7535633410597093376
15977656328234885120
981973389980967680
3038919617767586816
10925186758154842112
10104253428295206912
1669573759079595264
18043294955091943424
14274608845926246400
14329624543454042112
6559126907365975040
2034633677620822272
2189726212245871616
7966621917788771328
15105969356573222912
10603034552496277504
16788674970776887296
773990830413116544
16820647643064926208
13296840706033725440
3320771406604822528
9517780624631975936
17150657661498200064
13843221522910947328
10478374704931790848
9321284266763982848
7991605904085015552
16105713634280321024
16905251497043398656
10357455387189708800
4121323053214299136
11289514590402131968
15929185454981744640
13051990637718929408
13852427121216837632
12433770787777482752
13136111187084736512
1639895168812836096
15302800472065163264
7901819563853623296
11377866785582434304
7425273001961167872
1817375559416712960
13429341258848788480
867747970785019136
2505986456744219136
2498322223533016576
2928400855000880128
8229205026445292544
11537832446289209344
14140170260742563840
9938357394785245184
13616288716643489792
17428483932092708864
13881520981625407488
3477077216197834240
12635204850123825152
8544021088856022016
4806819077913594880
3435665047165622272
12049100142078904320
560526619887197376
11716509353787404288
6817967802170825728
18171023119859294208
4727350659331091456
4331386365769116160
14244082693031710720
5545515071896078336
16213741921143607296
17079874887209220096
10171393133857574912
14219504531031242752
9732428966561339392
9732354688391802880
3149708704126411264
14043451148646926336
16184933245063954432
8865917365766958080
16992209581612611584
2910088823315184640
17802841025924945920
16329858540156782592
2100217315154401536
13560081875003654144
5235225948561088512
10622678499754921984
7270070294099459072
9843218652418211840
14692245467968956416
2969275336553238528
14501193875216150528
6916185296009924608
8087777752446143488
7965495145990592512
9165845568580960256
10386190282093019136
7582992848054603776
4416859935759853568
13578218856734763008
12343389134237771776
6648078720381820928
10467125759508762624
4950103164661043200
6879996905106972672
8432757317170781184
7293489470719793152
14045133450259165184
11426151194986373120
14676279507683321856
17893228276705636352
1170783416655303168
3640641784932020736
12373082293604366336
6048197745100042240
2625205156224324608
16763635131670202368
8663352427508938752
14043918642113923072
15884679359288633344
1463570045760176384
10416990216973209600
15715782286541424640
8279587787071844352
2821203042848931328
12958296195167709184
1125983747249866624
1130579356889582592
14824058964545499136
7795544096971704320
15522963600809441280
18379924051549962240
18008470628310589440
14285006017326379008
8388874451444329472
17910781783896352768
589660658810506112
6039598234718055424
999998037177260032
12198562327186509824
1939178820084741888
17084077858865614848
15315520906248335360
17870821708865069056
11105227747691948032
1730055143703195904
969170953438230656
5280253357319351296
17190335229764050944
13250226163397629952
15596207596487368704
1318203958378274560
9993114914495700992
15417766414829312000
10512321645976467456
13122872127135641600
563916541010752960
13377302819175503872
18120542182127538176
10933256391574599680
14216158205417105408
16010227654163974144
2504839129427573760
6889310220155107328
3980065937839849472
3046445999421419008
16229729386945660928
16320622537960288256
851773115661625088
9033209527168043008
7036058752619460608
5486230628598315008
241943994955723616
14805554142606374912
12751500349436495872
11141123500237572096
1216180094926878464
7459750013327435776
4992266038985443328
17332722687665799168
4088748380916103680
7921858869035859968
9952718845237803008
17740633202775349248
17453272392850475008
3034446531053566464
14262455821829101568
1822504507105487104
15202896179575865344
147948727744834240
894188268128116608
15308616136570527744
10941747518314821632
15468192632998277120
16023568185009815552
10771606058905829376
10288153710777251840
14887267732752640000
1924246959184026624
14612462638748385280
3493092291295657472
14665186536800520192
2639001218868179456
14135907687410565120
7320324863668178944
5830404033646967808
2341834177632145920
9260594713178972160
8398922712640377856
1653717661048122624
15758503598141452288
17798006916993210368
10082462048519329792
18123108398463111168
14685659597546043392
2962524693598309376
2349998019882920960
17341424095972634624
15646850932630626304
4108951826056532992
13733276879824900096
2121828578080551680
12952439557992118272
3802855921283089408
11291348260720553984
13069785405266997248
12605108455701925888
17022813337425420288
5100444120537939968
10082972719985805312
2377894627901150208
10757027484286836736
2082713108858750208
15251354119830685696
2655247445835341312
10079100158248677376
9891079295038490624
7612112524264124416
11839042502378680320
15594745098144792576
2225678963557868800
18018657818094301184
2768446246707316224
8530976527812102144
3592625167543111168
3647030905586444800
10407058303269621760
4386636289695664640
553181535945011008
2913283662398491136
9922780592131573760
7292928741872207872
7272175725216325632
9874106929951588352
13673584199951775744
10125383649863919616
14070147733362407424
13919703368269924352
14645333379852449792
7765649091789485056
17355158218323974144
3464055281040412160
2623934359890127360
2629887019758183424
13986362023890618368
1574434119688167168
8352083513194471424
4603867068325649408
8055398604088291328
8612318938587387904
11592502234853945344
10021915773535533056
11523312509689513984
13287950967694082048
11776796253307674624
13159562595418290176
3371291703685743616
8037290685222498304
12417885780297213952
7870278773770049536
15068734091492136960
10707260812206499840
5808477616903669760
7907982439295763456
7333687284641174528
6144592208351716352
1652178732051817216
2912897313947182592
6033066608952249344
14119624353207056384
17548558322663170048
13231395479850057728
15483729204675946496
990544462188498304
17611674911482163200
413342781099453120
548541797258301184
6349714569439068160
16744676895909146624
4370590746695377920
126022817617582736
10115990993335656448
14878934886427623424
1386895220101002496
15691041516759195648
8120424061813191680
13478479357153888256
18223628771721773056
2953553713578444800
5396776358246201344
9839811441150365696
10525862318967951360
14112515659262765056
14222478339898230784
9120188615445625856
2779586151770860032
6745299723432725504
13762784581034270720
12867530957339897856
18163893103566450688
5501413863689125888
10941943626332889088
14995277639404249088
13203831036647108608
6857774198163361792
13738303885335552000
12105093541560834048
14736888377612587008
17310226863045197824
17253487785670223872
7989289058614123520
7297838646925918208
5731119117400767488
5553005977790514176
13852788786132547584
5219529864989727744
5382725665664515072
10531219014930290688
9162321569738397696
699408656908551296
13612376986046906368
17636512586515412992
16512489364089505792
11678962924903440384
13027678388877436928
3182093857398465536
10747900415802281984
7226596897340765184
3431964745719968256
12268334267461847040
1454805317095202304
4684783306881028096
18339685514450403328
15514517847322169344
17411997526153437184
17968568763204384768
4572343882519845376
8298149783503458304
8799115968204384256
14936970894893230080
5888205784397175808
15179582195375378432
15441912871425722368
5631695998169591808
6345241644887721984
16381017079762120704
18131191817758095360
411633385114762688
7775334240167136256
9789199180176545792
17990237726580703232
12887530759752660992
16124196232975282176
9304713689902520320
10318917446904733696
2932853398690348032
2324257841518964224
1587085419951087616
1284679080670707712
4397198227644273664
4962345746046857216
4076151834953053184
4947676763837851648
6382787366172523520
7181339187891469312
4702022097530418176
10425194023206371328
3276887115306464256
10295043971842633728
6684237511670992896
13731600868062834688
15546283065393115136
530110049038618176
17489558524864833536
2383706247618678784
12302159626179270656
10110831095181293568
1861825612374434560
3842143733821539840
8462279025200956416
78984101460514960
7167187940049889280
13135940667281817600
1600827748165273344
17260459130341578752
13824812350169102336
3523622148142451200
13129124773077248000
11724552733941110784
18304802609357903872
4997840805279173632
17156457087117602816
18045550130460577792
16922956975469432832
8553725442414310400
8420352947723901952
10504448605159700480
4902137068551418880
4602250609970472448
6574862128047756288
15540291468958050304
17646811755755786240
3889969462630582784
1935204147386623488
13108358254422398976
9881624369889624064
14265658340564334592
17187294840744095744
10811590453852235776
12462655127577501696
11195415715275331584
18124036374489470976
8020744793852675072
6804530332440314880
13129185330499672064
8486127454394050560
6888545395560623104
3219270730183214080
5420601154347865088
9054431588342246400
16586730603288307712
850069609737806208
4173323585714751488
9187144825294962688
17981616717124816896
12972028916682219520
17746469362515398656
8444989915864524800
16486535573012228096
1248951310265661440
7318828488731277312
11872649459981303808
14300826903163578368
15862372560351141888
14609218732673058816
4413408119464418816
6138517909352328192
13862526106523342848
17564514793878087680
16493657111711805440
6469635459913501696
6266481817197632512
527814045821666624
241470990109258048
7025837009952136192
6543142731360941056
7072698888281015296
4398909372111930368
2769240326610164224
13851424491516639232
14663954663141939200
16306020807191517184
8475641772470677504
7423778713079443456
8361129070181738496
3659416298930584576
6314360533110404096
15062439061929574400
11978852382700077056
1696510200044980992
17485702587139256320
4668117670728518656
1205433601137584384
15337237914413262848
782153699479553792
17231835500324532224
6141587521624748032
10550058064358060032
5574201839131881472
2002154561426962432
95615350580402256
963437951484711808
570331026849492416
6543562619460324352
5610504774138903552
12983816980597381120
8689712314047788032
12664766131543603200
17845929790124500992
535033266033453952
3456967729152525824
5887903009466730496
8282018447688946688
14676544098040870912
6759994759035929600
13697084244093358080
10928244640501452800
6213165722368480256
13951555955809697792
8182567825322651648
7988518838730742784
8241701649341593600
17638915134820001792
4965821785349264384
9644466502715920384
4936546869733432320
14218734476869709824
407140793273410240
1837339451495119616
7277029443681171456
9312223608236902400
13215046782436810752
323101718131377408
4607306541081619968
13760043326103363584
12548450855239913472
12970043329415835648
4115386602205514240
7189192722955555840
9959184724620027904
14140934370175629312
17460795403241807872
131615815058200736
1014304714189057152
308695623653776576
12951419733450952704
17176984378134947840
7223686108629241856
6657593416570345472
12502596812429924352
7099956559305355264
5829110319461172224
1554708270190906112
6279788865577375744
12536685874005266432
11728681675855970304
5413358983910226944
4801699499919259648
5446972294799598592
12404581312270624768
15791040562959220736
17241432784302856192
198848425177728544
17964591257254770688
18118436792058953728
16346905231495862272
3412198786257907200
15728762834969753600
9317646584677777408
11460759716073766912
9241392170714828800
3568348714718122496
223760262934276992
8275993482987464704
12863275675152504832
2747249953156327424
6479511269649844224
3480814955192463360
460027633774719296
8088783390658934784
2440070782530045440
13290563075659591680
12762463654265921536
2137001434523968512
11271734615976572928
11699353646282577920
8112055587304350720
6145420950802580480
10616140815360274432
11508515961124499456
3747158317086968832
16854168969447022592
15460929017393041408
16175315895074308096
1423633625378128384
13936589027781412864
4910919533760055296
1136947847533970944
14136657826143713280
17317384604192411648
9664171365051179008
1366310212530817792
16288484084170008576
10013344753006680064
12320821290883528704
403707936066198400
408250312902103552
2357116341274970624
9731095269207226368
1979149884859281408
14847835641898076160
5095153894849084416
18016931946425188352
11213906690782767104
7157668521170392064
12668867971864127488
11736778553092139008
5430985260628239360
16706740004197353472
5548732329666491392
5805090753046636544
6453869323874292736
2992834219335495680
2819166162436747264
8823276673136583680
5652991440125392896
1798312110413218560
6130967416346812416
8695893651828375552
1371454795565254656
16271103826751299584
14361875400376832000
2129558976337249280
6611995527582530560
12387927146138091520
8987844829132040192
12010365928711788544
16830313926798653440
6997117172807269376
10149182943366131712
4879453708143108096
12063918961760233472
10100910940091430912
1898749178067217152
7921295513811629056
14004548803724376064
15300869577252677632
13134284847749867520
4300463380719589376
14457588667086036992
1520880229176300800
9659631881923475456
5838988575689865216
13035989653673228288
3549644635678095360
14844037277708161024
5737309691592406016
4907796447505090560
17906115455229296640
5768819682939772928
5458797208466236416
4305314250724869632
1927184463289444864
13576638324378589184
2733138501570797056
1871101288258051840
5166969386888436736
15478474803873372160
4872665693608691712
5999830846769901568
11618644808618725376
3151776557050767872
4258786495187142144
18277685435024662528
15607462443576467456
5389090974548725760
18219716189800601600
2138121446927106816
13456374988561448960
8285491893028938752
11631319810397642752
16397892253020246016
3684969492223582208
789710013461707392
269301088538519840
17949765172737153024
18142571632417560576
1808649240294181632
8103285523339868160
17535350772064342016
10877418141211172864
13622614957519161344
14077893503507855360
1312796295382948864
8139093222238563328
2408851794657043456
3193182975331023360
13319580465410736128
5307347988157352960
1782611638770166016
4409235801044884480
8618501748054716416
3563291026743631872
3811413890186959360
16167012167497895936
9569057980684394496
9917543592530915328
15458079867768254464
773817415072233344
14992180146265960448
16798516797254395904
11146932173356552192
14279560135128295424
91531004702236864
3065333327329960448
9119232776176443392
1482069823963748608
4513850654963114496
15921868018291539968
18218461784952539136
1422564405096010240
2855770595626741248
5202985050917699584
1819487160100009984
16467225233087729664
6568685049310339072
16414773096542066688
13887088707213877248
14442140392421339136
11627540998549821440
6177739633957500928
18020544219088238592
12637331449897263104
6123154611895558144
8347253763270964224
9365978148011907072
10184757536200556544
8557632909144055808
4256702564230495232
3639380044346286080
6367189769503612928
79404865290314704
6240942097919312896
11374646851086884864
12990589566195908608
17439921083619276800
4482447945496351232
12667967110516736000
1353627585582553600
776632407022550272
9996366963376046080
17657874993959665664
4988683824268822528
17206322339502794752
16831679635280838656
15050815891538614272
1075045220449403904
187527694297168864
5175512488024503296
11449266550191675392
13463782950009145344
4011359349674491392
11321298952618530816
14358479307631007744
16080255584915286016
2428962988534150144
18177534571225346048
17494007773033877504
5702689539797211136
7071984318850339840
8015982692519097344
13711357602006046720
467472309610044800
17635824056517285888
18199854408083005440
9650648784129232896
3946196656118182400
14349879089717276672
14981353726497390592
4419155203077570560
1654418477203842560
1788781615124359168
6396549837454270464
11350353680340111360
11630344052880769024
162038685451944320
14487990754110828544
16197657355560087552
1728334661720510720
15675483634153801728
7539730145534790656
5661192277973935104
1657370629244444160
12686221761149462528
15700056934679246848
162903858487221568
5812252655064548352
17649882577597335552
17718447703377930240
15103386900986359808
17398708275924652032
4424163889804774912
6338876520273878016
3184499023160832512
16384074000977209344
4134456125268381696
11681870869035751424
5581814307600985088
8969705582569041920
6925109663147783168
587091471228158208
2968833152187580928
14319369705856110592
12263734902526875648
16832884173194164224
17033027078147375104
2469621798018119168
16176879135062300672
5858200280782302208
227885928713095584
8152224637400436736
878868328137180416
3913167561016737280
10774190456519194624
11871525643963568128
10069867580989480960
4125225728484506112
7151738658635118592
10734510601158244352
1406603814404866304
12162594393353238528
13305589211378429952
16165180816729585664
15706444152105082880
24794859421701016
9497785463372789760
6229787666574448640
7661871953773197312
15376845468463768
11303421248341006336
9805051346323742720
1666497571461114368
938871885300673536
13361969007476535296
14487845430760001536
15013176709431277568
10018939449118339072
12220818135205971968
8596799444699942912
15049995011815352320
12974627101682247680
8771324696159485952
4884875151116307456
3204799679456770560
7709393451751127040
2258685847308473344
12216743546703421440
6298284888048663552
2746428566368795136
744945284392357504
8630190881974996992
5802871130866754560
11660281774266773504
8491969140483381248
1486658098552653824
13047063742282635264
15720214822014431232
1245700584277131776
1810406511077838592
17198601303994597376
12479529878391322624
13770480541824364544
11357650801177178112
154867428337267136
6672580633995285504
9744155820944797696
16376386965590509568
14026395155483000832
6298641363707838464
10564536633326995456
17608978460058001408
17264937559498194944
10888588043461812224
14237433902883401728
12551756504024471552
3911062026322015232
17228383557122742272
4106141963556308480
3290250065739688960
11322436828499621888
1028322961648340736
7502459530581642240
3694291082599425536
5660366969539368960
18188912559919450112
10501551450624299008
5542510533425012736
14332541083644583936
368103305136465152
15223566656483690496
10769090190120779776
2613998131363038720
18177441136141846528
14213573223690561536
8535095690689775616
15992603940334288
5231013470939574272
17485442650986780672
14938548858361532416
7132782347820293120
10416122316503009280
6619730028205541376
11652666527512174592
18078999003972083712
4467486412905994752
11396366456169428992
18312354529442201600
1089805542525632896
1700152596476397312
3536739931398867456
7750615101876489216
12778420358974177280
6431396940027151360
12642193300979929088
18181982004053639168
18344624033846726656
7187077664854406144
15968789315107575808
8513977323139786752
10061957494029692928
2718639197523870208
