1467518472069748736
7330667193733672960
5277950778199203840
15647359213964544000
15502912349694590976
6024307775296399360
8449472056515922944
3282462755447894528
5656846815785470976
17770828432615000064
17661317001087023104
17309571746604834816
10635380408483012608
10484330685134129152
7380655950151999488
2385274094438610944
2051592848172535552
402192433664636480
10155229520231258112
6423580565260026880
4533018709842076672
3995213348829506048
1088061292621721856
6617140197345639424
11514421567708637184
17891552671473743872
6855333610164433920
2446206168588026368
1645439359640793600
15148604919625107456
454833287079556416
9553981018099214336
4147974555850698240
4536654821922128384
5172002812482475008
12494412164127870976
5301619331163714560
13760273526369753088
15876796389762252800
811321202477718400
6537935203921338368
1170333177318476288
4409469926018146816
15604239716279508992
11538902896116903936
3972359586188222976
11208523923057920000
11633330469627156480
988862762109698176
6893577341693300736
3007784203788577792
3333820397518901248
9963903108867803136
8145603926814898176
9287598135655446528
3897249898888462336
14966271044645558272
10269788354060054528
1796797884681896448
2379273957725847552
1427497187234671872
16639701417422766080
17486841045743124480
12604082172278775808
11936163962686685184
1030490502270476288
6279609430204759040
14416251498012866560
6460419117185693696
5259173116248901632
8274836563401921536
15885228552784115712
2292205008921777152
4807646746026051584
15194782546282717184
5973581988894190592
463526883052177216
15075168872950431744
852564146746546816
2046535939170003968
6260168527043224576
5670980284782121984
14436586212156807168
1416264266390068480
5212001892232625152
15601106572966643712
5643565732039996416
15674262105892515840
2804348626096794624
1387332780197724928
1546338823442548480
10039013530166093824
12883470839007481856
9786063066949345280
577922587545554816
9158322082716971008
3015246943647315968
15929686528399644672
14305079448371523584
2432388850194601984
14650306840612554752
5161676548322919424
5101127648048295936
15430903446613805056
342751266919482048
12835040271695208448
15040532290507503616
7238178963288491008
2574782295742345216
12898651915831758848
8180344742429273088
670237748389281920
3100378662443822592
1456777545436225792
741578506695870336
12589551097466656768
4889022854533545984
9187510847205720064
11718905121466365952
6500303755065979904
8449756154483154944
12497877337902565376
1856349155221461504
8462912738729461760
15117259738081695744
6953918046387516416
108526413044093360
9621553380985774080
3397732918832833536
11189311028937107456
12272926036769482752
11259747334952065024
5437830942465670
343595894586265472
13567787241935648768
12749994593129162752
11485390396065413120
6066937756853925888
5496329081400717312
10700722099835660288
6428282387061367808
12463249301299300352
9536921491913588736
12651332135585224704
187484091138345824
1532806004235248640
8202396698652668928
5656594339176316928
15048387582163234816
14010434065226395648
8608284529392182272
9356287230205534208
11782428710083891200
4822692720331280384
18091785851181613056
14032016039480043520
8664941301636835328
15234823920184750080
3604675518570481664
14235516841351602176
11450928484743088128
15352737184557985792
15524779218615134208
8710395059685873664
8401748769429584896
15849670767315384320
10513011547333402624
9372311559230871552
1177355934993343232
1141436001511008896
7156229033318885376
16838960752796721152
5764132799313072128
14015815795838863360
1179769893711704320
9711173823156174848
3779396472734693376
14951009164025370624
8373716155171733504
12005335795902531584
8556654356059672576
1270274937879019776
9576466191611217920
10414717600744212480
1427338286747648512
9312696727733858304
15729585469191929856
6344712760178769920
790889881810739456
3040228984434720768
2329158917675612160
7608834337914378240
1668338560025458176
11512498176093247488
16756452989926928384
2305184941565223424
7486055655528291328
2401605952341253120
10993946236045834240
15937454923896410112
7313902370939495424
16296518391475527680
561430241163958848
5063399627021232128
11562007652591360000
8032396983035497472
14323648107225460736
6673367269330504704
6985847595627410432
9868827714268788736
5079871883049430016
5405002342382107648
2072202767327442944
17597838316024223744
747593778895358848
11539227315421110272
11256207114284587008
3020924693853574144
10761190013681139712
5948053731029936128
8877206230055864320
5638148309083669504
7670191917197418496
15948502832412739584
7574968647792424960
9763100384831125504
7151579011008824320
8391485317348818944
13150950403704930304
718219267761636992
11493409470714683392
12805094958551181312
3410605974495299584
10538304819930550272
5412767015292762112
8010870637228229632
12220657514319081472
5100268741147040768
7704160776578224128
14359569508992667648
14280591419770781696
8389107336410266624
5424268580051489792
15919670647818911744
8469459451642292224
14391592235526938624
11628200846000386048
3147129026788162560
1181825940491064832
8439573782783834112
331215354454296512
3871568303375091200
12983955958313973760
3964798774688780288
14762355890323204096
17350693892384997376
5862260338755994624
4588327725301151744
14243292957023438848
14593541404649684992
10472038343903864832
198572420317650624
6856068805919404032
16704765301607124992
11682314649913276416
17336931249187252224
17751724877656856576
11450736525237573632
1591884146927151872
8599068513031934976
16919930799616186368
9514723396254283776
17119310742646257664
8799574040802980864
17327546168907778048
8290669377333671936
12895128885232947200
9894570310144538624
6181995085474961408
9987408047787081728
3581158379805605888
15788468946003580928
7745088948837427200
16667742373625907200
10205785546418671616
4745634359253481472
5819564766119521280
4061836863272635392
12220570946233200640
7415364466764962816
16859514074201710592
1392517169376002304
7711028527554974720
4783036396213955584
8559163385664003072
5788582904472240128
6727137322973042688
13546130436825905152
15022070214984513536
5528873237007830016
8093314772076634112
6943766186889174016
797506242469929600
16849158789042458624
13339039853066483712
13013696270034796544
1361980369315117568
10143182364292001792
17670123447972022272
15016271767286749184
8684818532935497728
8296375560146294784
16787187338228543488
18206293732254906368
6384703196968183808
8802296484961211392
5713442597763825664
2702102103809104384
14148396480685291520
4376312291330849280
15646185544797380608
18002234483157972992
1714186213803466496
16114294757970378752
1553956738729150464
14331213486817228800
1076850573936425728
582924489314298368
10366172873660555264
4508036969798147584
7929124133109985280
6383957005283064832
2038944075669514752
12356672393837299712
15238321245361016832
9162359361233027072
6480863779216898048
13975283750692652
6284486301864071168
10196941598903128064
12639439353723678720
12758511436240574464
14347574605785927680
556136550683912064
13132953507938613248
12109743403556417536
7410375931778535424
1395055533893243136
18150800876797517824
6852953244810503168
7551233685262344192
5010084125982104576
8470684214564755456
10101511595316393984
5176486544953399296
9147350621513400320
652919795938971136
4469877379012964352
6937872521972811776
9393496865373833216
8388890488915663872
14324758916714231808
16782742533487876096
10676953132388282368
14585266703132563456
2046545384245332736
16684163740219181056
5985021813344769024
8979665235478969344
3408702748263360000
6142086606880411648
8763132903460707328
8254530084251312128
6828277161548178432
3978469323637814784
14780831492571770880
18309836920528146432
15263651163271903232
526251726814309120
4522238300038422528
10321246763347830784
1858293918700397056
12864219431798968320
4940595181923095552
8320288710786675712
11088183455902576640
10170762743780581376
569092377791598528
6625940986429825024
9635334427192061952
14865131860922892288
16644924323179296768
4440584905622081024
12250988407102144512
1872791662988227328
3762179100691235328
9966224310471544832
10902818286435354624
10141195755904292864
13967692416004179968
6634205800823688192
3225755975610205184
2419613363000330240
10279986129799067648
4137829627006188544
2862863524611102720
13116016798388539392
16999433996768991232
3373142893933085696
15548122004513980416
13020233544710146048
3006032844847461376
9573490056212580352
6730288666628864000
3177943340605473792
353021541809642688
5964228322037675008
3847594852075451392
1622437937104726784
13153185853967015936
4307301888519994880
15964440287081162752
17429448820248858624
9736140435824123904
5248375893569113088
9176421785229868032
6017854395816844288
15648804133759950848
14217254775514613760
9005461690559207424
13886219727706699776
5067072510236317696
3704036962855066624
7543538994532512768
7111892197561798656
3437672008645328384
6271289542881444864
12749912746013233152
7621568549925964800
8508835622405240832
17594154475554752512
6436725727407576064
14347901063373479936
16507983273030182912
14057603799749298176
185069605490128512
10191687810170408960
14947533142018678784
1013040522674378240
17826717039544598528
4190121761306611200
14872101338136997888
1002260640727444224
2475518815335000576
5692814454744170496
5742126378833324032
5158619244397384704
8507269196084161536
2677621157659428352
93338057498651440
14200154004970727424
16016121722535766016
15022924620037120000
13125865721475262464
13248140868827691008
17425821236092157952
3581728695979141632
8421279216100892672
15116822763179804672
7519736978262531072
16772703062763063296
3955571157476682752
14805019056081596416
4013635889253475840
7227506532295310336
501749680725599424
15875799850155370496
17554273443651647488
10648696452025743360
9588123290042695680
8285607089056050176
4895513510709933056
8536046891128571904
2438803707998523392
13509631179599642624
14762781054551373824
5108994217345309696
8132462718508127232
3963710321141523456
10452068794293274624
5860381008568190976
3049023131840774144
10803194004005189632
11012091184387741696
6371767915940672512
8031789640373059584
13833774567324434432
7870141445235740672
1938674239103791616
16590811930347175936
4421358621994471936
8613837866119950336
3495419703945953792
18017039600104210432
10457833518914990080
13061331959849883648
3398280963471705088
3083110739049862656
17703203210306924544
15441349432862089216
15412906830787194880
17879147653172891648
5566257898827072512
7434658315672892416
18076626274066376704
3508722223024414208
10688286293576361984
14324006924283021312
2454303579066301440
6730581868872497152
14543027454809583616
10671518660554844160
13840441856672888832
15096144340808118272
6740997300941038592
2816662584128794624
12560175749814523904
7451280796286694400
8656615019559357440
8158543907164489728
3561539595496060928
8916784871631185920
7067022915397066752
9464347945386887168
10370245829242888192
1897845359331574272
12949747076601456640
15892615188518838272
18014428610640009216
367625875065621440
15696822409702733824
5843553822696348672
14035835071254206464
10837883174032433152
16246487722911406080
7443847431400269824
18054524643940411392
2594018266622171648
15034235685681967104
5533936716029443072
16944119340369874944
4717218430258339840
9906838736378359808
5768446893993022464
2283998237346942720
8872271433453437952
11893289300924168192
6686868231360884736
6680914240309451776
15769335148598652928
8637029005172508672
1848346846552765184
3895639027381495808
10343891552596584448
16953774822958501888
12365878925987516416
15957309612700135424
7168548566836165632
1737142758288505088
6256275228473722880
16264527984336809984
2111269734281961728
9287520844280223744
11590479959932399616
16242518957868201984
6889744182222567424
11291529660057436160
17566762088976384000
17793106526157787136
6926057042634267648
3750245821108529152
15813660659465611264
8686501800224002048
7255981498529908736
13906871027134584832
3034277849328756224
17942433987887249408
3570328512731797504
11377962221244514304
2845130539166632448
564515418128788544
10793121021124843520
8900843200146064384
2788228615327482880
10154581544452511744
7983123275072759808
12917733844759939072
11540522307177750528
15146303850553810944
4259274967659812864
14341827610140809216
15160713299848818688
10426804932275277824
5950799802947151872
1686578990855340544
13537783618287056896
12973300656732880896
14597249556809502720
1114069120614034944
10618603186622265344
6784269120714054656
3087588229860844544
7000698554456944640
4828031603809910784
14409159734009948160
5117526940372627456
9708309885677047808
17838724323966496768
15568014859752445952
13188354715669465088
4781372621653297152
3436704621089441792
2450060101359510016
11368092228878465024
2604915004583803392
17683984850654451712
7189187037254228992
16514270198859538432
14506316127173332992
13723573428123979776
2994838938716380672
17159976802393061376
15496436343652923392
14251363261399943168
13222353979701303296
12726502909441718272
2958327810014566400
1765379626952408576
14010486647534354432
11847814701016133632
13146586158647689216
9394550413883316224
15251298901641816064
11388234721905930240
16307266797011716096
18164450383173670912
12428820184991997952
15075883746280531968
935240064081183232
8766665798023282688
1264334106622710784
16576466709092673536
3997448311829554176
15281283631969116160
14584450790867867648
17740694734169845760
11504097056892698624
9155825972542110720
2493094132891102720
13988976386433345536
16064340909740271616
17149847191553691648
16924128391501993984
11429261773369726976
1898154451077047040
1391619577043151360
8232519392686993408
15117205772579284992
1964823921800317696
8152984897038311424
10346312809004601344
6272654272350565376
16857885536815591424
10795559812722833408
4291013608697480192
5475137835631768576
3075084414189804544
12306870259724314624
7563965465341225984
4566881893900457984
5931790416003877888
12950490789505902592
5131895515600638976
16634061934093244416
13677575114057754624
5131456238057603072
13698212170239717376
13212172286063323136
2493890215058777088
18301977883018831872
8875967314596887552
15162162047352852480
13046604371034968064
15717768166632722432
14913553754511478784
2442042054481585664
16312585976100212736
1713544086334271488
2149551109241457152
12826133423709835264
10251986357435293696
9103523395743920128
5041123845235721216
4796289928841307136
12544137174583750656
12023613381819355136
10919974754089732096
9620236866035300352
17300735210780864512
2350050050628528640
9968452476729858048
8437002165447936000
7837448574724071424
8485919644287256576
7407583474753111040
1230274824745938944
1611761674195620352
12025594470529191936
2727481577463849472
17070702126345936896
9070184642944026624
6212761042142673920
1614469145910088192
14515787042297700352
2195897672804574464
15456014528299962368
17509661287910617088
10434617357406300160
12696551934923980800
17131596690067482624
11425396621324500992
10019104328416927744
9107243877910309888
11278750490958909440
1077792818907867648
5684633555092062208
15685407698586699776
6975823212521986048
8127204358866236416
9046899264662069248
7409070470621414400
9241352832030652416
15923321741955293184
10890113994004611072
16842764241808553984
16293795573789745152
6183153296814655488
7013187613726791680
10590488967537965056
6277095567733281792
1155723531810140160
9411145003700172800
4506798381673304576
14841789457280909312
4429762327170546688
16981860754735159296
9399647317907582976
14271781389039263744
8302624054134735872
3267963329376930816
18188120938197639168
10813969530048503808
18256284643569127424
2636712763813505024
10300763018766159872
3764214947688136192
14835093187060107264
18213224784968701952
16746875026710575104
12075120815550283776
9671953215743150080
7071158100186545152
16547139886649059328
17927711873378152448
13010892249281458176
16282301167745325056
454213343681951744
14762602490357352448
17582276107222648832
382542834447746944
6101619266165656576
551533275535551936
1573160559230267904
2359804692265104384
14125772234556200960
8708549013320963072
6493418603835390976
2433243738243692032
15801628904075456512
10530032601217572864
18404413244295495680
515585045893508672
3454122991039060480
17157029386761025536
4149725193416224256
7102262548983621632
5104444684860131328
709225223782811904
4615110745861103616
11864478210160046080
8851311577083800576
5394915211884533760
8511141948146647040
15676077751876212736
9628562084031719424
3554016992059316736
4430487895322630656
4490326246368536576
12519445127589908480
6315558185408324608
10509052264462438400
9021188190594870272
5963038135438697472
12830741205911447552
4390869222885089280
12763307893031706624
17529019404437493760
1522937631609091584
9238145174089861120
14888837104407232512
16349088946537938944
9451217326480766976
15215515591863853056
6251413510762979328
3763515319379252736
1277660210959121920
10365605792391985152
15706334079495813120
14693984074919569408
11780429051152852992
16196309144447584256
17693283432945610752
1244823384040724736
10199138778946277376
16672496217359872000
10492131366830919680
9271189393217896448
4399064491002986496
6851254854798159872
14592294931877412864
11542374504521558016
16081349634195275776
9844008429141428224
9445435591839997952
4319348849285150720
15253768474054180864
4814692107548211200
3695286923436624384
259330040978710176
111962683960522416
2212871944010516736
8910140008573611008
10458419606239541248
5126461735716519936
4068878378412057600
668142401966557184
6774660106861834240
2018905134883582464
7970624618359330816
14945383538914035712
14755986136816859136
3730625471342463488
1424303538690125568
10981864723750770688
4635332306425178112
5096961739754689536
17546908918928734208
7083270252224721920
11735013102185314304
2313138496130506240
15022111965511933952
16480929120457945088
8736966273635635200
712030765207724032
6712182949425861632
6696587824316218368
13556286996185309184
7098288246875150336
3115093393547278848
17494322073418160128
330659426246284288
15136835627625791488
1888531623572117504
18382936301914202112
18068368937660116992
16955850497149026304
8049162464688410624
2060873537213597952
11631056417970540544
4155924981848836608
6170932293418262528
1701946379287426048
16419772205435492352
9159161117588198400
11237388266914439168
10494603785370267648
3899550865950431232
4943002241358439424
2310743242108565504
16147662524831703040
5903102639063759872
17585524934564161536
9610412205072103424
15855580570749894656
3442546618182105600
61213186147240640
639972270384044928
17542957350419789824
11812542491721822208
7695241306104875008
7709624930718048256
4822898732949473280
1038560988495429248
1031949397477100800
7998025968653697024
8665055760866066432
11611652750605514752
13510432858184339456
2044636091626900224
17999159225557506048
3314753867053808128
16305795775358423040
16106625868951486464
10964242471416131584
15056356473917419520
14081984096747759616
2865089347488686592
15647058184180131840
3305462906302567936
5264855268120676352
6419038065842545664
3160351901025830912
9426287114879406080
3666139979980081152
1192719046096213504
1121003853511334912
10927844334431193088
4061231212173650944
2213864853064653312
109902571657707456
2883950399118942720
9724926961019680768
13208902990066026496
371906289282057920
14816717480836737024
16906675933206306816
2254760863622263552
14190978093470287872
18239587095451920384
14188625643202834432
5945500479513464832
5583748289666635776
13521568695514615808
17708620070484809728
11350914206552373248
12264703381911013376
12431701023198101504
2360669475259876352
10111714466486077440
11398059828345421824
7239094159634683904
10515327842896910336
12753912995472678912
12303583938100115456
18218657797214967808
4906903730512326656
7702834914379235328
11702475239044268032
9204972984036291584
4272488575614513152
3032630831981005312
2570520465973917696
13025300534116614144
3123249049615900160
1478723665818331136
17788401080192618496
17729996608319821824
13796818130710353920
10290055247199219712
7661493147367473152
10503840716936255488
14765219441588842496
15811806027723190272
1241385033070980864
12656037049391613952
15777249263178809344
303197824461467840
5775565163110028288
12700079680178032640
12936927811705581568
7089401227383596032
2589037657150665216
9400360288271958016
137664369592557936
60058300192580160
13862388893017714688
9131321740779700224
15041398273034303488
2250092415584429312
363176426889265984
