12135300958375669760
4364837447505496576
4239711341526594560
3746511824536577536
17154992146620241920
837558190757656960
5824218669684029440
1033525543604924288
4956245909991063552
17524856168782800896
7096701754894538752
4479034260120005120
8866796546487196672
8875433302993556480
10203804471052791808
13643831279349891072
734395535055198464
6661092371357709312
12363536509010683904
3879089188760461312
212432392804200160
10487588597006010368
10916314145533792256
16352078859741612032
4306323978363296256
17313861755890327552
184440232741281888
494847577022125952
13246342623066261504
3891489617913311744
5296016523102355456
14767926301049686016
9801009871073656832
13143186810957090816
8652819173427590144
6808255432386444288
3133650120679854592
1635091835885261824
17179362189951139840
15679657467462961152
11335917136047794176
10328437218208165888
2165624712357166848
13956432193137014784
6289187853434641408
16478731484238475264
1145593016182262656
8989940793881095168
15007992485735288832
3670489738140161024
17718031812862547968
11029748589143621632
13533972906175377408
15286726246127411200
16920018820272084992
11092885374044022784
7735669246156098560
17593261463715072000
12513352295100811264
4501590571401208320
665425941444818560
12442677400529954816
4056730382448626176
7726592226165426176
12800851242524893184
7563416731816657920
12733689173356222464
11579070974012633088
9507934528992372736
10510798341495941120
17347206733887365120
3158596346633699840
10954842068042182656
3031288661805810176
1356002122097654784
10376814300488775680
16067312884935720960
1471548098851057408
2687018308534639616
11763734692099911680
10806587524251392000
14407666225427175424
6408967687945490432
18160420313367242752
4307267160152849920
13441874022473840640
10635806520646946816
5010316698162611200
12107458887023998976
17694707142945011712
17168380738161467392
11993432760296536064
16669379950467162112
4324736690501374976
16904443171711989760
15657139710635694080
10718530269637548032
13981792604990081024
7483463839384897536
8431547149234983936
14943492895431340032
17606287228961169408
5349998477273732096
16647649156631140352
14508237448012445696
6727369572383319040
140830498332478048
6640680358724831232
11169186347129206784
12629364841272027136
1685950711112934400
15024680872926089216
4259574254877753344
3304005436648834560
5343427117078580224
9205923743484856320
15051193429761486848
1377274654092837120
2272138241916340480
15431639470917228544
2440363010101177856
826531237185537408
13541250646547400704
14157714045388554240
2862321156186081280
18169194110188953600
9626647359977791488
16772862587392167936
3274037144719725056
11534754305217763328
12123944105499897856
12718913679441580032
9376095253906677760
4976046656921546752
12414797708570171392
5887015144473096192
13164043241919481856
11151639304151754752
14192053618611984384
1493776833211310080
8003057156172417024
8885191691399336960
11946089993825759232
10574588720178497536
14246858130161887232
10857809584097220608
11223484678262042624
3012800349584119296
15467736775389237248
4780522161611705344
4519452525473874944
16361964659081406464
10742000215929876480
14355179611070197760
16238335991070578688
9796533362055768064
13554429139683815424
5589844112019916800
8237185871968035840
2284034133787940864
14706344336668856320
11094371221743976448
13804517535545950208
3390937238862967808
6852977149362869248
18419750713326073856
4135742348663176704
10400526464932804608
11001648255188754432
7822468395363954688
10014831503757344768
9009776076615414784
8574438092399329280
17101308231062237184
8017410827566193664
8596055190207612928
4711352961108872192
15029482781401755648
365039678279718912
14211512088412131328
11265811750580281344
6026681961943087104
17006618202904334336
12698582741326059520
5101433650480403456
277627161775203104
7414274730199175168
10077234938449477632
6130866408596414464
13676193503132692480
15343681325815705600
18194871105696514048
13185684471756376064
13831577620622512128
5956808992181556224
10461600577550913536
6940134134116590592
7615342793367144448
3598142315494375424
5520173004246080512
2212914513784865536
12177531156733308928
2978827673521826304
12475363296268824576
3072203405285913600
18170216817345685504
9756995727123451904
2825908728207601152
18366801997654099968
11878085045835319296
9361446336669280256
6079144559289531392
15542900266149011456
14166143118253000704
8445632612741625856
14848390420622850048
3192202252136548352
10184900963871275008
6616276966903274496
1773666588856488960
7012958445007439872
9164967802264980480
3202034304281038336
14398518836038453248
15284076493357338624
7467472300985182208
16604182086423171072
16790280233896812544
1191605834366284800
9593080520066924544
3029476042835411968
17093629502968291328
10169624011558019072
9285974089510047744
6196689523058245632
6631619282548743168
1274883852063387392
10576692863896623104
9271162997155115008
544661003728965504
3200009156036170240
6887196997256196096
4743428372893905920
5639693535586174976
6374015641501957120
17542244511070146560
2165452478202398976
1180840573283439360
5558737071012659200
3488004577846383104
12783281839058286592
9281120722273294336
4219399913706318336
7531339406084577280
11112444581159475200
16056176413259005952
13165142999905261568
6118462579573954560
6432320838959001600
11469428590423631872
17472062047440168960
15114229513548281856
17270690213556205568
12474264481275877376
1201348779233242112
2307036611728941056
558968656588126976
9818482947385802752
4079191510229626368
16473504335682322432
16387018404189394944
3173662035721693696
15253029102240245760
17056104067733762048
188475265383068832
11663729596222689280
11421287423252379648
10570288981240244224
14378652370126790656
4800349341650916352
3551071850945570816
7683239852668253184
7991211563493161984
8014859840298193920
937494676770354688
12231887956413110272
15052742504619540480
5101938667005729792
18353737799109421056
17484014656855932928
9146615610383932416
16436260095918460928
1936307185388503552
3515544849788213248
13737503587949629440
8850215371567166464
4337557496332455936
10739650192029947904
13005941940469121024
2000485432858472960
17284966868954251264
12058565617257463808
15157402484293754880
4283355329948119552
7085730472191347712
16703350777452427264
12802503900604168192
464642231269861632
1019239435845256832
6687098712204500992
3501080710395374592
14415556921197383680
17889926938108569600
8561244440144650240
2695222933653764096
8501379694865211392
5210770607562589184
17048314314521980928
16353206670257160192
4257741392263661056
7609912368967304192
4795577503123576832
16245248342040778752
13325550537756151808
2522396964730648064
14544624210007777280
13166143095140239360
13311568576620775424
12345005742058383360
14499377593514698752
15917516967833137152
6097647550957801472
15790047326261784576
8941352547283749888
17263675313844645888
16020879287535935488
18407612400676734976
4524494262662737408
15605425052305836032
4153742553557542400
9643858668978956288
10439996484258828288
9680080022390583296
586553535823358464
1113245420699048320
861813623684606336
7963564697274983424
1312121204394002688
11987874434782384128
6925581230226091008
1260991390196105984
7121326256064491520
3669625659646207488
49243261924879456
13195466999247958016
3665320624350748672
11521938049227292672
12257509785536387072
5765571619527597056
3822381501068496384
6189986091551665152
2604194290933636096
16864162608042061824
1070103617456998784
14024046941309902848
3490978812662909952
17916001178591893504
4069150981900035584
14065685400056135680
4427474140897303040
12055520044033937408
9731939112116178944
9986697320833263616
5218613470978795520
975170136624060928
1916904050775575552
918044267462923392
5484115703438154752
16596985999849527296
11117645613712541696
2243549377055915008
524659410773931008
11791049552764184576
12388713343901179904
8107323122245379072
6883332726273366016
4668050922346383360
1396293021710771968
3562770927962546176
2417876689946194432
1583368275581532928
7644633463017304064
10693673423790133248
15597751227351642112
11364341645471969280
13873435231981662208
8705640240488730624
18401084221354039296
13721345719779182592
16730991370957434880
9296129867092557824
14052581087335266304
7358057773124141056
13912999976186175488
15331678453250674688
380467063199082624
2206688478712703488
853530623150984832
15561330028709529600
15926233868427374592
11594717872281501696
12162812269334999040
16877959749495572480
8739696443325271040
17654554557109872640
5906972346021606400
13477679375003875328
5183685283390117888
7932326369031910400
8851662060700688384
2249492157299164928
17974385205202327552
10712869554542903296
5402518388186754048
9516389559460694016
6056107952417998848
7513156967460501504
8158529030560004096
8039291786119550976
18307721814310205440
3798720260893041152
11141325668565833728
17195380683702151168
16324171341897568256
9279014701527859200
140130533740909136
11234104372052815872
13980236733820393472
4107194852360850944
4050892654404347392
2473080400735011328
66949195512143504
902249823118437120
4652751559704262656
10238136044572162048
14589437565263857664
5132165685783829504
6779945902983219200
6308170959269020672
17037090983284312064
398342804472002304
10551412766190997504
18211233279452170240
17102689967868497920
14657713567781883904
9619337084924469248
513271567007725760
1211305382800116224
13079790745304674304
7573956556924722176
2717912025561338368
15768870208337248256
14816112598500227072
9639109895373187072
10686088211223584768
14493839372809945088
10033043766583408640
10926085040596025344
7133765844906722304
9721717327744847872
15418875572293279744
16126239190013362176
9428052803455465472
18249419765074356224
4448356609426348032
2803203818035212800
12477559930187724800
9728193778300813312
18364857822766667776
789363287652788480
7161712395930931200
8812310796333343744
10765766131672547328
6082671570404741120
17798530766151004160
1159905148474142720
3119783498922544640
3001244289531786752
15926782267127898112
8132179478340581376
6654378760166469632
9288588550457772032
9534961965794951168
2905479846718787072
18219325278372284416
10040190350152085504
12826346381392427008
18226374981823143936
7785931552885556224
15664991965703864320
10777749122705238016
3018746264061605376
10391684612563288064
4832112716030327808
1283427159228112384
4806052945588335616
15725751886874996736
2021982750930374144
1042222005346193152
362812459455954624
16895671365051273216
3405556180687367680
4572595848258298880
9064426139310796800
8936968289869656064
14928151509913083904
18444807226813157376
4409260108024663552
7602281937930045440
5996685029796078592
622217943241633792
10830711611247839232
15330399931344936960
17594727324384397312
1746582376743025408
12675443228231284736
16428083510381846528
3752174453841872384
3156668797194204672
3771706095629799936
16622239853174392832
17267103669541838848
15430164776985686016
12536498167319500800
15972799319803181056
5917852063336172544
574421378792435136
16559104084355725312
3880157085431290368
5837024210891454464
4758768172983563264
9802123872212684800
8563423973509975040
8715697312333239296
2506300626039650816
317487001981672640
3854819953428981760
664733272075266816
5236529522062103552
17990160349283930112
10044520579123361792
1683406873552375552
6899779102546560000
15932668556043368448
6454436848724737024
190350189031633280
724515349393900800
6731946779124647936
4056082133714461696
18325541269525532672
12487266750762024960
3544049992283903488
8792910731613998080
1412208381256853760
2575109523746951680
15917091138220822528
7843695632156098560
1938825086754001664
15898061693593509888
16860761186911125504
15587648443383416832
12613698843071803392
17562739760556187648
7357408332349972480
5400253019895811072
3378792853819390976
16505286223736481792
2914927593786863104
1603162904682033664
1823775088842279168
3339937377810373632
1221524288525895936
12443860295546290176
1263694612413573376
2565638500868750848
8165435707730038784
8834969314558302208
4772054296802486272
7651690683990331392
7277583424346867712
957042584481613184
13874043986021742592
17570197185997209600
4444222250940776448
10603711245256275968
14572168291064012800
7613953887375832064
9402904478526562304
7302586178473978880
2600428705834468864
5218130364401944576
16588576059251138560
4650037920196706304
15887353051736133632
9750386163841288192
15264202338365280256
18306049179095756800
5731222183405670400
392158962126261056
11162072572523857920
17331193043809103872
6069074064050944000
13811817133786363904
10856125043400499200
17883051387855882240
2064188256812032768
1416352377695444224
16251408305834164224
13558901537405126656
11445465438305796096
15283883517019508736
2200716278704299264
17869368520134629376
16466177720200765440
15301816223093940224
16843215769349474304
3458887368560101376
1864518589973092096
5409929579371523072
4282615612485050368
17882266189736859648
8618565817707871232
15175527772978077696
5966410028784309248
10905123027043387392
15511680242114371584
2876399056445147648
18261489227838666752
11706398086628575232
16214030039255556096
6219226657123514368
9191596744292270080
13703152076739672064
5643609456037445632
13247011071177975808
3478542144851182080
4492035844321653248
7507493341167922176
7469020942668963840
244257139583298752
10729568518057973760
6481889806171073536
4182117970986777600
13060837304253046784
16603255209693462528
17331241719870787584
9994618790077825024
4229255165599576064
7011695672334978048
39908856961713424
9975786641373089792
14654420968715757568
1738403077815256832
7000839316466758656
13545207670948317184
16508944423563943936
8319318083647373312
14273527124440551424
9453647349067669504
14645256484467494912
10137692788464017408
12051766514938890240
12818181295028396032
10923026077469825024
10566410427298670592
1349834404039484928
6782674796792806400
11433841587780304896
17539028086142277632
9518200285101266944
5842270216507450368
13583856970512472064
1208794585652789504
13627335839065731072
7696141963377508352
16885553784790491136
5906946480206550016
11521558544909225984
448859136069860288
567028772595634752
7721764337205522432
5358520227951662080
17719639345356081152
5638689585769987072
10729212143890327552
7668900039343367168
9314836070416144384
3083743098714217472
838688041421127296
12033220688472090624
3722779935016112640
164173472439525088
7394694890294243328
9262053385420083200
9774140534029934592
9175455334247254016
3728984074919797248
16341886502793832448
15546292952410994688
13393699743647019008
930557813016779776
2703993740408691712
1450794528135675136
17535788549921800192
5942201730802017280
11910175309039040512
6516793776049061888
10720333084638371840
6228736271760423936
8531729542554573824
4785266090547901440
1160639948685858304
10694479099175983104
8415759376288051200
8148076552545522688
3027160461089886720
7571857932083221504
4964062657272769536
10743960605968969728
17389579447524632576
13208338715557588992
6323249193358587904
1538977429172107264
7578697366081738752
17690998262155792384
2917803847142956544
1270020986992376832
6238600798579212288
16900551413948645376
16780199090130026496
13469972769811152896
18347511700380626944
15043950859673552896
6539951948875170816
9043009923372256256
14146294638123354112
18439915329926920192
3193960649441717760
13701629828644362240
14311513453773029376
17475631775735396352
3715385247289843200
16973347171006670848
12431362331162906624
5826738713006215168
4150653378860795904
14593664333541384192
4219251773100393472
16903394174016954368
1894019932390316800
16383768821240717312
3523629291267081728
14601096627288672256
14564872202936096768
9842003792305782784
8361105274426730496
14804717922971813888
13569913684752629760
6980882463900762112
16984383569483505664
1203955984304148224
4642321416381533184
10318280320432191488
17965297468305010688
10565491883079886848
16289904254379845632
16708016888013869056
8322241640803078144
7688542616886703104
7303711844368867328
15165566640157507584
12846910920551979008
4417864398718699008
16673241444554336256
18174114757549678592
14035275645625810944
1059501943812652928
14240484115348606976
16736631856743370752
4885629561304213504
9175829440260662272
17242964935667468288
14353672815931248640
3510702480934420992
15910517903090661376
14278636949803765760
4519092550734798336
7337667267731245056
14709193182136897536
1706729338910415104
14876019143725520896
12191231445705594880
10488079140419987456
10562536916700452864
13518333455090972672
11460119199055439872
318007658731216576
16567288620241586176
3765623700374030848
9920710221385822208
348405150221906112
3393162687087191552
2117150063684922112
6906434584047842304
9245746480679038976
14305590300218822656
1201026219451016192
4321840530101960704
17677382232046768128
4005954252012149760
15759149590423375872
646542688755389056
10454175441069352960
5608418014650326016
10785818657804900352
2707081652008815104
3186983516589236736
6424501869048911872
4225246490166964736
268764232479593568
9674074404161409024
6169548784927980544
8555319085092169728
4784406686143662080
459962217579913664
13011962800489324544
2897300568200140288
12339823713094047744
8462506548454956032
8251419977934686208
15958866764032053248
7682002282828589056
3945077592920650240
15392183261214691328
5536096090868515840
16565994003089903616
7786623168145469440
1332186863530838016
15703117771064731648
830841570125862144
5770435896897826816
2001284706694702848
3108888676742292480
18178266710418237440
1532406798982228992
18120533392813246464
12095623349291671552
545670954301994624
1400409665327620352
18085336181788004352
4641944101882992640
12531112928258609152
17532698600869308416
14726390711410167808
3162047209973549056
6674596637227599872
442866492493389504
51861254167824352
2006942774071095040
8629430817218158592
13443276591165442048
11489984740159537152
15575826301882935296
8227196108980485120
7939327563271517184
13681418980282177536
18242038577121757184
17712212759348058112
7817134288988788736
17958031479845414912
7907978282073739264
10939861347698958336
5186620220897567744
17116427100981256192
14745174438246836224
17882677033075806208
9336223558599419904
1183187333355587328
4180635849897958912
13397755246929760256
1593881065351763200
11708787389722064896
9012375651546788864
2498627885072988160
4210646269479790080
92650988166479680
2818890097872930816
12761923898863390720
10516538770217070592
3769989750313359872
12303873816046751744
11909491787757740032
13163556422489182208
14717032148878405632
18319587699259832320
17011548386643781632
10705950379423365120
2699830651011666944
6233041143425220608
4404075243311648768
14099321705002020864
5220518688849509376
11225204410168141824
9593445544798468096
5818819967933956096
6106056136540932096
5798093128965747712
13346109091782971392
9162165800171591680
7825483315642682368
4095848285151422976
8617886273477116928
14335885136811257856
13177206242341455872
11390002241740699648
17127174570974201856
17017881694558420992
10367184594820968448
2255166796624732672
10566705643198930944
9909951625507022848
15219634878769698816
7055599726160390144
4255392789795974656
5836415870656508928
15991903800539377664
1907958303703996416
8828330153935349760
15695514317615865856
6572104566155202560
6766210321696356352
10074917009681577984
15935834301087281152
1706042051413387008
12224044984133785600
2687399137572558336
14572355662762043392
408051409291017792
16007660024558952448
9852687253608343552
15393096066153830400
15082825451412484096
5362205501092217856
7249522557663819776
1893681035934834432
1694221428951910400
9430512393083926528
14939068934113114112
4613590871911264256
10128317576121298944
12520205283295799296
7064127392727231488
4249466501251959296
6898453601499581440
5459436793743989760
6063963794092378112
12707382504513773568
6890409143389764608
13056734642245462016
13458804356323354624
10229666988944007168
10744427426298013696
7955898236531755008
17973859879740768256
8174396908955235328
12608282232297912320
14035960970884317184
8089763255274207232
1452416006874542080
9888035421812613120
16260570255204235264
6389787771051425792
16943986038001678336
1253305441134224128
5257706404345302016
13600643409219403776
13023990533128687616
1381838217679800320
14191009810687956992
6849418894750334976
2578814418259465728
8222185739880461312
10353897175492284416
13640232673361547264
8284474774632615936
6386410252691081216
9094434306716004352
12966740412034981888
13203785153683865600
16331577748877676544
