18367614954147850240
13458050274138146816
2266489460912069888
2089405024382493952
17546047613526706176
3513672434510857216
9553070380172066816
6321874610698422272
4524778890799936000
14761953673123313664
11879239928749381632
13643384452602400768
12233948206884841472
6824699161147836416
3879324979445162496
11189673182327748608
13609988796455159808
3599823766929319424
17582538713553389568
8716179662866062336
12702993297621616640
16350437181781159936
9204055806091371520
5463055865248753664
762513959166995840
1590079796322814208
10247035901482684416
14648466073253371904
14018433061581152256
2899673423228295168
10360632983592247296
8381355918970961920
6604324105790436352
479133670115864256
12295710940566384640
4190104489633484800
8989436345608522752
15656282995374878720
14677666027370299392
11775372952491788288
17240037948407031808
16320234442578483200
9638718654818220032
6105647408497716224
5247990580443164672
4156113439669865472
16405653653339674624
18342646100755576832
13181862185104883712
16794183079454263296
828447416990323072
11966995622004658176
9909124668610711552
380559238224224704
1367869782152726016
17612209242240876544
15240104238052976640
1925503778509271296
5619982593218199552
14108734395910922240
9881740670272663552
6996042887402052608
4391438923185449472
5515799632213426176
6101619837382165504
4625958843967006720
9574324318131943424
2924260194265944576
13537483161636470784
16193830907318161408
6733482766495930368
14301618190300393472
3828263244080102912
1280682664811675648
1242601950982957312
14687728356280289280
14585957689411678208
11197948543870347264
2138368709012692224
2818390910365600768
16209071802156959744
3620788019763717632
9988319864199649280
18122970603677097984
2611447607860326912
1511064795405419776
5569814544158414848
7794279086712036352
8797160308397926400
3618986640196341760
16471532444435869696
8197683835283547136
11699855308835764224
9955825383881424896
6011503182657460224
6395649590249538560
8346447850765057024
6674895998108478464
10928364441697570816
6568285500475618304
16829307953747210240
12079528199256942592
3117861312600407040
8786867192046797824
17430996669429172224
10493508346859806720
16309786545219422208
1318163386462284800
11365179461017780224
6945115887319337984
8990337874679659520
2130495702769688064
2566690127845794816
10740557065397444608
10706273179941181440
13942686612322082816
15881670530918615040
14100050806267430912
5352592999279493120
4732020892358033408
10977269449474465792
7286091695213288448
2225598235385852160
16565947039317901312
8006940834050040832
15042465132197535744
5207883865681839104
1090505670970219648
10542552227144833024
13174553423256092672
18011424843033077760
579602887215813632
4000529690211402240
9658462610952095744
15814332560723877888
12136233064712036352
4494508368279179776
5856451832791296000
11956258036823615488
5011570710435768320
14154060384351213568
7008254348468141056
11285771123420375040
13278338711491713024
9749169646112233472
14573182989014534144
6679810034444451840
5408096973829825536
13485851608664219648
1444367431870370048
11446294724511610880
1856858558134544128
8564021086556113920
5597918081069147136
2044539857836707072
12593758175917946880
17642199654350157824
10382523784372226048
1240294207987122432
8385539840911726592
4554202724412337152
16784757504350711808
18164918648359886848
17548222526936670208
12008786274888318976
7020365895423311872
16766767804138598400
13748227508388298752
12438611474450812928
6346722503740730368
11948480654654121984
9365024722293096448
11532947577864701952
15741273584745920512
13039520020853733376
3406768080417390080
5447989405233310720
7521133143026976768
8503558747098404864
8107944252952073216
14686246498363365376
9114369475432126464
3383786519838129152
4473771370789357568
15692000885002139648
8402367376801094656
18417162972459563008
3148989169571731968
9503683346695929856
1256811319860929536
11110037572827553792
9361488932024324096
7122273877545393152
1130959305962542976
12931179343211489280
52102462427742280
14517245974488135680
2299246565131067136
3052660493190696960
13596196198404423680
8269137004571612160
17546159257616203776
13729980973888579584
4087131224252221952
868973090919892608
15608049483695337472
7474305826084124672
8276686992761652224
12794459653272764416
768637920426992768
13982101751984138240
2290959953486321408
12018920979114137600
16616121415464988672
17556451986906497024
5677342469214242816
6308187461121914880
5067959209838003200
5460512248785015808
14408725908932091904
9317555718445629440
7903333529301212160
8155110031982542848
6030041467346890752
4973086829591932928
16989048236471779328
1080847828282278400
6894121792405502976
4440494717579410432
11823599473706481664
18110898898724577280
8021210736125636608
801284387603106304
8442652832703427584
2777000704525415424
8585808012747043840
15593613189885255680
7622045667844197376
6617304997602244608
6721685805441355776
17961302755127920640
4545039440594611200
8047064662807246848
15608120966424481792
7583181567036577792
13009297600567709696
2672442303370231296
4634536479704419328
7275906630121372672
4254705851377980928
12574139264559230976
17147295014784380928
9649513188156243968
6707691861598038016
1867776632834123520
3559131618300206592
12302041561730142208
8235903335030859776
7648757754302934016
1693753491175733248
5731535548126244864
7850335272871684096
2654579357694729216
5098356285240361984
1754534117709985024
11416503527354712064
18023267765556160512
10589916416537497600
12238423995405123584
7208075303315631104
17718731862083037184
13075168473011300352
3448924793763785728
1773295974981247232
16720930024561678336
10790950450666156032
15907130724523493376
9380277918154711040
12712427804551450624
7260911827109014528
14298147376289497088
10523451523554152448
7537441967629592576
3372383282762077696
8840093910112574464
13068704715321260032
13669263745500084224
15005769227485962240
9222292300950212608
17397699249588410368
15070818570999111680
5554004077214508032
14927348234863302656
10201872330982309888
14150209889113737216
134211149338684768
5159183293031294976
4181841094793466880
4399928906702887424
15763016901399750656
9692279275809146880
6964768856547033088
10741939838953175040
8153585555524420608
9738702084474464256
10895838893789081600
610774349175295232
3037691824719043072
6377749915775892480
13705216479573467136
16236154713255823360
1503373660996894976
11697430810298478592
13122902481962622976
4967988561123918848
16338673235812452352
12316112437536190464
11359555531174498304
6622237247352882176
14865589102161969152
1455218584273867008
8564319296286198784
9773809158239102976
12382008669157763072
6218140950771103744
16105898233588135936
18333197307163707392
5647527676676966400
2631755819106136576
11382353783515308032
449851308306475200
2032494119004679680
16567028528924514304
6540809647457527808
13381362538513221632
10671105424852811776
17812331220102000640
7939904638254141440
7360327338563102720
13175039382989666304
3621580159793490944
15001107652586524672
10201234892936478720
14690488069037051904
11110144837325418496
8571254921973891072
6961591097214498816
8918170028741654528
1266946333199307264
16329041433001515008
7591085969178577920
8658138372765976576
9162829258629215232
5170592143427612672
9558778590391898112
2839266204553011712
8096656072101276672
6904576599487898624
319693272064761856
2565751007327050240
13747462799454097408
15446634948741662720
12105947118487183360
13617782951537338368
16263614287596027904
8552187273759395840
17070189822543226880
16473524676935806976
1743831209703515392
2626398973869780480
11262381754511360000
8071162557372439552
5843826956476158976
11513364039552571392
6073541414296758272
6419484039175098368
1561365048296411648
8983900373665267712
13040140997190293504
7506926233402464256
14533270346914398208
14741616832596387840
1632185313579054080
16638059029483427840
7678224184100514816
14237290075915390976
270811044970579904
12025618328281993216
6756078634492210176
5278174113121992704
15992613737348651008
9347621344722014208
5127328257185778688
1978713643223777024
9885276211652325376
16441195633972635648
5991434606608212992
1789592130998657792
6031868629055295488
10585709170674403328
7426641337522807808
5652280225040864256
15442654993144907776
8847370822289009664
13492121632410195968
12404195456094765056
2731438817554500096
1523572173807042304
1543905792877313792
11009225790011850752
13656399207142893568
13513810459223654400
13484199329647163392
12107322337111494656
15022697576458061824
5736214185933597696
8113091954890576896
11335970560862320640
5505343427399326720
14520159249370818560
6226738421665735680
5144668513346132992
806231321800272768
6332987990567622656
3147897161217698816
7410855339675859968
11840923567505321984
8849329243516370944
14556569107147311104
12044559819723372544
2278978529542137088
17836115070690273280
2069587121389281280
12681812940874827776
13756790552425584640
8741711087282707456
16785864385868302336
15061839060327585792
9567981903179161600
6407122366308891648
859539731938481280
13364252297122703360
16229135176305762304
6382145438436682752
2551205748565540352
18421217176890980352
6747453661491489792
1305435713784780544
13079057058063472640
11832729255251472384
13553804600330135552
10341179300984492032
9083611264137212928
16459471579071289344
9287582588122052608
14059127640082186240
15252511109289054208
2399456354573676544
12631114069833379840
4590120955146729984
10878499074910031872
3346525830796414464
3594628896974594048
4167561978781913600
4403044801263541760
7510859952880164864
11164336104189618176
10741698452943161344
15024545756453007360
16064364063221102592
10561608224473976832
1213835736017422592
15750765015731003392
1712538418970800896
6075962987596922880
17492063214752950272
14750518866786932736
7307204823387350016
5523960872526690304
4742554740439876608
5523688077631855616
16250135610998585344
11280044450410496000
7701033682260026368
3906925401785197056
16332747017140025344
8041780200464352256
14327901558358568960
16969138426931175424
10975457922998018048
11836333646619858944
3262566619631577088
4961946269812878336
10882809661349251072
12746853331838382080
5186636023850575872
4293798613312748544
3870931182047351808
18194064946098905088
13710238896794667008
4369603497260602368
15817121505209065472
17047203755247441920
4241256591812052992
13893107413532649472
17994546132568459264
14481073227037081600
1196902194806648064
13635885273924923392
10947621322552475648
5363113438098184192
1293422176165916672
6782556281109268480
14254783664653389824
13911931367764948992
17665143220876527616
8748524379836741632
13413220247602556928
9599550098761150464
1811834985780954624
13469822780858310656
3983084932114280960
10876223024117315584
9888916811390994432
17589209976410449920
2328939920461914624
6956315164751710208
9994569836087754752
11624749160129697792
12517413591207798784
14293515643607517184
3353342584340676608
14976281586026616832
3104153437384412672
7717978073438321664
9554476197548564480
3867352688403831808
331021080738350976
14177437102298925056
3890366182028196864
13890411017218258944
6758967053681058816
10167838132079132672
4223645231646083584
2867142971313316864
11842767155318040576
15100930494597611520
2090102091432749568
13748038336330840064
6773426247686979584
15212213488189003776
12387109324143251456
13197168899035025408
9926325814855694336
11579908064046309376
2808727133369811456
13427562659908360192
14028090899263944704
3220163624933585920
17500420752574468096
12816528428009062400
4307461471413041152
14410523371122100224
5644179261510002688
7420417505418604544
18265909003616962560
18230862507115919360
8318046315773548544
5535666951591862272
8675926525750152192
18140089272971345920
1996512312224723456
15553113524924207104
17522334643108636672
18149604933011929088
10029543702397650944
12557466627380393984
17496092153447358464
7757776856135864320
11207145376305725440
9925516155671515136
16993471568948690944
6283300162999112704
16294176720101341184
6852039830464289792
8493590530688527360
10443700703307157504
1142013776412712192
1326520270454391296
735145332061796480
9384347690317625344
6454643452517350400
18022944790042480640
7213663800428257280
18244244466978891776
2514510342722555904
15384937553775351808
10458673530110806016
6528374817379004416
15114501086197987328
2294912379053754624
10451246384834484224
704015723120649600
6058556584322482176
12820725984766564352
17507796930287525888
16158539792399341568
7938535622532627456
10056146001250074624
1648426223398534144
2575215705422813184
12923365975771209728
14782841952256952320
12642993761247809536
16952726568413886464
4220893060368346624
8050107802605755392
16382407933973319680
2763335242354767360
14795097462575216640
10856783888850024448
3023163072582115328
10286809101978157056
16038090149443704832
14359093500082984960
7004315290094066688
4719529184144566272
8047596084509496320
6474643530830360576
4138327264360485376
3765493544654872064
8287428022467767296
9188730986387195904
8735619625129053184
1379046496961192704
12179598513990909952
14583940849217646592
15737752034201026560
4714605133733897216
4568591548608895488
11143476665057433600
12820040969890174976
11768407150169268224
1257190246946461184
2224818968361629696
13647081603400976384
8584573274155203584
999297278475282688
17088170044484249600
7058968763407625216
14673909119409762304
13515188449491820544
1974605035536958464
7177001708280413184
8425892913639546880
2716643643492041216
12796011722581878784
2411669085250164736
1308151219335791104
3163271014441612800
5569231842944629760
6039497130116861952
4146032354978223104
15897734340826050560
1977144371060531456
6448679431140639744
2598074817663469568
17591349937225426944
11307516066697674752
7333934095360957440
15351854878618781696
15236356414876037120
11119331218682710016
1524319732705123328
17405991221909557248
8044339866249554944
7804132241302624256
10101553078818795520
16647498322958456832
2469185597711668736
6244434132056758272
12710701888500680704
3725491256205096960
7221429511021014016
7849514349184418816
7877014394255589376
523654307016365824
11223267745631805440
14039054593829341184
6989187208078328832
546165138399156736
18297870285430906880
17367712797449152512
883753820363033088
16735693598852646912
15368058422666467328
8564654526519355392
12006904040956401664
1108975167390252544
7997410801035744256
5377248366574871552
16177731628014397440
17494396041726253056
6635805189911785472
8580706945470615552
9709756261558945792
17795436630420113408
7071531671855237120
4506713355238810112
370210768170828736
5044127410188778496
5296084526432978944
9513420239702433792
1012095985844601856
12653357103456780288
17586484100541403136
18053320187461842944
2485266083211040256
5471527789947608064
17266354842483431424
7625635063518447616
15571495581152321536
10588480241319360512
15509805187538014208
3300782087011030528
9252664630473684992
17386287353799954432
12823529494669795328
5179543687640930304
17342414300155924480
17827018879957002240
138798945545972176
7121616094522630144
7070546451669905408
10269125064859736064
6894196423936218112
17034625507357917184
11577292108591732736
14960537250739333120
11122771344876691456
10961337850067501056
11105828850943100928
14806033090846056448
6474909554493807616
6928616438458445824
2246167293175001344
799047567576283008
2204238170469116672
18319529050792318976
4513119104299147264
11584636431346845696
2058917188794438144
16474022268798720000
8444180145878820864
5427599948430225408
10536866607256602624
6882033333940871168
14566554683133644800
144192360325194944
9939013395897628672
14002449093549993984
16495507485235185664
8126798355397192704
6996876901044137984
5056563927424518144
12123623203449284608
11591840518912647168
13824505838409549824
2189322773698833408
15308122454322249728
15955694184298287104
7855170123046944768
4316861504252551168
10129695020118425600
3735735793597679616
10611877042475577344
15629724939064350720
7161708839053032448
13706654961726380032
2804822995417833984
16268042309369163776
16003156622838253568
7384999969743547392
4020336291912632832
13403424780361988096
16789565567137003520
15338759761873545216
1393567361033927680
441361098549319424
9570908321157308416
11888570707440879616
4366301028594550272
12616256736162893824
9281770201916139520
6705794341145687040
15900814898869354496
8261923048252099584
5961296630051685376
12769106581803452416
1734426986473417472
7891348176544600064
10355243024182054912
10561987549716574208
1377469950714177024
1702360712190864128
17331429324796213248
16441434339722266624
9571819641987895296
15104573070180489216
2756250385005505536
6443964440560190464
7326368523098658816
8461274878180582400
15437983973075015680
18149040868417597440
13213769429979815936
9316701214321504256
9143030787928024064
2272849725420380416
14681322386275278848
13051897292651700224
4230910880234243072
6299925661588746240
2943205280429316608
17877504749745395712
11775725893184010240
174211957002231520
3167893462460099584
14810884098373242880
14869164545713778688
9002880085542360064
7031277002234505216
10706894983918678016
4160460952642611712
17901346680588548096
8014408960829155328
15905227294272423936
1988646310241963520
12333362280518948864
11108612667328360448
6407595238184807424
11512657094746224640
3850018995687853568
17063091458464870400
12957106705520111616
7366032622453304320
17803861247903868928
7121618680267813888
9518321698018633728
8383802801721267200
11872599323032799232
8502000121027757056
2018981850194038528
11754552325751113728
7972811351217673216
11911395848587634688
672682405678620416
12198351329478672384
10129276983184656384
15935870634099111936
12239627746415433728
2334400630230653440
8249219811827365888
563812206421630208
6023337402775389184
15849160606015784960
9047171779930047488
7565315117625804800
9721865131210543104
5337834138468224000
6497314838631028736
14282874802633224192
15297415028081813504
3896193561278876672
17598597883290468352
16190020803194624000
9103633098680318976
9165762939739290624
11083835463409717248
6015983944748012544
8537149293741471744
2816866619416951296
9894886525290782720
4910079123282909184
13394991026920501248
2367676884847986176
18214614673114789888
14378428167727806464
13495892590021718016
8419343073779319808
14416448866374625280
11420988640962928640
8086311363352036352
1104385299179002368
4334827648948708352
4653188454398208000
7454733701295900672
2090958332705262592
12243828674843678720
7577555008866013184
1342250356782518272
13041139251278489600
7514915420495880192
15043007568139137024
3529174125417806336
5975058423887587328
1707104099164731648
8480170375466842112
6489086171292607488
8389412909439561728
16847849885890861056
4853159577169477632
7735529265414048768
9221440902884137984
663341526464303616
5819374786481674240
1382751775883918336
4375032140871125504
14148953533134985216
12856104726531874816
5802174996969250816
12875756069459632128
15683143156555618304
5805601953505202176
12713715849563645952
9118687665757352960
1175994117417486848
7856694565373828096
8754117402694862848
5885462625759169536
2809020327137487360
5105818923052099584
10464783354436913152
9921374909455470592
7164367508333714432
10280789482622234624
16911902864401590272
7062368467195622400
51278922622850320
12621359699490899968
15824067837270251520
7052093788942757888
14505393705100238848
7110107221777796096
12404775822635233280
10880159392610136064
13165247777692381184
7184636872178975744
11314464531365343232
16804898265029060608
13163266452815247360
15460426374042480640
3377817549915332096
2745074128149630976
6242810813435296768
12297720462789789696
15007245437736804352
1963753894034404864
1267928758174661376
395504032686207744
10888643641813168128
13942131529694388224
6224847339627683840
4937734936375056384
5431134812049909760
11901514503908757504
16058221782883866624
14598703447525570560
12787850376485713920
6608409592672628736
15518597742095468544
10154218610701441024
11841774993003620352
15680709840809367552
9877401095547267072
4739825963734721536
8396660241332787200
14499776869165854720
9001037112110789632
2535941166786665472
10972874119017871360
2767198073180554752
12471069709354184704
14342819127694471168
12283279847180132352
12420079579309203456
7432054189470934016
13981813664257689600
16648348519543218176
15708055096069867520
17429945161760069632
2434797608668204032
5975143101753382912
9525233917501757440
1015074135081134848
11159872896987453440
2319697405839267328
12619946881887391744
15764131758778789888
4649341773234590720
