5317072151812208640
15178398802133940224
1874265323042990848
3979647245078220288
7876784436199148544
16572696575307653120
10147566690987053056
18013720346164690944
1091027085154707456
13830229637391644672
7270191397568548864
4670708968483551232
14509604339105103872
4905951867556183040
1005942950694440064
14071774947096780800
9910516872000256000
13319873786139459584
16572838731273893888
638861897924208512
6579320506693611520
2956993863232918528
16551953749232685056
15614869163004258304
13665305049877874688
12920972544582649856
6354273828189851648
1413654426927384576
5456751489386528768
14471541655302510592
15072500645385398272
15749463623106826240
17566441969125548032
465457118866563968
17990526219651225600
9553360580683841536
10760679263116761088
6931723460893998080
13889888737245929472
11711962451325779968
9716823905163405312
15728744603651018752
1714533552797877760
2942351951458272768
15008412529485017088
18228592383767183360
15260036156973873152
6918286400006330368
842716657535146880
7373768814403277824
3522768377170159104
17979089016605538304
12070284388366153728
6528378273024785408
4944366282914691072
10759728770652547072
9505300947298975744
11956010881636153344
571991877802131520
454513814405455104
14728677287135039488
17187297561602541568
16145374576053753856
7531340203311306752
9075182401564737536
15729781635959623680
3019384488029254656
4590189824548706816
1088927335013384704
12876626418774937600
13649447556391124992
16683453593188243456
18322860514768361472
5802222727111656448
15795995238178959360
16594162757356201984
13773950252113053696
7251388135009928192
12957232309140490240
873253807791790336
15146826248098639872
14471873093733625856
2554056558173983744
12692379585864925184
4769513822017157120
17547972419030673408
7663474225459182592
3295920567929564672
14510657545254322176
8618737559915234304
7382760040840913920
5939462277859014656
3725657083441722880
11268217607382622208
16417126362334257152
13887079789835864064
3888025082922165760
18410406390078302208
1161981691513733120
380897785971742784
6058043234150848512
16692743694656075776
4415238983844912128
10931154403501316096
7506075708473906176
725759187889556096
3985683544968439808
5290404487124248576
1043342030959903360
5636074368676030464
13128476648874399744
8361680122505276416
2543467679427140096
14135023332786640896
12700420518543290368
8646825161921595392
17847193592133136384
3413358008017786880
15397130961791072256
881872909601601664
16200836759438419968
16773435722357807104
5070849490175575040
12380634400904419328
15652754134714832896
359648585760562816
16736156001340678144
2113552104504377088
17884728888612655104
1614098037149734656
4894599311732572160
6740966504526958592
4879381666421386240
5077063732489460736
5541445574463685632
16806405324958603264
10099809672423233536
12627101113202745344
15374619716796944384
2231666758347179264
4358772494491789824
9247291558012772352
11851529718085908480
11624717484922232832
7824977085887063040
1696569573858145024
5813212900331788288
14931497782846873600
9041853474551646208
533108135486975168
698399820967571712
9615835019507068928
4873723099473902592
15494032909600710656
7576388289183576064
7294278167966848000
4908192081356908544
9783370089807282176
10367351104375406592
1752797260548370176
7377573671212863488
16929479763366580224
4102767461029287424
15493063852553035776
7403653756115469312
94231668023699312
7309624935161883648
14899673334367709184
1481096108977321984
5971713212645488640
5128955350087214080
142907632879842048
9845774012564152320
12165578343041269760
18229450763222071296
2075356034639073024
241818315020424864
12174508263039987712
4588321651507469312
8855538504945131520
111960889546143904
9579206093439664128
9783254308671975424
4419904307757070336
901322471296421248
12881218511976960000
10134945000990558208
18300634238645514240
1695183500733893376
7534315863364231168
16148145218250616832
983444118059502720
1180454540007990016
8729627662092916736
11407927830706151424
10185453289832595456
4184097379328238080
3986691593188333056
10840294039119906816
1822991854771807488
11606804996753076224
17358389461506899968
1853093724168699392
3725843652404769280
13709420408371464192
12261420622453561344
5199229249476885504
6851847783920050176
15907109066836281344
1117588352825040512
9926192963284621312
8656473169827801088
7234359264298165248
18378432797130199040
7981006404610851840
5667976051032650752
10958651939597103104
600994842911755392
3513092316941044736
14470659710390228992
7474504591922213888
15898201871216787456
15734331840776785920
9310116870871351296
12073577120061589504
10923108299439659008
16412226804969596928
2273977411261334784
3122686133133934592
4280334130350076928
8548922613340218368
16740613084858068992
1808935727353870848
609050642696451200
5644332733814771712
2575954947610471424
2176980621052804352
15760418878327732224
2740562654951520256
13231605532669124608
599630327277913728
8910361974702885888
16683346945004300288
9213164136315549696
11895090348860930048
17790492964397240320
13005573409959833600
16395387125615728640
2414670638112578560
18048999184183281664
5885240528457533440
12857855480867639296
9927395264919678976
12482845536748892160
12637222399192588288
5694085302518453248
14956125881345970176
15999493826143250432
3330643030956468736
15891011959560732672
10914854287451199488
5244334479575171072
18048230061849163776
553807713097794624
6181520037346703360
9526124387931830272
16182513774763067392
11725404036291633152
16713862155902763008
1079455847648005376
3021641063792580608
9074690459116010496
15436348476396138496
18196214102630897664
18225798918391457792
16521210657674027008
3591526355305118720
14520765887758417920
2717579815554291712
7772953595156555776
17843022127551299584
2296634157384954880
18029260720522729472
15712638446354681856
12322377755204257792
14399729692167493632
6937027622705338368
2395703244839415296
7280023982893854720
7385540032430036992
15767868815891757056
11804630305740597248
9037197827801359360
6223645715999554560
2124486879958255104
2206571425202041600
12746807545880449024
12833277360612816896
4491552809059761152
5924313444292290560
4261616595894571008
16224701397875947520
7769319976286372864
14774762386928046080
8661015126734879744
15517308887502342144
6988615458893527040
17136374138515353600
908121867033719552
16805504755119112192
2942172131774905856
744702024078911360
5086799594210560000
10391677163164655616
10632667985074972672
1387040462893147904
7354798635569648640
6612685365343521792
2021381811861775360
14999593446030196736
378681847411139904
11726067274832201728
18249004676600700928
1826743314050422528
8661810058388701184
14330934545510762496
9850036420887554048
17412345233118853120
10000480852059312128
13129216535254396928
435929143381650432
10969386592993384448
16916108619194593280
8427204160455213056
10241718524725465088
867739413157037952
3277263776841668096
44481611899724736
14621691579250028544
4912340235718199296
12139892539642451968
9512217909224906752
18256169809420482560
13344962393825398784
13263539143764228096
14520224987720646656
4548988528218871296
9865091857040353280
11000435621655312384
10865673587919144960
9609362393360728064
12008893361647892480
5581852756664112128
5385067658159705088
14294571253680988160
12508939881411682304
5699824353859708928
17098376925217028096
7649400976128696320
1623267355941019392
12898108438264539136
940694793061684608
320291226052056576
17589443781509648384
11705861162569166848
3119453428591542784
4607896587638059008
18081964123883560960
12895831590916605952
10950614443841996800
12425239031177179136
3992259326377065472
7744092366514746368
13591071283003881472
14335468505444059136
15965448170374793216
2508206894966012416
5377506243965285376
5646887999859596288
16175474880013778944
11686795954242123776
16771771455920930816
2523257953239979008
1837992166067495168
17632322320234530816
13181467415439859712
7813447580678085632
15198467453353912320
2626443315621619712
14115647337673439232
7798623770200473600
6655788969250710528
15457330137364232192
4783004630558252032
18411383317726089216
8853559111831994368
5430206979081851904
6787038520953671680
12030330887098130432
16557907686873985024
14879694704822611968
7556381173365572608
8134479929358466048
4255824189816523776
11887812427925243904
8697137878927509504
12191530769328435200
12611477574078126080
15774952176133085184
16970649028407308288
16714219291423145984
5241086337611675648
13361906330590134272
2929140297869678592
8856613760182567936
16732045922663698432
17847805458034862080
15883175861474019328
7320420783364372480
5713963675218938880
10432412961178447872
11158086192434565120
9610894971785361408
9749317740177950720
12979377509015986176
15638187413313953792
3728631754188406272
8744658583375897600
18365971905866055680
18030357610075447296
12949413744387088384
9081304368001154048
10409892005929404416
14070199974931388416
4749602804762021888
17877632046798659584
9873916754013661184
7469756067965171712
3622421938039902208
17496923277870716928
3527978189272820736
8353048342214691840
2375363859996031488
7419200804247824384
2496482034374966272
17409970279374499840
9347157734251198464
6370146086718941184
8189010194856505344
1272952870318626816
9640851845469503488
9152691620794788864
4361250625662627840
4045834136337720832
11962142759877134336
1440056899121447680
13926134172257513472
16670991494839195648
6557194108463656960
5890737707294280704
7914924839385338880
16393313775609950208
8023754077739711488
1988428262147653888
5814105542137853952
11321758264718637056
1613912272047072512
11005386598380568576
1994599489268616448
17677749399872874496
4388470949178836480
13326663422718894080
7441457793873468416
8899258239905225728
7077209101045621760
11380066335020709888
10721846570796242944
11634006348721154048
15740309703029864448
836547011132754688
13485731971334277120
18312520476246525952
712434728160952576
16136412142911043584
3314629184331207680
5865427514229025792
6688252430130204672
2987208889513623552
5864131827596436480
13507880835476385792
7004925314505826304
4015508440390225408
919260601109288704
14127111754421030912
13994402414274805760
11846421082030374912
3406063831936456704
3075430030851210240
6299299270366526464
2644591403362831360
10087998773811900416
6624031952718438400
1145489881661492864
2250609653270057984
479301273571842944
18009276581241303040
6408010480192658432
13960283121660637184
12890490996140371968
334488154911478464
181970178043633536
11256652805245802496
9546688984241264640
2848262497106076672
18004461338644738048
671358110238267648
11468130905775794176
11980933441972750336
6226621498870941696
684514299889576832
7687657618523982848
15317992292623093760
17341137513234794496
15046247804396175360
13960268808224131072
15121158650983202816
6154841319494845440
6149983671393989632
10356066788907737088
9066011955656332288
9070155648737942528
4437040279580721664
16883683578111741952
9338235455825735680
4324137004394143744
4015333481879784960
175012778997304160
14723580659847335936
17206602880145123328
17761699452958636032
16920952629755246592
6196951627934737408
17418482182675499008
568234409271772672
17793403765551054848
12906225344487081984
4035095022313164288
9558652725982201856
3528461091028787200
17295521085794736128
15796250417769568256
15037386304755560448
3751666648274539008
10019528961458415616
11913018182307842048
7699932953047871488
16063562387978831872
3307933562750480896
427329801421617536
11678742594526507008
8275889786711461888
10191560145067304960
14965675960660934656
11914661028534564864
6220034207968932864
2782340355971534848
7607340949434710016
2344804738331757056
13735595230449991680
7295460805799971840
5888462551256164352
262787751313228448
16458563106577850368
9554770019901095936
9369380854209341440
12567919919046494208
4316773444242092032
15183038142005073920
178630700486865504
9043508941216094208
7289462462859980800
18105715657659607040
14597641529157267456
16403531058187935744
2506053340269912576
4906428269508076544
11029371393597747200
11441349059270647808
3893751792932991488
17130668243218698240
13056683429897906176
11028002960365045760
10547601114885638144
3099605902149448704
2373590682475496448
14280451035047958528
5122046706415563776
4839599812436078592
5502615112033654784
2727428094833524224
4952584623843304448
4133247820899497984
2973752871516662784
4391455672003689472
1542334385024594176
14857384074184716288
3834654055240383488
5631559114404378624
276628889493006432
13984309302822133760
112790901958251120
1162688030671769344
2384849936875405312
12354322903470753792
9475264575599290368
3806609771739015680
6775650329681696768
13905995192328640512
6137983706033454080
2155696766702669824
1227571803849407488
536277986304997760
1460433390344195840
15431950887973636096
14284013133273896960
13120469995592361984
14222252916854902784
5536910346195313664
11016792495810537472
14116473826261950464
14632674978007861248
3824620007641484800
1538711190215767552
10353263022753671168
8290771979702972416
11594548802550986752
2110123661972681472
16605243398498027520
2949367855627614720
10503288961840185344
13714655071633080320
17137957204690698240
1353236097403931648
13604518612874770432
6417564617252865024
1892798303348800256
1748521668608842496
1231264970060033024
13416816363740850176
534499147745277824
12266384898303741952
17369835591465365504
1235912954661751808
838230000684746496
4550022893609433600
2166746055799275776
5708975025812432896
8832004920405514240
16021068290443573248
1306649908933471488
16730450733088311296
7819923659567287296
1836414640670245632
3556082342927384064
7453890416496713728
16776094362163230720
10362126769939771392
2286923504484003072
6266416901156698112
12899391964323190784
6188636724953168896
10102729525145440256
14024758526191869952
6198360738205291520
5545263956871506944
18198847513502478336
6316590932194369536
10661080837192034304
3232633692619162624
2928055468974312960
17150033269773852672
620716216532366848
4051155211079954944
6631217708782377984
9824899275563755520
16972959456379820032
2749683089088444928
1780073641846901248
2990141062470914048
15087666291256528896
12647032908418865152
7494699058067110912
9870821016805457920
14429509435150196736
13713123085138657280
18107891748582123520
7974212983339245568
2046971020958130688
11687467745502554112
1583198496829317376
8052035529464593408
207933844362801568
18317431562422978560
11961068089811552256
16771028029468964864
12181118349570390016
8495119457129534464
1307521679150918656
14499493316452141056
7227445658572796928
3205135734729119232
16782747484516413440
3011951011372175360
8945387933264844800
12767727695793504256
5220873652934502400
11213334250422069248
754364706480978816
8385908927286790144
18074139758675533824
14983616201663479808
3374209962335164416
8514908761509429248
9205368428565140480
8260346550300122112
8235929100661714944
1691247203485186048
6263964653417889792
12968586164711356416
2137272201898188544
15899588102931638272
1760968082642628864
3202183001289176064
17360309118188795904
13886027805647015936
14687099863419113472
13881616305257553920
17809206093538258944
12104192351335675904
4463716548150804480
10603664229744142336
16898693251312130048
15841451338664165376
17640439259916892160
6003734619133041664
7723896602160996352
17704837168878997504
3182643063361247744
13292772637556754432
3608721737585940480
1413846911603204096
4807787614875517952
14928398458891450368
1097369845373921152
5220468786789532672
6330657961638756352
5534507951044547584
11305566187325609984
17252136144512196608
17101721928754829312
14026965344515090432
5626672877593792512
10384673109107531776
17878950044716720128
3380025447031167488
4531452292423462400
14152557855516372992
12341208946449868800
11321220686975862784
10228484793080444928
9845469853508974592
13025128604757915648
17150961927727276032
16932654217942237184
15936682439272636416
17522296301952323584
9549880401815752704
6719005363079306240
14384090106517708800
7304413048786216960
18375608979058411520
11274489278411509760
15551381185158772736
12888195342651797504
7906597121318027264
7052831602098394112
8842989966370027520
12298424324084252672
13566392840183435264
4510260625010815488
14155473554284222464
3825611575116428288
842502841130405760
8267779808825942016
17122782108291657728
3939760560790657024
6695611231772392448
2603349390636098048
6213619496585556992
1525574039774023936
16454132911705247744
6512776366490839040
14769081060265250816
6562952079996019712
10689008994863157248
10205803963007776768
9657710790029076480
60133970436308408
8303636294064881664
2012748671597567744
4485604164720386048
448525588195795648
12559082726468460544
14013484606222411776
2135737274402486016
3816647827548183040
13252937047126331392
3497819352656927744
12180269241360195584
16926756995894276096
10402863512663123968
6357327050118709248
7378505440018120704
8104324483668291584
7755952810469053440
6560980674500817920
12221259112413339648
14594873245916063744
15934628963987968000
2043332764072086016
1359178962680663040
2590266257777195520
17125190078546982912
16753997364355145728
7563184948583727104
501059103099597248
3096756832359144448
6006344330677185536
2944608750882283520
8221448508827674624
16225896444003919872
3903234430848712192
10746678436497240064
2508594653192269824
8039487104581238784
11845010688174147584
10074446649862492160
2973580220060306944
3064974182447403008
14552066905343940608
8290683898455477248
16324472352394287104
12263185851256367104
4171672036016709632
361381007640937600
16472340555452309504
7325294937485413376
15803909237503485952
17978552595666159616
4310036337855387136
14982205119243563008
3985734690598701056
14454095391725572096
2674771339562823168
7934690222860957696
17824536422542606336
14877253862000656384
11252919606513018880
14557703143829415936
5214324063726456832
13668667449496305664
13151503065839351808
10013485203659212800
11033882600069808128
10001347209017958400
14076916074384017408
11804208543505303552
2218377959898811136
10117461898845618176
15679061658885031936
611207872390832000
14296298636083408896
1867596390926781440
12694941155610732544
2444500676414499328
12748622733752508416
18057086237075806208
3096091102668109312
7703022651287636992
12853000092975763456
14501772443259912192
6842430905970349056
6868679612730705920
4975928097879060480
17412175800607201280
16221783049764513792
8245631572866659328
3308124975968728576
17471610515708848128
13781380120731062272
3964032964822880256
6163824715840654336
5249565264793673728
15472460302254671872
7035442504739871744
2116512623137689856
716752145661787776
3964124052730311680
5371230117201776640
13851598477304190976
11967864156378169344
5028217863638879232
17909232937617846272
6555441907828154368
1712876666021114368
4162899070149875712
17846525753835917312
8342104686317154304
8829470046412196864
12853395119070638080
16020933653750872064
12963771534183780352
8281439223377128448
868562655191495040
1365009441683921920
3793038732828977152
4005578591970155008
18056914898169810944
9451716935158773760
13879321203635585024
13453255092712480768
8081946082488721408
15984994270655617024
7628773435195313152
2963809774610165760
17674539371779590144
12729669679891554304
14717022715695587328
12706717102092355584
15135077703726653440
16348853962858731520
17826413935286026240
8150187208741361664
11875977741402771456
18250407988947531776
17529756107166638080
15328681642191190016
11276762270186119168
8740208726053150720
8894357739587060736
10119510867749347328
5940044889224854528
8729156764961203200
5867606826066937856
6815088117910550528
8256656231762497536
14877856448764622848
18289681382886815744
2183617674095550208
1947243786072205824
7707050263442095104
15286074864402227200
3897791981040194048
17379840261489872896
11132630046399277056
916907184447933696
12694901932774598656
9321427206883051520
11825422836785815552
13124290600230705152
5264343566852384768
17253312049973135360
10771886530681167872
8297720623687564288
2896544322148064256
5205236527245850624
14353550625278177280
16987954688143476736
15588698719827251200
12425698709638150144
3296535670464329728
2642676968146073088
2383833736162381312
931686408239625344
15029566169278095360
14338919301911517184
11201811977524652032
12255220292455137280
6673440711765672960
15273004797117898752
590056777522283264
11762846655035555840
2474108649440315392
17580972475764510720
10878351505796638720
9030757454323404800
3855845420616427008
13505618429408708608
2025507478982700032
5466142564193617920
