1875509704447065088
18083821924200298496
13406634676541323264
11421585443254872064
8904882029831415808
10719575310317414400
8179908909983954944
9826806554246326272
17758580389896062976
497160098177709248
5281700573366696960
14705363196202096640
18399728646093762560
15410423222721947648
10876521342285760512
11756991259852453888
15803588672755513344
14229515671769022464
10686462772276592640
10148936510196207616
12147125485651585024
7914593292707790848
3510055150591979008
11169926147387869184
8825803006316186624
316254368724821632
2891632992297582592
7166735222630056960
10234385904560369664
515820153177025408
13137769103169953792
17242698642396571648
3538423819180350976
5755117102802696192
14506631896456536064
17125710360620146688
1430462124643297024
11663031033300987904
2084797982685613056
10189805145620137984
6867073900296623104
14735754769327046656
1595868141402998528
1572059864696562176
6248447025856629760
11713360076586498048
10049285397588770816
12140487669335502848
18031841908148977664
3265378594715794944
4953839272746136576
3599517793115021312
3517560329824477184
6279590993420363776
12618564182393303040
17892783155663155200
1194654513950147584
5869598879855124480
11217732816095760384
15475751766116055040
13868503494046971904
2613784649219783680
16191242908331005952
1078051329145367552
12998362921042313216
18116779506656735232
5779717559390152704
10135012596955213824
10754599153502265344
14533350794252353536
3071154794708154368
11856736030413301760
1395632846555639040
12388639563347052544
13876751643979065344
13946341312816615424
17814658666366939136
7256869135225387008
17350021668192679936
17817951021933735936
10650116204353286144
13733405689435848704
9101368874192178176
15290186818293788672
10364163896621473792
13182125785766586368
1336824745982672640
7135696897617173504
816202382133187200
3621294464597719040
5258916454953372672
15390052842035367936
12831713904739280896
11404746343387625472
14831377962466240512
11260006970373842944
14345484311767123968
9158096712774842368
3997197935181416448
8802437184012544000
10048263165417834496
3143330472816418304
9282859959026079744
15873114271296831488
14659015348894193664
10630279984227190784
349528099074541120
668190801801261824
484602269859262208
6134515921695851520
5325899286592974848
9988513611975225344
11493323038081484
13619954584875190272
14679342794995503104
8553137836835816448
17869745542825459712
1622958112344977152
7619762965814616064
1060332710911825792
9953800132621533184
5945242712304486400
9071985219291878400
1468717999510045696
13125498244762972160
11499353360916477952
9329104129954869248
3862712338652259328
3087834639327956480
5405716708013555712
1188078664892930048
11550900781802944512
9789100186186166272
17705209654193426432
4505737799555941888
6159012198921692160
8317691928287525888
1212093934934355456
13863741397888464896
13850896404759967744
5523851204813303808
15508216495509604352
13342539719629156352
1362318185735406080
1917976824358150656
12754775068725878784
14237338651806779392
2080474733443227904
10952303175115030528
1715775047984344064
8988404040947759104
9126431312704099328
12793073030956470272
4333069025389702144
8917532993063325696
16939296263878508544
2218443706300543744
318037462627603520
665885207353241728
1630494713543288320
3185472730958928896
14237259604330760192
17165093041830223872
3764536783665672704
12643748834608365568
5228262410494995456
15466099778065436672
11021023215480297472
1057014404290220160
7845326195442660352
16379687587961540608
13749169735212578816
1971469711543862272
18010830341535682560
12269673631371474944
7005286623523845120
2781901237064230912
18310505540037935104
2821276585573116416
7831263010554448896
12354616137466392576
8630348433346169856
11022324629180598272
1925431590282644480
9114065529220574208
10103881820427337728
16949635836384428032
18227431415444416512
10695936887274180608
17949855614918301696
15359345110149097472
8166061513578565632
5922373439388744704
4571748188045690880
10391797039228121088
17578485378992556032
12700090063769358336
5248648625660588032
17318197291999557632
15354465955064006656
14835825690826102784
3635212744204220928
13145888809891186688
16369753123412998144
654355886595692160
4481410766494457344
2783207826964243456
4870372786431846400
11552771760582924288
3455688158136629248
95347897293075872
11499296995176556544
17602504339947225088
1988738218410645248
12583802714521300992
285097423439492512
7404595856982977536
1483033743005071360
15355011796814489600
9365887903936344064
12022481294493237248
1357171764539716608
616362909446810880
11502341228845422592
12525880691033456640
1637790149317713152
348514074116620032
16313864713780140032
1332033851203106304
11342381030494158848
14524730250316320768
12517926290154364928
16473211648056066048
13893797474721591296
10996746814686810112
6715809565100294144
8062838227932657664
3972966840593551872
4929955023191005184
9357968286557396992
87132987056344352
3500034083945453056
6135029846363788288
2937468777009556992
12472369046931412992
7814962811657458688
16294749527153375232
1990975144320042496
9113965998671918080
268774086726367840
18371702764458682368
5838028736958555136
7171022289400749056
1178846420711965952
5540782699421873152
7784683736431094784
10510505385759551488
11222640257678493696
17718718242314416128
15129196442805512192
7616252378824267776
3159799596780888064
12630060786983129088
18056868673987469312
7162145430534858752
14870415411311710208
16382186293659049984
17259400508927705088
17494872284847941632
7057141501850508288
6794027706783190016
14527069508824285184
10009671894005856256
8713853132777216000
7472284756853505024
4164632839821185024
9097678932184552448
1401776393440032256
16088929891341531136
17272313165858009088
7819333633580766208
8380207625562556416
10622433848072624128
3505399862935537152
5296261209920918528
11482927953314166784
7495326328468834304
5171266196473177088
174750152018426528
3909886238283835904
6605934521122805760
16768008360752099328
13252453663590209536
9057621903409913856
13756243416248014848
9347192123968854016
6756164100300738560
7321650054179312640
13161774705046927360
3182228116715731456
11736185490751795200
3619718677254281216
10641253490364624896
4109214078489762816
4912275875945911296
7518188889971409920
1808668130029387776
3707953490863496704
4023539000908470272
6805557537509275648
3723055589833090560
8447479617264959488
8547418027299765248
7951846047511265280
10727250063028811776
4937006493471736832
3371842216551690752
2340691255715310080
8546338307867046912
4706728956952497152
13158125049136009216
10990671558385350656
6184890138839741440
14190460530570082304
2119311490789878272
15490767875368450048
12785223970767157248
9568159903875162112
9739816806914629632
2109434324195712768
7944421713233740800
7137427443447958528
11729250770990530560
6881292749583335424
15576717491546103808
6771965020773246976
15025396167531073536
3771277722696697856
15484141076528594944
1635660680948530688
13334662028854999040
16422244986102206464
3824311949884026368
7923687627807760384
1530050247350491904
17918709957104300032
12301806347744493568
14927534563652311040
8055672467809567744
9768431562796009472
14172734751174219776
3853031602825214976
15888851992112021504
14241129882487738368
13170674904306130944
2324155354529598464
4009367807204679680
16965911298016249856
9977385469336451072
3131538649341863936
3708263970146985472
15966247936908306432
2600074024457628160
7289683018713376768
11597836941648160768
12797499962646753280
231689252482991872
9973785658528858112
13267292370737182720
2291536721330253312
4183856578622031360
12684124610626383872
163191291923415104
17682130852184207360
926709587216850560
1053573073561553792
16516095756938080256
6836435358742100992
16092567496358316032
11387111205304819712
4578355725267087360
10856900225862647808
13496654649792301056
5080926070066965504
7576269257214123008
17841066336297134080
849329079009887232
14809074892780326912
17473316563065395200
13474458608210874368
1404745506955590144
15164042357446004736
2169285400105554688
3709255772993769984
5604153380788480000
6218790093425821696
11546809492578785280
3597792094197083648
533005691187829824
4541266406735007232
3142170488999845888
2342578449517701632
13284885912545888256
10725654588309118976
1312932728175809024
326487297241903232
4726149630427398144
7871586453706198016
3699966975415974912
5435759442183267328
14510257701238788096
1546016583122609664
7582567163613033472
5260452805629960192
6241172013644019712
16405299030248081408
14938604615086481408
16311369027855898624
12207945140327858176
647757477875516032
114069362279065104
16175827281807605760
159853209087532704
5829796885903074304
17527100004602402816
16517178539203121152
5525477515891018752
10264351848990650368
3923843394935477248
10568532836457091072
12108092946028574720
9083720329950080000
7500857029138219008
13668260318037493760
9291080205195706368
275619363437636192
12348411881247725568
18275295898127902720
5418418630400488448
15539173140562890752
17939192189753364480
12401865077131180032
8321472319170134016
11715221463019345920
15203808899160086528
14977452142383462400
12685939154219749376
8953633032129336320
7296222440637952000
12570311721037260800
5946591969426106368
196591046766487808
6382486035832976384
9659109836966932480
11549294013455904768
4287193054783782400
4455628643343039488
9336210783705300992
1258818484786922240
15418998682228217856
1828419576291216384
9440222571268110336
13754701041735254016
14855385114675351552
9122548181668049920
5710550362619787264
2086632667464859136
3448434748286236160
17096384634620057600
15802379283963676672
11221529409117200384
3525003090495521792
8565750606956999680
4378916677974226944
18013647000133124096
1238128577379739648
16681988030089748480
14574382124542879744
9587621023346014208
7375310959502279680
11140661789938434048
1405246678167515392
11053512694566508544
2900778670522546688
15327619870294874112
1840239396312058112
1207074964724864768
13144139275042844672
10015203824881291264
9614823786360883200
397983347994918016
5799287188093865984
15697497721385986048
15500667983400048640
14046509860710275072
7158774455396717568
15914307663809669120
5362554355855976448
11736596901516337152
9214244202940399616
10121562154316754944
9359943067967318016
403237372987853760
194704031205253408
8464218535275451392
10171006988940457984
4627359112706924544
18006641725738622976
14829189592523239424
8937531040447466496
872446397705664896
15327968063101372416
6411755177070829568
14946620886176342016
17078480841347688448
7434670266089957376
4791713364442208256
17332370285247924224
16341357884285048832
6093536059964821504
2748127760826358272
9090375185574605824
4520186129697735680
1764693262588107264
3807181494887546368
9545961689726914560
1804160868255664128
18162048980043059200
7460901783512255488
16771574042306326528
17047292338982084608
11285417902802679808
13359719867151425536
6598232285152578560
12902587525798193152
13640790485586544640
16649716417833936896
14120177241693329408
10854180535066439680
14002787811636105216
14220121205955469312
15483411653278267392
10397155775090450432
5303777695617818624
8622633179778791424
2416940228830241792
3655128323924768768
1066496738718398080
6968883672648186880
13954371187918342144
1249817188301618688
14172832755052279808
4814142964424561664
6872243984105543680
10148472096896411648
12182433227420092416
9512287020923015168
9057741206228449280
16290908855763922944
10515925953940688896
1594502380030802688
14594909420762015744
11200315032267474944
12920710919875581952
7874473814119298048
11576865615197362176
3119478155338471424
6478133175085377536
17200453255559567360
5400144416943126528
5804699257187713024
8615191242799389696
16468733684356321280
13726819193802840064
16660927044745766912
6634303781232610304
6719869371867899904
11505042475400091648
8906675969945000960
1460076659284188160
14225606076097292288
5421976049086129152
11571739171959558144
3771117178757175808
601437711030003328
8387987083951636480
11473033408780181504
13783057776112588800
9970587243133001728
15240354418873608192
270396958342745600
1194455314362269184
11470866676243570688
5582180412763484160
5486903486822593536
15930097434950326272
5601229428376861696
15687027633195313152
8017157961961486336
2448946697150511104
529123935728056384
12172090755271145472
7339668352432634880
4819385718122600448
10920130722025332736
17109923786189166592
3795136072464953856
783500163856573312
2302592476196283904
390570133822863936
4471891217884124160
8080339534507273216
4883024423581797376
5698688329060359168
10792790941128603648
2693872945854962688
13291349582466885632
2370258800507898880
11651953442994509824
6576811773627876352
18109281415345729536
9375376704534923264
5453962484603446272
12869106151293775872
16096995777327206400
13071438272246943744
12956765788761577472
11014510817602375680
6783047243235422208
10799331723749156864
3521564347371325440
1553538628221587456
330125492344324672
12832561683895748608
1552171319276872192
18415087496181596160
6425990895450296320
12680153862915825664
8862282845625070592
664507576158407424
11932471057196185600
13420253430066122752
390215379716839040
4160698573374355456
2994286166412364800
16875924814797840384
12712863778495787008
8264351945258246
6752009800081300480
11764411193149497344
7111844084617297920
17760345677369931776
9442827700397717504
11192741338365673472
3155306097331715584
15842555178307633152
11035566075945152512
119020968636007696
9963473732508243968
17968022160246716416
5394976672549547008
16900472304498425856
15338475938549008384
5674867284079988736
9410515165965598720
9816594132805152768
13294426511509639168
4536466491506880000
12823631571593691136
200892498142395872
5319226099733533696
9571799257473613824
6109922118010217472
18414877838140471296
16778241636564318208
1426141850771729664
6602347705432476672
2986746950810747904
8351743130877628416
12630813871333062656
13393938586235742208
8485257630225122304
275900899571816448
7449420927366202368
15197689929441681408
7769650127234933760
13756219347683186688
3346154987229125120
16781319459029846016
15755042861679779840
2003770301616445440
5664368040038873088
4140143250509317632
6694985129748662272
14361686084989677568
4283701938738522112
4143667761929211392
4378536278639794176
15209608284713213952
18225750103301267456
15922583172443084800
3961849988929953792
8798270399563058176
731354983676251520
1754669370851221248
1468495949467240192
12473166272115146752
1612557343872946432
1621956018839270912
8442476241840954368
5780322454992151552
986974374423111936
1072271079652880256
14803841613980676096
431063211818104448
17429665117242175488
4633664268879084544
7800905012450966528
16027064919544487936
11500536164892485632
14597663554726643712
5323818261486713856
351328751116462720
12410401830497284096
11436681929710204928
16145394739082098688
12819004785827266560
14257059102436667392
4546465034065721856
18101223425989769216
4468227535486519296
5786205391292716032
16018635006522802176
12493449806501038080
4992953714227948544
3465371138985622528
13791736784707024896
13534118469019760640
15552660659106576384
11348531889517813760
9732939397533390848
13863329215785594880
10770068782307020800
13398115492837996544
10218753694777042944
17257570635523057664
4894926053923837952
13098387533261869056
14605442656598640640
16312909559128281088
8313002392342348800
9195373405363222528
17023272707536320512
12382963417152473088
18016345614171308032
3179987523949630976
4273370428964926976
9702439520517851136
7359369601835433984
12867646283912800256
9763596329913780
8140534552088089600
9047849959942751232
17200975301536917504
10725985677615147008
6408870579201753088
9586939124758355968
3896267914454059008
16601941165086738432
7055410150825488384
17507911230924384256
12485757606449903616
6357146378330113024
6344453325724996608
11497002716501583872
4946597463755702272
2229625950468723968
16257993617819860992
5712838634469599232
14014369571452139520
10018944802902482944
9807582707444879360
9457074246546323456
14210828947594203136
8155709007005151232
13139188080185958400
17698399936916269056
14300304085390510080
14502680626981613568
1620613748086866944
4901083620233390080
9266450044326418432
3718677263251233792
3229327609318692352
16282487804396587008
17342149173521221632
1996286607248993792
4208772710568154112
14608424738905982976
16961179710529275904
15375151994374842368
17634550241786255360
10918191233604364288
8790236056393937920
10742135030212562944
2998231315087663616
5563617811338145792
1750861521765167104
15577944434123911168
1705014639440339200
6727068056204323840
7202638561337608192
14793870308288831488
2521124942227815424
3278543603605686272
16236361709285302272
5084808243120948224
14981649487774173184
14401726449146378240
7654011359491456000
7496486128575600640
2687127919108695040
11013751288233096
6879029424168222720
1636359757017292288
3869229531192924160
9352511714690232320
15583655159384399872
10676079599354701824
16922803197915045888
13891517511951357952
14927168976174862336
9611394733710168064
2998108903206498816
15580428611761463296
16541870890577580032
9474304185802727424
15046398853239859200
5302882548051955712
11571433808612591616
12858322274701973504
1296800240069169408
6962889885783137280
11477439515411990528
5643554006104640512
8619825550090370048
10534307184432621568
14026335714972188672
6975533208208610304
17132106522789101568
9479479244142946304
15750904331034869760
11518622015947036672
7097986503227508736
5743837075756549120
9174292406313764864
3486578606057584128
18223694355250524160
4012979466253807104
9552331257782730752
4153137637916014592
6199883896139009024
11025205871612862464
17825240218392371200
12779590545128026112
9997161929292636160
14936318476791896064
16509293113247000576
7766132229118915584
17895534130777481216
18089170204959262720
4698283000139634688
4552676453488715776
6332564815858173952
14857301292456220672
2777393719417819136
349664980283238912
16059713168413900800
16599843092853946368
6287122571580375040
1832959783712468480
14108999809270767616
12861547183803346944
4543600274327540736
17627977668858849280
2771041723186125824
5234793290955163648
11017147915401549824
9833467168351653888
5514938783306391552
7635751364909887488
2624728572236980736
4379913825628746752
596424862662798976
16132283587639164928
17218006934853941248
2826083654080147456
5755472751158330368
14694365074613065728
2994688135543163904
13071513477507657728
17852019975486076928
12596736445996302336
16168228788447502336
13444092949263802368
4885493008142742528
1107530031886466304
5205501212133498880
1406843977146493952
11615536892034279424
946908977331824384
8380218342149588992
17570777975644080128
6105794076618074112
2576644700946728448
4432845295858400256
12130385449465124864
12512143132533948416
11569034517038075904
6068652021444732928
1489443906786586880
10643570328750643200
16305069942713169920
8095407711324877824
10121957821823248384
12492789326260555776
16898158299174848512
10971771895922345984
9588173607225649152
14691191971194128384
14466258839714629632
4162055282903092736
7306328742486802432
15618714287666210816
3430567259147368960
17939999208642961408
10162501527664662528
4062777592155659776
7751565811400161280
4670700618423287808
16678006220214913024
2563290778534740480
15236533796155371520
14275920540101818368
8591113242153932800
2261249468026966784
13806909015260942336
12459416431235837952
12208736111546335232
13773767465752674304
13589832029735936000
3873183037842208256
8763057500989240320
7877795398670173184
17589625558831681536
14013698085508984832
15256693863156441088
12287938690061774848
61368794231136496
16775451115443079168
2423864188849158144
13427755207966738432
15959091393725921280
12926935631782643712
14873307983632998400
8854590152426637312
8186207747670109184
3971238162157804032
15964889796388018176
1833568550328667392
4335801243342743040
11695787322071408640
7944516535459422208
10379092878203172864
7224973409888901120
1087519712913386112
9616802094591209472
15680198374096179200
10497590198401333248
15839146795339448320
4616326223363033088
6617983885265838080
5141900192460584960
2798053321404123648
6263153518571645952
852170081557215488
15947696547391776768
17677652888241907712
11484798284667013120
3003744996225489408
2457375356782682624
379491666515580416
12094498963945207808
9218895610903627776
10284740966042929152
8349781158325018624
11589185020383866880
10822823314170060800
9241927712159574016
5354210080916471808
