14183301500112447488
2334324186659507200
11430155014686345216
18327816637470990336
8600717743344692224
4211757019695302144
4261370936107542528
12625476557368469504
18328692129071036416
5245904671128800256
1888987412334755328
12072202148382035968
13620858424381194240
221204155720974976
2813713601426906624
15976846572290355200
454220169458309632
5545123316453718016
1516448317333262080
12166142235138852864
12723583476587354112
12504847666619856896
5244276894500785152
3415621414352648192
2074472950529064960
658926783251481728
14415644097746728960
14061593922946398208
2649070144114456576
15401441035931031552
6409729576039909376
5675186820779267072
5902671556822983680
9165660428543697920
2924706896420585984
10105587099670628352
13385749730786662400
15514217199353896960
2863811704792817664
18362903130270892032
8450919447385846784
7107582884229432320
13841378051398963200
11191517611342745600
14302318240602556416
7115767347074953216
6449750727330820096
3633928009949675520
15087650596996386816
13216965645815672832
11588792002997807104
15964079937502158848
12576296035154200576
7146959161614471168
12407582804960985088
14824540923095764992
10574289611688787968
6411111282018982912
4399877952635831808
8927858315998709760
6386554302393072640
4088419111888448000
11553882136014712832
6766604218732621824
5253624747424234496
11125660698730012672
547806682479190272
2317725061414337024
2856683463059670016
15171101768106960896
4817802974465764352
5509469331810637824
8042669903558621184
5840896067095097344
2998512815980268032
16386424010009516032
5875159188430575616
5896756612968266752
15965096678254258176
8855976510700157952
13192104343319115776
13878031508910385152
11555265647874138112
3585851101964818432
2804790428058735104
4006197363965708800
5186131300249691136
8540757836141047808
4006786510499648000
2883671375229776384
2711158727547353600
14599007472581474304
423710098786629056
8724804676165958656
14875618256463233024
6663132419436456960
18127095824699832320
3008726440312606208
6220189826885052416
2056575872268987648
17089612352683153408
17141744991595692032
9465776153686880256
6348390607681382400
17456683015911409664
2772689978221460480
4839835117966564352
10795300482090090496
9890133616287924224
5417409835745189888
17331518608672845824
4419209482320889856
5115962697572190208
2012860475288727296
4727586553223440384
12896671209000716288
7313097793517826048
12185104780497664000
16907719968327538688
8898122308549788672
9924747160092053504
10451677827697252352
9013441917140449280
3340517873714025984
4396815779627032064
6489519303708236800
657922358228545664
63834014441975232
4447928495738830336
16567145741623218176
13755606890454093824
10475621975977617408
13498826915517712384
1998300013175842560
13173953646026999808
4952626538908270592
1336416686329098496
5243187000240613376
14404521462239221760
4789406159758752768
7460860284431131648
14997410911086864384
3996621702167472640
867365912672633344
15317434360923482112
15386747368520181760
361481452629665728
5120484771755806720
634810261247422208
8590332333395319808
5873365867753313280
9274924780484145152
10500440553032364032
2221471471412969472
13993145539808124928
11030794003469740032
14512494882149167104
5834156908962077696
14435291112837566464
11979416543253055488
17706352993835530240
3591984995265503232
8894324289294452736
3621863033136368640
235820795616254848
6099572232799011840
13866794144551194624
2048058147851483648
16491469359124627456
1870692092597815552
11302794763859034112
13102691222045153280
163354808618376352
15493017808360052736
13338946651091273728
5524401313659523072
1500296495695870976
3452544704464141824
3728139161263560704
1628807802414078976
18073664922221688832
2506366580235553792
17181312655098378240
16911966868642484224
15099643716277643264
17939418201572421632
3791578406457200128
15288995912503453696
10452311229314334720
15942464843516413952
507733995328935872
9652527187190624256
14867328651621822464
15943675716211468288
110587534093507648
16730410168324694016
10672479818911887360
15442769160607819776
5430921319848047616
8486401133551113216
11069577613286582272
7250147556060452864
5189304915175634944
10642032311025141760
2672656957234269184
8572304629560428544
13885070772442365952
17306827608617103360
3491737288376961024
13677095190189035520
351008828691029568
17607651497478506496
16868677477489901568
10771972417415940096
16100072910194673664
16722469556979943424
15101236036033515520
16313913059437871104
2805527771814219264
12756871334758469632
579658795377247744
18379982084596142080
13965640738457407488
15006100800867309568
17588796296905635840
11059334678845079552
4723979960881801216
4505393567554853376
1841250901494814464
721612477089583232
12293599927526127616
10074249221475641344
846079810423919616
14372586642171430912
16220636877812060160
751333505419845888
17064283448339914752
5254158308739996672
9956134060766234624
18274457372881025024
11915007611671599104
9756025868640727040
10520129628565127168
15938927014772373504
2181026932406834176
6468765084457785344
15530458540573071360
12800703125135931392
1479782848301969152
16579054653711484928
15167104941777317888
766078720404339072
2840130736383279104
15573789280802881536
15645241101336928256
888405603591426176
3854013571400778752
6677108919031847936
13777697671653228544
3206345902947254272
8847189436510660608
942060259512672640
16884526571188944896
8697716842309439488
15376539903821037568
10598228411045216256
1721512321693668608
7232370362607915008
12663467813324167168
1858781917621157632
4336785582734062080
12889277666074337280
17176814192270993408
704074128650856320
4638149213993783296
228417383535493824
6579343834023920640
662866973849509888
1813701249915311872
7592181419326885888
17615714747254169600
12614610241088032768
14370495921103757312
18035522418905227264
13879479735267688448
9101318907681819648
9158836856357646336
4461383322969230336
1985054652785078528
13889107105569239040
6620609455000803328
11629853476383754240
11873505573754306560
16917367311606190080
16691743680782798848
8862917613284344832
10255628679510646784
14914063471936829440
5403291742075293696
11793645148071020544
13746173313863143424
2893747596500088832
7724219714536509440
9867219872710805504
12387748112941856768
10343518799626850304
5129435228108507136
5449258286740213760
9113956333575756800
5473283779041224704
2433219210631411712
10655308385246566400
2251836436303963904
6749797109827794944
7213500287977694208
14357815270332624896
8797578311732670464
7956799327126644736
15554945945922865152
17489513910027515904
9441976159105742848
6463745311363496960
17470141943516743680
1652997265317653760
13962087538711355392
6120171084040818688
2379657213484642816
10924505828201048064
3174600924768002560
3901690225009576448
17327382621688514560
2907760334837489664
17599380195824336896
13590256589331529728
17721555350088591360
12161245335149774848
11475744898578077696
7052502202212655104
1584650576276444160
8210766563885047808
8076500852531620864
7749552473376354304
18124654456953083904
866509905660701696
11417112385834690560
1439258122447010816
5094679550112410624
8819057350914420736
5049590191704493056
5472846472290861056
14711149464044562432
3494240866657575936
12203380996317233152
465759782677586752
11157904872213551104
5766853812235405312
14725902055234639872
14779901832215603200
7596025983561789440
4211251610390608896
6806679407199242240
2614581714355656192
15533867347130632192
2698887677364890624
17374560189438183424
11708153401799036928
13081019538169821184
3726958719894199808
2741172270187761152
10182784611336128512
12448480317497925632
5023114480768925696
10128707962025097216
10784358574976532480
2422985753949698560
11415762086991900672
270962205317236000
4479686972870155264
9713225271889301504
2693318083422006784
13263652596013664256
5227226178880345088
16710514509538881536
18014795900790859776
14228597911264696320
3454738096281312256
6726613061743490048
3864879450888718848
16930581873041231872
11260607743062593536
207212997884514464
5610984060357494784
13805421554774800384
8182684363203791872
3818732818022596608
15573462901391939584
11293342999263543296
5585311151786074112
4482454324099122176
7448688458870028288
12311613962613393408
3339392847816440832
15045853316052899840
12595686926454142976
14488115979300931584
13350221174464505856
1995194173703196928
2035498453029239040
10379124058793773056
3387913003459170304
11961462878008430592
6092074805750839296
17342194864614543360
14813425679083554816
1245471816358241024
5402508389268392960
12699788259350548480
1602304691644778752
7579291246361527296
9708907234637348864
9169980812274349056
7053018884148430848
3932209834108918272
10537663188274657280
2826091306034350080
9831565512798920704
9067469228183023616
11892884660676669440
17974832413779738624
10345789150085998592
3076451342041678336
13898878170799970304
11452316253671778304
10850949310720495616
16172773675556800512
17830465670219780096
5860593084914621440
15723989355558737920
10413103832342628352
11886254491304722432
11385293387249766400
17615305582208512000
3882401980870595072
1055465804681666176
12907319901459908608
7864478793375905792
5344138605070801920
12998562793088684032
13930173556812316672
12225183219252840448
13448428260995336192
15232839857914157056
5820147740232847360
2895247068099079680
4956727606977503232
3462251814123958784
7649280523280765952
9443609036171036672
786313714194197504
146011738952355328
10921317814400923648
7971461054894314496
8898693208162217984
4372404839872150016
8455299222541075456
16225059113936900096
12738744997835026432
554604617544785472
17245855933173970944
10318349946354681856
1208021077552938752
980220546008962048
14743952552484106240
10005397496985681920
109109134574923472
17696518594694363136
9770889960731707392
11963439368714745856
1965199712821210880
14485711652281458688
12908481598083710976
8358200722014494720
11781866066935300096
15530779670666571776
3939388552429299712
13388869631949834240
14971567127401625600
653262466643197952
9255458027191236608
15860075310977366016
17828832490760228864
10422011175928956928
13872789478191630336
13550602147471597568
15632708197742628864
63545888285301688
10831467543614248960
13931220838186393600
6647935810243718144
16809249765775075328
12003546253145559040
6496371283087686656
9376677394883217408
9054983874620009472
11576442107531177984
2784533634188627968
17047970405669722112
736378324790483584
12803966666040119296
16216810258418866176
4494918552698440192
638112662419682304
13961944386030053376
16622529762596816896
13392483546812766208
18284100779977052160
2619071657017448448
4049829152765840896
6920076083075918848
5554289368707428352
16042315553455108096
16276022680237185024
6703287307572060160
10297424835085563904
7935148874415497216
5930002479833115648
7823227242848793600
3298020770603436544
3776247924311634944
1977097683512740096
10939477142327996416
371731079505365824
11515041142089482240
7637186937326317568
11996796955554289664
1261769714801215232
10587274064568162304
15942252591024162816
17231933961947625472
520900824234461248
9325728495873370112
11431770692456759296
10723426080930715648
5538954296651063296
16769570227321530368
191611399198830144
15716533863882422272
12038447229497612288
4636886188832492544
9213139923469474816
17051275050599634944
12053195105060952064
13904590712404422656
12594514287608782848
2561577093236819456
11399348359138703360
9667197798884104192
9463245953840082944
9988660249839648768
12834365777810372608
5354690819811634176
3353790464190896128
10128116558177325056
15650189318161969152
176447381407460672
114236676729823776
11262228283188496384
9827242177713854464
12799377357701900288
17418091686016878592
13892328127659159552
6119596364967882752
3585462759530513920
14840000503346718720
13960759235749380096
13013144698237151232
7249614728695901184
3626668888280841216
4542439528592408576
2834966535537826304
4581282824816738304
6709325114968264704
18395678679629338624
17313187754022858752
10197592093180241920
3621118217063090688
8755669107297383424
4295567967312340992
1623711412153433600
1136479568854508544
12547953285679540224
7058900226206432256
14425486584877438976
14611918340851634176
13823897732967327744
3135954536078923264
3152072905387284992
18154004380083417088
9298447066420006912
4041166468660896768
5455524361513579520
4233229545868071936
5370301805696382976
15686784305607757824
5131305180041141248
1990174900508015360
16127211757103423488
4672683000486082560
10500466590998673408
7149958378597332992
522835658691513984
7166159269978556416
1695103882256285184
10317580749082314752
17212484383563249664
12518833561556832256
3166964551722775040
17790205450708938752
3956348661658642432
13156189531272968192
13463994738229059584
9963409201017782272
13931591421737805824
2708666964899162112
3160785460472529408
2177346735636621568
609997118332271104
10636077129682591744
17216677227766730752
16160224119389220864
15903047706288439296
9142418455813239808
3144342134944601600
15555382865330581504
8102527600201081856
6720168886107786240
14696411426405085184
9394197235079626752
17206615595860973568
10913546473478664192
2768654130832578560
8136939949811464192
17040055286837846016
8838623479117916160
5910578943799646208
16034211986357501952
8776959508609729536
15449129559621009408
6929482293351652352
4855456463616201728
13531071659031820288
847430272153139072
18010717514675423232
15074399366340497408
3470803931407415808
1253765375423496192
17853127743005978624
14851965311804131328
9091351599987832832
6991029685582595072
3584484159919267840
17046625424142383104
8100962870137559040
49550856811894592
2372542754741881856
8028923023855192064
4590929401988913152
530287664935117120
11974399507046758400
3743005570768323072
9135486351888712704
13061592518625304576
14241762717215008768
7293029019721303040
9805516083316580352
17951858822460608512
607749714939123584
4788186224735072256
8704697605296082944
17138520539594862592
6919251580836283392
6998794662624241664
13480597795953879040
6865942235007168512
17972751743032588288
11023078741722767360
16146073485371656192
2856879847653210624
3770480032271272960
2836590017676755456
2613349217631877120
3043365457537842176
16727321278632710144
10397410611664697344
14481364240277778432
140686834065188656
104849880995838496
11924580162831495168
3257900840534677504
9864903731746107392
11349170004986865664
6444661764591745024
16052349612953780224
812108871438590464
5366061273779118080
5334935178325336064
7958903694987070464
17091832996408297472
17705805307936303104
7620533941715394560
16826363080765966336
17824422591179243520
13158432682528667648
15069945326751281152
16563129921984925696
16474439114844096512
6774190758444942336
15895002410710843392
197614966144451424
3653257380740962304
9902387338530062336
14573156616169863168
7137322794080685056
10739800383373252608
5640551938148410368
8973159381827050496
7909147464498871296
5172368143885599744
10951610952740352000
17909702747753721856
16045047576186546176
8285084776542934016
11621884900635457536
11808033548096714752
904790928723237760
10303021173734465536
1915082402097956608
7609326924455344128
15902346611682404352
15833550042976505856
18341511787848052736
3986634796093903872
6173609228808374272
4934347830673537024
18352288434667595776
3921469801411290112
766910015930482560
12777783901017923584
14335233966535827456
10022462163457232896
17988782472816044032
12829425773737814016
4045622154298737664
9449922791106283520
11038619735800889344
10790828264901959680
17808567860847880192
16796600958143891456
17169207575936253952
13572498664115415040
17935556263403849728
8739255703888051200
10931266182055391232
16819953797088315392
10406078926724884480
11671463235387994112
11548279387476733952
7888881307769856000
17993298585169680384
12909648548172173312
9416614134363140096
16868954403172362240
2788561151765444608
3338477159629054976
17951452984668098560
15222795571033520128
4265302038984651264
9044213950468366336
864325606543269248
6555051524232597504
155583047007780064
12673268062529646592
7419209271485035520
15369076296400510976
10151757721345128448
18101140832202919936
16889599434915000320
15494452215275677696
18365180979767332864
10032269478859819008
10220591117964601344
12173679324294424576
17009239542444419072
12485438833257342976
11961400018061094912
11678347601009790976
6803765458110604288
11854809734103721984
10101806032621877248
9368990177292126208
5047285889328151552
1144257053891038720
5672548382747659264
13153735751079585792
17012258146069190656
1172687713577778944
16058496564083290112
6938645579593138176
5778536629991370752
5315657383022109696
18190645214461474816
13061331170821910528
1464177226550243072
10425137131174393856
14974775032452237312
8618739334439965696
4135830725365967872
15112274550572089344
2883658524972920832
1840715577369144320
8462494178198001664
7026475114832221184
16818843959987408896
494351283456118336
9320557412503775232
11655515862351642624
18308651690314917888
15687326027043389440
8863124823689672704
8855931605925734400
18323772224550922240
13708234667675830272
9931553086820988928
13464560366053066752
1320412969528515072
2754041736009486336
8231710757099409408
9955128169410455552
7014597181508852736
238567474069675904
3990928818930783744
12331419119929575424
6487663356665562112
7463029175674234880
14324797115741566976
7097816446196043776
1095493199092992128
11111779186785142784
813655610716939008
10508781826864504832
15974819486106828800
6244600789369491456
1406117925654975232
15759717454678867968
4787573706766345216
4693800278108979200
5155411794670785536
18087488976914532352
14213439081008717824
13181721187232630784
16124723687095584768
6310879458300495872
7091721445762833408
11241869060439658496
11539772759057967104
5074227584554534912
10046149183188920320
2267941693572429056
16612200022591111168
6807088303200333824
224360259261707808
2047415454405637120
18070516428795852800
5746057240339289088
14498371499713413120
16364258922929340416
4783741895183102976
9370159717050593280
5444923291126645760
8192392283855111168
14787040717581711360
5889251500260466688
8060375912627688448
8401557996865393664
1094436271229831680
13375837130581100544
17989048116149028864
11458006448056672256
2556649891595522560
6944837723906926592
3599471292164519936
15251219739557781504
9090329821781350400
15019136393659877376
8880901438636710912
3076023081618672640
7472932805207858176
5857933136214551552
15692276234761021440
1374976261314381824
7389772864617772032
7044365874626244608
5464459792985050112
15484769529518278656
17534166135798390784
2021215237466911488
5408827571245976576
14342772842159691776
3112794722760092672
9725623222606200832
12552918064719988736
17942925385846644736
3958415504036323840
13800669678129735680
8479695754993592320
16863235004947429376
17411245479668664320
16108531504951226368
16912526217638295552
14028000713860077568
2136372370141766144
8092548243174725632
8050852855215544320
9435075319989102592
3081926645463461376
15055962873174732800
13354683690104166400
6257776690482679808
10692462485179095040
5295247085787172864
14563693089436635136
17952318441936508928
13692701492468289536
9546677416793217024
8514187515057054720
6311446457729145856
2508668100939495936
8268811019560453120
16246249573474111488
6991201108168479744
16388512909812346880
11936261594570680320
15219635291559852032
6965132416537588736
11353986020093515776
7301525811709656064
3573151246888232960
8048015142688419840
8958557198871550976
10179196306042300416
8963330449986229248
17292684325909389312
16882771424611051520
2828835683445598720
17496678483320680448
8383178352239950848
10788518631345326080
15677936892740818944
3794112699044585984
10068562021197068288
5382132663407751168
14494670104545492992
18106856189973757952
2164846757164818432
1675536187467531520
8862492838478076928
11586485409426577408
4281884566289011200
1519546274709609216
150074841377077152
9209179243461562368
2770855328498368000
16164636345063084032
17406194096964966400
17876956884398301184
17036770020250828800
16352436825274955776
12491326414228744192
265744487815387808
8453516852506812416
2534490157328231936
12118367160389361664
18315773599231090688
14101627860393129984
8117853938421076992
2103235651473203968
1078651208690014720
1038179134635113984
18154719000547811328
4300820595385470464
9092281598584294400
8645073141216673792
4639477209719738368
4260714673780248064
1421065316204560384
10344489202802059264
12732463849216817152
13393285130205382656
1118203434628138240
3557436480978385920
