1490282942840066560
5578612517255077888
10115029194177910784
15949400664376786944
10120562687199893504
15161390296980348928
18258039291254726656
5383139866206285824
14891368120203874304
18248487270967756800
12099037160263434240
5100888716944459776
7221097573638308864
3024740645255822848
15722320925357955072
9079435633713849344
10245422365253771264
16555409428100046848
17029057149637386240
16480767374952185856
15704960442835810304
12844517708182853632
3539204858628240384
10013589730130135040
5748665798349568000
11669479172674607104
13876918629340499968
6893691731791180800
11872741542640631808
14664151192404269056
13520199716465068032
11086544731370651648
8540748080447666176
2203612307702411008
8797428275790781440
9556505766851823616
7248960579167569920
17736646577661368320
14435239168961452032
3280119383860226560
15474749766710820864
4329860856247790592
9728108337836988416
15933672574547083264
9114945561134023680
14473022007776331776
5432792660323705856
17281031054853302272
17972040289739171840
3674962657091465728
14996466093972027392
3012191547278145024
1603930807713507072
14013794087115208704
12826525112260978688
12641111507815325696
351454223196710272
15721264470231293952
12409788960608522240
14082272698969483264
1588469842208397568
8160820885471017984
15437944184163756032
5567392422311356416
15412116365123694592
4595794909547817984
13564534306499608576
2043003414802784000
1613409828655414016
6968031283561701376
7880237298315892736
1862106106540116224
17297360536528783360
1743300425627465984
10536204809295972352
14009823121996517376
16972779183952074752
1874730497217034752
17255887328167086080
9158835853908717568
3870965254740999168
15946280158131316736
13931938619346749440
3990758242967773184
581054140584740608
8399607261842590720
14801424755459657728
7185762860281661440
11433517865747662848
7381972739170848768
6295635741484523520
17565480755754168320
5080741686205394944
13752947900546174976
13011258378753546240
2362464028983877120
3078874958176328704
5570842454343359488
8428839915475820544
17154664622486968320
14310999164210653184
17697148607318956032
17537801414734252032
2636781629256098304
5934053099366713344
14331181107858329600
14593026062862071808
15382573721230944256
16918820092813821952
4680253804656672768
13959123169853601792
4679398775313630208
16081265893370339328
16375052181413941248
13917613005020114944
3228025978454880256
2724398453818278912
11464182606338072576
8928494914765793280
17552330063385479168
8906149388839694336
6304003415213277184
17232638230562025472
10279483299195308032
4256739057221963264
4908706833752109056
17205122879614457856
16451280331244892160
3591858160618535424
9802126953838333952
1088021234517906560
14591215527832727552
5102072660157438976
2749609558360636416
17979352479622176768
13999049473916522496
9401449160309874688
6520554311283940352
16770472566037338112
8084413448458476544
7680735915763578880
11857682669043916800
14866530626973523968
17897183008424009728
1341576087206484992
15981460053988651008
16909441743092062208
12909766986016911360
8124954746141267968
1241079137605643520
14997809792406753280
16071478935091089408
5207260680478213120
8295167838216551424
7850955558646017024
3976099065334696448
17647855397449003008
16278052043517020160
16460979018935152640
13631895835693619200
9351218633681860608
11020225591866165248
3080053717383789568
896011710564880256
5384410977665805312
1198275678363993856
6983038622386595840
9586661996487512064
7762253162005349376
1335399202487465216
18423522260559554560
16057787236438059008
1890970872090650880
4138832682417478656
146642135073092352
6522499888836228096
17596757068909725696
8632243371756775424
15042633611798724608
8176292052177924096
10253330538043719680
12372785561019023360
3951735910624536064
14146805087751704576
3330058604323996160
14158621252190535680
1024232719480391296
7049699467731372032
17826352817017036800
14776882822443749376
13350042963147124736
1897558384681405696
446630594030613184
3480136078888580608
5178477726705510400
1468440896044802560
6118715764554620928
17553751742869020672
6109660512380786688
14148970833619730432
16979102552701571072
3385753305231247360
14326301612731424768
6949903450246155264
17709179264146046976
7299120772018817024
2340755278789789696
16902563780109762560
7949429791855073280
2747162031565899776
15615800409507166208
16673400379120857088
2603343197629315072
3901229732114172416
8870820732836435968
8640609526218825728
3401378403742748160
7620237444406991872
1914336143951046912
2899691571025388032
13473414540241494016
14388840396798521344
8109382668336659456
8288244728407219200
7716365159456803840
2145556767905475328
14694851050928128000
10078141477800357888
11932274244539416576
17810402331162757120
3952628945318601216
18075431859522246656
7657424559173712896
2254141688481378048
3192466674465361920
5665714867152646144
3157653062989946880
13546097665868109824
995687193945638656
1285605948461349888
2452142515767695360
14447473335228954624
10505574814827257856
13250480697179222016
8330727231766868992
1998894880785911296
4998015365663794176
5660278029908994048
6680167988283300864
16447157390616436736
17794492624386226176
2478487168369875968
11631649633267070976
17585187468235753472
9141558327373114368
3542339677998095360
842572738518543360
9691379447533635584
13283447959527315456
4840843213910628352
13826015799577026560
4433377127356295680
6748871254642449408
11249611308706639872
3143072801221567488
27525880861666920
6105073258370932736
13559909845161271296
6520414533688344576
11195187380598513664
16269805551518009344
485228645014887232
11510849188428365824
18164796952286081024
17055223322453231616
4194828920733498368
6520161597580266496
4238530316516800512
5755422603478890496
16638249461445539840
1654989717954744064
15284037657169807360
17548168592067833856
3125608734209781760
18282436551302176768
8534189521039477760
1447917730903057152
15436828563294650368
12159922759407616000
10308844429202946048
10376652512382050304
13534534274393575424
4216948957724300800
1333880535974159104
8124996554225963008
402256977398127616
7605924453217343488
17644451848702038016
1573398181940667392
8511761181866045440
4360585304428213760
12801109728065579008
8820613656266518528
9084824131094982656
15917158698059022336
12293810431778570240
14679822362352527360
17626770885218899968
15755480660624723968
15306398736000266240
3890894204832823296
16150993101558335488
7782119059072331776
15547065911923947520
18091153659271864320
5683368377307982848
1791983671285971200
11463768917079281664
4595938575259566080
7760264554548212736
17102380207787421696
5790032594204433408
6302427515611348992
17328630488534376448
6350570247789386752
9562480556457166848
7634705067739839488
16570930230875527168
895943093151141248
14741223130090031104
3422859912696674816
1394498022035978496
4096160220603069440
8973467251616587776
17211006812186738688
3956557803159204352
6656976527415119872
5168204978965433344
6367903627051921408
18582920906973520
3842557468440486912
6594032799673015296
7840741479862172672
2669496756641797120
8255817188660167680
1039225187336495616
5839634819235912704
6800100890847698944
9045265430588598272
10177182537224896512
11335342720779337728
15134882107286923264
3455663924938324992
11215468451750809600
14063363002062102528
3058166408055364608
17311917122238404608
14211304798091380736
15534417176691847168
12908907701948143616
7791572899751383040
14735819081001611264
8790310930602539008
10488364880579600384
15095582256323149824
18234647586108628992
10061393992989779968
4790946193882983424
8235351573192804352
6779587248917798912
1986007175354635264
6902026859776936960
10549579756316667904
7617734298360875008
9315783960925687808
1266677018240414976
3677819854497625088
6359419244371611648
4982077984728480768
8611571966200517632
6457059074766430208
824309808010382208
6610820201671075840
11416785773243805696
17203554399675557888
7871000050694381568
15177320990472568832
16530429428347834368
192525539491199328
2041842096184117760
17288921939625443328
13885101443464753152
6023072770636928000
9761477620826032128
8127292147481448448
12124068914206509056
12178544689883791360
14833831156259448832
16486352760764121088
13791121781449033728
7912299288730796032
1539075091839098880
4446044016752923136
14876055308957204480
4939972485281145856
18374018877286932480
5948491572282366976
16224808688220563456
4441389725543993856
15030629351596353536
5296662973586678784
2522466195728174080
14344370328945504256
14893966238743416832
4446391180847478784
262988770807941600
10721238230757621760
12471916780331081728
7690913984712764416
14677292555177472000
14952620778842210304
7183024296779868160
9915428772052998144
9338103271021426688
5942354705875861504
14972772407601465344
8427010059052107776
2530073643095874560
1702885792539699712
205879160348396544
12186027552859131904
11185192587871778816
2699600138738873856
9238867394344667136
14791353836742766592
17248349610882711552
1836048603980969472
11548676991088818176
6796383255470489600
15311006437438945280
13657752880578826240
13211987483548069888
8233724077546001408
17052888526191515648
13431188130159849472
1107290909396899968
6571585697978919936
10660189095765784576
5712133811118222336
289876987511340992
13846334978329184256
8203547787021441024
11943298141546024960
1903670853141458688
14032297238475059200
5449706008600881152
3291638859323520000
3976755682906815488
15697503757987708928
13239105202536857600
1337154438249632512
4098958761716376064
5835537748275968000
12661613407535044608
12723069865294657536
12955635732545077248
16743696708643760128
15119396291424305152
6889853315353148416
16421067152787220480
5512614795380563968
4741115530420785152
17483262657387685888
14246498771805296640
9421774889424998400
16617115602377951232
1832999151168039936
7036248880361307136
4783121551775841280
4438539279917507584
9622307156653821952
17530916278162724864
2735801667754230272
2846876296249220608
13901918710961002496
807925612916108288
12603938668943017984
9725102960548603904
16135645472825190400
14875969376292308992
3389360260901198336
15752318984748589056
18063601574202232832
16628729034765887488
3942176852327435776
4733592337798776832
13970080074930937856
3355208392862586880
18201812675466819584
10352278611023546368
7293635990325374976
15204564644855705600
17340412379051524096
10378249305465393152
3168766475245166080
4025061987800221696
13659133514952818688
11068928414113056768
11620179978751592448
13060199872468393984
3307219355567475200
545050689347811200
7890926063929058304
15267323925524776960
9348067787556581376
8031888057834471424
5400950649281854464
282281802722254720
17660190092285597696
12158009556096862208
1788229881142580224
18169002156761884672
13872298413652037632
9128647875806203904
13614258763239825408
1285113884960789248
11552725718059223040
1806735094176571136
6563437783675826176
17419506931183763456
15579156713905752064
2014879976539257088
5338885482842238976
251066376331041120
80459476168040128
4560597867049052160
9896282002064637952
4268397265484745216
3001528906671762944
12557556268355461120
18190161904715552768
12900572847414099968
2009892876889761536
11275466927900596224
17927518485688752128
2557147608233739776
5086653329781175296
3301680144906188288
12852254542252918784
16323334974143651840
11889567134114093056
6372834182267117568
9358851963006543872
9437215446730072064
11470100299433025536
10376102442492698624
4323086489808133120
1438741996541263616
14026794959616403456
17740153500046585856
15574130314213832704
1783328394932164864
9275545065075103744
4175747159397441536
10550815745903933440
5337437018811463680
18289888536811583488
8647931639730842624
1039889266043399936
13254515569541502976
14031767963309879296
3363310502208966656
11913563264163477504
5125751920364609536
1446652246293687808
18223687742249156608
7726262480958613504
6081550720478896128
4553866631637359104
16619201151853875200
8612844906825160704
18113845153466097664
6699740726957240320
3964731782999667712
8162524592762839040
8825962964004339712
18079391026125953024
13679415980723062784
12428062212305197056
9013682211843207168
9305929358567161856
4878287692735406080
17047079589218240512
10284530957027401728
11058354357370851328
1607584900672531456
11491616788795287552
15658424274046664704
16843197564447559680
15361038049098817536
10792904636108716032
5968764240279096320
8508877470659121152
12596217550006505472
243498097979937024
13908780322591358976
15569977312852393984
11040142448396773376
15007924078380367872
1434284534385666560
12422486688361793536
17077712419261552640
17002458076589260800
11736332226256322560
4601156963159187968
6100491588379191296
774450942457562880
9167531053987885056
7493330386745545728
10797532231469527040
1512850320490924544
17986411538371842048
13380883893032456192
6433869455414660096
7806269215487827968
15135333778283882496
11819704144902848512
1079328880916681472
1368327654316003584
18149980022333925376
1703216489719166720
13613452518634565632
14473902633030295552
12933718635236007936
4985643764206855168
931492999995064576
6232762199292810240
4376784412106959360
16074890622928181248
3928688826413400576
10966091018503393280
12635131915779235840
14212183951836538880
3829990748900734976
4059220610775464448
4461007143636116480
12819122910657781760
8773252658364138496
15288528086491615232
17861027201770817536
16391787077871300608
9214453941356043264
7234321973103031296
15040504587604260864
13388893419084498944
11527833782043160576
6512728161094857728
8090596858028994560
11820701020288624640
353531434211648640
6541037139021413376
388153964306237440
12713270911886376960
7355546381301374976
7332262303439394816
8233290189753756672
3046435208750684672
2948235449680273920
7041057233313670144
18168587311921981440
3753885104919393280
14142786989561098240
11490058598271410176
1282578492051799296
17141434139024074752
17768706810194616320
17527774576693405696
8041888654491123712
2189097874231424256
6363575040373843968
12373740301659271168
9839662820458139648
2172453489108724736
8978570402821210112
1143628705251691008
503555788581555648
3206074599349681152
3331194033212571136
7077844149633548288
8099863292811866112
3314197681265726976
13739997243539027968
10145519551396911104
8647351725860431872
12642890230321594368
4907402326667928576
16381071120229345280
11120253291778193408
3554384800977601536
1195724019389517056
15132868491325478912
210222846921402496
17762693712805079040
7433028666625316864
10218595146274525184
13646942042076803072
11797826713789933568
17293480937840824320
10488284363358291968
4655419618159015936
11473225392637454336
13345630476489371648
17041504382535819264
8807006270671379456
2454518830212410368
12781510902538526720
8656060069250345984
13470056992835211264
2807245453951825408
17384862726984163328
3556674190701517824
17128126606673483776
13865483107425519616
11993861300363440128
11822261249240276992
14618948212435066880
17087999863434465280
11053170923770468352
3925381879296482304
2609880088019153920
6028701128610270208
13941303814359500800
16956784709344301056
10255554266997596160
13996168598536144896
15489938284847132672
14673788922306592768
4521456759202891264
6911402623377019904
8071321393805208576
15286810725089480704
10868522604962187264
3784043801485286912
11883430468772599808
15838120760463894528
9459055499574804480
13371139142301736960
10369843915734847488
18426017987322132480
1188113743270451712
14073746145605040128
1143588185566390912
2868853660052047872
13634239797361272832
15012446046396764160
3646870112066725376
5625000648321510400
653268999152660992
3854943241564608512
4749524140071215104
6871149652224752640
2782757433623420416
12853676056092307456
5384684574927108096
8364101583262990336
6272605586439439360
1732216928636459008
12264276445964701696
3213380143049021440
5987009032923250688
6844436809229761536
1984760929124164352
6229414435496204288
7953773914517869568
14454719474187403264
17640401058023055360
11585016945645178880
8571514980007615488
2362845814489064448
4816060553222870016
13370705407621181440
6071702287305513984
17314538686872838144
12530840302099681280
12382181956810452992
591331035920871040
16696627282040199168
7607373944403921920
12207474932622129152
11295904413760329728
9684917005251647488
15282825769242521600
7099027954436188160
10347991344334602240
4759436369424684032
13753492509110624256
14258960971157473280
11000475715698790400
17254800782842327040
11389453611563778048
8385126885792608256
8585565314283635712
8256074186127258624
1561815316931675904
10852104940506046464
3117088338824092160
15730126388928280576
9180905380034740224
4378536099374394368
7451992549869527040
4301174613416152576
12739599256369553408
11765888962371350528
9101473126053274624
344904741068651392
12584644897353846784
2790905235520952320
6800996264453083136
11303349459374434304
10095616014490025984
11154955886050281472
8126154999976170496
6458539652186222592
11912630780956362752
12004865523593005056
10971729039630694400
8615111964965601280
13905428907778502656
18268213132181413888
5286206114199969792
8619321943615784960
15855899980723523584
2121142861444801536
13799766769894129664
13929765620268279808
13838255821172893696
2818791508803256832
16662715472355926016
10655745692024047616
6312163927758001152
5875706691161724928
6347360396336864256
6821406349998922752
1397732224894368256
1750701519503950848
5924331914250032128
13116265696317992960
10531481692892762112
17009268093406916608
2624428322341576704
8360294287489497088
15054203322109607936
13229567530627575808
1374637629150097408
16169335220062373888
17366301049990727680
1096743987068603648
13207965339072849920
16718194283190544384
10089833731095339008
13753429031575275520
7863091003014461440
9003400885907784704
4908888418179897344
2910536345981791744
14134316360231409664
2232544832839243008
8346461713472251904
17685708824355604480
2891604663878053376
14729757450178342912
16129910742373826560
8699914404908197888
15368242472245702656
426759932859617920
12124128001429364736
13428031056201158656
12659125379430449152
16470036528625418240
4738614403084873728
12819131666381903872
16265848740966588416
4276162693049110016
18197947019449135104
3269646343870586368
3237149738426119168
16914928073817677824
6557298425381099520
8184015517732517888
9360408981114056704
17166790889917313024
16485871849804892160
11222450283652671488
9783661969765828608
11043461023915614208
15649862312026398720
13964888269947097088
17485388189935601664
8633514618762038272
8448450254202617856
18268649150803265536
4458624554808270336
18169193052503947264
12877346706581878784
451063078956230400
858132098384464640
5185964663634273280
2474764158695369216
6212138105495749632
3323257654892097536
774905596333007488
5752118262795945984
14237847444484458496
7192364019218999296
5854689884529146880
16203176396265299968
17777348827652161536
12502379358743068672
10224920135296239616
17229366162454063104
15999650898441484288
861022526864799104
3103355578140150784
17999424395504650240
9633290305016956928
3927178406451900416
13008076488669118464
9146007806140975104
5964074261297605632
14539377921121370112
5553638908645959680
1359966993522238464
8567646407515674624
14668668603787800576
17510829344314675200
10967400168269070336
10286941353314963456
6542427016161772544
2683343344998136320
12151895517840226304
10042081034066221056
3773696202368785920
11953726690689443840
10192572534638282752
4216252883390693888
10884863066459146240
843386092670915712
4963212387354070016
5662400135572981760
15508978948054999040
7478414486490088448
1863155028899870208
16951445390259632128
11345718349972289536
11532905106683248640
2797983563629124096
17531642590833258496
332108846194541760
8157592489336711168
9557491979211214848
13750718738305075200
7276546494876411904
6415941011798966272
14455764455874603008
10728981677426804736
349113187539308992
12412234254749904896
7701491696883996672
16890419070396934144
13059847795811842048
6343140431111938048
12765470893716764672
10313080813494284288
8857693496677535744
14628203021923158016
1806057217476520704
5043484732385580032
4260967215751400960
18105584566929582080
12485990145873473536
15067416004890501120
5238207372474834944
5042167480620248064
3731057618242072064
11314984097566064640
7302996626030160896
12346248810765185024
16038631472345630720
9593702815281739776
8221233762311116800
14848935001009430528
6137354476527936512
16399692081211170816
17077687645664163840
15010330770547238912
8615987899207614464
5929203527627931648
12605096745199949824
5447750801409175552
13997156327113443328
