6933891617193755648
16660790118077820928
1315846485251490560
3318257417770436608
10701583841857605632
16628452245971378176
17669669526535596032
2077352727717803520
10258252237208707072
3007805765814492160
3682686335329704448
7834008717184975872
11240137649148256256
16231771108370374656
17433560359927597056
5083014238772450304
1101998460432203392
5363206914303014912
6732015017415755776
6653288688117534720
3434989012523455488
10578034847392229376
3213753288072339456
16368615023945216000
9953856164262223872
15402178470099449856
17038084505303439360
9133637321649562624
3272354762196324352
6023514883272536064
13248123056365533184
7679384262633378816
16125884629369589760
496061845766320512
17890640678879266816
16627134807516471296
11095464012714330112
14442690499630405632
8900934535149138944
1877703395897538304
1032871520537284608
13926496641249527808
11018599012693624832
2638886044277156864
17655454817752363008
4886386763953875968
10203073483834722304
7871620155918095360
7662295023823055872
17357550540966578176
1021515127033422208
4054655274215492608
1069821833328441600
2323246664232802816
16643029053792550912
7541118617062323200
7548693010781829120
1330004702737953280
445478284712820352
15729005082836799488
14870100378728323072
16723792250926825472
16478021861461297152
15841402920467519488
15277627692878682112
15132010107184631808
13853681919459364864
884253475331915520
1126427588562822016
7195664335897638912
11465451172467107840
13027373945488621568
8343494997688474624
18148231486289620992
15183297308601049088
17492976069948092416
15970017253647351808
9254848448432181248
2444469319131219968
2793436723390632448
13393505818168582144
17389175464522307584
5663465201486978048
1392412174647145728
3562641052650866688
10408826509311565824
6625536149207309312
3645100842707353600
2936947349036766208
18075829833591869440
2381230385510770176
5445549889450793984
5894219452069720064
8321823143013195776
5743829962610642944
2836724782685369856
16243974292947687424
5298360494167603200
6924885550173218816
6714986669385133056
4940733998303614976
12186744382433880064
8573020989785883648
2624298428568888320
3881300933812516352
15554394288579059712
13339815066877386752
1079621054164343552
13095731418790297600
14816409557936443392
6998663097537819648
1000532978141449088
3765034207951175680
6136614268837093376
12482602452814196736
2291278621520305920
10658048350852376576
13373591188489515008
10318552141148704768
246908436598308896
16947592214628827136
10300784439484041216
4573783235271597568
14503289177898835968
7122167785550741504
16976077888052217856
14237252408827959296
12790632275340582912
2603156945648842752
2147143201337247232
10129587920699308032
14601471351481993216
12848331556098822144
16706713920558614528
16019887767898820608
17308020882264442880
7142333802928110592
11118249990973730816
3734682336147550208
2883489556198274048
4995061869654321152
3909815331361428480
1073770507134675840
16905195205306925056
11170752292754882560
14695510901326729216
14400576677382006784
7351896755509082112
12170750457117190144
16364059594158970880
18214286327741384704
13847762794640013312
6243788744056990720
4404950518671395840
6513686105789384704
16756756569227256
11164859736943169536
12191830904702259200
893442829906695680
17112619034199838720
16902243724788314112
10090519855045978112
2047624861592449280
10442489391224911872
8233217981930215424
5716184231465316352
7520439425952058368
16066920355373492224
1747528681015372288
13348249018163380224
7957836080478314496
9605976937578622976
3896168469756811264
6348180813759314944
15300364010458095616
3244277090458694144
2656582318542731264
4154264967587848704
5278430993107037184
15322992023087167488
4646423513350765568
2755416999662208000
9239676491349680128
15677113339165736960
16493034552526632960
12570005951061950464
9763955027270676480
11663243189141579776
4472205952197712896
14496873357113350144
1567527100865930496
834256287184207616
6256499792698564608
1487241810655436032
15710037481037324288
878577257427202944
2801998582911605760
11801938681034373120
17502271693130758144
9599596648656021504
5065512984138266624
9969777453474398208
573354922668295680
18231348649833041920
12259515847245348864
1000017469232624512
2016725504422696448
12973245305652133888
2220230585612169216
12527543980867244032
4409282309410334208
5306476296218268672
17429434420458102784
15611308600466919424
13315100695633072128
6974861339492893696
2759713546096919040
7555932206471041024
3219993691750797312
15829681783551330304
11508897677222787072
5709567873716409344
4780178084778136576
14815249332869052416
5345493540203395072
14599814978137790464
16852631055165480960
8024274355893580800
2857740420193734656
15502151362799423488
14700355745170839552
9472786194496239616
14232114173621211136
13731308114571278336
2718824970854961664
15101856345012975616
3675382416938917376
38595286957750624
12784904569848170496
4995164091974436864
10458266590079885312
3659771848053239808
8614160992979957760
14538827470390370304
5917584851926875136
15799382504907726848
16814718837744664576
11057940364149491712
13289159464697409536
11189828221507192832
4373933712861110784
1883770887969085440
15427566906030479360
7107896367550877696
16494217118251165696
6708986912525054976
6614211990877996032
17286425932522452992
10502609059124725760
5678764035497194496
18084106172421218304
16990989519437750272
3588266507611637248
1119557085772332544
16991765279114854400
15435606954490793984
2288852734229653760
6033332824642200576
4088878334117906432
1227947368435414784
15867740221586542592
6760740860019433472
14240177114123694080
343038323100774336
11782584124508852224
9486539990622705664
16380721507862575104
1702693686223616000
2502376464602629632
738098424023583488
8632428310857228288
8531272139310149632
10925703196399941632
2138608529359583488
8948955095437787136
5931850373691848704
3839778222539226624
13313156458403729408
6495735700988651520
2728815812589394432
3370220596871896064
329310301512502720
7511299270545845248
14337968574774956032
7777812247474595840
15736924776737318912
10379107475162755072
17362973738178971648
14885114902346045440
840604795356399872
8406813202630863872
2652378038113923584
1338402133890147328
17710292473048840192
16751668214232025088
13049111218689648640
3616375958582889984
12566423451561372
3883131433756313600
2858880080136019968
7249680901546382336
11859753542238029824
12092496162048032768
15932303634695866368
11684554915622182912
11272982229011283968
18093256083406938112
13057619012327886848
7424444824804056064
10885465277178392576
1860075956758502912
2537115915048367616
16205949122085740544
8387073619985112064
4874796488763995136
1034658748567992704
670214863904753792
8339919645193229312
12948477732121405440
5767463573309925376
13530914561339633664
16091402039407613952
6223474727833229312
10589522857042360320
10313266403908005888
4443303376335440896
16446898908122689536
16883538363546615808
15895474596103770112
3602391307785992192
3430273725899603968
1154682157179964672
13448370478636685312
3721424752948682752
8790717425937895424
1613413549807476992
15951764736019515392
1891931573501147136
6915113683196180480
11661952610513498112
10615344949479026688
17705805636100720640
18210491790567858176
7059860061094879232
15182512744314793984
2621673240093607424
1110385863518731136
17421726345387370496
7880164863373804544
3604112699766214144
5672193948988397568
14049499542154135552
14892889721822998528
8004457888603745280
17525513221594839040
5665872394576584704
17416863416669874176
16365294349222686720
13174578080064483328
274375109045632768
12230593670083270656
8576537904179132416
10194409033656856576
4603373984010081280
3703156671241828864
14592546939070398464
9362126475645786112
11505679217051957248
2440871878035373056
15298233851740755968
6813022645886134272
16055780869142740992
14061348569867350016
6075944789771760640
8097966663351720960
6205376798348331008
13898714844452454400
11064605455257477120
11098527308627294208
2350350314114785792
2544045463257536512
9214541500580998144
10140183577959141376
9470854293912864768
3186897706317113856
13676423757141690368
4280271776979730944
5878639203192629248
2536845439838198272
3101708469073811968
14202028829650069504
8647481379349685248
316167179388101120
2970148702857057792
208412112265715936
2900357698018296320
16366144843169738752
420669427345637056
14194292183707705344
4670380430603455488
15323269727505477632
2668247633805585920
9467672237443782656
4114747641844656128
3965038648993397760
12380999509176823808
5140663161037124608
2944776140214526976
407478304360725504
555013277429013312
10516903154587918336
3983481055636668928
12403120367740887040
13990071731386816512
10060834400082563072
2987257589109221376
8154181368177054720
4554959474115813888
211994737583039264
12654291283418146816
158469973153489088
9456218753880397824
434875634819575488
12371541449888268288
4226674596314744320
4075523122517504512
6104878061744621568
14403963090693220352
7017110783139713024
9870978741605601280
7662293675511720960
10256694025908393984
685979517037778816
3673804548276122624
1998223134951711488
6625572889889569792
2712190030051966976
9979020893073121280
522491042932134144
4658949618515957760
16955041645215754240
7040595675315946496
4476629295980295680
5495837119064881152
1190722013753876224
7405833196979965952
475363684444039552
10352193268453165056
2108587459058226432
7972173855196931072
1724412215486072320
8566289493391035392
4400773212855665152
1171644736278648576
4261298355458308096
14975935005448652800
12917075186402435072
250044903424011456
11760481031550109696
14302632423708284928
2618496178049577472
15461528017472020480
16944435277998686208
416044840541567744
8961993854061406208
451522019487424384
16383776843884126208
2679373276792160768
16867666865170769920
9629298504567255040
7191789284063333376
4984861297292924928
10700194607622598656
1640549530817379840
13477043666461714432
473272456780616384
6538566103571922944
15166893895135334400
13688464989559883776
13883707346073856000
3429802899308902400
5208649298152165376
12816115816325365760
16331393961478176768
5605638223804925952
16484674110848827392
15979964060531517440
3168806978920685056
14005942797174161408
5060986543554784256
2428010331526070272
1536112696037986304
6552134434459057152
9562885030215655424
6305821231156663296
5067460705532950528
11801422166846214144
12303100330979727360
4932776618398678016
637298683129521536
3708694123698916864
15924265060868759552
11443375840912959488
9760405479003402240
6383795447983086592
11900817088416825344
17845624301038925824
7458452266082164736
8238660724022874112
3076713086280792064
5198480979806865408
3834518682780884992
7144813931713581056
6453562061658875904
14006400066972100608
17429600057504415744
7284984623780663296
14216543955033356288
16604073407923896320
15430197183242641408
8801766313362692096
16356933154343960576
332188472212736320
3526144912638086656
15658760561442510848
9131985916686156800
2305838180937648896
13153002967969050624
3555067630764771328
14909006363607744512
2534280246827786752
5106867709064186880
6139013723909508096
4123410793030263296
6431715665478878208
11779504866103152640
8108877345503670272
7877588680148414464
14675384409464303616
2749823249170595840
5482379507314521088
13995761505546475520
5478734715731547136
186367102733148064
13485482343934132224
16531524728282210304
11086918347109576704
2573903184908454912
16692528024095275008
12773357527688550400
17527271225631682560
2518936782631335424
15887196571992084480
4738082662080242688
14532733778693963776
18032495509701695488
16833530183851012096
8465704762119898112
6299452990545065984
15357509447222003712
317148905315833408
13121897212863799296
18331985451020515328
4511008768924933632
15563148126985543680
10151076725980968960
18244354277245044736
15660185359189735424
5444639478053173248
13955939231356131328
5585731099000865792
18120663096328136704
14185414907443879936
5043007220970678272
8181965424272856064
16252502999813056512
15891553607386386432
2363487541341326848
9687719529274259456
6207296126909531136
17940510251173500928
12890601765939927040
14841800772612362240
13447571709919926272
3141018963778811904
4740466817416947712
14138705543638349824
3316033874074699776
9961966853280327680
17491509165790169088
8654999934318225408
11707911296935659520
1130689733267870208
5248908602689857536
9185119460496302080
6441966604865765376
3200878791504389632
3380570493741761024
17605806337585829888
6840834685512980480
15504546936508852224
5884128308638492672
5863832936559351808
17320482341258502144
3155912205685163008
4913460816837748736
8092149433045888000
9906155584020054016
16723005071316013056
7468131049778023424
670621150944091904
651523276116418304
6524086755614438
11983340153697912832
7745599832519636992
17476523758850586624
12428577808444213248
12548994017234808832
3758945686331651072
198065406252667776
10564633545172215808
11064681195470989312
3108063063012104192
16835284949613549568
14389338834548256768
13627126501233225728
9942000552648517632
11033036745511671808
9437513738819233792
3481613112091619840
13653097782321405952
15066666159293001728
2472958913019659776
11278013776631949312
5465261589792773120
781147702822431232
11256328751949051904
7147773332252753920
12223527215775453184
25274632974623260
10135172712720459776
17181678418004731904
12924997650421846016
5494905337593468928
8481744097621307392
11665142599870853120
1777849758733926400
8369611005309966336
7751043792518179840
17334748772854384640
11780098680381100032
8606688103327380480
5288836750943386624
595880790006264448
10115540158811181056
17466626057883668480
11410829594375356416
6132636689720206336
10247911530147248128
6285126040529357824
5343725868125888512
14797360227863814144
7851711565675915264
11086744544558665728
6695834755190979584
17636280074360977408
11055155260810727424
16831865105526388736
13058479899139995648
13066603204048033792
6450249736575518720
7626299098886972416
5446875439609209856
14426365785443436544
3103382231979645952
143504952762662624
14391400469104566272
5152723949669407744
15732412795689357312
8098831517062014976
610251107987429632
8510984044064014336
14699147933980360704
4077647339737967616
2330676459112040960
15856824871376457728
4375829580824989184
4148308800320910336
12239982840800354304
16350902535086968832
11344052871122612224
14865049685420091392
7189298188515889152
10283462865006622720
2596244511599420416
14381319943447539712
12548904874108028928
4482164990039761920
12927116089769357312
9571137170760079360
11562242243183661056
16884342955964690432
9801897979794067456
15403370171940478976
6055953308737055744
2737436996843162112
15484505569027680256
10449207481718028288
6071655192117658624
15012907588398188544
11843645995982047232
7251962531092470784
10749116857557837824
12192554448635379712
17132467422315726848
6783566438348618752
14144018237741934592
10446205834253817856
7035614885469395968
15037067682324389888
15241629129151680512
11696257947832117248
3211600961529182720
1277026418509639424
15255198597069092864
409203249114931008
925450559207763712
5633536208148770816
13300722145656948736
4335983926338991616
1861834766992082176
3639979787639179264
5804662073749536768
596616037302985472
4036357368570942464
7501237093453514752
5966442707524343808
3965476906099008000
14848577500502282240
939192205873610112
9599597358802776064
3920234644255720960
8525342569037106176
3664052225851030016
7018471388854228992
8223933351591632896
10538987625781401600
7534142492167723008
13579908610299144192
1955444254121451008
4708401752513986560
7604519671092850688
8780126956832914432
9232723889564708864
6978694097189389312
18292732296451082240
18202181363999731712
1307980630484305664
15435709444076220416
1182466933863071232
13594632070161057792
11457199066162255872
3044901720118736896
11620713252147564544
6812551072679886848
11062725398391967744
6602572080086117376
16402007048689938432
17708800021106182144
7284129173485286400
14938249957750222848
15231583537419974656
6698808979243620352
5040420710670309376
13563918821636651008
1313569625768278528
18272791210845976576
10027004950816649216
18220972850232395776
220739773007053696
16707984915173107712
12184486321181016064
2420916302632297984
9522401619507361792
1965495068067081216
9613839573830653952
6002429115213491200
12589392111239335936
7548505262833323008
3621469673117822976
10802321501271085056
2416599069860427264
12864827039154911232
6745406340994145280
9223136629949948928
3012025296001810432
7839481000206486528
15691599501384581120
7631550084601136128
10296341217228953600
6144422373489734656
13032964449443735552
7624968144347497472
10895292467185360896
9932287283519287296
14502701974288623616
3862858672295166976
8432540824760346624
7994345214945851392
10070114503699621888
11052042657670420480
2131779236509999360
8454715477937951744
13030089031667419136
4339705754153738752
7599203698049597440
13534740716778739712
9895352783400747008
12324936201040797696
11915488001266100224
18323720983815731200
2782899036682137088
28026529917263460
8790198733267584000
11863735030256955392
8006455364985884672
5485735463919624192
11091337165262249984
10841504811149254656
14848025812318605312
10012747497944903680
8196435431912437760
10982013098712952832
9270792737077616640
15773343239625867264
17366035246261110784
10724166368129712128
7520069041643954176
3806837418823571968
12347087620913434624
14859963251770800128
3239037497793567744
7986576021740046336
12172579510069127168
13983523711918804992
16569789035479109632
11224220038829594624
2526298592644807680
10079007820606930944
18116771917911982080
5070685675910941696
10807474769321902080
15286021657526659072
5349367660444770304
10806838529243387904
6590337208863657984
4758504759599171584
8491676088972747776
7418531460388258816
1305368319911678720
1070400950671297792
3587115837200905728
2295112048867974144
24379776581920704
3993119159343467520
14768832988107835392
13628232340919660544
8389964229066176512
4892997888389259264
16287101585657802752
1257485978498293760
3004424532259635200
14676936757398448128
15360824769659936768
1971762055840777472
7497756337253664768
13554791118156632064
15717945316550453248
1890985188812433664
1839405389085286912
4103422486411363840
10677023635600816128
1252962806625281280
13483020374575566848
13199179485320704000
14257241626766276608
3760773515227336192
890424010242284544
8483553975168913408
1626637749187185152
13092004215585974272
17306882008572018688
8498090995020378112
2122588278284021760
6761760914580649984
6849782108813374464
16998609280047939584
3123943856968670720
15645995984982294528
410158392650155840
12224698396618448896
5264863887014863872
4078952982600660480
4829100147859926016
5951304610075167744
4049448502836307968
14165727357161938944
1036587434072905984
16739812849932525568
17089331291378427904
11029132883713390592
6129115685569255424
7068085091110083584
7839148903205971968
5695129841453622272
407425152563921984
4263338655501682688
11449534499180556288
16516755160781365248
3603625647182725120
3075423725298788864
17270975174435514368
16320757348080826368
11609573360389822464
3376523917532654080
17979026823627505664
18267502983233046528
16934184115020081152
16850660887075207168
2234238251681442560
2797625345930897408
12106239489290651648
18334703106035501056
3314730793303475200
13152357338430691328
12415657362111311872
10868167915648208896
1711657473762599936
3087252448923797504
3253078333236029952
16430683656759201792
9294857089374887936
9453611851022323712
311102258232064448
4378727295783268864
17778770551026855936
7067153724990030848
17787948775912570880
15429504812919572
13898663839440019456
2729707616663014400
6889744120099031040
890323010388672768
1046936883105111424
2574675773627365376
15613997886436347904
15567108787528034304
16949540351833067520
7505267177645289472
9339803978252754944
9671120430350387200
14195212067878567936
10944628219188383744
9518098077509238784
5047720103832169472
13621145646924120064
16787012807677732864
11781819254706802688
3119819898661645824
6414996501900414976
11285288405477640192
423693056741782080
1358814698554474752
15390067399269752832
14751598016026116096
3758321912512268288
6339772148565476352
5702129672536136704
9167219135337131008
7710365451748610048
13843530768609628160
5823113961966878720
11039340272188794880
6554315290392150016
11310228865228328960
6615978963655449600
13890476230585057280
828777777233065856
1269298382412422400
10989119262590748672
