9093526431604928512
17137457082822436864
2782422894536998912
16013493676889927680
17778550483255361536
3443941959677413376
17813409281432506368
1909931452220099072
7858876913862944768
5681086103527504896
14460463182375589888
13111277098335047680
12859887666135914496
6158311230727808000
11216034358664011776
3221717512114693632
10873708319083048960
1416309211867766272
11585064838566724
3514119656043645440
5297942064888418304
15801082322674051072
2752684598190340096
14927334437538652160
3561296554311041024
1631820252700764160
4974924345949795328
16367790457013274624
14381164618388166656
10119587513245995008
12810201683656175616
12647788336025909248
17221637439772018688
7030474374648181760
174208493303034816
8243457552344792064
5122485772202479616
6674991409665932288
654208197210838144
6085143058542649344
4499067805393275392
18333877905305520128
11700604757307863040
16914386462133966848
7590294394009905152
14797512865290219520
11166330368179355648
3319189410073654272
17067627722856783872
12097387245028573184
17029304377485242368
2946189117431037440
4938425318851641344
11191221381415036928
12576600358633127936
18180783683688060928
6307247853678060544
2920985122820995584
15272731866550763520
10856591379324039168
16926707992761276416
17886097375323506688
14598101530583216128
12390972114647564288
13716453286098110464
9326664186180980736
9407268349451352064
3706984769978338304
8633261632228069376
1878154239324276224
7159675334571309056
3247904706457921536
9096854517370373120
2435838075718939136
6888419421821858816
17273003943745486848
7504082120508434432
13195550501142837248
3175111973034735104
10463142747400089600
10294126464456828928
9588039287580504064
9958765578108755968
10686434822065256448
8784124339541203968
9481273844562446336
1940177779626807040
3585743710826299392
15131355748289286144
5439235187016875008
17815843333018486784
9764063971474454528
14092470174273961984
1912957022992259072
3736225614465821184
1432697233436472320
3278238584711837696
4876472857440187392
9245938415775221760
15391444566682261504
10029593970606342144
297078825756094976
16780806896227117056
5676673747369139200
11479105903522523136
4016844505846365696
18011417444449333248
9454503242366662656
15704876221146081280
17726419373645957120
4202666926729992192
8014772672417302528
6277845903327626240
4473191311373501440
11468486833411940352
10283725252313630720
6131229075616818176
18215802746270566400
12814170975790381056
13904569884085542912
14649079687116967936
664123374859657088
2840591670027575808
3808108642269063168
13140799542231123968
12046085654116005888
11813033921024161792
16719599822462769152
18146443815027021824
16419772745899276288
758445039417215232
12790693591126235136
11834866685922039808
14472694017273956352
12330416805585154048
1137109716756287744
18016282659219728384
16241876174651291648
2869101725309811200
16082385313501358080
9211678057215218688
4771379000152765440
2644486382109444096
1811810931313053440
8316292286848466944
575466044793001728
15830622967771482112
9995216366545500160
3538473724429440512
9088899876525352960
4245775973415098880
12260027952940533760
4923479062763109376
3671474223025968128
12919810745067993088
15889866528649680896
15190231021893302272
3724349812622800384
869296919712356992
5220182928618407936
17108973157034125312
13004812264491210752
5668750043273583616
13073018672915793920
6824417468202970112
933275204089812224
15008805216853604352
14822792120880033792
1652803006657969664
4468816139968997888
5354094267763491840
1082355066220402048
7678186156192238592
3604952475293619712
17461316735605137408
5778537645427124224
10695724958390736896
3066682591638977024
2341550038727735296
6779321318482368512
4333221478027151872
16281123829797339136
10809503580190015488
11218547586893668352
10193906104633612288
2769980109020590592
2502852757443945472
6620761761900055552
17603752844667697152
4563090551045457408
12568642728355682304
9020628166395322368
4350082797307717632
12134573230133483520
17985632573370478592
1668539371364996608
13665964127873959936
5351019547800580096
11657779924867786752
14336381931463710720
15014437624226209792
11720064149274615808
5613908610138176512
1000852155611040384
5613988242970883072
3627553741790581248
5589788184870493184
7635939003654234112
17273017054443823104
16014789697571100672
13543821562959292416
2368902157803671552
11766250659203160064
17447836442396047360
16645123573968195584
6627228961148759040
4118308487908465152
9161562097804080128
14648143064133099520
2456404437324236800
1515200707836526336
9616126598361337856
17002573156199835648
3875074711933530624
16907791802611912704
594417612018678912
204667795169244064
11209548131110209536
16084506674836187136
14418173508511199232
13500272351873251328
3123267227485233152
7866348393709561856
12315304181704804352
18336026931280914432
7848327472435348480
17119145424449599488
10651177911885449216
5996972628056584192
6994526268576609280
2423320959281437184
9760267821383946240
17661908250850889728
6512773832279452672
12279072642113052672
7337583307800541184
13747789266173155328
13362031255339962368
17789940189096142848
7799094145097761792
13232418123395080192
5666119471022201856
12253945443237208064
3079470046452013056
4338905572833186816
10529815262016606208
13116944916038586368
12133592980853817344
2973128093928793600
6750480766906038272
10506385621338619904
1582535918763142400
10753170808655982592
7686427755399245824
15179255280808712192
350777897217496192
12688060094323423232
12429911916724768768
15259711471473975296
15493883200951490560
8508861313293520896
13911502670198169600
4375661124966001152
3999066488392493568
10012229513313083392
13560393088779053056
15596449118072266752
15895391658286303232
11343201460372488192
2247150367268167680
15905151046205796352
4057961123271865344
18144123672061859840
10031915824747694080
1460814214971616256
7827371726909033472
7265107510544440320
12844679892873506816
7203796415809999872
14320693769838956544
10938827309463498752
15401442712983377920
3262746412680654336
19723494292157656
16828298728067446784
2586111390253051392
12621971229390708736
12773773614956351488
14884395592933201920
5172115084205329408
14623941067969472512
15819636888700305408
2589605909361476096
5290252378799818752
13404076477492293632
15267998639566202880
2643157715963067904
2782448349640675328
6922119544651782144
3778192556871337472
8902778319510646784
7086209251501760512
13143263897237639168
10311191838014363648
9313450235496478720
5902228287682740224
9323241676709646336
1239884747096232960
1295016394254402816
7720904036607572992
8260763853506439168
9840230159731908608
4446620532890521088
6169101765111259136
2588048464462548992
10473087457831041024
3486117983047037952
11307964160189310976
17945425863926763520
10140164210646194176
17883539835691186176
10918575894677690368
13072517756925011968
2679416284643357696
13793082708717381632
10299102889934870528
17798979257005111296
9146867356579946496
9113853023330863104
9294976385079547904
12090762798427392000
2940004734269769216
3430100179428209152
6174402548967180288
1870653033833396480
9681886583421216768
8918898735141788672
905366139351372416
6923563189181193216
2069911129078346240
3625741622531085312
6371568631149133824
2902780895818776576
17413102816361271296
1882767153497353728
8706384463889531904
15461527956304658432
11962310665039163392
17067896404867334144
1377484594680274
1977874849689783552
12679455383735932928
3639148340219960320
2580264115496626176
18285672580484249600
12227317200590518272
7001303082276018176
13873440709240875008
7904720729613097984
9818257373797232640
3216614168858587648
6554966672234884096
16070017178962948096
213539316187488064
12593410187320596480
6895965075112116224
8634616152419900416
11350175382811215872
11587778483378817024
5424120331966274560
15227320351281620992
9155347677678544896
18383024931000799232
5005888388851601408
11695337444748204032
3834127273420950528
15593667097584640000
11847877760363954176
4750114332664346624
1627673614067615488
13508610998460352512
14945018395668459520
9617806668127430656
12879328185287903232
9501316206223915008
3519845385321261568
11861179053835366400
1579911822183392768
6873272265133893632
13277528649701312512
14025077993016090624
4000810015892134400
12869713220583018496
13099133174552031232
12922534631028711424
10463771905512013824
14563204918381129728
769551787894376960
650043581268360192
5853868624482988032
8112161576651271168
1272429938712245504
5613984484058271744
1423734909965986304
1549352286995179008
16742455692419127296
16256417857308968960
17069887000832180224
8370906334378395648
11274090382228211712
2005399854997975808
15104338279946872832
11921936236528562176
15380253482407153664
7209778985305928704
17897086155289899008
10517274996915458048
693294828766070272
1025685973792823168
5424812746310059008
12097575537255841792
16919510500204027904
7178159866258846720
4516136968471118336
2228429103492600320
10594037242662223872
2650952753100328448
9138195105184653312
2202923180733337600
12567202607591024640
9919682272384739328
12940628042487042048
10792316097473257472
6390041981006072832
2760834888032706560
12522125964840495104
2739373705820980
609387476123542528
4785926940233984000
4113646881464657408
3459891695888277504
4828798133854556160
13680160686162905088
6079298015836239872
3048933434349060608
15597450869472040960
1744247568556925440
8694167969406038016
13992320827939217408
6610201811701562368
8813761999757369344
10701104953252573184
15756238624358832128
1809766193294981376
8031760415767142400
8986461218290453504
12807674465250492416
2474503450038381568
6158538870097968128
17335031619376502784
3210303613558925312
6697211925663911936
15287715617499713536
12094612160888051712
4184980057299957760
16300484682365919232
18059902501663834112
1797422970771982592
5053176595530053632
17140763640953262080
9755124759406180352
7806695225746703360
8964064886893971456
17519578378192203776
15377973007247726592
5424892344267813888
1684534943169186816
9558257606801195008
8884713093115993088
2316996022943374336
12807244803864610816
13203481058780317696
4356723697247449600
16879971148230070272
11513200187041531904
6424442569751920640
2219429792933402624
14749475747929679872
16689829943521361920
15812208479247681536
9529232286795689984
2967629777892712960
17994776205124409344
14194326057634654208
9170991609972273152
13974616503756986368
3599403991392630784
15106449812845701120
8832091452864839680
9835524097860274176
9929111520853659648
1684722559148831488
6384925022789744640
7517723848149595136
10483762793047285760
14341853435728207872
9727909487767285760
10357877110603509760
9934705444165812224
13544011376548431872
17587619786348730368
5115769283338355712
4128885927431398400
5622161671643653120
3948699760794850816
14673859170328678400
9714910642600556544
12594144446764804096
16387298393547046912
11301344473635151872
13032634419180783616
10693213686709391360
17256235168937662464
3515619038960304128
1457294732498482176
16662858798596859904
7831708749044713472
16186786290682691584
15862472832585336832
5748011289985200128
10630995586333499392
14144692866395385856
677928920328333312
9091765570947629056
12726210909925160960
17640499573732360192
132531416191064928
3459087749144116224
12685806658717372416
11715542785545031680
17744960364361672704
2537918331715707392
9371162622873069568
15604175230060589056
12573101033823217664
9698486133150423040
8288529098884962304
10780545140336887808
18440055460915879936
12011546988657885184
2349513014787897344
1052599197194661888
3316269915593591808
8489073857479060480
14476399299090589696
7128792497907397632
16995044504369113088
7223520170605816832
8872812672151189504
4156419088032313856
607446293569628672
17523609876508588032
651862395703514112
974572543474346240
13041780599388899328
7570791335731987456
6496999748717845504
18349901451184287744
18281734652819851264
12601561969754841088
1781357943136950272
5249416848762010624
12645994101018900480
2347454730427031552
17933161336426905600
6097831783200851968
8696015003487137792
13413835540984862720
3886032640733808128
2416475414253613568
15879768116565145600
11661448056768198656
11594563413330864128
17196497184272621568
1247323615143553536
12589356820070336512
5322788108776759296
12751240423867160576
1195772121131783424
8090161500466863104
11558411190091161600
12818705177701113856
17506656395635947520
10626880896440766464
6233538331273952256
14925203183716020224
8380823391088099328
4389949472278237696
17940216512719970304
7743185098129214464
13636200068910174208
1390634625636197376
17670119732019326976
14568543959294959616
3587963794260457984
16801017330564476928
13542172268103548928
18237450303194454016
4491549327482503680
3716588226716021760
768823225001838464
14076188460248393728
14358622162980825088
6385154088843630592
11273259381509275648
5076919186044747776
3313510069234796032
1509227605810800896
18107773956855461888
8105685965139883008
5222572534489447424
9153129272011316224
689967071321177216
2643045097696026112
14355240050484719616
16396949593188530176
8693895611650996224
9133916726481692672
9867303488745476096
14379118536955170816
11576343710199455744
6825983762915246080
17626616811076528128
16872111597058310144
1768241917154784768
15842885649019752448
18008174662146899968
3342211813813954048
9579434963069495296
15632376831046912000
796546448992587008
16650433176763232256
15594222885664720896
2532613711327353856
11766217246638856192
8876467607240024064
16421992811344259072
14198264498300352512
9585134577567987712
2013057296775861504
18074093188885786624
9232548753164574720
12531167416017217536
1123962562897474816
394330486070272960
8941233336834874368
15477897731808118784
12357846350854619136
1523736601079485952
7063960733792356352
14678361854257807360
14893821200516239360
2033210069413367296
472783493498410560
12326260578718003200
460630423489762880
11187783110503636992
8183015492138472448
17858338013597485056
10941181188829407232
4990045666341648384
10291401066982541312
4040274938124887552
11505804167134697472
895621276287212160
14731061528628322304
11352599152079247360
18233446529221992448
6759485958381382656
1356228528031944960
8818826901264033792
4058621263000307712
4695493274448644096
7633345463444017152
11814296374235031552
12796757346680918016
4613155910252992512
13973712325200965632
9274504244697315328
2040479157603927808
9679250074925072384
18142651089526638592
17193261418968416256
13090612055001798656
11119105528214679552
7746939726223791104
11144386575193436160
527907822871730432
13640255236024125440
15158637889420032000
15447870545342099456
914947904718684672
320899159952105664
11444531826209548288
17019799220346904576
1497567754550711808
4003734076982525952
18277999352126406656
12578456872430938112
8199327629353697280
16454325464931966976
1205761706708068096
5060892015046989824
10019011985314002944
17433361973887500288
11477442060623538176
4273553010092592640
1872668126301117696
4878801522829323264
16501245274685728768
9573652752451217408
18178038537759039488
9424441145281042432
7147663985183506432
16229728790238853120
6606221797853786112
16499757984051759104
4296833085690762752
14663098554870546432
16298018141324554240
8791729720471796736
5512574726347964416
11896570818653251584
13764401402126110720
10409345033908041728
1449640554220343552
14703824223444482048
13348495650019309568
13649339553835530240
2734264302579547136
9864811134710949888
3558050594084797952
15477880889380687872
10650439397948792832
10555258521731074048
13077853388619036672
5848380701114496000
13925789795768948736
17152332181016705024
1079533411941124096
8753170886311885824
8482727536178675712
8552735202747627520
12127076496683333632
8954014202444976128
6982740178736488448
1064131548117560576
12575543521062961152
1373075156029673472
719430477650044544
15185820833093681152
15494688541798842368
9139401046224435200
6339065592616974336
13857250572136306688
17068452335294834688
13691426216273213440
1055750355164247936
10236166258250788864
7698968398189734912
6371632295303023616
16200029376226600960
9885381501314590720
578405146468210048
15647307168758208512
11816324962506448896
13961783562578417664
7109219334230822912
4586163622300000256
11725330192566923264
16214826146567620608
15704683491741939712
13507152869607364608
4360920652124558848
10307438161193619456
1360473028676293120
11761835096972920832
16703964314748643328
3935929507352867328
4791186853233134592
7045393167640309760
14852524308017868800
4537368827780706816
11632702231527929856
12789264315375474688
3183826960812508160
18436680325708558336
14318677949059362816
3736866927305837568
6033378601639266304
3599309812734051328
4105683888818489344
2118889760984322560
8761564176082536448
11983845298889834496
15699492505615155200
12765356271314819072
181475258259506400
1158616223720156672
2297676185801613824
1811709397885698304
6147782282801199104
9435339794595969024
10851548712234913792
9152861248930166784
13648792744757127168
2647067028078696448
17827610497201006592
4126531675742402048
9641362460162422784
10253343841812232192
9213729094919857152
490775211311334016
13919658191678603264
18170450127436570624
2610762243252745728
17469807195417591808
1519108303517579008
14549624731891462144
6680802334846552064
16610150097760552960
11673297434142789632
11030137409778698240
6444117895320464384
8534965979151634432
18072722338932447232
15507729868612132864
15474255721281796096
14021374715718037504
8281234091772203008
5748252015951704064
7874247460510447616
10902057628322582528
8060732046270402560
17343517212062869504
7081869929984126976
1899854650760619008
1351576510649568768
15269071160503136256
16714180949955907584
12127817352331782144
3336437441972494848
18226228850068490240
14750381481338849280
8445276152310316032
15606734479825537024
5363347450639477760
11907307689522671616
3146025727982773760
16332077633297649664
11077396343096455168
1844444031363759616
14964134879698577408
6143277312692369408
9109172151354673152
17780996155183874048
11246179541644070912
16457263203945287680
5728710411204119552
7276805217866932224
17767432981400061952
1517567606509485312
17658709550797942784
12963574077645527040
11084424127607697408
3812560493774971392
2999197013697043456
17046263636081731584
3341564400108095488
4928600708622535680
13459591943535015936
11344021339993487360
9918762403828539392
5396192921426253824
16891318541243463680
14444661149022248960
10576823747648358400
12166399889277132800
1595705472748874752
11564654309433456640
13352290692624134144
17804950157529247744
11043184047290898432
14428415178569609216
12486277431223803904
2173304167294000128
1564835011811496704
7209145539365046272
13027041290521677824
7409269068177503232
13886031865138886656
11086731762007715840
11803721179326175232
9509537358890856448
16780118207349366784
17605150839214422016
7605492788460303360
16557362333556027392
18265579354890909696
5404806154964136960
6779757362079899648
10304484443291000832
14998520855657490432
3659187308740898304
448835344332571264
4114974943256490496
17513126244354152448
12120351810578309120
11909658993050095616
15777462322432897024
446452646555891456
6286081423965274112
1322064330877506048
8392092300537783296
1824789403595035904
16554446198937638912
3913349826980489216
8262114776825658368
12421081784791001088
18234551874061987840
11821220229017069568
1763142989871672064
6049122265187234816
9928809463159975936
9758816762070458368
15331493980307111936
6048371452430887936
3668307681496547840
13154554561624045568
12129687337366835200
3656010938972810752
18325091413231706112
18237303739789688832
10399217413061109760
12640420408427939840
5780789405961721856
13477755743375427584
1202392532784502784
5375052492750759936
9405409609836066816
7664618716905093120
14870671267672684544
10022208686480048128
5972918316933708800
9845409162367137792
3712606027630025216
13064367120714211328
12676356802361976832
16681713617817028608
13338965496481366016
13321641567913207808
7582477468309266432
9462767669872652288
4323036964660082688
16217789425030148096
11041353008293468160
16260578399715944448
1851336903035088640
5838472038784190464
8120178123906466816
2299167766638765568
13616467734126440448
1855892533373677824
3152465143425914880
15087199089460905984
11238541771707414528
15596647208590665728
18196755493095542784
10334444774696159232
17148621960480104448
18253747147840933888
3149952496440998912
15615126146401236992
14629137047003336704
12155818126474086400
40575120186912144
7433311132913034240
9307687952333979648
709768585039947264
17006728047684718592
