16186943696947238912
13775153292689459200
10449398429223557120
16289832677991219200
14728032094967302144
3213590620503375360
8296417611931789312
11367182722472869888
14849460312939704320
2318740017628733952
271597309498439232
4254000878855405056
10321797103869079552
8667399946386013184
14191488973015158784
10164041566170120192
14417259583939454976
3974934350165418496
15029051460801024000
6632003322175758336
2097238572531248384
18273426597951172608
17561035774060673024
5144571550675288064
11031968922648958976
4706846729606576128
6206307369807460352
273862339032620608
10353720114858795008
15071919856781246464
1341412535157095680
7303356100753472512
4612900567680784384
11489754282851514368
1475072122652795136
16022076865030553600
1782041393281150720
8058992674994123776
4658958577598784512
7629599147829237760
15382658280471111680
18391323033075986432
9264083903474716672
666992691573775104
14232501081404045312
2212367082752936192
2494780696304943104
1068208928354839168
16876339223395956736
2398791211636747264
13947033855547895808
5678526343547175936
4758881307774346240
13922177209931311104
13708282632961705984
1111697266963456896
16326232111217899520
286050342208949248
8592008631104031744
3454333238525108736
6479672721596366848
6483023843751263232
6679898383705024512
2820859365544916480
2200341252146910208
13273501174106286080
4642495699237960704
10983492981059485696
13462091498934626304
9717209349751435264
9749103526993039360
12457167660304476160
13953390187556177920
18298867549946402816
6022362027350882304
7095690729597401088
7137799804256399360
3574145076884460544
6178065009232160768
14333716502410622976
35034847294038108
2122974687287161088
8041473381866345472
16886713267176304640
18444624678872838144
18092313183785879552
18328857440184197120
11027906908245112832
1617648413687944192
13043265154812866560
10290248446280290304
12167491353408794624
643239507603215488
526656344660392256
6592215170499539968
391892512984773184
7459186196806839296
2063749358493259520
12025617809767905280
4137021870769311232
16963425913315835904
17640607496701083648
6325145547955643392
4132029747433263104
14823714292936374272
12733892449352411136
13126870886494918656
12684902833806698496
10256343888825561088
17735676388167958528
2191169554047756288
5421550771530464256
14928243171182868480
7179507415244695552
11758548883916169216
9447139547945414656
3842763818384420864
13578309303838926848
7089570235386719232
7306592329054489600
7983082715745196032
2014390317525658624
16177929225335769088
17337327134197344256
6107390705850978304
6595657982963985408
17283507926943420416
10768220279639930880
4174535335781063168
10474319717595545600
7885077942132789248
7844699763696394240
7078949877864109056
9687687611620870144
5226025670021031936
6541751787543343104
18326459615823073280
12767954284325064704
6824671070417112064
10095790698234918912
10645938094725713920
13598330510681028608
12374387320899004416
16919112342592952320
3814829746340412416
8273693580651505664
10529998761877878784
17921312950435272704
11567857569794199552
16701846946515253248
12517090696144900096
1339377048203753472
13022656953917296640
750063785022717952
1906189766039639040
2016511819211270144
5507471226088881152
9923713641056311296
12652217731500335104
3806075479066533376
14889127303519690752
6559189310582493184
2597613403195704320
692072773081788416
6074863657978991616
11433464174066440192
11312727011472779264
2907879416905392640
15392799486191818752
14854954616013729792
7456030957259387904
8332163550742555648
16131009572556488704
2319274152388303872
8169655982290321408
13971186997320124416
9424840806038530048
12194879387317884928
18201586732800688128
52564093133263328
15257910730248046592
9809766644657623040
7300695944067017728
16630761546782904320
13491213225527089152
7655011143313827840
6159682160410364928
10223029880985309184
10114111322549463040
13162713518183180288
12713928332691243008
34961095712138176
16087068926609936384
10417966760020056064
17991006028413546496
7819174533779549184
5761083747851422720
16398192951340171264
1116158010860559616
14919299137459972096
4609935452589736960
12231473852625995776
9738999732004458496
8530313809301829632
16036221542990983168
1294323313201514496
14359572067120316416
14679128561598666752
14746732987562344448
12821879962431860736
5180422984434145280
2883182453504035328
17757714380798531584
13687744239359713280
7152777320499409920
2352770731914740736
7953327983604411392
5992447904593478656
17656360385689118720
10546897505894383616
18321728168503791616
16663158175840684032
7767825995345952768
7978663087611130880
11491365482948853760
16728743919903518720
972623051882245120
742540089317343488
12643252807540844544
183902630578426112
16628474487562381312
11394174579772354560
2935608124184825856
11460233399730372608
12354159463665410048
10385888377711515648
12576074659342848000
17496295628681730048
6462469664917946368
1210284355981114368
9494031092850694144
16275418026020282368
2153259265575591936
696738950301965312
3551739610836201472
9924001499802732544
8211526707361936384
12403049558445869056
7942844995518407680
12863442145422776320
8438155266943575040
9177907487152287744
8422277671282161664
2290289813353021440
10241578744664684544
12622383269750644736
17147679679779436544
16786333097243742208
7276754381792908288
7444144067299980288
2872750470775713280
12378194080474943488
2702483341239889920
3346534794425649152
1251792193694328320
16474815814605312000
14478716038889951232
10485932712389750784
3452578208398821376
1356983209381110528
1576934958367579392
12468707425721688064
14985696509836576768
18270760166026864640
1172141161722153728
17539730932432732160
4136967403817401344
3671338191220146688
13083477074759827456
9605507989504729088
6233091202305904640
17183996568890257408
1599441972239952384
15469574404131663872
7189519374305901568
14645219605850394624
6348643052550420480
1588770510146910976
13446997497052608512
7772508534635995136
3554923048918206464
14939311007279233024
12296743034638813184
15684121579225038848
16733614403568320512
12583809831855890432
10330160649544110080
14911434743214149632
2156084453421291264
653929446250912768
8726008989242345472
4647054393744662528
1471593588352485632
2507513574936430080
11080280236975937536
4272692502417145856
2476415334055033856
16590952294587521024
3083384340643132416
13020981882618718208
13866750025847334912
4156413427001481216
10720251430197540864
3685529376743315968
8008233579593024512
4449434465634042880
4411206488739999744
3470522288296733696
8603097215332571136
3660445121604653056
4800465896316487680
10529498065189193728
12233325973979799552
4430577003569771520
3361447664940514816
3234237843359787008
2839579702875567616
18160577734529886208
11647000082695380992
18403641414397454336
4898213143253849088
15420497920312991744
5405531810411651072
3609919624707591168
7624353686315549696
16277951704494749696
6060854738669316096
2780166885560290304
16460540516945778688
2417239124868366848
6802304410224526336
10546816455759290368
6760986785423171584
5280464062657996800
6516154920551868416
7821360894749564928
6203349902299640832
3387489964403934720
7962827350467395584
3771244707158238208
14109377483087890432
15370240717533665280
14908587967769016320
13108959884290428928
31280492717234936
4414118907787600384
13059802870238242816
2412911050185961472
2621829599779914752
3262515908694304256
9447695142520127488
15491960836722423808
3886305420950561792
11697105121079674880
8260589344471306240
16053120863390986240
1682877962867917824
18111850974955325440
4578854691129427968
18020894154007986176
11239400121860134912
14523691482615224320
3519796524535531520
13103506478813421568
17580169449510197248
16243830822609014784
1583112856461214464
13312541961783044096
10860001725817036800
13510806406074886144
3601734206239437312
6550839413230099456
5551339552077539328
16777093022576582656
3873690002832921600
14034962245922398208
16753727646655045632
15969900580342685696
8781693121637698560
4327178580260277760
2486706486430979584
6056087492707028992
16660406480235870208
3498778589848548864
17132173019339345920
3710438056514079232
14307226357975164928
4405096003243063808
15911795726874302464
16229631855078240256
805768032635739520
9778387518958438400
3797043803520425472
9075433242864190464
2747227524745150976
3291831214745137152
17646485618130446336
15285925946278162432
15521999867860402176
11959431242397710336
16146467585839065088
17465923832344739840
7765390558503986176
17345065341722793984
8446094784295673856
116114286033078816
14552316088537948160
2592289594933763072
2270913833004765184
14563122073274558464
1752818266957225984
1381891069707891200
12848663639176943616
1453112352072569856
14993168217180827648
17762224028617433088
10909164216842491904
13818291359731281920
2369997580892414976
12798903401928654848
6417145787824793600
4146538984902027776
11166990335784491008
5198290169438101504
1343388611203936256
12014506267305912320
5812874851846379520
29582234833537400
1806590423829088256
5806651429192684544
1570127694372064256
17172261958112514048
15900076018220345344
12328206900557760512
925686126634422400
10360024582119219200
11057854527451531264
5521259320473349120
16916326786791272448
4552242217364641280
15109269895411470336
13955338005591826432
7358697493054123008
2958464049826557952
14664833528962754560
8068482216234035200
596525613199888000
16864326707686387712
5363750647431227392
8447718877384499200
5934995357535206400
10439275107013722112
10961016332513492992
10744639839699646464
6813826952215457792
9854310180103946240
5309433338666392576
5450003015375608832
3461178563796400128
15196775353416632320
4305104148802131968
17546256221397024768
3979419058126438912
5037037089191825408
9703993026330318848
10320387466740641792
10639792276712773632
9187336154811875328
10671099060205035520
3327220742856224768
4435173831280967680
17004963926870747136
3380936385221067264
2139577731331279360
4244627559760008192
11076961808270260224
14256572704917819392
10642435963321131008
5687010809277631488
14326109717283821568
2719797841612099584
12872461943403593728
10380741953675395072
17922371456127232000
5000743951363847168
4923446522181867520
10227123010357901312
5195880581963895808
5163260552494153728
11973333260832622592
15748740856167755776
2538567223333467136
5849796889278380032
17532587424947851264
18070973842416977920
7215601917000698880
8787296148385083392
17077990499553751040
15756334566341238784
9234678204901345280
18327685203094372352
12557688231001833472
696852466811233280
17278082071141967872
13127793829898272768
7113724452162653184
10489106135186860032
13621162754889883648
9724600782390056960
16247529641953083392
17457878821410430976
12690385328387991552
9480611378749046784
16221126120791515136
17066562346208370688
18337287761999859712
12094946832454494208
5990750082712346624
3235112178842609152
14830485455487789056
17528726933379235840
1066101405160339968
3974176347482361344
6562253250881636352
7808763308131371008
12835209158997944320
5103112135472869376
5105868248065296384
12102565465721110528
14396017888301838336
9136735175749256192
3264599176250192896
9560414878486802432
16147489632722761728
8856693181808039936
3939445390732125696
6771420711194312704
2459343966277553664
10619699361456531456
10468966312027811840
7095225776680587264
5008906006469814272
2806863176888269312
12124764571700840448
5433467015500816384
5387197249629543424
15949540177554571264
12903535829330563072
13213414009031434240
252341143507993856
16885211540021610496
9236226153427298304
8292384210279731200
7979427778374034432
17840994430863716352
6933435286024172544
18221918130979244032
10345229668161099776
7270479092905366528
6638358476467709952
8751897627863731200
747768728653725824
3430706281918287360
14863048230557544448
13000599321130397696
8097731755215170560
13609515777167378432
5708237155041727488
9818186707681671168
15131080928438517760
14246545597279784960
17355825905318129664
6368574026518821888
5578768304483985408
1440733372322422016
7884750672167611392
15669393224533633024
1768724152799493376
7657024660971681792
5977869326396420096
5109420681077351424
1644097566546595584
3385004711688997376
7042685212478772224
9336841968546449408
17253163923949991936
8901693410742892544
11756490444095090688
11870723354934056960
7521036972006198272
10265192168835649536
15896056373853995008
13611417096796108800
10172139122342873088
16148359129741840384
10986787610999920640
7427886386906621952
1528843051986353920
10862681742876936192
7991693728777601024
8248163494736362496
13190224142357612544
2802982102974186496
6641928410916283392
14337435664073062400
3153570705066600960
7351345361798004736
13524349278250008576
16767569139028088832
10406309991636623360
12688472392075313152
7032315516787963904
10403947264362776576
6206479451981706240
13530256893769152512
17537601133676568576
9874171899520651264
863227553028090880
12116370009559711744
312725729254561856
15353550941924263936
2735286976849252864
15076521932994260992
4302038233332050944
12696219497484855296
13114626626214809600
11840742366875025408
8229431256023104512
10611565674756833280
16284089574572918784
4066811035173974016
18401338146832041984
14771235337062762496
13472326151913354
4724761412442929152
1301585504180858112
6762832650453910528
6841877116118615040
15593335982152134656
4163676231727016448
17416121875232155648
8819552371683573760
18084905514722435072
15154564796775290880
9164283385106824192
13244412695450568704
13663057245634877440
586136055787776256
122560933400974880
1475114022822156544
15903872258730997760
7009671765375469568
8805040397458108416
2231817719582862848
2672310565069677568
1035431418818686080
11548110524249618432
4386581306021905408
12465263975441721344
4639634265348217856
12150378325706244096
15003398184618190848
1535584966865189376
16868453692818444288
13018254322373586944
1407158707342005504
14276036380608432128
17042454742244669440
11015446268659195904
14652457444763242496
8583045967581820928
12465584656776943616
12604184020087363584
4969674101666876416
5924511974550149120
1498346983592260608
9989280846134110208
4342049386771468288
9356317241657948160
1784321251136492544
7343025187178025984
14043443559613761536
8206600477830876160
10345754540564166656
7718976255516158976
17103147577741404160
9950065841949360128
17768419337859127296
12152068932469903360
12349484887471536128
13817261715104184320
4367047116275003904
1099296612118108288
15279306411504324608
8444280073843512320
10686249756632113152
10319275459498614784
1200748336417691904
2494566073745159168
5905190365962199040
11306852103057123328
10203538837651826688
16946671197420222464
3425801338289243648
5167202450350094336
13166306612247306240
8141541941648398336
16208501157199628288
13809393209260279808
11044860148113149952
5152437752148708352
17595352684916369408
14553346436412491776
7291952536243255296
1379413466452764160
6166288038317340672
6307119853798653952
7108711915001050112
775111271874055296
1708399936301226496
5954860670792054784
4939198362243089408
9938103160518250496
17750333801835386880
15021548372271779840
10581159892709148672
1511463216669810688
9075417920404626432
13089952271379501056
6234824195751984128
3824688183095098880
6604754303243295744
8900298246435998720
16438924371932551168
13941446889917001728
16040442938098120704
2319738626673312768
12205876422358816768
13243561377442406400
1257455831929764352
16132116132420106240
870286542399901824
1453583198800576512
15318620769412196352
5595246938623368192
4330625672655099904
3445790502940995072
9393958498740791296
15241711550563547136
8923568632724679680
8392787851242145792
9390725184030361600
15269417888410877952
3623089577938564608
16654415723408218112
13085258012745807872
3980055748022430720
4726665560103971840
17706531371416446976
3018933278517577728
9143092597863116800
2673871815103965696
6909923692648782848
2396090121308929536
7643514018834936832
8212351218426992640
2730138695904108544
2638972939128321024
8549944613421700096
14037270620221968384
16262836475698638848
2897461489858561536
17478759463661912064
16969491744856221696
4648928052663602176
6016580836110793728
12089820806916581376
238630289048172864
17310149833234096128
17180841732680087552
1034766486623654144
11039355551222077440
15696063968078041088
12955158703644129280
17834835946236962816
12486744786789517312
2442642052336909312
16025068606984792064
12036607450215333888
3984069525329197056
8016048932813583360
2546813336978029056
16453000588697432064
12700612097527900160
7621914250315159552
8975583823006702592
3738732693667857920
4169290113684204544
8903646867562676224
1404555112828408064
7432747470660089856
8385870429450948608
11589101878017665024
4714929880766956544
2518478392779166208
11077437554717837312
11447761628129148928
7605536993342228480
1053660772731963520
3734341653012014080
17137016936568061952
3634750688847895552
7555112735083941888
10645274581115584512
1644592057250589440
2348418737591301632
7762597113171782656
12950689221990733824
6726208028889589760
2609866346899851264
14599350767893444608
11152323972229476352
7790046634857664512
2945658620309913600
14884072577134094336
5826816374561519616
16269880020902475776
8292392137118141440
11980625998284793856
16644641177519394816
11017476491484944384
17625454905886656512
14791847621135396864
3031895313302766080
9699637240421253120
14405403518618247168
4994917069062155264
1835620249478135040
1959360647794135296
15773267103056003072
3010632137223147008
3034031318935978496
2033698650527269888
12839867190728417280
7397021129649400832
5207497274845717504
7563040930403262464
6696306002638586880
16282315483422478336
1806476964313893888
13267897208257536000
11649175906959413248
5975562305014320128
11497761658063237120
2004079434077717504
8316116067591646208
13739984749399291904
6171770680855399424
4687940718083534848
8470663951097676800
3155831558062944256
9854624879298105344
6733562379294292992
2034134927940197120
5174335773387505664
1536327786915403264
13525801933022490624
5419327230653564928
675923368781013888
6855534797582943232
5256697659811514368
13239112337090488320
907952051778503680
3147835656401247744
9342576450610429952
12856157886180458496
13543865182765367296
3770667583506190848
9662226338800087040
7905765719506593792
7037915398430792704
11468594792815810560
17611084597855193088
11191482268380993536
12793458832732944384
13488019723928811520
11900672355834449920
17809988165359904768
12376849317694904320
13667186806764883968
7598687901770983424
3636780399349303296
2070220011318755584
4970290132676579328
5036746990629271552
2248754090040998144
10797165174445791232
627818202936652416
3228835992813621760
12185715574593169408
17595181825328574464
9790806925549371392
270622310840459808
3566832895183214080
7402760652568721408
5757171533142896640
6458086503936023552
11020630772192161792
8038524248474957824
4029321809031969280
8787490700681355264
12866039338659954688
15200021310562502656
5429462943458278400
6488728018563749888
2655771467783660032
7741907270495770624
1155323447479862272
18230496728827400192
7665365312010114048
5219866127906512896
15760684637314357248
6950277756461381632
4354459703468451840
8911313586221086720
4839663893562943488
8457849183537421312
3904137000073731584
2952944921951501824
14908667794396106752
14491461250811441152
9042137586405406720
534792733193884608
9039444256666205184
921144056269773056
4858962179893061632
15446176870073837568
14666188473642502144
15144183622318331904
4410275507538709504
5929611452099367936
6370129341316154368
6929428575542685696
2391534780300445696
17711079286314639360
1060211950626797824
17177651753688086528
15297279932575846400
14560379400974864384
11270143783691833344
1592641307437660416
3244542472162983424
15375448188748630016
14559537793003763712
1730291076587924480
15834589498180419584
274932068569498304
14837294145455859712
3197460443050008064
9126320944602899456
4612168284410670080
130813640526080704
16821097497348290560
12018965115201890304
11369151510165114880
5994264986311593984
2752287419888985088
10988988793917822976
12162134781650767872
9882585652916795392
2660085574724489216
4637441161165418496
4576962733650621952
10682811944247265280
7756546657602023424
3327993559153542144
14685815258613450752
11244375506224027648
6117558148906733568
8759035163869265920
8024187551246275584
5831833115634034688
13240742320128169984
5866766717251008512
15846929994515175424
6893876334826585088
1643050701623720192
6820973194659507200
11774581051224993792
3725320186455890944
