12216187379065679872
12425703819996563456
1862824369843655680
12640697455524970496
1973015502970709760
17839287699925028864
10712694742965893120
6568675145857107968
5748991908363106304
791959773875632896
4236435031867172352
16022899931427387392
7340332095778251776
5539910969928350720
500305996273059712
9846805537033844736
3854159863191103488
3208514843589239808
10540253663341981696
4427455239912331264
9089360029630366720
17326317126677217280
17901883978155319296
17695053126356858880
11627013914685349888
5490961777325420544
3727620171890406912
16623523974588368896
13458247293272244224
6104092141445025792
465139812158630464
10013894481783373824
9096733446547661824
10258590577067780096
1678276908879067904
3652873627472732672
3082336201873793024
2208514388398168576
13360907086510723072
3156202288545802240
2901220558407118336
9082603590084385792
8171868151993268224
8757071790681020416
17682105307434242048
2163311647875961600
4287454210908079616
13370667789780461568
17777212679070586880
1907077301305471488
10000895937615667200
2265277771711068160
16280811839537836032
18171314109407739904
7645097648740362240
18238954772822089728
7088465228529380352
3098660038162825216
8815670172834550784
15232921902833467392
1105071254034841856
9504132996260016128
7363622511160374272
6377049653602625536
15054497851575226368
649451772413156352
1528400470435236608
525619163302539648
495115160769230528
16118441774457112576
4268774402347592704
6968661706361896960
16607102102100559872
15349655314777413632
4436617701814837248
8492330211578821632
9036885492528106496
12407732137310052352
10172229153784381440
14990075000105779200
277799564614124
13846407622012069888
12217646223204139008
10922732952625371136
2671215657054781952
6501382255257339904
10388619097036087296
638757014583964544
12223024238177671168
9213368358099663872
14298902405771479040
1034109271041975936
9108148122525054976
914282633801085824
757105047803869568
4331706571140395008
3715720240229746176
11488697245478649856
11979037464211277824
14471332647611711488
4565391385555915776
12709598062060992512
4947325807434450944
113469756861339520
11026652327133677568
18258503296160051200
7161568229835029504
14972195983759818752
15466674888583184384
5394692742279188480
1951046257868425984
15216875529050607616
5339547465591093248
18012026809470095360
6499253887832227840
6138886044165276672
2555872865896186368
11678069106897512448
18290582827452600320
3887802184625598976
5772076600742794240
8392873673993771008
18037381394608543744
16650710848138924032
9368813039914964992
8851560500976933888
12217376302621544448
4994623906235663360
3441651479062906368
140934534975133088
1791463042809054976
9707078188698810368
6786892778093961216
5894846834930843648
6776327417527771136
11536656820131436544
18146936927292579840
17704845514724177920
17934742004635914240
896513097472437504
819702189251543552
9960147491451437056
4622631988233856000
12335087056809742336
9582636583762911232
899262679836207616
6327496719812145152
14268542923257698304
13221930863993405440
13427418763106861056
8584748185842870272
1660868337912025856
3583964605876928512
13254531045334587392
14176005330451390464
10637599750635212800
2710674540264792064
15653804705137502208
12773108753955452928
15021010987677192192
4564708479459309568
8748735277890683904
11353925258290935808
106725879389015664
12814132876313290752
5682131715073833984
17756337671744600064
18093618600656254976
7978858418454454272
15505836323775531008
2160227134558461184
2156142993433874688
4221036440418595328
17638759322786056192
12826391987204820992
15701120205341380608
13293158505119920128
3412441571936102912
9358623390977640448
18064597932759259136
3681043123620033536
12628347851423719424
12056796801825337344
12956408352108591104
7675795485476874240
14348726760207194112
21517251137464856
18179219152182386688
903762520872627072
12669155559774474240
7317483947409883136
629051690610380928
872311342510052224
16744237015695282176
979294165445522816
1122126898121623168
2308573161908759552
15227800801729054720
4408290308650564096
1792850841464824320
13271449673853937664
15901181657263923200
4533713348299589632
16455014850875015168
3030811107518538240
308473189874212032
4067113777874104320
8891892451263781888
4444331999725057536
13785272889721614336
15553565435750705152
5902245489961229312
3893002185667236352
6824816036040112128
6011218504914161664
581086422945138816
2636937363766854144
16217163398350807040
10416435103786092544
6205591109058754560
14763826891381436416
7825076279905615872
13587755001554454528
546008244761069696
9171916243844271104
858142088792542464
17648348610077673472
12102039010439870464
18251525407021115392
4580559368688318464
3499498058650059776
177965884213983424
9276605168692652032
11611085391784599552
12092703253036122112
10740542558227578880
2313994496982852096
14640128380080752640
1279930972906258432
11933570547017265152
8657821010015771648
17887187729067573248
1423655720904206592
4173510041581907456
15278347022732564480
17558956242935248896
16829027425461524480
11602998433437560832
9996235741241739264
1275260323901703680
3757232637981112320
1063276541717755392
11139220492057251840
12675072681170284544
1529077826760811264
13183789333781803008
11411056414535800832
8060250438874064896
14954811744906655744
3719563329957400576
9137407538160132096
16544776145659662336
13795197056892755968
12120511393888690176
2266833242656903424
1950881375536023296
12449155288131985408
4803207597743196160
10429360599655583744
13824136874468298752
14987160293203042304
1734550123841110016
7105875094411341824
4638146469506397184
9026743876382275584
12231503519370182656
7158587713237288960
11250508167878254592
2142499362456660224
8545607477388580864
5926493231543464960
8188225959301745664
18169515991743205376
17675142858423496704
7329449208767500288
17085714714825314304
1090956993268567296
5902636609518538752
1656552086038640384
9153068137709532160
17227970175368919040
18352816736723582976
8312102019092064256
10653751358315927552
9043740916453151744
7941891206931915776
17459379110275465216
11463623296335237120
11699608673274068992
17937490291286470656
2044104683383191552
13452742261410396160
15683560048254136320
11338150340944660480
501827101092253184
12046054576261040128
791516653950429440
17999465943297097728
864687835393735552
11965634055211284480
15453201311065825280
16195531264796624896
1113986166790218496
2119788103720004864
16159593394781712384
15197530788745789440
10934813263422654464
4813552045654969344
5856958801474949120
15734948283074979840
3799068629163771904
7198051106452490240
13153392629082857472
9217137807015596032
3504304258858338816
2916359987783403008
5531391848149430272
14340453522681346048
6150491778757430272
2676702075452088832
7467641317606737920
1488124751146644480
3287214274838959616
3697187709836995584
9732350888144375808
6398314575608199168
14338937835625601024
15317321952406786048
4180543606092076032
2600335085354780672
3872109819412115968
13367948391576080384
3552829358271401984
9775278390656913408
15194225693962866688
14443909534927099904
195982456462931264
13418882835439671296
5870965844426445824
17896797776308238336
11020731479433166848
8158783478786358272
11033704616506509312
14062307525118128128
16821093769022232576
2117182988914730752
18262790031147425792
8729532231977676800
17666441536543246336
12850132810660380672
11368049396633198592
15726891929972969472
10339302117030742016
4782513931680045056
18062262148740816896
13021698837937389568
8290019119075534848
2040160485536057088
16051574011458222080
3847605501862435840
2657411477931105792
12823925187020201984
17382862388487454720
17454732648756215808
7969847650487690240
9335885808036661248
1199097904784001024
7401805207981902848
10802782350048389120
4582672215425103360
11512063829420226560
9387662333337513984
12728189203096299520
148003329007742656
1210746388077429504
1734196498873086208
15107572622656385024
8250195076244913152
16891955171071971328
9629577804963796992
3340282465470565376
16804950124565071872
1895047941624149248
11958609749102776320
14443319911220322304
10693454145354518528
17672019598984278016
7930242352946356224
5195512482555161600
5581092524807474176
17510510312609839104
6181663122870140928
4169774951314587648
4760882136949448704
11980692512529025024
6234457757382891520
6371307850868665344
10813877277547685888
9002225738994131968
6751227733917431808
15716574564312950784
8713336381158703104
11893362030068766720
8674561791071988736
982871118801276544
5352832111064384512
15944285767988107264
12637432055769212928
10959184821509767168
13046739118026090496
9169345962466162688
14318067624224350208
664479003605221760
10899256784225202176
505912598596115072
10719468809029214208
4335543931730656256
15024656500829194240
3380286739744914944
8624831347432442880
14708937753251254272
2376758507801582592
3556629627163695616
8469378510650142720
8229750919578732544
15107155605072224256
7089622077126364160
17544262297383843840
3674254094513952256
3887363540570980352
12771392304124542976
7580125932228408320
13419759344087793664
14995009550242451456
1664012587559992320
3399248018224795648
1818824864269111808
15138482873172754432
17491681375985559552
3066444541680157184
4060215687310051840
9186087676777806848
10897092976199512064
12794382073008330752
8882911100797287424
2270385528356048640
3654439116411746816
421527956132426368
12773735097057714176
10284312719332880384
17311508806966855680
8190300026729858048
9549605116764221440
16483441434635669504
2206196127367429376
9987010122113828864
2291602658812946176
3959773780681296896
3975311960307326976
17896191398256742400
2748842251798977024
834526666611386240
6962282920511955968
12673193986316275712
11696069714988238848
12365595323973009408
15299696420377776128
7770445679064729600
4307373867568532480
4589456987441620480
4584823511045358592
11138786877348642816
16019888445060952064
3147983822798325760
4391169453463747072
3588610168951575040
14720484785941673984
16100473477995173888
10240780508962881536
11907056490419890176
2163860438102963456
12609604515324643328
13486542645910743040
10763239414343354368
439840997086000832
5472613848286881792
10090961693240238080
1658586857941295872
2854699355459618304
11836683691752716288
9945183080345929728
18161531888197224448
12697827275040583680
8286227203894562816
181717809056870688
12748760775924459520
4937670028563385344
6197678712392065024
1015376877530419456
1135462950112050304
8280191378000505856
16750965655208388608
8091532734276346880
4261438613488568832
950250417280926464
5155538912657854464
18378152374275753984
2549117610983464960
5078941630677105664
7622286799955097600
18284458999383975936
15814278453840408576
15568223979396622336
12458413231208847360
11032846940669923328
3756187579670070272
595498835017804160
17948690599322955776
14449037689559431168
11497067581695123456
7687765647062153216
6286126744256048128
13117499622034946048
6986711077179123712
9311154996168042496
2302148683068476928
15632988824324939776
9486810448994011136
3282532559792316928
6434378284112038912
5949156815432164352
1342602387600144640
1018005421304557056
14984756364842366976
7562181520837161984
13928022545039230976
14650021153931051008
7750765708920504320
18229103219988164608
17868640673952284672
17770754786857756672
12163860416060024832
1115183324251935232
13295937893245927424
12570691651519590400
14112925427504422912
9415914851278827520
13765438754493108224
16679563884416086016
16791234440015310848
15211017470667694080
18302269758713698304
1986348469201770240
3803188724455548416
1892987885754743296
13888537839535333376
17363634864211167232
8384349234151490560
4017226885881585152
16472896244423911424
14577181984295028736
1967914437055545344
9918711077922539520
11259729117326444544
16711152612430870528
13051100504650502144
16596033126922852352
18301928386074609664
10446169565321928704
13730429914175313920
12607703296811689984
17390311192166033408
1308025467386619136
5824424667716886528
14208270582108182528
13174247734686685184
2786122720733196800
3459900973962042880
10050736395841353728
4348795988823392256
1444643863083138048
8403219045075621888
10506410816087607296
10885365432771229696
14190847653519835136
12218829812059637760
12014508862062188544
2309874859028243968
2594957002959703552
3973589205160870400
14117792120143618048
10846863368773212160
17474851598770358272
14472570525654980608
9855276649005719552
6780293888375909376
3292693873220298752
2993861878814029312
6673503283222873088
15547349769391917056
7694981258510089216
15438041209037266944
18023399440867389440
11132897701306644480
1827587199765313024
4576610745840401408
2734816310618966528
3070813366039638528
12364644465538275328
12714383655556384768
5457640913725077504
2762562647615623168
5178278828468398080
16026358835180103680
3837526065959542784
5080102647878381568
1975962727651075584
5198210496021117952
15248499520320432128
11654751301279705088
3867862903184641024
11511462199560955904
5024946423744604160
2961851748350658048
12583706996888045568
5782977434377851904
3638525782579621376
3472905437755247104
10610637714445615104
5549323047543135232
16993968974335127552
4918969350296894464
12174800745819574272
11744720276889135104
11415217637853876224
15116634633230659584
8371363422198945792
1910805050875430656
5585200652455255040
16782745007889176576
16362285494842030080
4353429512596283904
6951971527735027712
12016138347866882048
13965758858144145408
6207552395725778944
16998434619696984064
1171650126330384128
2273799594948124416
3659059389620594176
16267644276642340864
9689047819754725376
3692133490897516544
11325127955818989568
9263686576924948480
13281822714281166848
1408913236849840384
5107131628414010368
17103556175797915648
2991027423721502720
17245338898081728512
6955632792635067392
5980067466850676736
14345076892495618048
5690449073789323264
9170546252103513088
13253503948548175872
1120580777330358272
811442828722845696
11175504418958460928
9932064910699540480
15082456415557236736
671812609018631296
9523829668414490624
2454329419936114688
7449001697948701696
7723190573899790336
3172822820839901696
14442005679871309824
6379016309823918080
9139596455375886336
206807915782805408
1642269553090282496
14273926669123782656
11864329399751004160
3077834454942320640
14735113429409724416
7619694710747801600
17372293106337134592
14337697637762426880
16137863495546996736
8326464968517425152
3176478797374264320
8883339683815914496
15639994497681053696
3376871517197946368
2596724458021715456
9889950397908596736
12242648482712377344
11604698647615117312
15218919560300650496
11864051634090344448
14088515406552307712
9220277476168182784
9801138792035397632
6950026017281020928
12951493452125495296
3027727944796217856
1215981873228775936
12087528727810686976
16361217397671886848
13421965340125429760
17665387200913426432
11723971411955726336
14568069505057951744
15243586546859898880
6847397884591233024
4663210677530348544
18079840017253900288
16845528691259660288
4031398401676227072
11009606483663693824
82395127442657952
14883999334282270720
10982055118508484608
6603556468291360768
12712359111321845760
8821946205464285184
15174478146934925312
11444663820790290432
2352384450514570240
15211736037976707072
6648396998518737920
5583282702642680832
2825748871458422272
5574253881927221248
6870151696693412864
6333390214162267136
12908143177134245888
16669173959840122880
11193204507848880128
18354280160851142656
14027865585165352960
7013388046904086528
17535470772514732032
11652073477509761024
941457070602543232
373166734620170368
506709872763665216
7274466712653895680
5971479837585668096
9475837147777386496
15917761769373892608
8803586313216660480
7007168071018334208
9768135593156524032
7925189685821360128
14753297532515168256
3763372441888904192
1995520330504764160
1067762612223898880
10403560846046978048
3846442548870829568
1356888891821804288
6286810185946097664
13302809597094504448
16619134594350985216
18191179140586065920
8268168243558979584
11859349823495198720
10513777586301874176
8285463305358357504
4197550914288312832
13376430478000486400
9037228497878461440
4594766453136356352
1399476719615993600
7260501599818645504
10807632483031674880
3179284981449696768
2106702005502694400
3976714446128004096
8710774298665368576
5914547526692620288
6597619533301046272
14907549521200066560
10755397320757680128
2996831836685426688
2781953514204581376
28866846848904384
17625162681496457216
5555200267481007104
1529103159356626176
11564157990817302528
13615578389175050240
9787872341782081536
5564194759219161088
3391975311750823936
18281284890982660096
280368129212055936
7223066838812375040
5679902806656064512
15422599527209713664
7615902682463937536
1999115139390497280
18095633744454189056
3492547222408393216
946912810320872192
12757478336058382336
395442431350367872
3116896409309044224
9257220641807020032
15148829056286660608
339402515725252608
10219073051077625856
10400038644950003712
10409841862710759424
12850959054018211840
16404000620182228992
12075813602443886592
10977164970836258816
11641538691802380288
1979259500724893440
6639727857480757248
4664919598803577856
15259832699438800896
12905747713560293376
16363996350955546624
6442047876666577920
11428944364636710912
13505512150851416064
12145733827534333952
15090511145215322112
14735998763609022464
8040606418993463296
10982997069091526656
8656616130837013504
12689189390215137280
12434136254253103104
3015706258259746816
10059534261458702336
11270243586853763072
4906039653136822272
6614043065779844096
10914247939531958272
12755537870528976896
15145087325491701760
10913664441452419072
1326431871675904000
15016518815135789056
8243051536146198528
16901467364940843008
4412422852677609472
8754631486286201856
14915784510725857280
403395612041728448
12988360904238637056
2244439890099838976
10045318273858523136
4845227804463420416
14695707074539360256
4416053554543004160
8467143634513612800
12441396707896879104
6519600622082579456
15225755055017979904
9264144231838851072
4981662441288811520
2353135461883837440
12614299728298602496
5309489726103445504
8840515395736487936
9494867108407339008
8120966581800446976
14908306908977940480
9149153407497079808
1213186209454776576
11887492296847554560
11965128229419462656
15276122187572348928
7433321394199195648
3214199473491937280
12129798521608984576
7803585442085806080
12813535541795926016
6677644973161698304
6612943521269926912
17256972650978269184
7324486925820326912
2575828500876935168
4704924808418258944
4318266816289228288
3622385371093287424
12431449128180389888
3855793337694785024
5053737050256225280
9096450546515478528
16407778646786924544
15891364723220797440
1344611709679278336
17416458177299286016
10527582532276269056
6972954221661805568
12932408173129236480
8173155392147189760
9961051702062491648
9582439447851894784
13073755890409338880
14310935114608640000
12666585169704110080
4949709870312161280
13714316810424621056
13062751877308006400
13197943678407710720
14608749747708823552
643711936795268480
2180311380115933184
6703374518706745344
10529440685453873152
10508721374232512512
11880060502508943360
12747709546489632768
2997072411922386432
7558814089235793920
7275132233475347456
16514019458949152768
9597314893911961600
17772175940954836992
610036904180917760
1709686327103668736
11380834701200852992
7815589908311696384
7899213938685339648
12551088993409935360
7601183839648442368
1742763163091646720
12144615007835162624
8074157884508149760
3665775681485280768
8476102009075997696
4292362726104419840
14201091817819187200
3202133990988230656
3204158530447786496
11124335783679780864
6891227827230179328
8355616975869370368
2345551638980337664
3782573948700766720
1647958955877720064
2953715070847414272
10559411628183449600
7534758415680531456
585587591548072064
12993454356274634752
14144004021346328576
17752646354905956352
1596032446661023488
14618644633906651136
17095766987979798528
8791296976034692096
9531303184152559616
7655464775323569152
16826320248274190336
8723532500460336128
5960939905501406208
1844273107765975808
2039429459578987264
5056050086749387776
14397697509898582016
16223229218676537344
508963475584690880
10665468342171590656
7526683401855077376
16338546973956683776
8887887947008029696
3252150577726051840
3191686341536894976
17856861343026569216
16829912611134294016
16041340038687981568
1868541989778111488
10876379884802093056
3580884815791356416
9520225192500705280
18262238415737303040
15548032968357963776
15719416537146398720
7921038122707477504
7034637291169743872
