4189097595509706752
5198329782736186368
7953584862948799488
2529530365381348352
5057935170122249216
2856628566013759488
8703716160359110656
4170145877459975680
1610337744881415168
15818682751867828224
15255595782543357952
16616071619743008768
686102117766165248
7575086564764727296
18247261161900234752
6486230896367295488
12041485863495946240
3954678722773666816
14905812778368950272
6685418837682998272
871022625084193408
9201251969604642816
3244788816477229568
15180498478249293824
584516424027080960
18169814470185027584
6014788972976673792
9086621139553969152
16581455696555026432
5639881517121304576
14544001687891566592
4889847117037864960
5457508249061347328
9022349612435878912
13190543043348787200
16102730402324113408
17809976193240518656
10527441061682423808
14709065386319761408
17476447253648590848
16145703735510587392
3104038282745925120
5687508796907593728
1855609614757982208
2029563249578369792
14980208638891311104
10926192403601031168
7601730334136023040
8366624728279296000
12093216254460155904
11231899462207707136
11170255665508528128
2063669501740941312
9639882547704135680
633829922460886400
8810237997807364096
2879273007087850496
18717878502176408
16438367317708034048
14727624390859198464
13802666367438522368
3011731029051145216
12200551059778250752
11052197244563728384
2798193134778821632
17404056157097398272
1227798975211304704
6305968938230448128
14621410924106911744
12491487634440704000
14472403280774815744
10159895333168654336
11654773563319894016
10070993777204295680
10142660043852617728
11504682191540262912
8364207457905523712
5651113399671553024
12802922677370923008
17865244174026235904
14827033728306100224
8261661926569376768
13936683378957410304
5147342305024782336
18089778792255907840
395399340447834176
12984305470180052992
15784714257249148928
14490580168964483072
10731025632767025152
10750111858524870656
3091591933450070528
12720441778268053504
8983789647414790144
6016192978854725632
10112828898119305216
1522065346100596224
11411163432057559040
14882529914358870016
7185416320858329088
14179891736561399808
526865112256452352
10930348880924557312
1681531937894169856
17930485837760321536
3816466109159572992
2498153599214448128
2133954251442837504
6470366904341999616
10777279720485689344
7046783762561285120
8188595185882570752
13322648705067714560
2491868068727927296
14590567682172530688
7909035617392560128
6716619002228861952
14506398628607272960
12867878482787250176
134585209857705664
2874077703047474688
8667959040284274688
15283223832900663296
5743876445436791808
9163080576444333056
785621723090509824
18338809063596728320
15567836324398487552
9311116966283569152
17388339596604295168
1146319487402941056
489790737545715840
2600082266646097408
15579123820324016128
13324600449613297664
4088741521703010816
16285776985499332608
544230711950368256
907239190805102848
4813801702632696832
8774136405855050752
8286773778933438464
13437351467574151168
15280501093736300544
9458619277610217472
104240543077346016
13332694142946627584
12601494765054556160
2123405559417863936
14740468663449358336
15182823086190235648
11891254867756400640
854543919499338240
2297481662554137600
11676892573485965312
16617101064766420992
14506358863788466176
3380222636683837952
13249426278252896256
2566777286042484224
3679443800296107520
11027732920393832448
7738330574253103104
8819233253630995456
15178276642872424448
17809272197730437120
15357305957426300928
11134939866364710912
5314584422895376384
15040330468680884224
12481776326018560000
14218846147991754752
1080908746246041728
17456009464509995008
16021907833698211840
4002440211033670656
2583456932872200192
5023443420620655616
2951412684217095168
12299991965141782528
6181279965693553664
2083503078598099456
7457157596400131072
10685437573220829184
4614840086684380160
14702602811397244928
16849365006851981312
7032214486588354560
10983436100902838272
4896951428810344448
6352920758670672896
12334850979220068352
14113746579922954240
7393875735660018688
2808857048768566272
3348807247671282688
18087766825733902336
1592001480454924288
10526225952508491776
10593964234899173376
11805189671753506816
15901860359752501248
11476550788187500544
1840329711311505664
7221373644019227648
16411350111635101696
358692935673849984
16022152902605107200
14147960936914196480
9678929881599533056
17058425669604806656
7614048236950678528
2576772683938297856
9459003911278436352
5869124425481991168
11432991599100680192
270710622444804736
4621111923033139200
4901548233098925056
3369684915279269888
9117861424905149440
12211535885497853952
9374769687362357248
2220061613185972480
2866627380966686208
3707503315345582592
17845725955161661440
2051726707939677440
11655882868066140160
1913916359419196160
9816368573122275328
9456200689540153344
14375004366168184832
4332178831776299520
4039425674295420928
15619294203087452160
11368517973194049536
876793867861350784
2235154296998360064
16076296183754625024
374200493165024960
8980043810861868032
6287513856198518784
17555036920433414144
4719783013763977216
10446206050107013120
4411968040675234816
16433777049507477504
7324072996526748672
13272709203395678208
14458799361082290176
7205213394039247872
11920687230492788736
14693104191907764224
8540704670384299008
10461545005821509632
9804824950716289024
9901902532565442560
13961911008570345472
9626657542170376192
15989479355143966720
9608202077118902272
15969775203737499648
14410402712707856384
14632788116271722496
12857143611392737280
13757286225432805376
1142896783935383168
2420837939598553088
1980948895841182976
5812420150565204992
16809384713885919232
14883596196265375744
13897028143895859200
8606453819228820480
8369940750797207552
2327647828316554240
3870198001807853056
10757205219383566336
13861231093948209152
2253696809237885440
4507929043957448704
3754536915132793856
7971074710825264128
11688786846857945088
9712006897572524032
16606630948740743168
7747525674913867776
14294640377283373056
3927198657382792704
14703607973491654656
15933476688050130944
7402589013688888320
10623000318430978048
695710611753247232
1831725514678346496
9755994850874284032
9586987739741120512
6110993513645276160
17855406630550116352
7381693611712260096
17628357032150939648
798288040738093952
9236835125293658112
6031565511039666176
10211214888699672576
3344946122944617984
11394901735565244416
9020819480536425472
1318416188644082688
12633134546466498560
12879276108665124864
11571259207283087360
9506523424782245888
15951682055064938496
14948092233649035264
12165176756630212608
761909312981743232
6427869296259672064
9307135354492571648
2664159013721042432
6088207119660662784
18418491167364687872
3107170105849580032
1942803216404093440
402340416556129600
16102872239085488128
1279117543969729536
3171352802663312384
8386792875920136192
13676582565731637248
5264014124108960768
10738470865796739072
1622579029195369984
18183889303370592256
2856618512919071744
14099890191241164800
3959628100613853184
1760952424270227712
11544321019520659456
17812215538247155712
15995524526651521024
7638191661191875584
3870750108773989888
1020184008206220288
4740961529563207680
7446695184903625728
8180994322512998400
10639976751748743168
5112869570200092672
8129109801057981440
14250818365936828416
8746282686918396928
3355041915747587072
5369692357761575936
8353726326030273536
6922178689920911360
14232154857111926784
8427724675151315968
16917710139689730048
15183847982480766976
139514005199592800
4088359395824300032
15107061313024757760
9052041053950446592
8317687595065216000
2293575248425915648
10813052712591851520
9434689635061059584
9503098604290312192
15518699722121244672
841291923040088448
13818762907950544896
14977494931001823232
9395197753181337600
17615778809334530048
2681542351820246016
17712878216293326848
14364437574040082432
14714074155584288768
7105180078588166144
8848920857225530368
14498828801266042880
5815109471235520512
183592994381644096
8297722053952350208
6879009133546920960
11040514856703533056
11074649378685999104
10284917059648888832
15150606603604940800
13232753962795452416
2439052747615017984
16419390506938226688
6099284776888041472
1024091484639257088
11442943402126366720
963009758467324032
8916844315095271424
3809770992622204416
1174117964529413888
15212354561589063680
12061830292548499456
748527323910592512
3785034914950079488
17778256675891245056
7220497187314556928
7256608561963403264
11898640788297551872
10927235774411284480
13381689217471899648
3556454145477303808
4649369317471066112
6772986152055083008
12788720058515777536
13367735703100438528
17230206469962196992
7738428326220545024
13282485358284726272
17736019786775234560
16956568270693361664
12613350631541999616
423402883838349888
5003188708475541504
2163281897488759552
2110874124293701632
5506460647989641216
2498755347275409408
1105519076787686016
781305655970912000
15553341684310126592
8379868411386515456
9057289785057445888
4578737941706868736
13916283221883930624
16841354765676476416
12488008870378930176
13014687191324655616
5291070542804301824
6914070805660181504
14910935726979840000
7525594261151984640
5979932976069288960
12228828171662311424
5509386615779150848
16840827491367010304
12176879108517797888
564464915079919616
6607140514054569984
18193620763390322688
13415923525128591360
10454052800927219712
7391752609163550720
9615037425755459584
11069257767737227264
12606752802167003136
15389367969107648512
7819173206178045952
16913082871847401472
4355268669712445952
6307961071975719936
9321829871606863872
1385932710078842624
10931444022393030656
218265172409821248
3066446370740914688
2205139782949164288
3241988177522532864
8951647619499086848
11534395590753941504
14459291859638245376
18401127022515830784
1492171326741441280
11990640495601936384
9884788595229483008
7262483175844976640
4759513779968944128
11769084049398056960
1532145184837058048
6577598662817608704
12765539512502892544
9973292743414321152
16394091813025261568
6014090720260258816
11450214555351150592
16631024117317033984
3734906392370833920
864131214374113152
10866210106224187392
18305306208852662272
17788039953331963904
2479187094678078464
17999258518502905856
16026789787024103424
12044167435333378048
7450288767957025792
10721673646259562496
10371923079682437120
18177128023659296768
13442721147226556416
12047178743605366784
3950790514365746688
17559549827134953472
6746379425656076288
7466403071928770560
9829703847267946496
3940511834256793088
16584734804486703104
7929466942786922496
7502636943011794944
18334712552410949632
4700508468525193216
14305365741283084288
7700191036498536448
1257565595768391680
14030219224201926656
12088295952924188672
7123058939401342976
4254915553371583488
15821059276945848320
8288251713411226624
18407100943984277504
784343265162209024
6310098985336094720
15345984635522811904
17173154530652862464
7816495773487724544
5736618531922224128
13323592839586000896
17860313485046898688
16423730014981419008
15226371991985479680
11949845828603234304
2731239559446641152
2624864284840009728
6898869632525044736
604490118489296512
13576327358425231360
2714740550647314432
7586621404698691584
5439020207870546944
2545728605128857600
14616784099047651328
12644149268603758592
6853902049531816960
12176874632336656384
17836781683833341952
17559947894931003392
8038876986469005312
17919398714640881664
18202906299483336704
5501182211767396352
8678794345593083904
1289952083125759488
5077754606720415744
15727610256414992384
416582452646286080
11657161600533747712
13857089617717092352
8866268478099564544
7328032611456021504
16306471042152761344
2358375391983868928
8779028842598802432
14972264963192236032
4145105450531834880
12914106426506975232
496612110829818176
15621914771013857280
14485994933908862976
4103481286600134144
9289831927673128960
11675225195493392384
3715102635393823744
16803108648314748928
1556830899840337408
16041974321859799040
3494275296650158080
12281618850623211520
9802255397191776256
6896031160854729728
14834735118025359360
1031796594556545280
6681548449124478976
9059709876405989376
2747703108269789184
7908689826297139200
8643045287140462592
4417521922677220864
7270785846435803136
7066110205065835520
6241891908868591616
1051701019576146688
16023385313417875456
282420674476112544
13431742158340159488
10482332299846713344
16195038057255124992
1348418699872855296
1741897165427735552
5137807683382168576
14189036492120895488
14682043354100289536
2660200473840621568
14477703975558696960
15582732578370029568
12356622938315321344
6077322356898836480
13041648884840974336
17581694956187305984
13842384923614488576
11666576691084113920
14491241750797471744
5183282483940892672
11443698834673494016
8148044526948814848
6404035077470427136
18383177319481569280
15330002127280484352
14893144350889904128
14109558070957473792
17356752001997242368
12529358443812661248
8075042585202338816
14854703405536147456
4410326382632587776
5175832002338075648
15468073380927365120
2220255991083212544
7333306764284172288
5528995699094253568
7301905603305055232
1662247891277383424
17673310835345909760
3611315606535840768
1727423277049099776
1386955605206640896
14263408012991410176
13940077956229648384
704827322172715136
3747988888861639680
3125516009856009728
5417178996814312448
10871012241435611136
3982565800143332864
149207989266594048
14275621201709099008
12887621216971040768
10858447925317853184
7337728919135141888
16939087692390381568
199483882633377440
5507559596802504704
11516930957038608384
724537664478552448
1347279501228857344
1886315963632976896
16640374273424267264
7361353313021234176
4693087432889733120
14726976494961539072
8032899235268683776
18331581693550501888
3006118134926866432
13878550541544710144
18081284790946058240
18203402489471963136
2412489568299934208
2282980352040129024
10701960583304421376
6779737853988502528
122299957496637152
4055131788820090880
4713366876182289408
3397377156916433920
17802925411665176576
14069645506605168640
2432389068292666880
898022836705216128
12477360720930920448
498214630993418816
4038928799825350144
5283192206263886848
5116603006924252160
17148616282478532608
17437404582725124096
17407781318687012864
2254830227257692416
16079992931546972160
5582231680817175552
15129607722274942976
17048821348334974976
12729050568494340096
12998289972853858304
16397006173552314368
14354773631369687040
9799307118166564864
5767549500306610176
11588528812293283840
13567214856031664128
1195974813065215744
5038059090068354048
15483707989843003392
17603953448537380864
3965686381067558400
14366997758567510016
4068084294016260608
7823126894485957632
17116241255753592832
1125318858087743872
5692467012963780608
11797615455350067200
11751707027240423424
6996933097445455872
3761635049855883264
12364894571044603904
4970144582492874752
13678980411324293120
10531773370380744704
3401346290120037888
5589284740207127552
4745204869014616064
16970779642717794304
7187754044182878208
7749093764353489920
10634814484227637248
17065329797568096256
17006795513098254336
16152422837057886208
17681438518209296384
8233244435312343040
6029050065281141760
2146161449255457280
3882242320284362240
9267746261272872960
796831706525693184
5592963373306504192
15112527572881768448
10899088043554172928
13650351696660076544
17076096715066685440
4442214251737449472
2664544562436650496
294919694844757312
12270873956318781440
2825724279854048256
599339239692113920
18405266764554588160
17753208230184003584
395081334116382656
3618311417420840960
14109054579524354048
2365760332252298240
8237059736847692800
13570326807794350080
8256132111561493504
5155588446806177792
515345269695923584
6927770878449440768
2113567491948921600
8843820092612211712
408943413812700608
10124857971500533760
1445231615184708608
4971881345956578304
14704213627878103040
10288412591467982848
9746516757902706688
9739789622278232064
10910499841319481344
7346016015331467264
8150355905929991168
6287587353050121216
10562964167538665472
3749497176874162176
8493888102801030144
3973412592802204160
12563939809358575616
164320721930652992
15775398527352184832
17070243318337775616
18026336292810645504
7153333573630469120
14776464418424365056
6789110239602199552
12922036879510929408
5196543521110428672
8832784228003806208
15601622213633329152
3596826549672764416
8471018286300730368
16628333525818333184
10771814386501703680
4940518743983413248
14981848244047495168
13143907144438071296
4220463409639946240
3232824176197679616
11136362416750735360
12209774685904216064
8588536464478387200
10334958852581259264
1554308331466964992
3685328861358090752
3032661779406303232
3672557888512859648
8051248843651483648
1803761141808145152
6140253845500843008
4865183286435246080
1858574626845155328
15757140216823726080
17724204702565842944
9123024174987754496
13872798878444263424
14039388330053998592
13329336592532187136
4580575496513098240
18201755932799471616
11459287069396412416
16650794197846159360
6195629164412936192
9507870152606629888
14890521573360904192
4631898574163579904
7617070779819283456
5220199044367727616
12662581299634997248
7974593960669103104
17253989528732821504
7972682622601528320
11140823361300359168
12262857973377560576
9191540261520282624
2408204825974866944
9048050827012089856
11695409238427906048
2581614530954674688
13951233765682446336
17735457293883699200
17574467054631837696
16249189628625657856
18103293022041909248
17919066297422098432
17730703148051214336
4634388474216952832
6438098557892885504
15260810407195920384
13346616991071617024
11889568930617350144
2211697942528951040
3012194677394277376
14181750425683546112
2081550541370725376
17712499803212865536
11673077163912075264
17980421621564815360
4625310096353509376
17687312570950021120
14217931685123358720
3576702261680391168
690860723598963584
16002447397835229184
15532750039422470144
1472937224993753856
13510834485448785920
4960942568392399872
9382488669575344128
18272464180162637824
204372381923361408
11544869750530646016
1912006443110038784
14154841457193373696
15661526350068037632
1932613930219374592
10204636311109535744
17686184930950567936
5827112927176650752
14882609071955310592
16747397788825260032
11123763088793516032
10921215614924986368
3493091869807527424
17321315598458054656
16249659950238011392
15028245680904398848
12209264362946189312
17796652868468701184
11028335820727986176
15742106350818668544
975819303776019072
17642256250257477632
4691526465523118080
12838900654226374656
1185757324473323776
8084901302394739712
8199485142950062080
4350963265449167872
7055334818795421696
18094170489950349312
9764899112560998400
16225486511308570624
11175469980817778688
2790149129327541248
15698774115284006912
8621817976040850432
18227453541102057472
17288937367276439552
12795910240222894080
14243164732065280000
13439985258064095232
17570624769961584640
4995801047060049920
11479099709351225344
12021910876274331648
1848961422183226880
15192329431370647552
12423711140356763648
11373447807562616832
4368216669843192320
7380915744130197504
2558352338159700992
305661079725847616
3542579851498679808
2311214368085033984
7981452503962072064
15814434771342432
306184878075742208
11717718041645834240
11993271345988145152
15219159627644397568
10909113231824011264
2751312778449589248
3938105189695911424
7519445026641627136
6002423665256865792
6313532682639582208
13009330271067762688
1719803312463214848
15943964847770570752
16270454511935512576
10362824277788100608
3531518658166941696
16586114526734991360
11127120145948416000
1676409540780593664
21839390234102872
10823830777049346048
6814858889024117760
14305923029549072384
5608426013551670272
3104982229179422208
61664827512633152
5554130661973268480
3275569594481012736
857935122376631680
16904907455314282496
1901026012967276288
13345908751662493696
11999040677923981312
8965554166176838656
17426100710905331712
3680209984707269632
17903250045804263424
6076087360135393280
8107015997573942272
8169071384908916736
911150390011539840
11397298962408982528
9248317690996862976
17756826209750042624
6877814745999313920
3477146676690315264
12542958700733767680
13044232770369341440
3300399677050551808
7686660204268775424
11273713736668022784
5307786681515993088
1199819274722567424
9324205510404016128
7948799282025887744
927268265441359744
1559908549958749184
8722086337453069312
6617899236128044032
15419971141111214080
4726292501178393600
11909834053977663488
17001950490593753088
13590011857166182400
736076515410315520
8666496506796425216
11729820167193403392
7276659855568053248
2902294210325259264
6802625403214856192
1539196162008158976
17616356938398248960
3347145909657535488
