9582995035365306368
17332301867758481408
8753773424546932736
8723234248392113152
2923112335214449664
4608065649939140096
2748895339689900032
18440697096821895168
10895794579634552832
3912904214256805888
4291536174917085696
17241417952364574720
15376426652672270336
15964456912320595968
13792980830798917632
1713055517275413248
13838728005874341888
14681827191176327168
2756425989682806784
3004212350897663488
16249025367918848000
12546575831097872384
1411553318316934656
17228500512245174272
11890509329589059584
2956487609711913984
17612669481751836672
2514650328006214656
12660802485240342528
11396879290602520576
13640237966812190720
4990099034436443136
13445173354170894336
5235821064584767488
5551480728657249280
13624806162590855168
16461811762313207808
418044135360637120
9000998949168245760
8106433320538944512
6882397124799895552
2183369897948464128
7369619761322975232
9331198041111887872
11657998806992066560
17265989992920838144
2352988663486111232
14406784771641712640
10150357482360485888
10394892794961487872
15594285954990338048
11371474696392728576
18025977129527179264
9657678058900520960
1587940513198482176
10623043800114415616
4379606804998483968
6288866859970914304
3685370729110717440
11536524589755766784
15086425880957612032
1361393099770704128
8472064946478536704
7095702791162268672
11797600295085795328
1638273369773822464
4525328322834853888
12214116255328219136
7303874117784647680
840367015239785600
3491633739778928640
13174193430298634240
15322720556086966272
13458060270642487296
5533177725250560000
702599683557417216
247693540158476352
9675904139394093056
17164693219506042880
17406600988015798272
4258125220264139776
13814331714851039232
9640496672705767424
12420395417078063104
13644722277382219776
16444079752321587200
5728957114126408704
15111080922557233152
16007768304044832768
17833295917526941696
8901641932713453568
12824122930464008192
4801946473223890944
13798022393275461632
17329398114073473024
14880018774434643968
9126081108237435904
5861103149696764928
3459452057085383680
5937559737456478208
5948701149084851200
17174107189334358016
14573784779387428864
2355148519385710592
9210621510319987712
3756384288609232896
118841000678523664
16173806624535040000
2946237641759415808
4407183211957837824
9935534151991080960
7255406098154576896
12335709047452895232
3815794119427269632
17380753324010227712
449869523863131328
6606514759223192576
6367773897665334272
5064631171057349632
13124856266683398144
8467777053904532480
16261739944311891968
17129642623801438208
3255141387170400256
13264010796119355392
7577144048590837760
833485339161312640
15071226267316543488
6778959843106806784
7616398110071330816
7163762726330328064
13043061203269607424
6265614259152957440
14909909710341101568
7738654438419140608
2803497658791920128
13859890624063764480
7268052417900793856
7008148796018548736
564607009288921344
15797921060988569600
4899871259547005952
12818461585631940608
17668425728190289920
15483530407119403008
2390853541736412672
64597057385809248
7218632469710582784
16480478728365869056
9593230506494785536
9828378851418617856
3235694345699153408
11771057539619203072
11855849496812736512
8336225298932970496
3703881635354494976
2824132876238460416
2459433697049670656
12323504519852886016
16766411378863337472
11705329667161075712
11749717163209138176
10315519529692936192
7840838243522057216
1361192992184621568
7801027447453928448
5979764389886872576
9851287936761421824
11006809638883241984
10718473688524453888
7648365382583471104
17403788298256603136
1877571236794767616
9391049700875393024
8369020742766018560
4730749304026337280
2449674204034811392
8908068734755725312
13223076210907404288
8903567687072410624
9881627867395084288
12518221314586009600
11316823765372250112
14121721715719608320
17625026058052116480
10067350396174927872
8774235342918309888
15524709245131223040
13115068436532711424
4701241342085554176
10494551743099615232
2274404642755179776
17486024229723584512
8096075773272816640
3033840367362665472
14788168840539189248
13100473725581557760
6611955996768826368
4593411489895178240
4470470432493429760
14300966786724829184
12534212884927721472
12312651359590823936
3636401760517084160
4396261921764155392
12415635517484523520
3032407114703242752
17191904211574892544
4633218952081141760
9073564518496833536
15080657995776788480
1018086049764407680
16164954760906125312
8278209584783991808
830861596788753920
8166126797512344576
11608552934597668864
9131211165517236224
4919713247166297088
3150908575709739520
14988105457339930624
2455774412821920768
9905543647969490944
967938813809610240
6290181493691227136
3199583839485285888
17583376800850243584
4120756757576056832
10299432574302873600
17382870009250332672
15748076253783158784
7836631873366704128
13230294338554648576
17076279751960672256
11395903322784964608
5484630004706123776
11103756395943022592
7419117178126741504
9693055136344657920
12597711950478225408
644944405256102016
10609782544369283072
864510447814650752
8202973604146416640
7997157956512572416
6013535862113431552
9156416563689456640
13290371026262747136
1120836588219271936
1983618642331973632
11090822112967565312
4229829804573708288
9228323371086831616
11117041462104598528
18172096880423282688
4501246747888443904
14012776062315816960
11776304317596475392
17499890454151677952
7583162740140531712
18048887459073742848
14692870396669583360
5945718602781133824
13039867778846687232
15759775280626135040
12481571617501913088
1877565139620706816
4992537359673428992
5240270367121465344
12155268104441522176
8531242924398754816
2750416279068986368
12855830916366983168
2184288561885333248
6734191442247300096
14029460736685772800
1154707497906439680
15180359181662969856
8893396687586260992
2465875420919780352
17329382190130507776
2031669981737313792
13210969138427701248
12120736865425172480
2842854542943169536
7938708580603371520
14030754635577505792
12923256396965345280
10598123205569538048
1777671446891154176
15619617261260023808
8954653314809501696
5421366002842249216
3789700968631080960
15975329676399134720
14637172646912180224
13333702008668573696
8063615060696664064
14152220688112764928
3456558421575297024
4355113620960497664
11422520845771571200
15333786200055185408
12284005382207823872
4105423203381309440
10900423620527329280
717739099744273536
7735906489314398208
15264239061680545792
11320925372053211136
9449494531994075136
9059420265648193536
9357733906786363392
12466379966672644096
948080904825219584
8623929173200314368
9974903337305458688
3024531926382659584
13888365231469334528
4068353866705489408
15950597001521487872
12357479387414493184
17023371805188063232
7586989691438012416
6406610256434006016
9388544764901978112
15359087362464038912
4327257293812717056
462857117388246784
16983848522019893248
12688298243181258752
6790819010863508480
6277446558344958976
17562047370696822784
15929802953568700416
14194575775111489536
12492045848057403392
3924315467949554688
9961749394187317248
8808152993732194304
773230731450858496
3400648947367415808
6804457084704087040
11464523738925754368
18345394614546239488
17984210410070630400
485802985326008704
6959629807556235264
67436117219224720
9945598929270654976
13641184037127964672
16569303427444889600
586608572547133696
8212398117873882112
17354656651222272000
5573862287861493760
3828608194925019136
5569633921513390080
15051568705055551488
17257522885560150016
15316016838993965056
3267668853489769984
5556642112495886336
6624696516239873024
1628748347174579712
17742001150606270464
6260070696705284096
11713997765783664640
16014488039252189184
10573742201694513152
17494158389382825984
4353824005724040192
8367141870210568192
10955211894829258752
3525626257527493120
9235985738856140800
17645413751766032384
6808106517399287808
1196032336070778624
9019997880158451712
13622854434281682944
14647857302087620608
15652786877160212480
8497014168538728448
9567985651276277760
14308117754351497216
12780946252974159872
15112487692047284224
8189630263323309056
8187147741799994368
2984627118663696896
6479357806239532032
3946684227303087616
12693931209475317760
12463822547314350080
2204885633321230080
8526728252023932928
1772725798930184960
2816330355428492288
9937758795582056448
10446719205275856896
10053202071782809600
1233204991926033920
6954876000582324224
17993268098089111552
16273857650001676288
10166214443928993792
9349439816875268096
10435679296606603264
16585259409671532544
5521833086989468672
10648992831529715712
2999290606445620736
14243044719257294848
11667248320347084800
4188099577713088512
17298528791981352960
793308198008069504
1734654061432330240
2515766325065381376
7902906378485829632
16830148034018217984
11739262728055308288
5777799373235135488
2809367469245791232
7145916672175045632
9348962711924488192
1449528014299297024
11403343814845683712
647471851757216256
9493773252564326400
15645037136144277504
2438084216813684224
7833898797174978560
1590925105271774976
3130467867146926592
3501431466040606208
1396289496469914112
11925676312002150400
4402416602665649664
6761233137401054208
9140423960544655360
12177695350838890496
6583041354528108544
2718042757302300672
11069067020714602496
15306332935892813824
4876435364092240896
17703179371396274176
7948069280274549760
9811318110742155264
5109833320617570304
13567290128870995968
5668050329327457280
4494415352405420544
2459324337995856384
4519101100799203840
8189675020251804672
4240507846552215552
15006902373123311616
14128643706423721984
17079843168881090560
5975039057768325120
17657339663847647232
45478005572952600
12972416872772497408
10363944310469265408
2336627539307507200
5226476141623188480
9471813470230200320
3778064533090605056
15969593731848697856
2301286764370284032
15794738577829875712
521724652546854592
3143773409573421568
17486688673403256832
8106014460172522496
2692765278042947584
16962393370843015168
7178043628337076224
15641579538439811072
7000893569835571200
11305930219509565440
9838191672461852672
3086363395089624576
17324153967658131456
18148667778799384576
4357548087117349888
5378686851954100224
13770450188008306688
8586520368269671424
12781158321980760064
9263259775780855808
1079527276453206784
10783726284626225152
4577957247733688832
8393716640352939008
10244926978251952128
1482738497973859328
15681698114845648896
9043639915488403456
1410611134496038656
11661875361362327552
4914352322974682112
17862765061394456576
7678649979776836608
11427359705157924864
5483426413873618944
1164440851217085440
2206397425115142144
2313145296126614016
16387297239059484672
4973654513292608512
16697477616898406400
7632299521307474944
9512390839786903552
2200894369726363648
17716266317484892160
335144704048357952
6644313904467693568
1898902722427714560
6962572688323934208
14640445718216869888
5890164940915405824
1997519352402251008
9550666643870066688
3635009120240507904
10877579797770889216
336371692942762048
15790811446234630144
10893591749887838208
10024868181551458304
16638893591013683200
18079573802933174272
4290522708580131328
9946686518624487424
15438385874483331072
8284306904108352512
13680893213750794240
9071129945620775936
12867690076270698496
135883568740935376
6279004427170318336
972709548714231168
6656463316751160320
5228537515603150848
5153500410198556672
16285878546575636480
13165768795793076224
11548011046555803648
8690882790230968320
14610927856622524416
7349395960747251712
9285412742244677632
13494045178243592192
7618654332983270400
13927311301363568640
12483239924050214912
11075907909768843264
16935375216642867200
13336552496421163008
12118481747227432960
16709050650115268608
8985300745848813568
15094537156069519360
6373408468581120000
13867821769515374592
16278132884794001408
15512276534727868416
17222222360633176064
17747449604705828864
13534492491328198656
13466822584862679040
10578647559465658368
11774821844853037056
1793493323330123776
6442400979777686528
13817922813401618432
1656906209500140032
6965897561293937664
3296499558069108736
17778572806995666944
8430161295412952064
11209017275491639296
5664024435666050048
5506194862744596480
7614631456545710080
3755052278524197376
16192580861900654592
16673354876644734976
4974703360188768256
2170598904689825536
17066438985606717440
7368152886273506304
8235222758158547968
14927965198641031168
9672185081788416000
5322454241395695616
795362570837110400
4422219859352458752
15055813992009586688
17089696108513210368
4356552038705764864
6184156725499016192
3667238887586909184
9751530612951345152
4908742792141158400
11871171829484335104
655261247682908672
4281186448250109952
10605586324006410240
17927484822225557504
16566583827338678272
16153434720147064832
18016916007358375936
17588446987558653952
13836839187958904832
8154731375899100160
4626782344826308608
17474663078363187200
236780072083229856
13530839024715902976
17379897521773953024
15706680223186380800
3250614762156747776
1790265625584286464
1313176692449442304
18075985479829276672
1436050114402009856
4596520600761369600
14851472850851000320
6426149884103776256
4692035178891964416
10803986517316323328
7522934770301182976
16377141977907001344
17981430398785167360
8686473181936534528
15306207423236032512
5587256068964900864
10414655997584021504
15557130449446709248
18295081055734325248
13700663679818373120
7343244782908255232
3454068029229654528
17872256185156108288
14802410742664665088
14824611943619858432
18043729086875705344
15947370245967986688
17749238479580467200
3298206123969559552
4993565991022668800
1614452390279602176
16676970216498774016
16699832099512342528
9646282604739919872
17606296784304252928
8712753835517373440
16945709492240293888
867774324665907328
5414068638791514112
10038417625161158656
17003310917419560960
3470528603782489088
8388593890618500096
12589831251646601216
3338621009413986816
15541319525949528064
8106904907087002624
4982559486158277632
1835230855199351296
16538227406626009088
8417388723818390528
17570028578286411776
17959195037218318336
10477266948608845824
8046449486844502016
3774549015219433472
8975220746568131584
2941888032520532992
10415691239913125888
17208908258747260928
12626759977775144960
7237472447139135488
12478900290139047936
14144727831522357248
4128999765975773184
7378605011049371648
8161148108622015488
9954241005277241344
1829691226033818624
3889443725938673664
13250137721106876416
6800776014761945088
6963528893194782720
7667915542325040128
14309688546224381952
4600668791745867776
14784074046146136064
3422285399960180736
12009652000292118528
215298242149119456
2946732081390472704
16212873233786451968
8508355285219050496
1633620680689605888
5902565570492024832
8637902175952831488
1890067829573854464
5997207199665368064
18304202033653659648
8577664002383517696
8640660922888889344
272931360037756960
1876715324450225408
10832478631365935104
6495780237162795008
16349191818816165888
9650091653348517888
3033541021772486656
17791970024702738432
3896121450498718208
6364261420294172672
5404760617365437440
14208489922482397184
8189430342887790592
11459597475342082048
17533243422633226240
7912816408969863168
10784140988740655104
17418875181657841664
1291898388183972096
6934205918653858816
12629884147223494656
16498167716247177216
16203440914962677760
18353387650444111872
7607061098308500480
10506766765112821760
2889732979970140160
17030900748679780352
11491260353131943936
9128069707515633664
13267300217924814848
12026644472120262656
16930719448340654080
14404908975182845952
3546464664397917696
17364324805835302912
9456570110154428416
7374112047782031360
3849880147252806656
12913681628707692544
3195854863810919936
1675339208507952384
7021703383042333696
9875114463363133440
1901707267199230464
8252514671358689280
6963482244721855488
11142121600700416000
12063779710588639232
2889586894973651968
15970043554765451264
17633350688450654208
5712935736929675264
2798269690193178624
17862916941816571904
14633266851422111744
17411377450644832256
1700622332572396544
10307067161806624768
10155389649098387456
2862119172008606720
5040995462239289344
11850968424837842944
13195846301010802688
13745903016840669184
15404142119548121088
11037860848795146240
17159839091441289216
2815831314943419392
169231135891471936
5042020895964702720
7067983054891547648
2947903743715428352
17112173364463529984
9449943036483008512
14381767916255649792
8798879833027053568
14301289621240563712
8200059853437896704
11688973645385519104
310987206732260416
9224667980629530624
7929704089652196352
13546357374358110208
17621072146670301184
5480470131037355008
11544056246453475328
5460308080103654400
10753760261381220352
17332351406586750976
3628752543406730240
7077146459710125056
10968924641160876032
4860102315573190656
14832747016294416384
4043433219653069824
10899734325017188352
7830542153131373568
13888811535687059456
7942136068342227968
375984725232084224
9728629506734858240
9064982966654358528
16216211650672775168
16026033462470903808
8106465154664944640
1883350035856983040
2386445439577507840
16120441078661060608
12322340269547530240
16363398768109103104
9921406412882954240
8279691783139054592
8635833388957963264
9232798437054158848
10813902474460057600
11614859992698445824
16902046091993782272
4121876105657211392
2790176620826522112
2044597787276749056
8378731353978629120
4370915788045424128
5590388629457436672
12410079400083593216
17412080438932725760
919798525836781696
7337083151511216128
16069039310707492864
1002303077041653376
7608608446425209856
4640517099026669568
17723430745413664768
10313252035628787712
10620334865029402624
7872237598804356096
10274396173730115584
1215998056230549504
10261939402142474240
13792533269291141120
10344044261100867584
9543721363224666112
10034178895843858432
16730565019850070016
7067814997618026496
15748952350109798400
5116473872041232384
15525854537562529792
460663734650213312
826731617539683968
6199044022750336000
15872769051876274176
16579304439696439296
10806525959927781376
4677855821239181312
14426881454594574336
3353686582549384192
2103616111718389248
5811726774510702592
829338818947248768
17582324630486175744
7892951980018888704
12097736209805895680
1877675273816897280
16336180861548689408
3875676399430270976
12860824469808605184
4609768854731155968
12951409456343787520
5557668030745747456
11447202415855265792
15957703096493301760
8558884120340777984
15018140279717799936
8617778953102262272
1033081190619674240
15206171581308567552
1591621982667560704
13398855473960030208
4419131990263508480
13098796389483259904
6625168944172054528
13471426173227089920
6144530834007003136
12031793990931343360
7484799696602653696
1672064638021046528
7074408048228084736
976784474721821056
10051241103821150208
5896455899961867264
6565879642402735104
16821970468462735360
14286939113835114496
11170067976938260480
6018413048163435520
5879535177704203264
1463334381708975360
4268158173446107648
10317026537881882624
9601263871324366848
2314145413919733760
14967799936870998016
18363761547974002688
16231234426895306752
11660546155614754816
12555010172552357888
6654377660014806016
13134567946916052992
15653702271713761280
7904226932646232064
17442112751236741120
18051449903203592192
8966167746819959808
3249460260100789760
7465271138252408832
4912372240969747456
1070977144392415488
15464580519376156672
4461517773652312064
13472838885407911936
1062067919391439360
10425487133061376000
8700977066208043008
3737158285336134656
1596124463060093696
4101613258384109568
1814737734905752064
6352445175241973760
15635524650629134336
13330447964889423872
10020081931642480640
7332513931550467072
56187130436050104
14664677374623840256
16296172891252836352
5305479323665325056
16174370038393659392
1892338260949390080
18068186351363852288
8359115493829566464
4865964163629043712
1119602225333463936
3412908856108711936
15948765956208515072
12290581895049920512
8174683731207396352
7931327719047019520
10610479054907973632
7834958094713138176
5155289962650962944
1503056223233328128
17347675705596121088
4429150909672057856
4277416100344663040
5300120990940732416
10192053577455536128
4701697324007558144
7667080902462224384
17748661633057284096
8356939968913763328
2701734633543256576
9667647991349938176
2447688805820097536
10555963138985869312
17761845234737002496
11007532100451579904
4404696578966715392
7480683299319631872
17412566760761958400
6180641178401705984
4229241629039966208
5817185951781437440
13555989701875200000
2820319477149951488
16985897262115821568
9103345706003279872
13368850826520889344
6221633594673711104
967931856091202944
12819890861083598848
2830679692229862400
958044821632518016
640043015107077376
