10762087906958751744
4769287543460923392
16893591109267611648
17160860140662036480
9549169578971863040
13168561502652319744
17558684015912564736
8198128009027950592
8912221972950441984
14190623914583498752
6625182786645630976
7246340749211326464
9630168402530938880
6410061222260856832
2799442196663246336
11784490482455703552
13395187327840673792
15578704591323891712
40051084923576712
14720785701124737024
12068930829777250304
1321708260779790080
10381552598314567680
16907415821957666816
6200944274497316864
14897229226439987200
289682377348147904
11966122664025884672
7499442914735524864
8637866893464374272
17406050505762398208
11840035260107233280
10409496190507704320
16991266590828050432
7217031680376628224
2563420052289733632
13510577577636384768
14746479248285609984
1919727509004880640
15384087229528264704
7172084102743885824
12331476111391029248
1817449995913312256
11080874185906956288
14431699304632051712
3616822901136895488
4536435201040309248
18334688747986950144
11187235458002710528
14931826330112737280
15852805031975958528
751301489516499840
14552540370863126528
10392257540970260480
6194507738580731904
4465133525422529536
15984247097997096960
1988040576679365888
5722202282910829568
1094017357480018816
7439165582367596544
16131381876483280896
6502223574182455296
14196175934981816320
15866729819085656064
5316943142032654336
192964094332433152
15631977622530473984
67658804814010048
8280506904939033600
10752215803679221760
13686601460203698176
14354160129189156864
97090090685038272
7092050947980128256
16705218289830301696
18232525748690194432
9476826210885093376
7594758487380156416
4693766792655323136
18440898094416328704
12274038960447414272
3035957891141147648
8476926785448768512
13641500564997036032
8032775560780121088
5664745200004044800
15613183861260673024
6527125829015808000
3728118229841572352
1616013120660492032
9471036972408711168
8472211755926587392
9263114701591121920
11652703523432419328
402230918639654976
5919686974040197120
7627082445595688960
16816109858221979648
8291183055276509184
15513711284722288640
7891437463967588352
6235389662491691008
17204990017023086592
14729451905676453888
12182311058303074304
8129264993209051136
4605184073942961664
9497488738083485696
14609980944681099264
12258629588409438208
13860296595136118784
822113428961158912
18048016312050155520
15735845537880180736
14948283819794169856
13147156890413996032
10055667418578016256
12716421962255460352
4545098502391461376
2637258830959762432
17968001187905675264
3919093904466572800
13220130045099954176
923980115508885632
6404890168012892160
17565476699133974528
4469135655703097344
8779022969284665344
12993754786360475648
9913674146829670400
1159193432573585920
9991259809114951680
13847435128232417280
2698896488018549248
3377293590589021696
15601057576495632384
2224161179883749632
5723761184009218048
11359218129894688768
4381007773394476544
13391285055208605696
8853310521536799744
5560211052212279296
4841695404934238208
3222388754059255296
6051657622363154432
8243435646049810432
4509327361175235072
4992870409351294976
9378775012422359040
16730053784258885632
16707895327933534208
18306653287255732224
5056913418187045888
12903870396375654400
11902103583270060032
10406321750429227008
12801682495471484928
16040927988196534272
7488164905286408192
14998085676297652224
13421512097757829120
3659309984308590592
12898510456119879680
4056408298439066112
15661123959862188032
12480392703301572608
16256251125273372672
7830511668660301824
1598020196111979264
9150533655752451072
2405172935218372096
11850687350119436288
10836418991569842176
14064643354530447360
13731293670094626816
12763459725721622528
10903643891881091072
7405575903697952768
15674212860095498240
16264474897308610560
9866735345048211456
11706456688911294464
7676459877399214080
10972333741260580864
3351312262942341120
9201069332407865344
6597308249370148864
7385950111134426112
3330858932427447296
4183990397613371904
2674451520035514880
11141440707952263168
6083973288594938880
8766796204086585344
275569242309903648
1444494320056414720
3862079110719623168
18254017472635439104
4552163104362118656
6695935586111748096
6920622850984292352
2580654438811187200
6088630816446218240
3434029160619358208
14105110823160614912
11627956519669796864
4451797935696709632
9418072438368282624
12130159328404008960
5375806450990845952
8275065744344899584
3099320506673263616
9130911816583890944
51646443924094440
948234820936750208
6119143036449602560
14116640447776419840
16786708020984813568
685452015554244736
4623297232979994624
14186116964804216832
10813321746713534464
12098829224905674752
15256240055131674624
10850127266214938624
3722831845865522176
3676689137132307456
13163367102974408704
13121637860104957952
11137071663688339456
3732447182353101824
21685596590896448
6891533477718439936
12910609377790959616
907447010788017664
17162275118195646464
17856082380932710400
1179383699670705920
10599270315977203712
3826519596311577088
2457684384960894464
6279953139285502976
15027238909564755968
11890265404132786176
8423020092908366848
1380108845595095040
3172464959575187968
870414778115405184
15552103468365260800
7161409746530744320
15022936245873516544
797446423927567104
9125856124408687616
3752061001309868544
1659253595152891136
7837724042602697728
10410384042131179520
7038031773525608448
5392946249345775616
10455946991936339968
7509715374094142464
17114553752431919104
17819579626409572352
15553095273190774784
10265618120795895808
3625351687655110656
11923985370332176384
4175116727238782976
7072425155013036032
3395264472993341440
12577987227695749120
9782006383435712512
1502105380230255616
13880933738596175872
17447398338370613248
1244298737313434368
11366267349996599296
3655985484197271040
17619990323537414144
3309565593720931840
10815989282030333952
16693410204131989504
7789124701147029504
15028846195414165504
9088856486662228992
6873026536754659328
7678214437497929728
848988269980332928
17759712991641149440
10977040426046244864
1055883375079279232
7865807706075138048
12545481145432571904
11009539230743695360
5846705947130451968
13107453058631718912
5636034777017053184
11823402869564825600
15739733232369981440
17838822944111132672
11884617887621980160
248588460616527488
13172542911888326656
13990019988900435968
13362764405884534784
6209455881943969792
13648760442093887488
6231343608921662464
15460797375167506432
9603239303659241472
7815764799613848576
17373898652473384960
4320591687145317376
1104489555514944128
15452197861856192512
8973149344344783872
14707171377144127488
6708967127888840704
16281214000593139712
636640049211605888
12101928924711483392
7818072851176412160
8791928561614072832
14205984033285720064
300766498446714432
5003052539168577536
7098101409025605632
18311975787512832000
4680278700184787968
13577446912992458752
17152801271519160320
1728727054399906304
2743655175901345792
348122411427645632
1162233099095092992
15543333670545408000
17683806450085218304
7704534646624656384
13584819511256829952
5710071648338497536
17822723995076354048
737837385214671616
11732865934235574272
12405812110006730752
13860382207790108672
15354523621950572544
5011918064748115968
15610633294793500672
500086808784591616
3349414607001895424
75582880468402624
8477399453951079424
3248332291147348480
8112518136694144000
8453406838243400704
10051735496677457920
4130270800159640576
10347634967666059264
5369656183476937728
8065713849376961536
1742068736116429568
2526354461105678848
10757122038220531712
17182547766664951808
7052412947176350720
10691728450541938688
9314213501450219520
5460902124087649280
7376617661481915392
15873501337463554048
11670895468172466176
3275502427132940288
6274878348941162496
3847878636746664960
4022368887339960832
16884343727705974784
16741139753468499968
1089119159600099200
4863673097458975744
4338629750613345792
16221284761279830016
18385648688282724352
13983764236597809152
9545084091375898624
15158802388398833664
14641395861779888128
15313240330828498944
10443995760029247488
470631944490407744
11865388004528963584
11180667640641683456
7309876347867636736
15776063232406405120
7512067312224122880
17563997792761085952
2504676283641957888
11603862530468630528
13013657027638212608
1233299366464318464
14509629690489694208
6569520130653794304
15355241994174418944
2830716848788571136
16354735888538974208
5109248214385243136
10656059506377279488
13437921052167397376
12138108046804940800
15950386368012228608
3062375845739902464
5781075107833752576
4018759039819533312
15707371574063048704
15829379973784092672
2542087583897919488
4663294335999864832
17703811553588496384
1183204250607585536
5372627793576635392
419423975231064960
3903062729985147392
13523449674917799936
2316206838487110656
15215696309350725632
16556607429845579776
11248728363150123008
819921734723332480
16624616511514822656
10398162049423521792
2643918067347229696
16813547150617212928
6460880570635344896
5316563463259378688
6102931052437754880
4845354250423339008
12264652895717427200
12120294934474180608
1518191932469242368
7489253870203202560
6006914060543088640
12763069753029918720
3767600599136113152
1462528930121370112
7637318597406962688
2032893158983828224
17684671805143918592
7452577319633720320
1278685677504699648
16287363731216977920
3400793830458523136
13694159111577548800
13018205563064657920
5853897325878960128
5519729061970825216
16569129241534918656
4717115411843806208
12795823798222895104
12242193619932792832
6662426087397518336
15189475330793424896
9967885610637148160
5353714418961694720
16247631637749596160
14808701521095897088
16076123681666304000
8548338519018926080
2612284769620518912
7715070702538868736
8079398933436192768
812306179650892544
12311389630756147200
4211026526212697088
9099270907209287680
8192414781000894464
6683835922739516416
4491800072960269824
13222932736269537280
7583443956422592512
1229029610842442240
14563276930091061248
11219521313750136832
10497251763324254208
16111461930498138112
3143709905421905920
10965848591732109312
16787247534296428544
620695287858616448
12388191612098381824
3495530393027437568
13156965469016248320
3117322722460683264
6672196866029980672
13249378103031982080
15012624913694722048
10970729185120694272
12915633884566970368
12057684052709484544
12230899219294013440
6154975737319981056
2486307413446272000
6024365619036694528
17975700794355054592
2012616460753442304
12825390944832675840
203576683050859680
3559149038537080320
15554904062941984768
2613984628271430656
14261465151596632064
10979583623243501568
17772317870228692992
10633620247606640640
6871083407915278336
8994093582296181760
2304544118107568128
2307759404228313600
12241047977727678464
9038839922289693696
13556675177662816256
13794192083818110976
6172685093449439232
14660190247492339712
17356920340309985280
8900475610017944576
16915500696369502208
427461036825376832
15630779263914121216
13837530448771348480
15130700349093224448
3964067839035776000
10201155938641174528
11830374675384070144
169657291159595552
14438494178304487424
8098439742448866304
833224420061716480
5915359467636173824
3104267647160496128
16465107148196431872
11980235202848118784
13995991307654324224
17587869497678512128
18306310086036617216
13621507467704078336
15932820652682194944
1825444836273556224
2124176185844455680
3343854201171097088
15454745085268733952
9061625042211763200
501487643857683840
11465056747843395584
2798563253412919296
6916989055594848256
10645941991425517568
3038972189693821952
18013207959520505856
7429215921147117568
9555834617244098560
2564201059012906496
11739848113017612288
16985939420655607808
1913071442616728832
8285140422742483968
1781150362260254208
9688390211578576896
5369821101584779264
11659982788354881536
16088632360290781184
12703931913496291328
9400106968188479488
14974599365542369280
15537405808878381056
4976286153215272960
5085655124939897856
2389292501424026624
7251059928687145984
2670414288291341824
6569750038446596096
15599275880077703168
8167479791352705024
6221807799662199808
3820271538961562624
5044316738251202560
8913427057505742848
15914280182738169856
9365118725926236160
9105958367317637120
2311939388220097024
10771237125878978560
7340185434401894400
12176616343794839552
10955514455214333952
18162713606856992768
15622572853634590720
14196531684694593536
15023233309231087616
3091823281837783552
13921915207930851328
3763443015339106816
14131539825938212864
8545901562636682240
15829461128400357376
1406236281108744448
5990706672664458240
14022656183538874368
13224277955808364544
1237309634683278848
17964789248605327360
17341695404135555072
2053442804258716160
10456803998976346112
9950542272670992384
13170004811357939712
727983895728983808
12082451735344484352
16002572398623676416
9614460209454047232
4852920943296360448
11232061188090163200
7784466615156503552
12352207166004252672
16860821963078260736
14961031476121491456
10354145800009220096
11887963406822090752
13441924524234811392
10798436231452942336
9650690806654527488
16276309910695874560
7905193037523822592
12225451003308785664
2133082652930508800
4965912292236656640
16701730659522830336
16442918276265248768
15529969714145089536
9992892110962866176
8717505009740195840
10504091948099543040
17647221999542923264
11639057799851495424
15035100163230912512
14853219399830542336
3658392869276707840
2794092325273325568
8893859052734373888
12345192512130095104
13980987353654038528
5530069714053943296
600030791968992000
7350421560529270784
8208895163367297024
8110294721537092608
15912105347998840832
606549205191124736
5979155411126595584
8697199723049160704
15669376581489291264
17496719944128233472
8451487836114089984
2935313735187421696
16383713034985644032
14944856119318298624
922832868248772480
3418114704760621568
10190937462224490496
5418343522178372608
9633594405730742272
2341259420335572480
9516413112538025984
13194828240749723648
4582536906513678848
8187098823463806976
14353303614418941952
967979526278762496
35632041152756048
1157166599904611840
6630709778907658240
7936264171519190016
1250936350442276352
11489266230168696832
14628931938837690368
12262475306556651520
4878259013712976896
5772904486548742144
17700672325312583680
11485944487877951488
2162999761788974080
1187785044727630592
13537714441117347840
14371040516778270720
5262410523133914112
1472682119115149056
17461334734928029696
16590142648350453760
8248756746103073792
489972407962291072
1856352406342080256
17291583068666351616
13487240680492609536
3357289565353246208
11084963571038777344
15310375646383669248
3306594576173571072
15314249499580071936
7468004260139399168
7921101440273679360
12761456177646465024
4036973295846939648
13376615173963796480
11096002298671122432
2468686462965817856
5249932192231387136
18212609237715496960
15414538616216186880
8864756591015882752
7672317237423945728
13264513444185081856
2689390468040848896
2634445793339966464
17260077563066511360
10029608670934689792
3121205401365090816
6638932751405819904
5100577633461447680
11556058972002394112
6020625001414289408
12394736033250488320
9216553695426000896
771146643073771136
13922273385238278144
18093599724864221184
5881692282053309440
13002926080580964352
17152924044974489600
10230081552796913664
16698359606151909376
12783840898594871296
807911111290047104
11170769038984902656
10743880740015894528
6518219941419674624
14658649127451836416
2675499930164191744
9759114410126309376
1858304611259340288
18339830677707663360
18405644878846908416
4335478064118666752
2709528034198138880
10206263261639542784
17031818142787739648
5243112285142659072
17905028326485080064
4014056631944699392
8161170139340849152
11178307751450642432
10100705094729562112
4654785802659557376
4403689175481697792
15601622036044697600
15674753597765300224
14034890370699145216
5868830051378832384
11614521563242997760
9935433660628611072
18065525561579284480
13133732965949710336
18213120795768412160
8525432292013444096
14759603478546767872
11624297048676517888
10436088434252181504
1128268627605462144
8935649004496888832
11422189159994370048
13530502148707962880
5249669698784164864
14521905172069279744
16994521810449610752
17973531141980706816
4646597504863273984
5679050336668414976
17918939250244222976
9892341043235454976
19984338416739300
16369795008820170752
3722243847874435584
3897187100031436800
6754741467794264064
13235294622273425408
6770576639648931840
5075461252282478592
1235566995022335488
3168206297977867264
11976622112370008064
4363351202681596416
11449557339195604992
17284809270775640064
14205273470142793728
7059772547537916928
4601789436441058816
5261719865364768768
4295619143465198592
3495307521800617472
15320938306044160000
15991825060492195840
17512008563540844544
5266544992151821312
3514201899578168320
17331556012475879424
10625117415158444032
8182562396082455552
7366853782325544960
9518925094517161984
712511953036522624
10983434354339360768
13853081676192550912
15515228261122885632
14729616633633701888
12909412663798030336
9395582907071320064
1095501499451583872
12567103019118106624
2375485990013614080
2400438962540120576
12020999073869830144
18116598451735330816
13604310828768184320
16563140822597584896
12237118351021766656
6930746303908232192
6396955365447487488
4765571672046908416
444425418664931520
11136996265266083840
14555558460487106560
11823016284740636672
7290443950279418880
6865116750911460352
5455671258669843456
9025859256578059264
2742000964718732800
6325481002925034496
74593363700089376
6068609295382378496
18084168804218568704
1217663319087061504
654039819634582656
13214238889198845952
5973893044059097088
11093036945910478848
16906720424561278976
8259169209707708416
9121020584073068544
13246542823463680000
11148715189550614528
18099567428097871872
739231156169634304
11971162363335129088
17678873536538060800
17470681173179744256
15595611632426993664
4558475653199513600
9033519411001146368
13034436156411934720
1224999499767505664
14586838723714111488
4581784685576267776
587020082452337152
40739992130432752
7797399994826081280
9241974376917807104
4936691073791236096
16887352128239433728
9892000835888654336
5950023477912204288
8390989886463644672
1845553726508515328
1333915357377760768
2767592347670373376
928120593768024832
6662996753590288384
1670250423029306624
9973259074589755392
1012069429494144768
7335761728913329152
10959187299037517824
4581284594623012352
18048611994669922304
6460986517637969920
7884997286532305920
2135408019923290112
10716633358537334784
14177227946757414912
17524347696064546816
3131160243336880640
4612316316762714112
4461926493432028160
15942773825774256128
16428636487934734336
4714135792241120256
13153158151175036928
1460401055283237376
15335241235283982336
9985265711315128320
16152302907993942016
14210157469247903744
7275089812456297472
13067038135258710016
16250203243058491392
15117221269377394688
5815152829213511680
5225332715795424256
4267110176921549824
797261906039455744
18119512625217466368
9803834603749074944
17652548854113110016
11703566727784953856
8296667249987368960
15113000152449996800
14694198922013259776
15399649432608892928
400626954313890048
3842560198100324864
8890835903370587136
1235260764530801664
4941391186917851136
17469292222197813248
15850871684208791552
6472817731306851328
5200637700441574400
12231551439977308160
667152358866322816
17397016124147681280
9408450050358071296
4317077432464804352
18010470614816604160
15648608107953528832
15119713680188143616
4197709477200401920
8167842694151691264
1380657181549075456
13587974869242519552
10640695414982873088
14690709288545591296
13348516261285316608
1934824467738441728
12500747414749054976
13547772438080405504
5195840003126048768
12330869885594968064
14618703299809636352
16018707244289087488
2988941339063729152
16998275901778778112
11092198130692315136
14449094475601143808
10691685268422565888
16653044071969384448
8154114438755196928
9346475358286211072
3160294955838569984
3266656702828616192
5608794022437118976
18375255611195121664
11482541770247806976
7372965048243608576
9689573505752858624
3325136951093225472
14653497387755143168
5025972423393931264
1918674024762121984
16452513851011616768
11073721975261702144
339525222134944768
18446145299181264896
2741557961834662400
11739935105354899456
8601915841182461952
5707393246337576960
11335940381618954240
7871601080349656064
12899168817358524416
12990316986140547072
6717870353065006080
9362997420914702336
3954739234252326400
12681374332940824576
2151089237148120320
6249162401485894656
165288866141059968
11988185782159984640
1413998940185231616
11869024203363809280
2935322716137656832
