18104460073646690304
7603359990021855232
10448552542936010752
15078890782233444352
9821702363162468352
3659679190796193792
11852953206960848896
7743780788659251200
2501365238123645440
6038117206567311360
1654679511083397888
8024321146353892352
16793775440722685952
17557797083294154752
4860240002613265408
8812606814600731648
17464260315893811200
13090990727278639104
16281592774210033664
16122417938328844288
9661295057582749696
12131942715474872320
17560046648609435648
8541903798239940608
15702644538321895424
12915297163921457152
1451156788217652736
3308176511576160256
9309906937786091520
2837729893270731776
3831159814266420224
2171990125472721408
4302614777259594752
4885754705359855616
11977179670681292800
10057981148545619968
8628251855405433856
10690252681902108672
2778817247226318848
10415749828626391040
5197097646579431424
18066083407215013888
12836772979085082624
1173370546052710144
1950365780418954240
17976852266105778176
1809546972118137600
4238202796632225280
15219131283485304832
13782787681779959808
4150929060182269952
8275363549576894464
9302327431519324160
164842782656071488
13282852462250526720
16950048005466148864
10927797609727039488
15300996937765726208
4022867500132179968
16244095151215493120
17658904381159899136
4064613663800888320
9924186226016024576
12644552070808662016
12677078310733500416
15328998356955492352
12567015223973644288
3781085573791064576
2988020939244226560
2948309368474065408
4948816658083444736
4067802246098788864
15847009796060786688
14656866399532238848
3310751846901821952
9652982546111131648
9732336698643982336
2496706185148785152
5291616162134515712
12773061170323851264
11046661899907860480
13813283914701709312
11341595927535036416
12230493767059447808
5435231413101111296
6505671900668207104
7999795564202372096
9420413481614190592
8015586553376648192
5796756939804691456
2405921090150740480
14242262157614827520
8016243853193278464
17202035760983287808
1523547361394603520
3458939667236953600
7383217295108421632
12280306984250486784
14685110436263462912
9823843925829840896
18319636718463854592
12368566161012363264
6397216646841076736
18117610043592333312
18160051939619962880
13117928101630683136
9170982965400102912
18282149728777420800
921727442962457216
3920398590172600832
1372221333954072832
11531540571636979712
18078672801283106816
17810639789357930496
16837678506272378880
7463382809056364544
15842699535620624384
8778781697035106304
14111503680539592704
3524381170087750144
18202138677471578112
10849386951836096512
5560977152291904512
3751860974921947648
3822970109795216384
17779342404945510400
8219654383270628352
7947765173250850816
1156943390618497792
10193278562236856320
9940994834413373440
17266477621697751040
3949623473290862592
1354582121096846080
17886503779779657728
12266735417147078656
16001905637197588480
6598274137929761792
6538814660578270208
11022399877520809984
9887655696301187072
17537344574821779456
8155499112351246336
1453537928728814592
10620163623606016000
2019194407934439680
5476557361962065920
16092170786441660416
11838667301380661248
9386806874728169472
15153404730255777792
4782921290257858560
8453729957826458624
16508622624685051904
2101441882158195712
8962916237333556224
11479663255648907264
4989465262698115072
3353104538380839424
2780344473729620480
13967945332763224064
5773254003000883200
10474652996862937088
11520599684018804736
18357958655412420608
3505130956148769280
16057158135321927680
12736588664926769152
11420358161667375104
8810907390345640960
12468312365895524352
11540294770558943232
399237908396124544
10248713613825902592
7626875093331700736
7792269088101052416
11124289980397996032
8785304398571803648
11581112436016457728
10876001814515607552
11210197413876037632
8824250464057275392
4348462579678866944
2968778189729011200
2733111344126258176
10477489973297559552
14970707685020196864
826252297608047488
15498765948611002368
13640448351954829312
4193516563259501568
10001747976997240832
11301108204832983040
17955429892058554368
1502514829399030016
8114292603132265472
18013739059529011200
13144813955876663296
7103966058324974592
2163253295854162944
7803724601768714240
16636716011826397184
763860614648511488
3668561599121802240
5817458684540532736
6761794322496314368
15091261372085983232
5884409265283022848
10786054446096971776
14062663673273169920
9821469162497675264
13227433279356809216
14103263344282228736
5900592826233587712
15534047443602788352
2037126697795766528
4505595242873048576
8911956436963108864
3903967891764370944
3737920586220327424
6943615200329747456
14107537002276128768
1099482064667526272
2660003305318875648
10170352626274070528
8434197557041090560
2549372235028011520
4084654215697365504
17586007011207995392
12816110470185627648
16411440919485278208
13615574757019412480
2404873739236692480
17388345720714682368
17144297950349580288
107540968524481920
8048198669687471104
10342803451872382976
12540998487474659328
9765534123912433664
6868413892556658688
7759340769587542016
6575875681195935744
2896656837540699136
3501901260731799552
5914526320960708608
14947829575523557376
18074056716721100800
16055365054507589632
11105954227540996096
15821507417602803712
8452103317189013504
18332673695124482048
15535799374140567552
15981299587502127104
9032647517601291264
957492789842971008
12044706666649327616
13700714452009707520
6333011139614755840
10079385443016865792
5739092891406033920
8489293200467317760
2873270493475043840
13834855151675566080
2719800266908486656
480775166705467776
2977563281604049920
3723706180002015232
16504158554407282688
4957933376823455744
10497824208880220160
10315073492236943360
10591800560989937664
15312793735027470336
3671747672558027264
13835635643628048384
9773936984763938816
779387263747749504
9333318478292424704
2698142966390331904
9456189952740835328
16782786578980663296
6368119370700292096
9117479638644350976
7098174927729079296
5543632768419616768
14806714110311315456
3032411754422924800
471849646191309056
10018357474340528128
13368128202351480832
10943065805825081344
11962862221996050432
12387592395635554304
18036483262628552704
815203525019099264
8125581999800119296
3745552550933468672
11753327180212092928
8398390639654824960
18002121951331676160
12938444811376033792
5486068869690723328
1991961867782605824
1721528867140087808
13700594502281443328
12518048990191331328
849356672701486208
3206902447331047424
11646134808018999296
6767701957718225920
16146339826751893504
8543434817801186304
17848232418499438592
12505305913387241472
614642742131915520
9826913848100696064
9247765771583600640
13681957747808362496
15554829595294730240
10962029452182403072
17707536040887644160
8724146235193504768
4448619899528869888
11531712687867330560
5034464277409631232
13422919236788584448
15003994244740315136
15760120366868051968
5941768058075728896
9887513865706872832
760995988323636736
1619813092496345088
9225884978481903616
16223455320085307392
1456074324132854784
13324221903103758336
13304788001279238144
15606145870818928640
9311084431165564928
9631649795653554176
1050133747212068096
14383316426716264448
10343637099699345408
3482479752097516544
3412152716226655232
5905298997790580736
9117537444778263552
6428653438846186496
5728651224602640384
3855085383457901056
10075084073688365056
10083047249786845184
10107340047032803328
11993247376963026944
18226444588399456256
17694811649762748416
649719131175831936
895837589535793024
6610720198063713280
8106052272626868224
14838715900409300992
4570679415381049344
14380856179300241408
4236829301259659776
1718574125732137728
12564741974187716608
16347646530035910656
11136952030353270784
9523724681029935104
5121713962907162624
799261849721540352
9947504986208692224
7490072902978273280
12749610707703119872
8505012398498255872
12431504416855533568
2031223397651535104
17705272084467263488
8051967189053313024
12154849186393090048
2645980829984216576
4256914440072700416
18126639460058753024
17205271526174406656
3367559289885109760
17772370302851979264
1960810682401527040
5836752675460817920
2266297517496733696
11692370322811566080
1810979613022608896
459371491340029312
14433303947505915904
17556347623149608960
6658902341636222976
15226197166826323968
10404003550074650624
14225123042421784576
1212235832975868928
17867696270133192704
3054254309191566848
10454224410286135296
16307814875772020736
11508803948280449024
5232860482075974656
13017908738043924480
3717698576963161600
1119697764870400512
12836735188854028288
8858998601216763904
4407105484839809536
5633749695504355328
17114711978684444672
10061637046819962880
14915024355866146816
12711893764238782464
3400525080879022592
11353561385571762176
10768958643452811264
8802373091611705344
17442253091329966080
6813677207485649920
580478149988113408
1048996491602834048
7646377714681168896
5066844257924212736
6420457875105176576
11753721876875167744
14323161454751219712
2299775141090929152
14429173612985161728
18143717155279228928
15448216286724139008
5376318990568805376
3831073895603290624
9692153853622269952
15607098883225780224
4384490700712472576
15662376663626610688
18206580047761143808
13122500557128876032
8177358314346200064
4307412341971019264
4721066896172047360
16607462057538304000
17500038110669154304
5580277598831279104
10235029846092730368
14390077224236625920
1822920151412864512
13020540152555929600
10814960616306030592
13466476530844272640
13888107991904370688
2219883304363467776
12242270934123022336
2984162499658609664
17427783744291932160
14306384345908463616
1228023342506120704
11357564268464580608
11377959449170081792
10758227876664363008
15564724229771622400
10291155158207006720
5443857648591323136
13319171837260460032
16118053451064264704
16097378820100761600
7260034742087197696
5694768543663533056
9602797432115933184
4608987671593992192
15561106242556825600
10193837609493647360
1564199869875824896
3219771085302406144
13042056547140464640
18273164146170937344
745114675835298944
4292981690742415872
2114803490673860096
2287454119849146880
5858986501949438976
7829131329112182784
10509517769283706880
1840884091672418048
11709333238235846656
11410854158468861952
487332164219177280
6154836712013389824
17872199861653475328
14729308314350909440
15790684125192980480
15785850965936545792
16188223141402634240
5460098379813203968
17224565987986157568
4365495732083081216
17658642659165319168
3775697107989483008
5744344671506840576
13749097530506182656
6767208802159747072
12380074363515791360
3586678419363290624
2532221404262669824
14255661787212220416
11862534092963663872
4771774056009805824
5277344812174639104
17753961740269955072
474170133974617664
17002185042931857408
502823176048748480
15304676562725044224
15427864742916739072
7156447827649558528
1648243153047496448
10260571113128499200
9605870394889840640
4416559751322165760
16613408970088028160
6607592242262704128
8716689508730933248
12658815630968584192
13832247064705626112
6002924102281165824
2289511533092663808
12683565277452914688
3334308981262871552
7463786126792331264
12284273662745577472
1969300613099691776
18144285907333937152
14093425080342609920
15454509053199390720
6947201216455790592
12715598555155685376
15236284155046533120
4656517623373877248
7308096068867599360
13729189892725166080
8956102423777998848
5110568019602750464
12674246693715888128
12088856224074604544
6110897870190684160
3671784617654948864
7090002232349615104
13521559285598187520
15668417388080988160
9675790082648287232
3614915604813524992
16507893878193313792
8830690265701270528
15155637628414396416
6996228029251283968
6221009855665885184
7185297515333558272
11510976235406852096
15541425346219059200
6785317119044903936
15512055491827173376
10840417385616736256
12920186380937912320
4676028271052413952
2966541391057302528
2608635699817702912
7688985061277708288
10605795342293147648
1724110874484267520
1219168111559424768
3739453117881617408
16230207182451394560
4873437440025675776
8985706574308277248
11806798972031393792
17217481882671183872
6405589728794483712
15550369811458381824
3599668276837577216
6148065246149490688
3099335751882159104
2959043189171979776
1776937555526462976
12033880118805897216
4524348699274619904
2198354733031308800
15783162465722265600
16170561786112671744
5963166382279810048
11615250369168023552
7595135300810664960
17562275649937018880
13552028097069842432
12659831808585017344
12059367595190720512
9871712707701819392
10087893363716509696
4017534906386698240
4367788990466604544
9265837305102434304
14042340349834139648
5274764847965888512
15050707396389320704
14138851864755503104
5770050230696576000
10411924787311806464
5636370196294080512
5255551457233063936
9357504263563155456
4803824944950075392
13903735770366486528
13385315081033555968
1662138582936768256
17441803751154419712
12125956027621978112
10239260722084716544
15046669967751000064
3714141895739032576
17315783163515219968
13891973663514630144
10556603491599235072
5781241369725278208
11839239559219265536
17901568060868823040
16544268343566290944
1778884872033239296
15179524978106349568
10804220831509424128
16470019314200201216
917457734387238656
11990128569506039808
6949132038507355136
9323032476583045120
18031319765044213760
878666616439965952
141442699368179136
1209463201267269120
14401060243927496704
7540875804743264256
2596971456168239616
9848908869262206976
332793707020609152
1431775260397144832
7641099851223757824
14248446644341919744
15392733933853827072
183725831809932416
2468208004829362176
17847611759459115008
57030386521579544
16177366186809972736
16274907354626963456
5211838595059391488
8086239342807541760
18288377059733874688
11596074582920306688
18330309453909239808
13995206233235277824
12058486538997458944
13057413924055730176
1654436149797680128
6849166777465749504
10119344702744160256
11507664985746194432
14443889321811404800
4407164197913059840
48391085391805392
18263343390645817344
142918419517294592
5792325759008593920
12712500126803916800
4873460435803018240
14195238858628847616
14695493438229594112
6113000470404468736
8959965594653971456
17692844631868299264
13224040726311845888
1199195237095632128
6705292385941090304
13742848184758904832
8947431301230438400
1382729000100346368
6480619240186253312
7392114195349575680
15371144853936214016
5318230302466417664
12732946656139583488
14726422664287217664
1188214422828486912
12182192719582738432
1677195301039350528
8022444067879852032
9788933019296471040
8351642239792959488
6678489503634848768
14716476812058513408
5000779608973110272
11293897734354196480
14324301141661155328
17153696041892837376
14883443314246123520
1125823539381405568
14032460050246793216
15309046935238838272
6071791052854405120
9626062240948398080
12676166527874111488
11435948186250813440
15321539280030431232
10490411791564630016
719994931479975552
1425733356804599040
6577334670403373056
9194104895093266432
18046745599988705280
3708466090450062336
11114631490324058112
5958349400946038784
4025657244994632704
4743789140541980672
12284525534718791680
7091685389677483008
4335245547995397632
17716332396497895424
4603291481984839680
15352672706381486080
11746733411457533952
5664936669008441344
15934560431958407168
8511854641160281088
6298126087722225664
2025336131444983296
3401739166875089408
15421744477778644992
13095397034523566080
575232374602541568
868956348943162880
5706447374772210688
17493673653885360128
12069465781941993472
4574629459459221504
5931138584122442752
16977888428221495296
13101210132072042496
10501411456650520576
3163970876296879616
7596362690151352320
13637231114867302400
18100539110960420864
11912224460976896000
7257549685281372160
7633672935542490112
14950966655183828992
10041903503590561792
146684224550445888
10661146028732897280
15616235181999751168
126206472813994304
7587580846774735872
14598099151781259264
16346285615935559680
5876828031368228864
1399215815194135552
962562601277728640
7778147269351642112
10672584490621091840
6567677607721344000
17769770015752296448
281427189153288256
12368205183147259904
11585145221455702016
511675717013720640
16879695483632238592
16346450463045462016
8510264837481446400
2538651506614605824
7144830702891352064
6506320460521368576
9247430601319903232
17872891540262121472
12109473260478976000
2506960810941126144
13563616485316972544
2259906443974611712
5649815114426067968
16276536706212014080
2407732739655851520
12872072325554307072
7850001105055126528
8571539280104119296
7743284939769757696
8625212971735789568
7642641024183003136
14516235885443381248
13246283135516442624
9418879243147257856
17242418272830144512
8049572675592824832
12188077697549651968
546149991992214656
16824718972607004672
2947427552879538176
17759223006975811584
15975528064801216512
521888740880134080
9719583634987704320
746075972901979904
16546250008408954880
7265629354662859776
6242565978952797184
1237542884195156224
3291721487835468288
17289310110788894720
16485779655410544640
12176702810540449792
8893785665784144896
12609575143610798080
3511167273712897024
6559488457911145472
13406116778887995392
13075188866013882368
13851717557808820224
615346878409866240
3694920733372463104
3726231829678551552
15247618658456186880
7714013452116005888
2446481357526988288
10263462911784556544
5754945265730120704
10893136002903965696
11270395753465985024
6006432062697254912
18067162204791179264
10488231892805437440
16167600269987577856
12137120128727164928
10603240322163699712
5766319002436517888
3318846877186670592
1791411221769816832
14159651322020298752
5689735054942006272
711323282710112000
11353782983298832384
13340841675475243008
14179885534664259584
2195140966094938624
11157667800820045824
3036569075970911232
10888464504847624192
12571834420422551552
5122142285140682752
15087959035672682496
374375731282202112
9267225073343358976
12050003828909414400
6133766707561511936
6412273771593420800
5934841790837191680
4314517183374703616
7074633142351526912
17325332317752838144
18345092731414753280
7292569512213918720
16455699029022828544
2891123698514148864
8997051614884668416
14583977588051040256
1549032589185819136
10907914528257761280
4759603250392358912
7167970052551780352
8907965366237220864
12767061583284240384
6181148872258833408
5611716511166092288
3148303547336792064
839301446401790592
14635733420397598720
5299417573501540352
6631888926701970432
4879242555963029504
8696485506271965184
10896424433170980864
16974666439705821184
14604157796646805504
10106129114305419264
11930187398653007872
5733816686661379072
398357661600710400
940911964088980608
4023784565627326464
13571112915449337856
18074227561182930944
11955166327101339648
8872383080344422400
16245306612304271360
17907608303168397312
9107922143242190848
3635260155944735232
9328867834793670656
1259753505116477696
320082786733254912
5171180086189983744
16345564011560294400
3600502668080829952
13361732337577566208
7310536010901272576
12745472700237533184
4677206177532235776
17948007346445170688
5735026561199118336
16487823499033298944
10211089351688501248
3201415248098222080
3110969743217184768
4072766358863568896
1751003625005178368
4307750674727636992
8082630572001178624
2740494822410342912
8362682230207362048
13174098885659275264
9723263056212326400
5070202955126522880
9226833448650317824
2181907586180808960
15151102658788278272
17531113426785116160
13695237099395293184
9134278885704033280
4506743747041058816
4143880047460098560
3284933257334368256
5296362779956895744
11612545979614214144
12621731584151263232
9138267774895386624
4730126492812832768
3841511446367638016
6801129730308668416
17198354910418913280
8375036708634753024
364524629488972224
10307300755834341376
16524342791923222528
14058779808549683200
14412263303133038592
14548194117440483328
17167773660288792576
6604735013255771136
5109413143555865600
15580604162917347328
12243168605336506368
8964038041715863552
1034476446244231680
4125097775829824512
10398450210144440320
16133512842634924032
512230460902194816
2418840057085007872
1697399337290235136
16723237396791080960
4668349793965468672
15138356846610982912
17954661590639421440
4068381440562954752
1048624112684631680
10874397901093056512
10001723135512324096
12762755674159253504
17189525723354662912
11403990322550951936
3797065446605690368
10279770615488980992
17900770858688397312
17144678468125667328
11184983174946916352
12544210427088392192
17573073554374096896
14888810259989876736
15427946364057411584
715585710435264640
18410153843593750528
4390622220776627712
4596543369819214848
715957388770369920
4127120796756887040
10626732601442979840
1292843002836318720
2978011995881595904
9271449941817317376
4452111522984891392
