15595602089768943616
15762567898102290432
5944374237172515840
5978393748895123456
10530480698550345728
14728691606799296512
8959092129231440896
9860267981857071104
14988138432146933760
11914072380089329664
18005840787359911936
6327080000887059456
11792150213854101504
7192508890390507520
11030581504364818432
16952322057955584000
6235786430980889600
3689604704614723072
7500925099721475072
354106864366431744
6742303484332213248
15707599508184098816
1791765693353352448
12589326355319701504
10202587818276456448
10332461377947772928
914148035615909632
17812626217115164672
8611917552389117952
1952328771609724160
15440968343894472704
12019614599058724864
11366539063234705408
8340113511301872640
4200389909674921984
8936343694419542016
8614217258784777216
9317694275648636928
5200877039218596864
5232247949495559168
5848592747187320832
18291468452789387264
12618278098059120640
7144305244143694848
7176744459819617280
2099478727254533888
2242112376804004864
1542502678847217152
16198376996635623424
11870080091426666496
1917048439001373440
8412061368670981120
8967792855308291072
1530555433741019648
14961777820588802048
14947385389867692032
403877690684008384
15463232356840296448
6084810983071922176
6614105429736092672
13950322077162250240
8457858067706168320
5322569352699087872
3466557829911848960
15067489750843926528
3910677503599496192
3192822822347064320
1122066357608729216
9894632672850059264
4093970090128638976
18136955109906046976
10878367318335117312
13042373783293265920
17704714080288884736
969103627767326976
15494697032089729024
10519823559323236352
1730693471335215360
3740033180309078528
18099642223666186240
15809697177229705216
10046821803898732544
2069221311699095808
14098892750429751296
14574446518805714944
17634429498298290176
16714076038869972992
8110684808677047296
10854780504270970880
1943546097436161792
17394383038054039552
11204632214080485376
8488778349845491712
9966087595651254272
17107043781708779520
12716655294470475776
11713398547809300480
8408703129143548928
18408118376006785024
14091474503042398208
4693038493147073536
13000671354060099584
17673893078020694016
16527195689344045056
5882209426549294080
12382463895098259456
7311650538229827584
15821086853790420992
14549659552172212224
12190096596912035840
444531081592733760
11907653467853858816
3164778274859791872
1081024402527726464
2660816582885240832
14835652020032215040
14070013423676014592
9242045736676284416
10830753549319458816
14659314658327611392
6169679190807898112
2003624992944113664
12188721504395638784
14825108022671220736
17488824629568210944
1831218278479238656
11838028843648569344
5444443500477845504
3193334971493584896
2430460955176257536
81998503605217248
218915801905697472
10196384684978194432
17462299804533815296
2369201890230173696
12973484364510259200
5988746758892560384
3654957846006356480
10867525939759974400
5030138995613603840
14843898946374651904
7963017842449209344
5936546538347268096
15571255369602496512
14205506699167234048
17151513930766659584
163551043663209664
15212248128568252416
18219424379125118976
7478202078577434624
2779683043191545856
2541963769322259456
11355896955170709504
6783544618182464512
12530374152305233920
5481347795140059136
2713127214330283520
2002255775100891904
18138117785529704448
8838153005953911808
3420905607418409472
16315803051944513536
7735540697593026560
10309594225076080640
8608870688037544960
16728651703884341248
3294972120550152704
15951728202026850304
11420425801874913280
2391660561925570560
1665877307651786752
14198225246637529088
8255242975982028800
15098319506084237312
14553088611062896640
12861714202272784384
16099887072413091840
15292643720703035392
4281982161073586176
4566803650104693248
16911162149207027712
17680400567102812160
2233214050629738240
16148682687945967616
15828289964321126400
8776255119572612096
9501431354953136128
2945761199614705152
3010645338644976128
3941885787261112320
6052180536704066560
1791426200915053568
1546632785904045568
3040447571467706880
17509536629097543680
15748450571786600448
7561873461389276160
11715295850492348416
5814255950763241472
787722825300278016
2194846746235069696
15218957026326274048
7207069469317228544
17854194575997722624
2787539396949576704
11311098202074775552
14546753723593334784
8102366969398064128
3169221951171778048
12864537266298132480
10406512119104694272
4099669027125543424
9729419652758577152
8863902316790523904
3007842264504108032
9908269534385405952
3616134572398349312
17001286985373503488
13798310806309715968
14585909221275901952
40633160104350688
776828517680034816
13496343970923575296
11877268917093767168
15373868151990898688
7447192834712387584
16026952963979399168
11871410355298383872
9478214052231108608
11745152172704534528
1003796866863140480
9939480714046312448
8832081476397798400
6997450947008018432
9330380887253389312
18112838457543276544
3931199335007887872
4677314098908617728
7933251859090501632
7150085623967481856
3194087065914957312
8795324101173275648
6238781193614522368
17190895028127121408
11594823609657765888
16996060494537414656
15804286695643912192
3872035649924054016
13375582916259305472
5361228434244331520
5506740179858942976
14066723421212411904
6125792892158694400
7495660458954483712
16556633330107693056
16483952829965058048
8492131168436938752
74234041434352288
7130417044873332736
3340777217966148096
11750946671752353792
3997678163684697600
3492971605125792256
14528319449081171968
17125483521277149184
10202147472423716864
15895549515157680128
14236817156161826816
8139236752375480320
3096286304812022784
11329608425378527232
3021931809971123712
5953061225983792128
10462359133933701120
10908170262247241728
3581112254697653760
17134177582059429888
8704282393999216640
17657364651560470528
3109776952283309568
9506112586914930688
12068627260235759616
14396985668557103104
17608555535728140288
3646351637487619072
11940973573668902912
14480264057546299392
17025330370748532736
13052944049660010496
16626202711212417024
14093745156787451904
6225920258598352896
10551063142811697152
9770692776179312640
12297920097497935872
1397851483129045504
4045674366256884736
12711740054566598656
238158744322901856
5759837714338853888
12258550856692172800
7130923990869742592
10511749273295884288
16572507362340274176
12523882386423099392
6032253326228868096
9071196264873150464
2136719391727355136
8054064109674067
5401367725757948928
10242358128690638848
13422711677499252736
7620547323546740736
225264321661129376
1270983820876210176
12886981111600404480
6693569499477925888
15541916421678399488
6643826666312852480
5680549211748400128
18159016367018520576
12155802546172346368
13313377812525164544
14011744377916360704
13461043251381977088
15212883863133024256
11666003282835212288
14602224735550720000
15363747657756246016
13850323776513802240
5413883882163476480
2967210193893710848
10055072042971725824
17412426919586934784
4423975911787108864
8723283575702446080
6372157097302179840
1105887953658430208
3555975779460023296
283081186578280288
8451278084116064256
13825160819872167936
13850394288659759104
17869180132088406016
4801813958279714816
18127077556405295104
7821575212697993216
6580539096470891520
13922255057125097472
576375554727244352
6982211936520872960
3888624366211754496
6270989256614929408
8304713555200713728
604856988984148736
15462517884769265664
30496520801488456
6182534882671204352
14928570122149294080
8388997449790208000
15944514581825064960
4390946951926977536
5102139241296143360
5790304594162831360
17716953386376394752
9138834519491873792
18341789462798036992
14032341534604677120
15899935767229366272
9967919607981023232
1224256220207049472
13558525054575923200
3362325160936238592
8038454315066640384
7117890489994130432
3699349206537548288
9616179394132508672
3363685816419853824
10401087378203754496
16407534800205144064
2510657836683506688
11004463278820161536
6186160249381806080
5459724132470014976
4154483982701713408
332012922307420928
14440957113897619456
14050756195711258624
4955758871273012224
12862953228048508928
3843540584906148352
7338744422401278976
13465388648934725632
7888548800658722816
10254482205317638144
221648734361997440
10049087858715404288
7592591302930846720
4787468507891129344
2431533431648671232
14644279525651384320
7381209317634711552
5170774841770891264
3793729319044302336
3166933796434161664
9006694247517914112
3005007382945474048
2540102785237159936
14930016353764030464
673399679669787904
14177801225085394944
1831970592354410752
268336601549041280
5519672525578689536
396664429447597248
3438820313053535232
11136245771976577024
6754807007139475456
12017755531938707456
15786367629299529728
15559452594957850624
101700670530275680
9378125570982936576
4328231569645666304
14247861338483802112
14597393880806404096
13847189305242132480
8929869023360433152
227677853151574944
16385734372757833728
3302865274909334016
795974806005787904
8342702037521925120
10138436708206438400
7837194377575925760
10047037392415006720
13194071467626532864
9258577748035723264
9373068682061795328
14639392113929431040
10432478882445887488
3513593940257315328
17048011822158501888
9343332762872043520
8811947957015070720
811318501185983232
1428055626079326976
9950913633999302656
15178164823235459072
1381371098483221760
1826375422541639936
18316416176350046208
2085258391655638528
3307883496957434880
10722269930642010112
15719515934722854912
15688327467384436736
7028633748556127232
5759172973552588800
4982976485966156800
1889144251117422592
8087403697911838720
4027666218763409408
1647536671908118784
13508258510749812736
3420838563779973120
12983436019580610560
11374578244865110016
2799551893143259648
8320849911554408448
8812885994148792320
6882148929021869056
3407211996498531840
10285880098293555200
7324153761505348608
13267925033337081856
17513980013708888064
996941800060322560
14288757822226212864
17383837738526470144
18367015956324200448
11989291945251620864
5712059923473711104
12959912905363466240
1859083768238812416
10211673546468284416
9580774979712622592
3346519576590177280
17176488954522433536
48723940845371736
1919422732378462720
5205628976361976832
7385191208583401472
6054585134365796352
12472824318536587264
8573700014018982912
2425236711010856448
1562107948220487168
185588519109777760
3917726943952121344
10679928002468407296
7156527828059196416
21221582167133112
11754763290631962624
11633257768213694464
1239504750185060608
9585863704900366336
13765786293728903168
12172486928144394240
13830161542994481152
14813654514420826112
5471671240680669184
9305155118191376384
16429967481898248192
12676216693737320448
11462459799168849920
18044576532721354752
3786049501010872832
2866010597489467392
13469139942224058368
15653764250104209408
12797418099013089280
718514955116309760
5518926743371196416
16075880092406120448
6759547728494105600
6820049909281424384
8574147160680226816
7942483402230390784
12377678192486572032
2265778951628515328
3669370412831538688
12217766925242449920
1100841330240154752
8045438759291112448
4133712318917000192
4768174718062862336
1495884432167885312
18383293857242003456
2424949174641947648
5784431784774716416
4835291755246059520
11112458255291498496
13236600813225541632
9172994018949135360
13879755879800909824
1030169689186464640
14767478271368464384
4977220317474805760
9375367034745987072
12148031988314638336
16196005932163758080
2429036192020610048
11307974006728833024
4423909271236467200
13077152443968466944
17850366232600766464
17418984971856820224
4218506238561614848
6509114322040439808
16869866081657083904
15203424296964374528
13386521727443531776
16076617124681588736
13983906939441238016
9918136756826034176
15855018820282472448
8707316143889088512
14997782727498237952
15497994604510566400
14855421322130393088
10852780382342742016
13795206342990221312
3612460137368682496
5152623118503339008
8238573651414617088
17708194828233531392
12149812448147529728
15089390085061480448
10505308879106406400
3952002193462304256
1730496915964544256
4382223478504539136
9983399841849880576
16558244852198361088
8147425307067105280
16429662371261532160
2207548783851980032
8740365035371203584
7160423153419448320
5753732088228822016
10052584531723792384
11044457652208822272
14523522831579486208
3996964835662907392
8368042321198326784
15412607573305530368
8123997396959925248
17980712437450401792
1809269092644696832
18102645075031105536
5731920062582412288
14191720975127226368
2063236372544575744
3557519364148302336
9382737586631786496
2584061371610950656
3674675520196488192
10859962912807356416
8599597497593291776
12759115337289494528
13781827992297549824
14377441616883906560
3928938607865493504
6883963031657586688
6580448377586625536
230783695118211360
2770121654270067712
14356967445212391424
11704832348701224960
5935419485957951488
11246856390825091072
17727082644463155200
2192758702576799232
18366808244499845120
10868277971294855168
1802396277563475456
10081868325278797824
6536984976097673216
5724750176192488448
16124773618544406528
3111552268959312896
14346618607596644352
1169633531508886784
6294244447662303232
12740605688013668352
2506774978888495104
4416730661219735552
11850146074193305600
11959846313769445376
13656447193443454976
3948968398790670848
15879623563133130752
2067396882349300736
4210750959129709568
7636884244683705344
17766158819389853696
14055081472795318272
12314142046409998336
14514288863883089920
15655920723112028160
17650732715465621504
1408552453275440384
1199115012503806208
15944299815520638976
2569441321593350144
14454357037504624640
1466686429739772160
18057099405798995968
11432406165799700480
17271016712310157312
10592190563834019840
3990782994202955776
14153645725704386560
5076348641014039552
1641411826359630592
13098776287904917504
6844034273667672064
5783767655336748032
4604940690401872384
13690950583506520064
16457336625310033920
11713704560997945344
16780751030403233792
8761346276386332672
1867113739876154368
12692917383566684160
16329116253559996416
12111911395966545920
5725939889118354432
10580488719537211392
9772336904863414272
3123564297523213312
13308208979334363136
14303349430084593664
6371942621132779520
12642761568764934144
17138718904415772672
2796424941371203072
11008798468967968768
4093359450620412928
1355333196260773632
8509998169196619776
17758734672098295808
231478198845655008
3357154403066615296
16937458393088825344
12352583235494283264
7626709320240612352
631141935746428416
12579395868692897792
4457519604384389632
8559337253868668928
3250470282317546496
11103853231770587136
8082497144822244352
17013611983999334400
7258716692876981248
13838163730063273984
3613950713813136384
599816074082452864
14381566746532775936
7256375526296687616
2341295665483033600
10853847454066722816
5855341464964248576
15887464284920311808
5801902218218341376
13716240283164024832
9778879085953951744
11411924432265934848
13320439661118601216
15337581699094282240
17751250596187125760
2988578092511296512
3214294939574251520
16547670044829456384
4828938187571132416
13406672499987537920
14673990731775088
15109409119490021376
17882584970650200064
7559927896698699776
13329918652922472448
17339362651468357632
778687333620499072
2916977684462038528
684377210154618112
6731110431820863488
14417007709139458048
1351832957769220864
8183643237766785024
8929157511987682304
17245972684938090496
18047558448369682432
2384668160907684864
6769442324542811136
1769920458911408128
18130621908147623936
16488519078515171328
18003038660545323008
1019444660858694016
7758017802573673472
8239743647571527680
16789708067557496832
1575154338990817792
4705837572206987264
6415802869772954624
10399818514590959616
12758928317092722688
14000046664774592512
8189760860605856768
6158755913219381248
10875523043039109120
6679397114877887488
18306095158176335872
15587706428236158976
7763865704348709888
6170001392814156800
4718230301687975936
15399359453660811264
12668223332258936832
3505964838182384640
5563673503085668352
5344789195571721216
16975794343519356928
651513096748425856
8324399546252132352
11667520687540299776
15952652781305333760
5406941367173744640
5276309854379929600
17332252124749764608
5615761147142971392
10682112961769336832
12912579101584685056
415712114746342400
6195891873642266624
14482617188371542016
13883323386824302592
7640992896708335616
14067515240077674496
3818011324181669888
14910989519605002240
2954257435098412032
9181434024961265664
18290179162640007168
4684708843883261952
13474673173111926784
17395798221911539712
11379665868396703744
3238388788231050240
16162681368482400256
6557283000975431680
15560913500760233984
17733899981394339840
9391693593665878016
2750250239148189184
10585917754275174400
5647089452812376064
10352239840152078336
3174040321400314368
623346518654748160
17263949729716430848
3997681000434656256
3291514579088766464
3455300151597860864
9032749619140342784
17390793331851448320
10077680961843644416
13283341985484216320
3639393460489017344
6103006481787893760
1978860753965089792
5071562571502825472
8006807300500542464
8967970776708931584
4586711017016477184
6521948315615692800
16225273880438390784
11170739495187820544
6137871970866712576
13984523254419314688
12370085552236167168
1467334460708099840
1428444737260642816
44023838890609696
6994688524381987840
14025948690196045824
12274889096122449920
14546127817956347904
417361352584567872
5888613272646888448
17576203911645292544
10065710213073547264
9374900326105479168
9646535333724422144
6324775892269159424
15054554941501566976
14084005096813809664
18236412192241913856
3215180319840341504
11562572420759394304
8559025247603520512
4797679619792305152
11456816153382223872
6539568872317061120
15476205006954168320
2256864907817977088
3778971508416226816
15424143268696145920
15594566009155403776
4831952849631761408
18332355567949436928
9081436986873499648
13969664428533794816
14135432168786800640
7868420680376280064
5426045347158476800
7324434078732375040
4275991737407083520
5097195278090374144
17128397949840885760
10147489273430900736
17795156178072662016
734192555617125888
15291975198153039872
2120884277266500864
1098930128310296320
1012808036027363328
13191413876433819648
595464914632308992
3662911056837694464
484259863063912384
1864948311611305728
8713078567986242560
16627281150371878912
10523666274565666816
16332092478787510272
10208740860489205760
5501636545316293632
4361688841778750464
6490303585771601920
12659753769602832384
13522009103322075136
6848218480686151680
8085430088184448000
13850947685532680192
15156158004897910784
10517977623207641088
9653246465955663872
16974071703312939008
1112541305372672000
5249367080694654976
16543401873330311168
9122624377229005824
2327144264813747712
3744078062573326336
4289994291300127232
6213906862570474496
534296463064551424
8094497534272190464
8078774613139148800
13854522797159217152
7286165495070422016
4390320886268257792
7163709279306415104
4583504061446964736
8473084904014418944
17977102318644979712
15616710693160560640
2643483899260846080
17198528808787877888
8908304993514366976
17542717450100766720
2274110508624052736
13820116926358388736
613147034762901504
4350709821062468608
1756937972484178944
13926095519673040896
12232252522183268352
15984664032695836672
10824942279769849856
13622385748498880512
4253068238560208384
2331059520386953216
6122971734967958528
9917395697421105152
13140659504429514752
16730909894997831680
14153313715303233536
17317127446830780416
5005611329767574528
4246978028006795776
13474876482996164608
17080383829839323136
6388287983009240064
11778420608641359872
12129215302979870720
15758482325158074368
16842085516494921728
6395910745526747136
4190347463515320832
3891322289170651648
4759790227300805632
9279704668957284352
18232402358121120
8588012808216193024
16333421429040146432
3465694946384900608
3705652910286583296
6771192295412615168
6512968178476695552
18213955190782285824
5168890240474113024
376525618579364288
14676532936535314432
18244587225743704064
17202188106533765120
4676711402954926080
5962413863015574528
4376753212737530880
15322216479351674880
14527811217423081472
16153751643838443520
3971927815090351104
18379013261930065920
14324194442636109824
15529027540251187200
413136726622159552
17415414756237615104
3569719951452670976
7404278670001258496
63634300683102992
1553658510643591936
7074001079583511552
14259706735594752000
2640689526150405632
9756318989699633152
6437504391148895232
13813989041902350336
5295889388618608640
15530288336333889536
10443284567972145152
10297102821447071744
9379702592654157824
4525363997023343616
18247958392390932480
12175604431428024320
