17944557469813876736
6938626407747885056
5597941402289342464
13561474979055810560
17048936925817724928
9746565787084208128
12164771181018245120
13147728346941620224
18347203594575521792
6896490366793847808
15197546539390902272
1863736167484289792
6723677146997608448
17400561987060289536
2232858243842374400
13626346373421404160
7000136800935000064
17139629227231141888
1903505729023107072
17877658680884127744
15177753176948557824
9424097528588765184
13280280044756688896
3791131088609187328
9244906547909500928
5925486838171039744
6226752107533338624
9088822402898103296
14381797558683535360
6859304420254745600
12962784984430323712
12060464793621477376
9242985550572812288
741333273071522304
11333721373463535616
11996517725439440896
13478818995695081472
7027926970931468288
16032135837238016000
5597969929355671552
12914474354764898304
7159902462147874816
5597529417592115200
6600456513977277440
4200092680667798016
4109636810420725760
9815433053675675648
15655788610904422400
13924729795426471936
3768661422727284736
421448954594940608
14565305939845144576
2751415784186081792
13543089716887031808
6088346487179889664
13005558130991108096
12566355695888091136
14805517644680527872
17163957969235030016
5543821440970098688
2365851051884556800
11943039293680762880
11860295021006700544
8607676005008471040
14046607179895848960
7270697437162587136
7275612738170267648
17861306128964364288
5517523777160010752
2100153753676162816
6569062139655287808
8797325794909793280
6779779147408276480
5393407103197565952
1577410939661780224
9700138085513064448
3315655855416916480
2245669288846011904
6370226344307683328
6812356406802876416
4584631003534544896
15047674346451652608
16598556845870600192
1039891767746322944
6528102371809920000
13382548177831428096
17698270846121977856
5383420559458831360
13951801793728403456
5815551944642095104
16894415318390902784
2006230382924651008
7555116459216625664
12818873174941075456
5645110220895222784
10265206237519308800
16966882450480140288
17847300587441211392
17314591000903913472
7959613030497364992
1920043443927547136
11657324625537560576
12006179373401669632
15736077860649517056
2438852392317047296
17697532162359511040
6236595843339863040
17476377407587022848
15350910828876941312
5368211533151579136
14989428008685418496
5326159736004480000
7261777267844892672
12655063263198791680
12300237681626390528
15412436474435461120
3976765391682557440
18324971372460707840
18390477015095023616
15085363467350351872
12596446588441198592
10353519861450723328
16398474536106559488
6668658391351207936
2921381423941469696
1165930947299745536
2185767059628488960
5242050608917833728
12597033267987572736
12684898929420218368
9879373352246773760
508028601668513792
15600721585413853184
620984674446953344
8728767412947638272
8401605418735787008
5336589953085834240
861119307879814784
12212925273481500672
6443474404663091200
7759703538675329024
15513764920390467584
1136031448507813632
12073788150621501440
15001046655814213632
13231303052690644992
1508201087525881600
12552357699879788544
2445811085063030784
7880458511479788544
4813698268364580864
6465048295196409856
10151526385429096448
8163291994379428864
3009517044128658432
5784363190698768384
6433996434541307904
8829430415195356160
13932924457916620800
7878912012906326016
1007602846241146880
7886073913787770880
4080532509181448192
15475530850925488128
2688454851680406016
13460379409402388480
15653697779255889920
11221475801889499136
5764914586227694592
543231941583750720
15593711500704942080
8669883545960828928
11294655623230738432
13203891929986398208
14978224974323984384
6950926818255203328
6049161605936880640
15125375742153881600
12301743700833996800
17807514240157259776
1644889766238529024
12909300793842405376
10296467810082897920
9233484051605221376
9754572553568557056
12409159236735928320
14190619854273261568
6789801738526004224
1648036184745988864
13947962954440667136
15152570474656761856
10551377352427333632
12070329573175308288
7609342268409041920
13207913225351118848
10628389823465158656
4692195884041552896
11740291178798333952
1690631442209287168
14712962716118917120
620711138233641216
8200886941676701696
7672173285588013056
4216500858239342080
4450688382196961792
11509517052408885248
15923852566343149568
17853670218658015232
7097797431873458176
7340481398932847616
1068179035670905216
3075648949492755456
10864478887938420736
15014777018910271488
10753519575714656256
2235005158288381184
919702854072712064
3673244065465859584
11283965064095537152
8929719014889159680
4287379189560638976
4343584191598085632
15350803634562793472
8468922227485231104
13468837064892753920
3609258406401372672
4979059457409860608
5118689970343124992
6341601869733804032
9946617033279133696
16292415442409418752
8046322098970828800
17581356121047853056
3185988226807725568
311762638164411264
12899962505008914432
3878131591890046976
18182168898332227584
6927754608384589824
8705172146742167552
3187763115217945088
2181264422916756224
11386538729652041728
15756994002801442816
9135500359989679104
13211591483534274560
18001626313926535168
2109992775836993536
14956308617053511680
1946622681672450560
15905207011529256960
287565029041987456
12543834866297706496
8879828643211656192
7843697015618296832
4582305215194726912
18130157536641255424
82487235872215856
12386720113193707520
17818605860269778944
7983732305014774784
15987885768203089920
12497714569857263616
18194399282019813376
8270924429739585536
18373614658438465536
2378950303286611456
11521496968258344960
2993383157444991488
3649717021010751488
16768547244794585088
15000386392423385088
431172993283366720
18148735848193521664
11580719439976574976
9442236887094646784
12311092947068182528
12840221361774520320
2842634233188780032
1963426410110339328
18230238400375939072
8959453649527768064
8670140226523907072
2590580780576778240
16076723122254694400
6719462077609490432
8785960739204229120
642026865465824640
8394606914800720896
7111490151790475264
4121149152233831424
15244507483770441728
16869672807201441792
16268747187963623424
11024087590290378752
11407304227194849280
14547300828457246720
5512138722900129792
331355900509500544
12182810071174768640
14059766315312230400
15281723625869400064
1668898578069134080
4044356895125534720
8891422752409768960
4650275382743894016
999244261602480640
17260583451623876608
9521683491632936960
14004221908238452736
14319273567635861504
9990568938764988
5274007788724282368
16849955054802817024
13038375025175908352
9222572985729705984
11101518218167484416
14764435138775087104
1804598727427866368
571862041118984832
8004711319721683968
6052782591796639744
5773614478833678336
1223807934583405312
2212933647598000128
7167756897316793344
10902007615138306048
16599372840163205120
4052133898517502464
2745340047621456896
13249629223049650176
9900799007385694208
8242867798939188224
5359995512728619008
1905682522044310016
1435889295949487360
18250326562241718272
16992895122992601088
1396065485597335040
3310407123895772672
1270471435549002240
16394532304845387776
14803981275078836224
13460599126846244864
4263689657951512576
16110055155267086336
2350316475830688768
1455305494128806912
6115537719264906240
15374102310940712960
4221126298572730368
13362202309242005504
7891723946883407872
8431019873616544768
2615507571430322176
12682347872574226432
10658687569316347904
6002287698413160448
14262095118982496256
2875135308492627968
13109763846876573696
7111707811154859008
2490223070120536576
10258160718416646144
4428775057105384960
7470309234531617792
17244095405541941248
6893571206482739200
5992452305301953536
6984846222661452800
3435133693610845184
16448587046351714304
10347544008906541056
17618654700566534144
7163809648800115712
12094180842830211072
6610891450357920768
4207389458788251648
4336528853154792448
9314220957711048704
9080259630668748800
9436557608534147072
8479046223259333632
4445929233257102848
4532158563587533312
10042272871513909248
5903949081172757504
4477340127387751936
17017368929801658368
8932647902682497024
7380371638372758528
871235433770637952
12674109762955528192
18150340204469227520
7844185461009186816
16845190157839753216
17122759638416005120
9647477026104334336
14970691216605700096
5242133569290150912
10542066678350909440
1038546361265293312
7721174638390852608
604291639394394368
2258473484656690944
15891258880756011008
17028785105539284992
6050483883226987520
17313036856452962304
5955916194900731904
11079146323093368832
11128183409141952512
15852669223219570688
18176300651360354304
10724423945884909568
12710275601085339648
12341607793967546368
14482724048496287744
8511433177734207488
6185498137336120320
6908781127676355584
9764725948108449792
14174989336005029888
2834257906008803840
14954356692498450432
16288775287057856512
6410237558099904512
8140128012276884480
11039439138681706496
5495468885142192128
6728351841219740672
833628887099761536
7566114144213363712
18338776655731509248
8592757753350213632
2619553028170312192
10435713200032274432
4851003865136736256
12384893261932447744
9427787309767143424
16132782106588512256
7425136512919775232
18002871354787012608
1532438429233392896
2515832885016320000
5912811643684060160
16283135112041375744
3363632259160402432
9888664038636916736
915870812588422016
16878829542215028736
14757739416348489728
17237634360947877888
10760244663255613440
4309141863911676416
12963150645628012544
4998685263207061504
3003524264682869248
7689492812999224320
2607122344381790208
2487559127213478400
17002987346308243456
12101742240135569408
16685827981813848064
7164144816800004096
5057560781067642880
13140215981794875392
8726232747985144832
8175628290004103168
4424674174451961344
2456264885476456960
839163132069288192
9775723268996571136
13209746182898292736
16005365335370223616
6914020188933669888
15819658674565457920
18013937032183384064
4261822708111433728
5704050228939066368
606941469847370368
8958902204372009984
5724290606707035136
6634467063959732224
9870370650294827008
6533309582448813056
5088007496851158016
7773360628798386176
1062933646379834624
12957412883851034624
9639569451047284736
17452349691986784256
14569852161348939776
8945304924749044736
6637386765347237888
13079887915183753216
1496336217856075008
17471353502250018816
708231086683143040
14212939848350967808
5845089713837814784
6436796694944189440
12233827655953659904
15008721422409791488
13906068845871134720
13784173975711088640
10754083027016800256
16343805171571437568
10688748923391559680
3506003755301444608
17898292517624856576
12947211710716917760
3646482460559838720
17049509621594284032
18415035853476718592
1250893137476188160
15244432070093305856
76615009006373072
6930174918238605312
4701912598426118144
3860291763342058496
3733984664504597504
10784772179107493888
15243771937317783552
10734892391553964032
10021023288364965888
17620934329398263808
8449471412553408512
985661766569983616
953073010763187200
2608178887104892416
4786780823150195712
12779067152567728128
17410694112492990464
2081964340251970560
2372143454460480000
15061968620844138496
949227831974095872
9701443691758016512
2520929005476029440
13922018724095311872
2688572011586753024
4268997031337128448
17133443550807175168
17231703597589690368
18415089714102999040
5746210013859179520
10290060915310454784
8256751414527693824
1355058269194240256
13124204982037645312
12669661416028725248
9677853181754683392
6134982114800351232
7591305136811005952
9680174104749969408
3268765478507065856
13146828755633557504
4419689389913213440
15687637464233627648
8755980381039983616
14501025702851186688
8143974114456066048
12694515882227609600
7055905252568856576
1192356747065044992
9131108210501819392
6866806423156511744
18113438969655060480
11724784357705422848
12095766847070617600
3733509369166852608
18329819355785992192
12161268001258053632
16524222028059095040
7280548634394357760
9106004175090410496
457499741591640448
3111000730241773056
8293724995172601856
1593562204773823232
1432731604205965568
15999483425991045120
13723208176061401088
14161891738477672448
15995886812211068928
10733502836709570560
8116047557900051456
8565583261619550208
4196996427376150016
9157474925997635584
15557868761978574848
14757717366515427328
51728759555097488
1153666993154427904
14616228850843267072
7057067025298082816
5403228207934034944
12698900774453090304
12830310888073125888
11329572071139280896
6295763050374191104
12130075212078223360
13877502604367618048
2880810148570800128
10603900919028846592
9724610585043554304
13359253540600506368
11886108033593997312
1305190422025326080
2535067749992403968
11016181519495518208
5776454496958625792
1252833130894450432
6268278556807534592
9424756160805720064
17835291768183404544
1070678041016852992
16286266827382640640
16451593045315305472
17629337478033233920
3428896892903520256
4032145943692830208
13850434635193298944
3941973568884959232
6902621969042548736
3895539237244869632
1822058506254145536
17370341519199657984
10554793217065885696
13891287878162294784
13390145329578688512
3100928677042001408
3809247281361312768
14432410018235662336
1308191848435322880
2038619063649133568
11062061278409084928
7726846599777868800
17720837062511298560
13341476348560414720
13242913651448270848
10226039300509093888
8527937400913647616
7395460456006370304
17951754904746909696
2951871522561928192
1444396531383291136
5194110969745071104
7313009401630603264
15641904691228569600
16139505578949478400
8336395523819201536
13380931133168523264
5226458175018105856
6801132576902369280
6473264347464074240
4777355700009162752
17477379966203557888
14872544690243960832
15142989671852806144
12974011056403576832
15558423263852910592
5744246985554709504
11079599550549518336
17110328746530877440
8834766781839623168
10517064729377185792
2378660953995134976
13266311691687948288
12257117514743261184
16370985416005707776
7319586690001465344
15223797342653876224
10307457690545319936
9544884178716827648
6574009383649129472
8827366453436807168
1991936221394409984
16568612771962267648
7679337794286292992
278310761620524960
5213589046812728320
7547526409156320256
728104974549469696
11562780945183989760
9523721677211033600
15348008199306178560
15238980008591138816
11175014448494229504
16893193371189348352
15292513257653448704
13249870793173614592
10879511683989035008
18243979388211437568
15810936786110822400
11916054092645957632
11755193558988896256
7231156647949676544
10841992398688235520
16077185238638098432
2135160552822496000
9274231886193100800
6600567402779858944
17544232546387798016
15657220416061085696
4927263593364349952
1455319000155539200
5513066178099211264
5369679214499577856
12248114226027581440
8964246128348441600
15927796093859184640
5667163314289891328
1493072430274141184
9070629651708996608
10062925864445396992
8093422686297373696
940618562095713152
5434753801642352640
9925730234173595648
302592815881101184
3802287992793555968
6715042362370726912
11224771692624826368
14681787456091863040
10321395292934873088
5214780490143761408
12468695771617824768
11147890199046244352
13535194414898237440
16410320624793573376
12339331951522502656
2207114020735269888
5872123302959755264
7407199416854739968
15327758036842553344
6098283900409872384
7253661516437078016
13279873725089626112
13419932925033371648
15709012612898623488
16259012508513964032
13572502954247438336
9823007490316562432
2897273049445637120
2901863271146578944
13186241978378067968
10955536868325193728
15483748340668807168
10119480416761821184
13788132248627093504
4114413609630878208
13608239231121129472
14930090095468935168
6911971574901559296
8616084349044963328
14349967710615638016
16588045293260953600
11529455850503317504
6025452798077787136
8236490397953467392
7776431195605692416
14562919550400321536
16032730159651137536
8710384877101579264
8728364789654108160
5014744299406042112
15783753343244371968
14242526903981942784
15638017471682420736
15812744644557973504
15139550438327527424
14553130169758965760
15754943499484692480
15847885994298626048
2373470867817054208
17029651646003679232
16567453942014472192
15492998535664635904
12042458754054903808
9076311225503867904
5470284086205855744
8708255056183739392
15045139465843951616
16433792267607212032
129887805584858608
12825320385208905728
6611960155016122368
4582684205163068416
5021155015369977856
18289896521479301120
10098719327622180864
7899200414437294080
1790739297127930880
5369952137994213376
12728522189463171072
5969983102151608320
13273930931294070784
15708790635942404096
13230722110158880768
16595912765465419776
2141236182149334016
4445696995746664960
493924590923846720
9327665768791246848
16104937809437603840
4793612175624144896
9858795095931457536
18017294283757426688
6272020845069808640
9406493705763180544
12654306421054175232
10233087327116779520
17907838835576684544
6459403756556363776
11102498897036773376
10885335240641372160
17315802270230665216
16408219149113403392
6841329135779855360
8127521689908883456
3395343346479036416
17341919892472295424
13242555360344129536
9658351627460745216
16174610968203780096
12944391707005765632
18367429368557555712
13765076539867482112
8849739820022167552
17867030270817941504
10656210609770649600
13622854375589304320
6760378934546760704
5296498849579788288
2180312222412355328
9434875363342829568
14959971302841782272
3161701864843279360
1627488275309732608
5019084156498507776
17311963320916457472
2797084810307309568
3467560179026944000
14033101062030821376
12236353637349687296
14058223638348677120
6675678366987707392
14204371138280286208
16886968875478276096
10528615015698563072
5928679504450052096
13832709144574175232
4096690586985572864
7026758304138174464
4123623466602396672
16972609735055476736
13226557945702670336
9202818408969657344
10615469015683467264
6516866770934491136
16922179210814777344
5577239096893982720
17140917517635899392
4077837072249100288
3411089474822578176
13674265949391790080
10151116790497810432
2605424346577745408
4911783399479980032
4632828475448028160
14412683368711178240
1849478424405278464
5574929332711555072
4134168560829562880
16693259961510567936
8533619055208143872
8154109094218313728
5749248926169921536
10052606515272718336
4044085046436572672
4027801354161809920
17172556928926435328
15453401556444399616
7315820947152726016
16739103683379646464
8824867591635425280
4354856387158502400
536355465517066944
10140714893604388864
6506052219295823872
13082637360104022016
17781066119501158400
1094591643825663360
1248963146090418688
15339626969581815808
6407955373489817600
2191399256051328768
4756919470003698688
10758946896012806144
15517048357264379904
14388042454902173696
1265623464138748160
6245628508030195712
683046490090200448
9156016348821007360
7102863428745256960
5489206874175844352
4193090141184916480
4398592651157301760
922775363584907648
7706011293810385920
15700758373152464896
13284124945002510336
2429584216496975360
5795203697386244096
12186957771060676608
954954157625294080
12957164097780205568
7827311056411994112
16349861843760855040
568826848380858240
2342718613508084736
6503306781013121024
11993775873000765440
6622274682938579968
1727455330432064768
4719925541037763584
8697147237399659520
6009322998092564480
8352287575030117376
11256754156821407744
16880111970570219520
14332842464910278656
4558789802508995072
14364708164211744768
1909915503779309056
8707645614633009152
13917604187937165312
8021764641870333952
3929428935325677568
2841616505340531712
15063518876255387648
11723411385381556224
4689806243363458048
7939822377434920960
3348584677019231232
470963983010201024
13577861763831508992
12041106380842090496
11185386510836254720
8979128114466357248
3733236367303495680
1593601060294619904
7441100962194187264
13067934124032294912
7420922133045117952
6328692854512978944
17248962431624880128
8904892025200538624
685109759223598080
3470252648165244928
7869999031219462144
10938287638882027520
9475508782767196160
619509111182848896
4257948307267778048
7424952803855197184
6655971385007680512
3407022255239233536
402480714340556352
14398678420083326976
2279169757527198976
7068781376644936704
6352201033876113408
2090152707062041600
14633484610120585216
12306373464408944640
10589985481852659712
15238452769235572736
3980327536262286848
14562235685028773888
5090707177000151040
14561540989174095872
14605935658158061568
17362276610761607168
2532321619750743040
7305840887419969536
5616728732597039104
9137918379482550272
10921961510343397376
6523251191104110592
186004671273736608
7867808365286982656
12544326115942529024
7582167821944864768
14330970486567751680
8744399986453253120
15223988420611358720
