18215347233825112064
10738600516028610560
18317839529186201600
1531062663756666112
8366262848496335872
16576755334752428032
10763209037404119040
9472196959095898112
6739600169678066688
26441654408382780
2970772690589174784
2240739275637239552
10430682182309298176
17488899985529305088
3530931143488648704
1099216750838939776
7040000976799559680
13632154873897003008
4704078642209955840
10170584322207531008
8985407072983988224
8635683273545728000
15485950130445502464
10502647296429350912
15493672922157035520
710201997457945728
17710455939770261504
12200838636937445376
16008689959517497344
12061999345637967872
13181549202429958144
5843146153684358144
7790323724125041664
16161780288191033344
13391249726994581504
6113623044926046208
2886154636192422912
3253996089258075136
1644743087164064768
12957376987632097280
9962301740901085184
12956300871369392128
782242943850223744
4874460423990974464
3224382270546650112
17661982357903493120
3561836453300864000
7783094548407616512
2266388158507868160
8481577050372395008
10198679579345094656
4343517420025810432
9606740021588404224
2270461313344782336
11407485251367473152
3564075593024157184
8648503907811547136
14318061724628125696
12043630652128989184
14780667954391289856
1595624902987892480
9439246065958174720
5161754544862994432
3620297336787556352
1519183635786580992
1247636234302124800
6537774082063683584
8665303599140878336
12231627668702803968
3136208374915201536
1114348099513384576
2156571565065233664
9686094228680472576
15165616301669748736
3239608073085483008
9918655243435673600
2024893299969465344
9478486434721691648
18185054243721340928
649180809072784512
8834083132668912640
5440744252387517440
12445158219721560064
796282679878151424
1019288952970492288
3497214344766252032
16993238886992711680
15317832204155885568
18330399939134578688
10244200016511094784
10628073417514037248
5333648318553182208
15154909982893410304
9682483997696475136
8168802525194227712
13102154341204776960
8073028151642230784
14280233291417585664
10532754164746964992
41229507099121112
13982131800768872448
6828452347983589376
16029585148446863360
12141317858366095360
14480188845455050752
15925377655085373440
10429362269648455680
13275589565652559872
17464228880914341888
1977139871109696256
16999441480137191424
7270366049288199168
4999653990117409792
16367880928990699520
3183179374315298816
9246132070513954816
8716383124716313600
5824088553651001344
3047990946055446528
7839302462090298368
4410878309434898432
16512949238657794048
13741763442319949824
1140752262345047424
13567348485829931008
4396580260854401024
15801246814399328256
14551700148189155328
9985785513379708928
2044916246957848832
10135668639933104128
12961248531251023872
9068549317163760640
16809503078451728384
3403850913672005120
8561092332278645760
3650164059685478912
7780983250727117824
15942696644204242944
3896926324515660288
4486861962702455808
15169234285352087552
17801724092549683200
17998903111054905344
5318994517511333888
9283871977298311168
14730985679644782592
17999065907843534848
12774856651513776128
13748934361426593792
14403574429683345408
1863998725017924352
1507419588447522560
4020289389515497472
15860726607796598784
10487173963138662400
3100720241113395200
15594967242963918848
2058887835574211328
14346298066920316928
13109183472776386560
10842590335076270080
6940513207038529536
8720815830356366336
16008571676421904384
18356191229919608832
9221717159684157440
14239811185307238400
7136872796019985408
5519981607901374464
17093628931284039680
4701174651923629056
16122096591288229888
3672039100809714176
4518885861920580096
18074035617341716480
14238425375136890880
4465486570303051264
14557734420694296576
16997556327247902720
4076311700410572288
13280963484504834048
9278545459358654464
8287605344220030976
449101301274418688
266386068082933184
7808433184545978368
4699802015560064000
11786911779728467968
10134669663016448000
16712867467702536192
2315679872241967104
16996894029314918400
1128758736463200256
4628318779533262848
12903575948108730368
2852046666493590528
10594067210616219648
16616032478546677760
10970831342445867008
8871962478777491456
12965713461741031424
3703600156375067648
4344254767099529728
4377884838643960832
5040535283978229760
14419636592034975744
8975420203782152192
8846771013614285824
12448485204581715968
10906449568356052992
1421139799148257280
694788440359603584
3308167092414883840
8446479690281581568
4454982593727168512
3242613615662638592
5948382585627266048
2276503248004704512
11886332743222145024
4101705835606942208
16139856227104499712
10579569541008584704
8243722079496634368
12923707529373136896
11287315368013766656
5883029246509286400
17140580720362604544
5928505296370436096
9775800902538876928
14024621316967200768
3564917370219741696
258976917584814944
14441491403999932416
6652039249975876608
17313694581783928832
12425313605849903104
5443401306816493568
5879679525743443968
12082034298436288512
5677609416137478144
6104359050502087680
2217927073707405056
5402659067028039680
13527347343874660352
5985297160108247040
5021923415473313792
7936394696224206848
6984422391670644736
13349410737661812736
6402532603269683200
10871290470176096256
9239490006509793280
17465229680137398272
17660149646523738112
8183402297411904512
15429141056804683776
15596902577409513472
6678741570530380800
19771875802164552
13407160059367589888
10527393627741147136
8125697001319462912
13999149043973959680
9515546220072916992
13229569389783216128
12241233024139716608
15691085643303268352
7070397601103732736
7221830376245800960
4041003645968543744
11059946490410878976
13489381532105652224
9512323790845448192
9899790511249424384
9931466689780981760
6540780868623353856
9896486216753700864
5977810805242828800
8318866160179422208
2571236475632312832
1154005223830117376
12249836661643085824
15580994176027615232
18286632674163900416
2039626286484744448
17271889819654791168
3806700771511244288
14624698853649201152
2178392156411355904
14918728899983208448
10760551605546373120
8105292886176539648
23613766686403468
3660624837709509632
13623981255566225408
8255599516097031168
10525187574215071744
3664660734201398272
225784503793119264
8444203198187162624
7560385554043435008
16646699534368382976
10782669120556111872
7900294580746555392
17936167092231809024
14432317730827069440
7540152671737338880
3676089838175362048
7870374615590341632
8415508245808628736
2211975649460916224
11617080751021932544
12829819132765028352
17105449613510709248
17792047762877237248
15910829403345358848
3046723793166475776
13248099899433455616
8491807502189375488
13430256969975226368
6612405680803664896
1456450016569365760
15612633593752217600
1838106219953652224
14410982398993885184
1780694399241728000
1443751491537310976
12832563433078902784
12532449014862811136
12563735109692657664
10645556504062959616
4868753626897496064
9926128112593711104
7883471130693060608
1358114495710394368
13559922468506789888
12734096260092270592
3145710909678615040
13009269169916325888
9183255840708976640
6189445764039314432
488787158917281152
15749811883511705600
798848308840807936
10990322049126203392
623666824362181120
12940229665645551616
443875133701895168
2638075042742159360
3666829041438874624
4207127853859485696
2892950986866781184
14715440304020064256
6794291421858149376
13663206564078202880
2478500565378995712
757144899449237248
4865658404659281920
12257395274192115712
4524636870289762304
450176212364017792
4299095099826823680
11285515185186996224
5971246326859821056
15597282135589349376
5486775884867624960
13447474334779998208
7346843107734706176
15686898847383515136
5543248841995327488
4488407304305163776
15008240733557385216
13322750579781330944
17820693337945653248
4113073800857058304
12889508087719757824
16632534458026545152
1503896567995908352
10520704860753971200
655021891059668864
300926791321772800
10441383928979679232
15105441609906421760
7890325838433316864
8884406641893909504
5895870041968555008
9311800673638057984
4283709467380840448
13343321134819145728
2290788425545638656
13803315947753543680
7884512156306397184
8389132985792290816
7262747638317939712
7163168148087517184
12002783954413185024
4153764195811354624
14799673144058112000
17177298105012480000
9729833084028094464
15449258387932297216
11006247594725462016
8972430241424136192
14254965331766816768
17035627723663646720
10146586816054157312
4978776321559183360
6212874325530022912
13605437475269240832
13758125111342436352
8363479276384477184
10471292392862717952
8123191260037237760
14085828724110510080
17905366047991070720
15043711465784977408
17361547258370609152
4905064534241278976
2773071235077721600
10693160570122719232
10395585798590300160
3238750348896626688
4445666910587289600
10777731266253953024
11055530629458321408
11044511541187436544
10430926984606648320
9716750229496791040
18162996878274095104
10689536479607236608
16677503995110297600
2143436995917159680
11541813518889080832
2451872074836988416
3859069865080264192
11897868655340126208
15129756798337851392
17442582521700341760
9183204649568655360
2748913561168666112
771573092878290176
13808051722089498624
10847821525124777984
14609163927160610816
5248446969529359360
1926154471080722176
14653702509204815872
8742821279798874112
8717202886251489280
15234026393255684096
13682916361592459264
6749423146581583
16574165796646375424
4538077067990673408
1949717411260673024
4020211660749372416
7350535515274534912
14323036097468628992
6833781432134992896
2813671101469688320
17663080383300239360
9424543174788927488
6922530303148375040
11587092954507712512
13943105167948980224
10637413501556402176
7714696456069544960
7962067719852078080
5829697645220705280
2360571200947697664
12357666933311791104
7190151556003902464
9770986876473073664
3453352353643951104
4359513132888814080
3157698482151275008
2052180594873108224
10379144108958810112
8264352277796120576
7339146170903153664
1555130845688856832
8318269720554008576
1777711174431424512
5936910582491586560
11932728091696924672
14374831544771647488
65455438576335976
6603957574216524800
3945144578766882816
10118627308085739520
11609411181299329024
16626886677165305856
16023812588835315712
1913237688648483328
17030680654778662912
9689775801295314944
4608505259000764928
3880690339089324544
16539246271181647872
7558973052225045504
6633275352571501568
5173435677784037376
4738063451329342464
13909748344977272832
13532808673600319488
17609779817427517440
3053107947046387200
17383915556446369792
1662036701336980736
14151762771401162752
6351592928593635328
10094846732351160320
524822815219301504
2799675618643870720
14831345793098039296
10138618067913091072
424003740284209984
2736107487494178304
8367494416906639360
16094905180564217856
7430723282225798144
10349782794787409920
6485650338794387456
16219966769066727424
9361906136757514240
8315813749115805696
10872947322109313024
2843693695676434432
2471463964441025536
8729438593305872384
9230105997805352960
3752555386020334592
3063039439265448960
13573402121501968384
4690153545094767616
11525281553432522752
16258366018513975296
2996001516495143936
903876317157056768
13873191433537636352
8781255494784349184
13392361772390852608
7840562058414355456
4144178099235708416
5917869606435995648
693350770440468352
5186508701916966912
6265548573578858496
14272673621709920256
3001545926619382784
11684736569552885760
12087317433023227904
12858624109722236928
6335465665928230912
1782391387410831872
13169849400435173376
11501229738590894080
3024412401517101568
7659622455566134272
2828554451529356288
1756716781698124544
11623275601602637824
12199339166815500288
1676347657102610944
17901616522495447040
16694887547370217472
4116372646796727808
13164859083434127360
1457319362544776704
12363527119926523904
14003734697150668800
7982539866150407168
1308711119644122112
6773005197870473216
1746226481332490752
15609763175383085056
12793937482198208512
9748434462510303232
9180418735995367424
9607441825691285504
15476030683050006528
4203358602665883648
11846111080811206656
18111874219241125888
17406163520967438336
13708733277430026240
17662088879765911552
13431859262349090816
516059699120145408
236350338632210432
2780706345891670528
10530733150133911552
5886543537520584704
10487819435718748160
6212449816343968768
8510378295303518208
10335627169863866368
5645832597097302016
1343825417319306752
16693953679562373120
12026201236255211520
3192672412139428352
10448125103922407424
1143558263743956608
1159682373864104960
3448776635248339456
6822309757205277696
15849006854555140096
8528581855130619904
7521791878343104512
9417472895227576320
18414257647438340096
12471857047585196032
7795012347100452864
12136603937808228352
15932848844034410496
9316338493747261440
8795625022301228032
17162262818290585600
17578216821689438208
15620676718618742784
3712267964906598400
10291057607519860736
1750120345470451456
3616764188404635136
13546549023965032448
10423284386872432640
6377435145768462336
3955849715724598272
16641943099234680832
6115014442471282688
14058098792082343936
1834453335807967488
13292699983032707072
6876702245057486848
11315205008038899712
9014314804547337216
7654600514589801472
140310630723675200
11952501210631575552
13997820328124815360
16235117895927132160
3734727864444416000
6049767395602425856
528405951640927040
2566674304196245504
1437769436130618112
8422032922575275008
18113976187008434176
2951927418638026240
846348438024170112
4196302138297928704
187373900535495296
3705756630472572928
6883104418651934720
5889590194264825856
6947493082268784640
6334902654261646336
7416802554521217024
10187072438917750784
11359581946442653696
13522253163214790656
6714739261521266688
14372687153916522496
6671705268388258816
13982760016143071232
8883047699810316288
18127059831361175552
9168866727914726400
4973795210523409408
5841306748805659648
9534860110771404800
18345645340309186560
16641023686086498304
6144389326771714048
1372409095196137472
9229979038687184896
8103265064156016640
1543154143224560128
4958531939468216320
4980772749546116096
17303894957055989760
5812022066762890240
12726438079724126208
11554401945074868224
7279828828829177856
8307339932616713216
13876429497551302656
9920624611696304128
2747556545582607360
7625936023108507648
13419759310182244352
8556056763074330624
14194376889761622016
14582144028462796800
15630297535722180608
14479783885886801920
16046899194407989248
12654259608102137856
11603002500812969984
11556740956843937792
7313408180829208576
13375674021267390464
9743767501957140480
12867411584213135360
16491544484565972992
1934779185388550144
4060157579373812736
5077718601790112768
10877777580381427712
5228433608446790656
179989546517785728
696189830806120704
8203902551852832768
13513678292096051200
1658917705480747264
13907494863139358720
13320839231622084608
12988613456647487488
11214748732714651648
3378478475981987840
9471903796782927872
4235973256501691392
15093195073202654
13148567022956361728
533616618146714816
1794094181559083008
16500693346789101568
1380503255555822336
2120902688209501440
3092200017261164544
2199187256643774208
17000700652592054272
432082602275912256
9274910503846897664
6731915944389572608
12846280092992702464
4106521443031283712
10732220335835521024
10859072853608476672
5158571560282769408
3737873808340250112
4705954611617283072
13512747227142025216
11372426459238782976
11051700544410929152
12958177896235911168
8463455097807126528
2097630775905946880
1614222345979603200
16894514871921096704
15408283280233506816
13078504933468536832
17963805995486861312
12808072803137378304
2709928095114235904
13934417627880325120
1989833975462790144
17621282492536788992
6988548371914868736
3259870469803228160
18440854698549223424
12947952480790939648
9899221139343110144
7794443585291522048
7287750302741421056
7080405746215684096
4869830172006635520
14567189069070739456
15560385570941947904
17800254688715372544
6177018576192293888
12203436966223831040
10749961749183174656
10542286528635111424
11322663100471810048
8823125826088024064
11821476397596610560
17134306750588188672
13914434120736102400
8120796395923535872
6358348550696061952
13040877785065248768
13148905655894317056
7721966870397160448
4407906755306957824
16603613726323976192
15692666361595004928
5724437194693720064
14724181721042923520
5900005242389842944
10609368794568402944
2921950323008071168
7806091826660077568
7591079052742586368
14862694491549986816
3007470015458664448
6682333595993572352
4977519033763496960
11806911411312807936
6434109076009943040
11509482440969811968
15781210837464862720
12392111604230191104
1691797275204924672
2848912049823762432
9319463768537528320
883443956349357952
11607460977621557248
17668479087107493888
614824852591122432
147132955797966272
17735464987927705600
17612430196689809408
16163832728245807104
10658572194318948352
8389308360901651456
2515910715043304960
12817963852945721344
6300463617856280576
14028022545635424256
4922629865920513024
9669848155207776256
1732327419215420928
13421167398973626368
10405628429505392640
12720676238362566656
6022022965175165952
15134240072072914944
17176080080079677440
3506668090689626624
1969094337849194240
13309472395411834880
14225393771835224064
13443233454222274560
9162620063036686336
90032278618190608
12709059856599031808
10525128537428127744
16600359528672557056
17127510261559369728
1494466804953520640
14616651905551775744
7096477903183188992
12914144401105502208
17733608301431330816
13391918393454624768
8952611467009317888
3339033092004537344
835546963943453056
5050614566875923456
2316903683339044352
8175805349302430720
5077771591292011520
5260244403452973056
6925471044987428864
9771848681386203136
987809518914891392
16832446200502970368
17440840191913326592
4437961887905235456
2095586982073398272
2908919733299949568
10102931798623741952
8634127011135667200
16014539998461192192
16465866426561046528
9386610469540564992
5961675781477294080
6088281645996334080
6567633989332551680
1899145241991808512
4011167468015375872
13631373400595906560
2114330685612383744
1411725263264872448
10642341897702428672
2066295777237171200
18080997402093807616
2928414863784371712
14696894878102018048
6940876971549300736
10466819131079440384
1029334236283694720
625480219250690048
1693052332864330240
3754054004018132480
7666051923508131840
5391273239613665280
15013071221171542016
3716026117959306752
14374621780928049152
8360380214761290752
13955119403824898048
6693530465310524416
16870014438811856896
1447191513507617536
16006086987421220864
16516977018685601792
3140634650575464960
753409058879508480
14274956181117605888
15492322999654510592
15513508781259556864
12162558396736272384
13308206291375884288
2729559598910677504
10917496426001850368
12505821987849283584
3047521758367822336
9253987850978482176
16981863103253467136
1583681899519971328
5470557639936198656
2722291807357629440
185380554780091264
17108104666825482240
17733695730406477824
3904061357438358528
9236683024154828800
1145076686251212416
9695871788706795520
3021054525496587264
6051586673296309248
14870926482667055104
6853154837792623616
1657869099941288960
3333531483079981568
13626636187754682368
15610737522014812160
5145522547063743488
8836339933684540416
7221324110142754816
11879078436737566720
11862350908061720576
11419222076086638592
11826016096547856384
8884954240439657472
15432736932243386368
14849519674995390464
37464949918006464
15581344088077352960
9264175870676969472
6644271212944622592
326088726006199616
15458087776134653952
12131527598326108160
6133759951115167744
15336786574503532544
10764282490563203072
12966781721292064768
2185324366127854336
1289602517591889664
2609189597575964160
14261717540197797888
3641136413073937408
5368268520281894912
3478586467719252992
3047051190537302528
16975692618460067840
13081120888843190272
12674119223523600384
18369916238497941504
5805859828271785984
17324437469698633728
5945719404673541120
11082763815297230848
415628223613379136
8736089787777263616
16937154325082853376
3042166984669057536
8576326731311781888
2906475874686910464
17469147352145713152
15677429732452347904
950728446380029312
11469197162070269952
2076219902121322752
3449568560141866496
5815361239285924864
16139118261104525312
223760898989599872
9504711362258860032
153672119561019392
4369715549143967744
11649651245844056064
12706786639193686016
5526943337909624832
4587223615904272384
6325419270069043200
8525355153035574272
2495236740844654080
16326659242202642432
3315266380002821632
7275669260011228160
4653456274019894272
1243308102488590336
2201964510835438592
13596192821266126848
