5251157634871272448
18030948388970856448
17811992578136748032
6097079759345627136
6460141408654426112
1104265801221929472
11069035526768039936
838675301860856320
1241749244776882432
7722705365321774080
763375108197629440
7335352559801035776
8478172146682960896
7147694890925683712
14399567450826823680
16763267803743035392
9512033595934537728
5526129222431416320
750654476451169280
10555826500394461184
13755014466341564416
11343752409026195456
17028739272556994560
11625763316136398848
15161565362114793472
5446178510756397056
1494065665682588416
6491286196753306624
3723343773041312256
11932194237379295232
4238695685708271616
12816218738219792384
9545167991333113856
11816085253585969152
6976398091675500544
16235534449425405952
658829593076025472
4599454910326459392
15759698092845361152
7388900979192286208
12178947217924218880
7129111897278418944
9474758683952807936
14585720258430795776
9779172903087845376
3495949845503581696
3150647504895262208
8253744405795492864
3282901770654580736
5842977405879195648
8686496443015620608
1779621750640062720
14377488016381808640
7856466052594159616
10630246352376190976
4744767236046543872
16842985572939018240
11860771898249437184
15833882948469594112
14612701345816887296
12734652244304721920
12853390344053506048
9220429630575210496
9323405180402780160
18122002212446797824
17870251670070302720
11843851673455050752
5113857444739971072
16511433029977513984
6006529927534310400
1594675638379450624
10777550291908192256
2247174307763142656
3852438714716066816
2474865405300152832
11041879554928674816
9745395123737264128
3102576642490855424
15326210230249299968
7364442221622582272
4936165941415883776
17693699612840554496
8907708626432941056
14043210362122270720
8095097775594914816
3655976311272808448
16669649958168289280
13424902576067090432
10674487695120754688
1411758192447762176
15210086684856041472
16321424157071028224
11436876666550298624
15239699795583739904
17291121385849821184
8699539727086723072
7634410998432474112
14393847933460756480
14956892524744648704
9071453326944088064
1577063721534094080
13741595427369447424
15410648416131002368
12080584560396443648
13639349136276738048
15630144193997105152
16998155452719497216
5202769777402690560
18198898599717046272
15248654648077357056
121187989002710624
15168656377854070784
5275810702599781376
5595697574668503040
9178786248083300352
10114808051012102144
11790405406393980928
17389711132536041472
14889991961164097536
544247713677057216
11615314442864584704
16681903991416737792
3444380635640710656
837595501584987008
4189305572034760704
17768557367912861696
15252882997200062464
10516565526645897216
8456777273176824832
13590828769286670336
6824968330698803200
3687431907183227904
12794028158753357824
294577496022629120
15259009516608233472
8842520056264406016
12581537424043433984
2030588777792938496
9394113978185050112
6208334073072429056
696040738564138624
116454696866057120
7237278616232035328
13660103995812784128
17260921056558080000
15513596825695121408
506776701760818304
5748818248124190720
12126164545189787648
18371886042604943360
3849572124148497408
11089181200453447680
1482300454442135296
12025929905037860864
2717566236578375680
12482692312772700160
9148870827662811136
11275131455994730496
14725163545867941888
14484125835134535680
10394078185947774976
14754548812450242560
6018970151439692800
10182894143804696576
5478093418160880640
505354158994795584
10241822784765374464
5011951653740081152
7656501226671563776
351630094413565056
6220743409806302208
536830838674126336
9655064253563457536
7830768764953638912
1775287017486489088
11147457532223580160
2404559579480629760
8230736269961794560
2445469147318905344
3833759794361011712
11407656756270446592
3210640729058042880
15258328380745940992
13058141582308653056
16281720303165485056
10043470249481455616
9110454528765117440
13106113734946781184
18112229085089847296
5154607401680672768
10066765882240688128
12983143519090446336
1608345202101275904
12649922968705032192
15403968775823398912
12954193868694228992
4831302203020942336
15049609161516746752
5308562448101692416
13661096630188386304
6481468102428307456
17339955371249176576
6415102295315688448
10402856623750721536
2221057270096023040
12463541566811643904
5750316685190249472
5459995632171362304
3983553813629400064
5285444016410428416
8766167157110778880
16905431528204777472
3972807339562420224
11097929299012624384
4876586377180727296
6243334933056145408
3626250100255478784
9177459406758033408
14791851580515409920
4066457987891169280
3152608167373977088
243016869279781408
14618865553158846464
3627723096778391552
3257529297443878400
14230294994243829760
11499722456900769792
11951803886937704448
9815202125711683584
13428845208621076480
17466975882563119104
11858983753041651712
5296860306245736448
872144442709083008
8335478685012900864
2375730440999855104
18202506448402534400
10375091925474179072
6777680521883855872
1477190517065997312
1000741426591370752
8513038267121434624
15357101301469925376
8777161344432368640
9337458986002841600
895813194766654464
10412921783287629824
4573830476341908992
16231414883343407104
8857187709625827328
10079836073946140672
6472615119819469824
5917422705645679616
9009524603571962880
13715127687807213568
4305531763771324416
2215864665765079296
8043305275187353600
1995534669081107200
2100158597527140096
17824988271153987584
2472938582707275264
2614130571314876416
16196857223802023936
16580811209005260800
3990166196526706688
15132042373192644608
7334993306223894528
14305542692509388800
1154367373220029184
6759157776152039424
1809867422590566144
8733704870218022912
2664675023380627456
18270700331007344640
1157151636180296704
9796966609282834432
10315098014367041536
17214230252850458624
8127913558424185856
1810513046839558912
16471310288316016640
9121010360800553984
3465920749575081984
18445564031869036544
13467479819015690240
7880384300666102784
2166138113272188160
15694358405656057856
6070917941425579008
2750928446109095424
15289736713258188800
1194862023988137216
3254008302528160768
5497973351669610496
17867646386844758016
8890548119702480896
18039856958306209792
7572097395504534528
15168210177449926656
7389833232298176512
8344799926426062848
6089420679807329280
13223255856230699008
2858647620729549824
3442267780048896000
10163314150281613312
670169396193655936
917011967074108544
7915655558709585920
15259401111415052288
3657397775563080192
18366146492811294720
13025773790199947264
12455063261145872384
655933417236499328
13405897552644294656
7216585524023506944
9661745501910734848
11043098298029578240
384453267727099072
4608620717941395456
3450486931509167104
11274554673878990848
7299602926483937280
11973091207776212992
15908165664144265216
8431856570816484352
3851981448929576448
16987308790767714304
8919477297325333504
2071237371317978368
10536344732768909312
3660252688366415360
2244183062778340096
10026409057569423360
3891412346569428992
845113040282221696
1780281144145297920
13147547833102346240
13969262993126830080
6619261992824392704
442468661976945152
1700856631881325056
6466062120290091008
18384387358958667776
1009202260678214144
9833967799483684864
7186095693365609472
6004197956652913664
3303334003583194624
7033885417866582016
9907907434222696448
5905233029138108416
10407380550028185600
4231905429986350080
1942369610950916096
17995669080996130816
10736042463015802880
17262042969869381632
2908154337601325056
193786891155259456
10508653592791027712
10564801235360546816
13654304740494209024
9634341112533211136
7237548339888649216
9694076808673357824
9450345122113632256
17200475863776280576
13276457937684185088
11031984465988429824
12131614468268353536
4381904503720682496
80377774964191680
9072404406759545856
16156407148687316992
8758330979860736000
13246946422343995392
6770583620777268224
16033991707438837760
12496827176380901376
8927872465379600384
9091860873406310400
6055727126486903808
236902235952957152
4526924682700502528
7564752538662849536
541655607032350976
10214832526265161728
4848636044304896000
12818061976672612352
16614101145266642944
11336959399207690240
2930743572870918656
4914585190921151488
14695470928100239360
4808974303300238336
6714162962554093568
1209406520353023744
6928215192454595584
10742890288636358656
17025093313354901504
2923257534626978816
9661412033904961536
6178442573151395840
549773894801341824
16150224051165485056
12911449885940994048
15094309575513647104
847371982427412608
15765888513239592960
13835309154300858368
7840060227276347392
15554966119262021632
8960469332392205312
9648934088719443968
891889829410636544
12400161389853765632
2689063229017542144
15044109066428440576
13331279442428137472
14450547964044193792
7149553866634368000
10081784533895434240
5063147749400604672
5401641795856692224
4453291873220087808
15640099721670627328
14978327082337404928
14836837890751502336
10541514816009752576
14568580954427869184
7376549797526004736
7946245566887540736
18412772879459342336
13307654544044404736
14139654763278254080
4250520291988786176
4880719275077471232
4333563844167927808
12560019063352774656
1921578936886282496
16093739428833413120
10984032794901424128
3395515498650374144
4659461856181557248
13323949948416737280
8403528669399047168
14593189979048228864
753194278559868800
5725202365582215168
2350435142312253952
8411663789860759552
18429222667634843648
17266090152511096832
6974564747906870272
356047538534642944
9410018356013099008
1795001898135740672
12065601651001401344
7987779083812625408
16874264979773988864
982786186032954752
2054784474908853760
1579144134569928448
17291531281268711424
12375478485430861824
12074338815316369408
10090120481743263744
10563203972359706624
15242115278214586368
9088426932949510144
11958356118032128000
3913503670089847808
15411550939370196992
16940698370464753664
11998029713970913280
4744038318695560192
10243326291787524096
5606519091925527552
4376206426022001664
13648901084387813376
10549921888355708928
7173871635535455232
6362860947982141440
8353935752609200128
8178205886150635520
13776264817032212480
7788802365405050880
8738736211045467136
4353461667582902272
782874265808031360
1741971368948234240
11797927064642551808
16306665784405962752
5271983615350775808
12318394624453693440
7245350774791700480
3399819653367902208
9028191113084426240
11136440636472891392
10360987068348598272
13690729054591758336
9991625059746048000
7026381506549065728
10101238447621031936
5736113657036554240
2621052511695316480
13937570608366739456
12572513726009071616
5514657276872692736
13391672665606971392
4352695307694824448
7745700571391345664
1397855337945370880
5548899958016848896
9389642912705073152
12306820557163907072
10922763231738667008
16693517716853606400
1867048240685178368
14668927245016625152
6777699942444667904
4607594293561866752
9990120418684325888
4245941392437346816
10316906820991358976
9957761391436312576
15455541953537167360
13206027571946721280
16667047613042812928
17289980522857189376
12369622883706046464
16124875035013517312
16941340582496913408
15905106261698770944
4151483316914459648
7349987551961064448
422204473768119424
17140601988007120896
3774108395077722624
13166436405553766400
6927243249234369536
11630745434494253056
9106689671414545408
1525236982475402496
2209306649607355648
10746194347740749824
2541301704164751872
1949230872721645056
12704449112544776192
17356041481505591296
6688105927070573568
14076103281017063424
15323319433484156928
13221585672467421184
17321451711654494208
10355138359694096384
15365237856950343680
12065488199912675328
3257046999526326272
10691870989148172288
11746979110819899392
3694729373032122880
8667161925331731456
12639664973196439552
7767128808821714944
4508503027110098432
11383041935499079680
8207992360821549056
18038101231520040960
7950792763828846592
16630621066283784192
4235355432491145216
4505021265014168064
9895820423411904512
12872794704017360896
8577412554501896192
8540309455676643328
131241855639731632
14819244320451665920
14313030394983804928
5780612667073072128
9616344381135933440
1544068557558984704
16390585496840620032
8529473462062802944
9011427022540433408
600096858225722880
16650534472021590016
744861720715161728
4990690215127700480
17586202189841745920
13979663241534646272
13330786714497046528
3776026539444554240
2279479642883265792
5396774751127650304
7438575186125573120
14749848875101358080
5408385592048083968
2721525337118628864
12516365341621041152
15086181141062430720
2587408425886289408
8289899965718622208
3340918988438513152
14564716306229407744
7481095914755233792
8291394834156307456
7719496071361519616
13380263352258664448
20586317032287892
2087520086834142720
579835456411093248
10159476200233951232
3434769372334136832
13258274236794578944
12563937219635793920
17754206795562674176
4030054618954767360
16100395110251714560
9274432206778435584
5717544662985202688
16527411013819009024
7493955939597881344
5065933737260622848
4227865098246039040
5736814562939296768
2753841152149157376
16197199689552371712
11348371650241038336
3005120138931864064
6848311085921320960
8988204331470229504
17163462704989689856
12290973080004442112
209019833549263168
6028738569453100032
13996481943652020224
18423476249596528640
11474290977133162496
11897858721774690304
13957406390224359424
820194638033281920
16116096917170143232
7672329957073568768
15276924938186973184
11485007899295606784
4666606477149691904
5103799767095959552
1729968310973491712
2914572134409558528
11628238440987766784
946825961162863616
244101747841690080
11898972878195535872
14037725105689559040
6913512522183684096
3282555521001150976
4862584682915810304
485862126241019264
6403259326135463936
9643330762374400000
2500251285856519168
2414383358587411968
18346339207343314944
10068685098131421184
18173525216280686592
17312644755891163136
10723955675894108160
15741778639523254272
12636176987688413184
8224550695776463872
1059761096626192896
13984805142953932800
9064025978645895168
2634104971678846464
8336845888301457408
17766511400841590784
18365498110667812864
1156583053848379648
8699191087586403328
3228301938606207488
8537877810339540992
8523025491722361856
5677068298440456192
380786925002540224
4196158105572220928
7181096230663415808
14702964641012224000
11618502171937955840
9561735980695496704
4378074085067857920
7477445434088140800
1128582945909926272
2418224432811125248
6613716356917838848
8097197158722075648
6751734151563711488
13494104852144674816
5768208650283259904
16334626085180549120
13698169302835007488
12458244423812317184
18413575257981335552
17057556037768830976
7657832162785312768
2737843699200564736
10683553801772099584
12983629390073735168
11227216068987865088
8623271601073076224
10524705597272082432
15655294715912503296
11179714556450488320
6882132106742849536
11614970624923504640
13321593403503472640
11469706782478399488
16797157371967856640
4929405586753222656
11501819135363147776
10660045747013980160
17685235953972779008
15539228363914911744
8288344662153608192
12341820431856527360
2871206511859956224
11655824728651399168
2793026870529887232
2779539632967250432
17290111257812416512
14642244856522209280
5644073778614190080
6831486546363357184
2084306515749301760
3650169452092759040
3272427259167872000
11287136887074154496
13661599811390420992
252470672128735776
14820277863703918592
10694976764610283520
5672469578130397184
15603379525669873664
12240186812845445120
910094479165517952
9502084009900736512
8994406835962510336
2071642289459450880
1037400797545986176
8651090194225720320
13268265171372527616
17749290482074859520
9164884654846604288
17929502580901140480
10839032489341198336
10059751207860123648
1916044947765679104
10221921212783876096
9468497990174482432
3763164449980786688
14450459841869207552
4650854944699621376
9741027990080167936
7833644291036717056
17762119665889640448
10908430159451414528
8456745144529105920
3334493074247218176
4294440533800594432
10932087203240912896
14743653360972537856
8628774447879262208
9866899680314658816
2847754575651878400
127278220732926400
18442560418026911744
211961815124041120
15954055148596725760
11227002069189666816
4141263264759578624
7965763350976252928
13762013196513140736
3655732808713475072
6907394290516592640
4443513715064089088
4654394574205314048
14662512556260999168
9235419599459215360
6473161277605504000
3458336998151263232
5500707274246224896
16665450380089069568
1660399955559829760
3064198448887096320
689075239527553792
15194434475833583616
1148111932013177088
17404266737496434688
5466153032840018944
4612670369590901760
10645048758358192128
8761697429863948288
5678061970037825536
5375333642370754560
13096132325233686528
684590278564076800
7818245155947867136
13421275142015621120
1311366834177107456
3022615497891994624
12903535013460396032
17009986891598825472
1059951315259502848
369268580577781504
18153727951141834752
3856871681985979904
16208624046006794240
6288101533784927232
6164401551844436992
15757673808268750848
7151087427935802368
2430502816025060864
11315415064841986048
17528537779518640128
3816689003596241920
11032391462991153152
725206490284297088
14690529254601940992
16013617800109565952
6775569440374225920
13406224012458332160
10096813404627636224
18053460041573711872
11062715693435332608
11201377519589867520
7413693011582173184
6616326866013515776
843741795041252096
16021300254752724992
6407428171746074624
13555990656258148352
15023983337516095488
9115672280812416000
8687843035773746176
16468825175745175552
8361552276801814528
5557599723029391360
6711184532259988480
2265614088970506240
1690697530133678592
4588706466692481536
3401902409845209088
17328490548704016384
11891709087052169216
386614282793872576
8706747244161491968
5567185769713960960
8364914304614899712
4186380129502066176
11545581766521677824
2008208328990310656
9168204545213149184
10868682598444619776
1686399259616210176
920630833361372800
1131792779294779776
15903173107077873664
3285712763673736704
14605134214402228224
15311174646798651392
3422463369598071296
472200177717965120
8901759819296527360
6736575720794331136
12720946280256739328
15470316478073866240
5197758402744587264
4894842103477157888
5612494668460772352
15114471501335396352
7697630955238994944
15308104138481623040
11195421229956952064
611761146914737280
3237561008729844736
8689498847682671616
16805075542119405568
5119736868975349760
8764481846905913344
9688615270636478464
12096198342349000704
3875037430246041088
11446616502234978304
12957234594306148352
10824422686683572224
4414056889612979200
5956234226721103872
4022009486238721536
16139482448575569920
2353853115221392896
4128892583453582848
14151860094310236160
240405181120968896
17348648890227818496
1562679844059348992
719673432539858432
1951241779333582592
14596780082977781760
18117634340870735872
3571553619955094528
13942666814670495744
16757873887097090048
17739368866357544960
9510375642463016960
5708538535348511744
4085860379687930880
16177103019291660288
13009764521224622080
8058297525946587136
12202318373791176704
10659741816673632256
9801668118548930560
13130460878315771904
16392105833447469056
7201915341343630336
9940567903874011136
18028828630547857408
12756512723360307200
8591576229488156672
4588385869137916928
6289623098086676480
2508021874545331712
18348740096553519104
7621324709982228480
7831087518079245312
5346168168320948224
4745405375549267968
17835890049610506240
14700419325548288000
16673094102434715648
4007773085712952832
15053664421897371648
14858898288826628096
7403220120866068480
8049585374835313664
11127760597020108800
9602706535719772160
13428082545106898944
1135775975519168128
5566729935816685568
12633458889786339328
7345493143881291776
9990608774519498752
16787553187069448192
6492626017685818368
12508870665845383168
11838521541698195456
14399881764457095168
7229178046226678784
15639644803867357184
17107068037562585088
9351030278651437056
4095010151927863808
4893288406738856960
6754842909019042816
12560756103892611072
12437609521212358656
15104756552146927616
17136716938960457728
13214874782141536256
11832128822121078784
1074200842468382976
10937566908833966080
11372226152240760832
14611143816533448704
3525659573128473088
14272001717690097664
6355306504167822336
9897755706271660032
11815480275805925376
13787470271472031744
3685864646768570368
2486838290958426112
12877255138852864000
16336568377854027776
11230392992526893056
10147158750875990016
8245662818353393664
11133481487434665984
1073885816332414080
10861821801054513152
2258439797576503040
3188128224958268928
13353740020375390208
11464937790762958848
11712358100084187136
