3083577752038624768
1392377682080448512
17539276182509557760
12563981324742778880
16606212454010742784
10186048813017151488
14855998022797256704
15630656984505196544
4160013755230652928
2671625919522612224
7595335207275994112
1342908038661236736
10252152104912015360
8670480722003510272
5800543764257398784
15815703003007240192
9618303873033086976
11286213591958530048
5345513843243365376
15962131599419713536
14758714716732211200
4671177705119271936
18068127565177253888
5849932798445509632
11248963179608457216
15624875006304729088
9071927795987237888
8954510257913591808
18196201513910972416
17840704929823600640
8444167936346341376
5718090189099067392
4673483392086222848
5278524107689691136
1860559977617891328
6290678502725307392
8495725091771980800
6575951566093069312
9779031151762753536
18406563441489907712
773207720239977472
9876203865852524544
14296976389946662912
16587465003961401344
3140881076041935872
10574113065527134208
18278572415132184576
7112338819467656192
11304716382732107776
6242634910334508032
9899212315887073280
7390193750346474496
1817698664628726272
13710887830947168256
9520363799342512128
401542712326499968
3915078397607071744
10998718053482106880
11903886019342288896
13753401461351413760
6126838953072541696
6703396357625063424
12578205903034398720
15388360047248662528
4585679585228001792
2713744489956117504
17372009013801318400
9890641067337084928
15317811343435110400
11372825477936392192
5796159699396149248
16005350138126725120
1716591184394947072
2584262811862966272
15830326804698566656
10817000697958346752
7119014191147463680
12165685647201261568
4505415398601257984
18441922261346988032
13487867472264136704
13396852809244653568
14028494932012214272
697780996326009216
6712952136518212608
10786603999677464576
9981974229876133888
8116610552232776704
1097939292574935680
18341877136748564480
6330798284339153920
6047372155812019200
6171012751580564480
17004743244599089152
1561604677919168000
225252583054767168
13644399935316789248
10321263986280599552
12228261982150791168
3647585425360790016
15013374383091894272
4997678426705567744
11162151650528129024
14954431073455759360
8797907761698181120
11266482586871508992
4445732332405156864
13244208251940442112
10563700494336540672
18067000139285690368
14016331520120502272
8191670165127810048
12547621045309898752
13413134157903347712
14990044886442139648
5458915109724462080
17420910167344564224
7291534003298573312
2408749658930582016
2800417191054668288
6184149068521539584
14599952057255790592
13797331818275504128
4901289034873629696
4925700542875577344
9503211208671117312
6951666051507718144
2454706485248102912
10899352758123362304
10618957072242415616
18121204768895102976
11525697426287536128
5060889481843249152
13734997346291306496
5402089795470147584
7462112660320635904
6570514080347080704
2536907501812550144
2571440769681642496
10926940341389817856
13842083344820432896
15128735884794261504
12191022309296326656
1812168110044976640
18301883233280540672
7341539444633833472
1883377455571744512
17606130396187256832
11431569621901615104
1616371596331189248
2611278154907890688
5296175481217280000
12783435963132745728
10893378351357097984
4693450167474494464
503848335572999616
7703938223876038656
5469406483702418432
13431658048435765248
16347101587575699456
9572236173376856064
3446742992233576960
11834416869028542464
7947760057073486848
7986228365530150912
8161866068241369088
4442510317033140736
3543614276153161216
10762086282677098496
16120311656382638080
15118846273855213568
12333221466962313216
6493747138510302208
7363575558365933568
277753767848558688
5611012230046519296
2821597235870103552
13732654226333030400
1179349614256283392
8895270537440310272
6851334968602694656
9130409298724400128
7249374438514086912
6443629624636548096
7536687390567429120
12041072336245436416
6454506554093005824
10661208148718153728
15090732522900711424
944468841261589760
1785576325788461568
14851811947249451008
13239673896223860736
13087196403999012864
13629190763512995840
17253400350163679232
9346067829867055104
4184177544623383552
3234473808832651264
15787207049406369792
11546480965787375616
14789665589905199104
12900680451833397248
13690803255041433600
5002406384034145280
17537073221986670592
9939008130303731712
13693660737970692096
12870010578096224256
990219952660592768
3367923710541559296
18216276645047570432
8241836152731953152
3385026553935879680
4241356855505283072
3152423414780773376
12229868259663132672
6870545517174065152
7577288788074250240
14222048843677349888
8853336358260966400
1451713274323678720
9646811203261755392
5215313793669749760
9204581307191113728
11525356082906134528
13829267756695861248
18275011880184309760
8412078952850551808
1880660157280007936
4790697684724894720
13846341433033353216
12238866382383267840
15601517849378181120
2647494572002834432
1856577097600301312
10106869942243385344
7801561311758740480
6359751707294312448
14382435882901778432
12310922179793727488
8608692219189888000
12500278144572637184
15789256296242176000
18069642870882500608
6947284468379649024
3880868948697983488
7507851220962370560
163694647229311424
16916190729000241152
758738273980356480
6489034332825767936
16745067271923853312
17246089131576080384
9080094303513562112
14343106272158517248
2584518370586717184
1124451215202231424
15089885146650925056
17223990091956232192
17676782721984870400
3065037175837064192
698613307272605952
1681388438981230336
3189964733718738944
16631539323435788288
6474574491375227904
8977939152960314368
6995084810401405952
12003705999545100288
12575330787079886848
11003327139905497088
7996183022264141824
2966869499934347776
11608369041439647744
13142701575035322368
3768524617416121856
9906612123886587904
13440641061041530880
3581193182352674304
15249645964772743168
1210570529086524928
14492727836755056640
1595250784504191488
16089464080822476800
6235742718544523264
4275626399090808320
16664824594984105984
16235264115542540288
3814626894370100224
15355797302552678400
1158818549735422976
7214204910628517888
12738354907339509760
16518438480479172608
14087418645699971072
10721617827109046272
3879464693743297024
12116854067793858560
18194745134471542784
8749677061135279104
15966006723106803712
8101635250052322304
5494674277375067136
13497230802089830400
17062924392817709056
15961791587104522240
16629713631202146304
9451942222773463040
9420656537074233344
4162309338678470656
7053307161226679296
18108970273319587840
7091736988069282816
2609867374846618624
6470421525506342912
7369789640341559296
2344566258402642432
7890589277065604096
16852788495744768000
5922596490281561088
5411551849868090368
2480264902433410048
8611508376604634112
192040230819811008
10793013162416713728
7996519910802959360
8744401438518677504
5740966628658305024
5682055735684636672
11412157781910059008
11010984041310023680
15523710253982515200
12849196492039858176
11765781800328085504
14756188595351521280
8312935076582305792
11796403058992496640
7591612487533174784
12281365331971174400
12041931407020623872
3710739052480932352
157222983314244960
7766203819521267712
8397854926855783424
7940947464106315776
14192416441909338112
16127011008669773824
258985351286461056
719928274473372416
12182704093431908352
11848581921339228160
13730787607867701248
13510511809040347136
3263150378389766144
5544644306631537664
2743011180255689728
11032256366947317760
12586171458485702656
16594491298523611136
9603508952503887872
12271447388573530112
2521281752413805056
8769263064964939776
6895171238954306560
9070529039694327808
12640947856914733056
7946083271625431040
6081199137442085888
15794704714339110912
12335591299811665920
2481970036346952704
3325411713429896192
14400528254709481472
8589857610688061440
13909275709708034048
826773993714460032
14035271106679488512
11827943655497426944
140582474789946192
1491425375973015552
1209989400618742784
13429807748735430656
1176904185564701440
1567632746564608768
12450272069219141632
2139307683203944960
3617055419482217984
11110411222338226176
9477820854664845312
5683196213945360384
3762217746647116288
7996927192483251200
4261177763404074496
17907113232906405888
2903511540038747136
17668076920785227776
12702108632611268608
13505421321485897728
12234115785255092224
9506223673595367424
14832744024437188608
8759610667262593024
1726643302095287808
16808900648061655040
10870825036530253824
6760279611714939904
13114324782361993216
12804588644906604544
9026327677063440384
10522466063190196224
4800340717361121280
1464680343421021952
15779815066515189760
5953577238084118528
5406017375592483840
4021916073973858816
2539626227870553600
15391599401665269760
18075926272821694464
2248241164747510784
5268147664992079872
9509866899695159296
15294647660843081728
10066775849736052736
2745360319267724800
5813614817897013248
1041775175165300352
4548825454438509568
12849439796698200064
2269972734572567296
14475446312526716928
2606110869836614656
14295220540801806336
127165489086589728
1084136774732917376
15427843677135273984
8106836579629185024
5944271140410341376
9358091754347567104
16211841660386635776
6172221147111437312
5507136273498029056
4029410847514403328
962443665996951552
5976924076119870464
1498981596692936960
12105627494480039936
15333651307117434880
6175461307742534656
10301482592135407616
17672557948468668416
13942492242752245760
13432389681366775808
3536714283865470976
13932725980393986048
3248562317443524096
3387383758200442880
16150221250969415680
5400484253231524864
12284887656079038464
9464539967916337152
15039037822907418624
6030512827383655424
1512439991476920576
18436400561897349120
7997326026407457792
13622091198526908416
11850897700043024384
15610838076425816064
5527156576062926848
6147835630764483584
10796853225496532992
12784754165188812800
6688736134516881408
14393693359770880000
16449146981257596928
11063564783290990592
16397309305906657280
4360836333915594752
9385943003274053632
853750222734233984
7063883794312667136
14955255502383085568
4141903766171297280
18160815165837727744
14398419787699257344
6413400981630695424
8336842398371542016
10986785381616685056
3872984820862615040
17089106225907286016
2014362189820954112
13437228355267330048
1296304193066887168
15888483014586742784
6106559620122382336
4286552536848893440
1609160420931258624
17490661895596767232
3103532716361247744
10414802602678214656
15170885152448925696
2350311835620837888
13343173356675731456
17853031693367093248
5460570471269526528
1620244155552948992
16231003962558246912
8277863998231264256
17272343748674435072
12893315976750753792
2059859004732024832
1760156439391095296
1980997973771427072
10800961747990689792
17222439087842465792
3273768142933534208
15718880918036910080
2670839460003558912
4046472053171083264
9558471406669414400
18280150422518003712
18130045905995368448
18145676418615271424
18364138156678819840
11290645229588428800
17618504667838588928
10082614869801801728
4796354616543082496
10396380795891359744
3524468948377314816
12826164662081310720
18427703386767738880
13583071582427385856
6978336407113763840
3120658269834417664
15611706062328487936
4887553455623780352
1687246016333430784
14980239555087679488
3351105488856739328
7480867661892700160
8377396192471775232
5874493888446416896
2700850440595710464
17085618700805943296
17095337334183784448
247852935859467008
5404507875344249856
10796198465677674496
7513410279660104704
1543867483111404800
4062982678830384128
18142808609342048256
1962296630861856512
8540132746068579328
10207950857409052672
12086994638790365184
16972808137220587520
18180336821168320512
13889584061948858368
2539482452987664896
11442850635671771136
13955417562318430208
14402307986541649920
17277156662254520320
1717672981050710528
17814744599090219008
15792777390314338304
8713768326161583104
7523007822684695552
12761084501251278848
17843789857357205504
3931936769704633344
16827892972377350144
10430828110074386432
16594288877731500032
3950158833485720064
12092474249028397056
1299899029113010944
11332958374168827904
2659442646053827584
5768577679451541504
6277531247753638912
13568957751731021824
12490515975954432000
7331453769634006016
15372033621906282496
14310038113521598464
1331309583066938880
501380502477975552
16679050154028781568
545427315371000640
10596646721539504128
13928127625393905664
6170471160288924672
16605041511287678976
1385352073060008192
16103937225698125824
3091591578728570880
8599990207316167680
11345128820841027584
14996581755847196672
15368462553553393664
17032320980357599232
9163282448386266112
17996935882278676480
8210884895769014272
1853607497546863872
7864387255754432512
14759208268286935040
938046347590413696
16571537530892072960
1346549340024293632
4139876269046369280
4769995345291991040
9299528974330548224
35355775738032480
4216479918659692032
10485015661756880896
6145672688373650432
9600610402164742144
8125097649868954624
14828106547967236096
10095835886751696896
3094392783981633536
2216864390698427648
2455428643633943040
16012597536793640960
6824574379950109696
15342751652500475904
6512938098086996992
3431497796523275776
12117751702708111360
4434454586231093760
3670536386406267904
15934807169020801024
8081572052583458816
10006529988363741184
15402906361328975872
9105183923442400256
6582174580151873536
2871142731952752640
4767146920311142400
15163718828080459776
14140466729348306944
17837494956752599040
5047191213180509184
6192406274554458112
6902523836766316544
11034162414804832256
5006098239928046592
18001882559538333696
86920689771663552
17355715875419842560
17888951133684148224
2264459502306109184
3118398378423944704
16313575139459012608
16482243574462162944
13090525189296979968
11665973892578295808
8585491423608391680
8670382277275185152
13838633034874669056
15428567568068995072
9955048835126796288
5583073436642073600
4374469638767969792
2577386737773197312
13227703115703322624
5590197580809357312
16750424516724250624
10299789612952801280
7033212308248436736
11222953847007789056
4759165000246489088
1554046574186503680
2270879470645385472
12986682916752474112
6153722876554563584
3160287475229550592
16237574189847775232
13300459017086078976
6469567395075924992
12930503059964598272
9008028294424881152
3049253139931417088
8399347384385092608
4641233576036441088
17550895704831389696
9780839436880717824
9994355557889642496
10104874598531223552
10325181553064742912
1130940947567000832
8686999951875743744
4036944021831105024
3248436878286892032
12502627126553606144
16995968249110048768
13404624094998759424
9255646911033470976
8181952909298790400
17949746323381196800
4256567158012686336
14457243754770345984
3261754991222668800
12260845462656038912
1557920485608437248
363495791291697408
6283852411597595648
11881939405078487040
1284154947157458176
14825650350144823296
1852208908248001536
3819477823055419904
5902262520849752064
12750844084565452800
2910704439772819456
8416403362808378368
16356205503644372992
6297070121716515840
15563640827895527424
8753819254242372608
14862747665571530752
217277162069474240
4102297252371161600
2561912381978199040
5758130197297371136
6211810619637598208
12271299688088307712
17473713621054668800
10422943319807909888
6731332350585280512
3501483701046070272
3325059936527146496
15400430823046938624
12631226063325929472
8383895779998736384
14039546088862146560
10703051028955746304
4199550753166026240
5816916724577377280
3057814062231921152
15952539523625172992
16056461258775257088
10372017691286016000
18267418796224655360
14412069127516284928
13331322545670100992
9164514425003065344
12653713727861995520
8908050307516267520
15668233917171466240
8491708073526393856
2261286922365497088
7099428080396044288
18175184673346650112
3218914760713034752
15840171283333720064
5164984955726743552
14905418746464716800
8365961682136567808
6790579840002755584
3493746259613933056
11382593881321658368
10577720339895140352
12425751965086863360
12468265384479617024
12424862930066391040
1378821218857375232
7841044028879550464
3592654931798362624
12624946591380879360
10747503658111006720
12032329787767744512
13969157908073715712
14866956207578861568
3710622175122200064
14795503255579463680
4574170193916296704
5761850182114968576
3421226796785072128
4832276665535290368
9371359965551372288
13315026663610507264
3867221641207028224
1958409567339906560
12965878616177022976
5941853145854271488
14501113141184772096
8687612653383285760
4531669764963524608
14922772419171995648
15795988721976442880
4851571182331878400
3148452249181731328
4006509921323036160
8868944845914919936
3565931076289865728
11509330095854440448
16783571168610805760
12486673471618418688
8650369426956466176
6286724152726376448
17693633614543454208
8801743930532453376
5513006806912385024
3583963159519053312
10887158157883176960
16382220458965907456
947924305774302464
12935259217907879936
14810547887605209088
5588942829093817344
10578006669519894528
5533007079919315968
10663671311256373248
15770171442526781440
14388016506146076672
4271728634725596672
16987989407103559680
16296876086440175616
5077696065284781056
3713741999752854528
10451830593156532224
9874481276159336448
8918627980621159424
7194654006841947136
14530094567066726400
15322973972937447424
16548596849823420416
16285479234120808448
14794123629990543360
17619273574092986368
3477596237687709184
808301067750615552
5469387988994983936
11213509148368961536
16192504599295956992
16547233077826936832
5720042762345802752
16864896204205680640
3149999687109517312
11357723332059254784
2897203482987659776
17040337651083300864
11598229038346987520
6045013354038879232
16961024830026164224
3574410934161812480
10629558268330346496
5725816819227185152
16908946889314336768
1251323792830903040
14564901997006344192
2683446592919147008
16988101939832717312
15590947903750068224
17191042871936989184
2196971915083991296
8652829142199731200
18187647484756725760
6793433219447135232
17411655903300913152
13119385482575810560
11975321430284058624
9431795422821212160
4034796043284673536
13223001745360261120
3680326071104339968
10458060607462260736
5234850043170125824
13584217247132194816
15020837575857954816
973615555767657472
14584264920078211072
16637729309178304512
2015015901474577664
6426921693306474496
16767628595545085952
1370755869538786304
12906542463883577344
16586536055252654080
17997353450770903040
970568479355113600
12083271821474537472
2651158936874180608
2399344557744690176
8249392027162713088
13969147341016686592
5259093744607493120
6766524301932276736
7201430023267668992
4447071497332882944
2109677837490902272
13675703045658347520
3976445766436905472
13952484713705025536
446140907584481280
15838868113212151808
6451772281673853952
10647122995262347264
10441024513284227072
1425650415414153984
534038683456024256
947203889357984384
2287818486769793536
12700909612277497856
2861332627933435904
1900703387297294336
4998595670255595520
2239297519010830592
16375299945327325184
15267821077931759616
1146313949994294016
9821526683042404352
11916817016095127552
3522395057183087616
15939782434955104256
12584291474988625920
1623419129675018496
163906063455978464
11456805570263646208
14350648861344980992
15337581990001575936
17366891184205295616
13617733997716594688
15714313000975314944
13499765920679974912
2951658327260441600
16530237293764200448
6599587122360230912
2852106216977398272
906823645607812096
18145272810351568896
2836685928938506752
2569524488955893248
1475783475926631168
665988825977430272
6327974846748174336
4062871226118092288
13789942489080651776
3518901702669862400
14292341902541828096
5094883857887815680
5109631383593030656
17182610790297559040
9755795016637296640
509035189501052160
16994265138046881792
15369875534258204672
16759069488947449856
6283746545858775040
6873021241217886208
12966658436265891840
18267342621765689344
14009075124374046720
6975698083830712320
10753689347034843136
4696732647926944768
12362571375752962048
10119831116019918848
12981027768188375040
12255430664883593216
1122197939049596288
3178872298346452992
1224862478598759424
1865479337871049216
15894674340603308032
5850770727735166976
3855986447125519360
12634879379318665216
8384727335880501248
2891984545421557760
10541145942013450240
12747023311486033920
3146846985135280640
17253767000857292800
11035002271160111104
5915141485178771456
14086543095126702080
10500240173183418368
5283053464950336512
3972918371274967040
1812102235028982784
17231900892361168896
4670641438377626624
3828933979341814784
6750792714921373696
15773683469105874944
15096514052792193024
9581206117756884992
13190813352280997888
8947857795582091264
9084514386729761792
5986218276359406592
5383641890837419008
