13751390708749957120
6797788481698557952
17528930306188304384
16701080918154027008
6506609837273126912
8673363859415895040
538808998302827328
13585316022791589888
4465841164435799040
4287265489787477504
4599699795594369536
17474474698943252480
13289955613388619776
10849985019685904384
2863967688694742528
16680224595956500480
9362208448824737792
4625529365374206976
17355540512634701824
6990818896278520832
4098350226758494720
16532923143535974400
10160525647623684096
17594276501133934592
287373848751971328
4346520749916883456
11493228512182003712
13703085294111991808
16289096045627631616
16924531653009225728
12248521402412556288
1003547828234789888
4696612601988865024
16035066181521014784
16291591022480017408
11609572052694104064
6153899119449520128
15501075884984283136
4825329508438242304
7917401031985676288
3987253245668349440
12781796910226081792
5961992333186648064
18356077075129589760
1104120603908867584
15929478812114819072
17868417597403510784
16075978030468765696
12650061423285970944
3231585992087179776
1099345672531286656
26289515827529832
14825920741826170880
4908720812904408064
7285767132458349568
14116841002492108800
1755038737948558592
6267284809646441472
15027260610555901952
15831662906590976000
7429537901166711808
16620267119776509952
16673335287716110336
15382690787328733184
12646625891433560064
8064227742487322624
11179108230011416576
11944539155518496768
14797182022251010048
17943682429262098432
16833287409740386304
4741496389727388672
13836856371698634752
3176905964293178880
12404357062927470592
17550175583167123456
4889364012098366464
16782713995233607680
12961335420427315200
9462764809366392832
8119805790646887424
11130708888788348928
11377973796124975104
8442109123775212544
14734257438608365568
2699487406587084800
4225901727129996800
10623755796141887488
16315604114506801152
8600303189278702592
3010724765757975040
306711904684530048
3658303072632579072
13475897872335554560
10838794918287085568
8081697650051931136
9550485191525722112
7064862867651121152
10495949629074190336
2920976434838438912
8204771131240213504
13146992796192382976
305562375620128320
14712315068647018496
7257611226182929408
9388427586627727360
8759540051842860032
15285383996948273152
18237731093315686400
12797697221586606080
12171836207942621184
779565970748410880
7462454492923497472
8763132939949409280
10650180968341295104
4386924580843038720
18120826894662174720
9267852257700890624
8678371831166399488
362941110158857600
424540192682206016
10679464168094427136
7872506719662798848
7664180337841827840
11901597499043348480
1393590621635406080
6242609776715846656
16894073581893689344
10025046547318980608
4363719720081347072
13394526849696509952
2683171943947386880
14960427929428334592
12955729664864098304
13983461068600057856
17832646161238556672
13610257221347700736
14438266729420208128
9943950525353627648
3033169693580229120
10805126830063325184
7140915697157516288
16283302497716643840
14952306154295185408
17035207748891179008
2234781571772150528
1504822044302785280
1057204969034797056
15050000141141622784
17199395774963761152
7632079892206600192
9681578018519568384
2886480422827231744
10936808833421324288
9023609828418717696
17665268863934492672
16850808912385671168
4666426016884810752
2184277616826180608
10781427559748831232
6194277400846908416
15175418272104269824
14026476732567027712
5038993210682820608
7976154337281563648
9278134638103123968
10422968025082169344
15028853929075398656
3942837816394501120
602577268458083968
3748786022869007872
5182744833912009728
3783596715406217216
14993802338474579968
10650881117520148480
16202935621642117120
129551464242949136
18088617477059414016
2764379847901039616
16303676530394118144
10414931958491422720
4612363004674847744
6818431601283020800
82739141916909424
15468899040847691776
15782530683407351808
3053426217574104576
8707859144887401472
2930212286728453120
13791634607962902528
14271328459743412224
10058366688113250304
4875527581911535616
7255332815824699392
10444535567244476416
4619030296545150976
8704576903116456960
7377945821357616128
3543607475991860736
5859349376348018688
17150249165947109376
16367335579256289280
1385880240013458432
10793139067624687616
12539108683846490112
3660250366950581760
10282978909110740992
17205980494932068352
6835346876202593280
1339535428383450624
7498940148277458944
17105485618406230016
6677613070857073664
16914324274023655424
6326423544760931328
5705041783794358272
10313536110190280704
16720363145226539008
8958623126286720000
2944613646041102848
14903368518960527360
17884208423738646528
10804402564921366528
5663261485580851200
4835104642380813312
9827839219541600256
3086557883292611072
17832582430624045056
4429803255276696576
2017210346009350912
9766908878384887808
1555536924056727552
2154333688597317888
1222695773845897984
13938076563392086016
1748553545975504384
13224527360990191616
422008749284495360
7729726175926429696
3518365237534889984
5798694938087869440
4636787886315867136
12489781963893876736
9249429920581058560
13374860325547200512
8771068005847229440
8266382651863574528
13032161766746814464
11315416111345104896
17965841379374729216
17375306581874900992
2274417849428751616
6826184450949795840
10501361415141341184
1398415506424954624
9812069520163414016
3439925675308176384
7043178713965001728
1387339423544077312
18356353300082692096
5893223183500075008
12386629798230134784
4203210905104833024
3373393319421625856
16654678137838215168
4095953704509950976
11850377802711566336
8324541053496735744
3134802953240752128
7334047506722373632
10517826344876511232
7095650655249287168
1682484157803133184
14697331016869959680
14167519097810057216
9099716220570638336
1416837328862828800
989774694785290752
17071327833815187456
11078535579105271808
2591917824328104448
18371063389970036736
8891948682997649408
10124367628639025152
6571412851874249728
12716696922204547072
15866730315820171264
5533073225700329472
10550568938110052352
4095293639968074752
6817275707927074816
2995812420301340160
15624968135166232576
233833337317772672
7557255879721897984
7034853690825402368
3973403452468046848
11053017459529132032
13260848620225316864
10024080582970742784
11507439489288351744
5442509481731915776
5735011599201935360
8656048393492369408
5525530794335032320
13606134944936032256
3768412235179988480
4314324975990088192
2900600426780868096
4832758413383698432
11783999312672997376
15828814980774572032
3976434111793580032
9334797568112881664
9462384642280163328
18320269872306438144
18280986529334255616
12644463952293355520
12176574822449408000
4389756202821523456
16823320253686192128
13808623382390751232
16109550440156286976
7989123220031080448
8627425026936622080
5416331066824764416
3186763589996643840
15590923478725175296
8729634780467577856
77704620903527376
3791708971228752896
16578750309951152128
15139732197398822912
14795099592071827456
7614509382038977536
4585299021961694720
14003350779928301568
16110281812551739392
9877088257824391168
12171703100670412800
13735747678941241344
10945095298375874560
11861363000733722624
10377530479707555840
988804918511315840
13782400334822539264
29144216024581736
14415246534686642176
4207432609017001984
11416658381916475392
2117461813146620160
15360561620759420928
10790120800591472640
9040199367866194944
946423687785076864
567663641932743296
2285120828208985856
8578112069663300608
12158589844853628928
3408453306665628160
10046270407723229184
10300126626322010112
16169071286272010240
3669851811969244160
4900379567189581824
18033897685003679744
3020739458372169728
7642836661891867648
14847155052061163520
1753657363660092416
16473055144489867264
6310218218723205120
2991181413096881152
3888677729944331776
7728231604983535616
2643251313536188416
5978876044543824896
3758568552803464704
2494005209079166464
2213038690640657408
204938075524925120
7254615514817636352
13830694294872422400
5492480995877863424
17053462500640262144
7604462281454565376
9042562040440542208
4625698441081038848
12861012475741372416
12487059642039523328
12209125864542898176
2863433426874146304
1630204753137060096
14922153277785016320
10830604824621576192
6915437357268886528
10551378349430925312
18278166486303518720
3011872603696245248
15685689604209000448
3998819656816435200
1429827499743568640
3419761526486333952
14531194842478524416
2251520981795235328
1798819367456879360
2289102552557367040
17438337531590109184
16110101352963418112
17109579144405495808
8384988415618040832
8679546917330759680
4487513358448283648
450042588262099520
1213977942514170880
15157487707719481344
17321461939211159552
5367054065758336000
8299600073239316480
7324223113791108096
18116143407918403584
5832802843318449152
10460996651290558464
16374405994933653504
9002387245578672128
7151685835799246848
1025938607675561344
4192684991437955584
15977662745036144640
4501196535252999168
10313352518412455936
13098734686664554496
13664382835641513984
7724656602580939776
18143073380258402304
14512125976929204224
13362297606871699456
12847231227930333184
13695490241849174016
3870429567132198912
3614669667653005312
13905892655064207360
11631255748451190784
5561066909330772992
5756209679443520512
6034611950863278080
11996808722417119232
5841746136816693248
6588907905095848960
5986344353986337792
3001060616519869952
18216547454466361344
1859154571435931648
10726942781237899264
17452731041334689792
9872174461379420160
1313836864000428032
5329336162790543360
18390624286490812416
16520147484929050624
13464259108941664256
7306801825686460416
3384446808093560320
5505652221994784768
11565120279300988928
381720147288890304
15981621237443325952
13448560986405568512
14561309436151662592
13436320105957560320
9479717993076293632
3049882463034081792
18127712577720842240
7725163628826230784
7902196018807326720
2749761617757421568
2781283822718169088
10939614552930934784
5786953849966620672
11549499281176623104
15292621556622764032
8928346703517512704
17869042035254403072
1896143543438038528
2932814117822512128
4346186223561881088
9459628345536112640
5403656938110709760
1855347776541678592
585705137362142848
13884723495469649920
11866460145646731264
15202801860956801024
6802768007036832768
1860285667502063104
535143699244959104
3586724700999100416
8851244011247221760
17934247424668598272
10920064772948856832
10406892605905278976
12933961177466892288
1389716131174765312
16838086433532485632
12777487566905671680
14445195828497991680
46269760432678128
7534489305260257280
2600797761488965120
13531634736413890560
13591341885156126720
12833355959060568064
1197436458439066880
7008820959957875712
10143678202071363584
9520734821499303936
12971289159553699840
781360049804450432
2562399415345472512
7167933292060741632
10896655450986027008
14407573847168688128
5847314327188704256
10995920835447834624
14751990651339632640
14905559598291798016
6186908560163354624
15825587824331309056
7150642056340332544
15725593058022432768
12795243962993537024
6142464942037577728
11860093901172805632
13682348695759763456
5289891821971031040
13284346901471551488
15272346971496335360
13937006395098314752
3063159242052878848
8087913915412573184
14786584704707332096
17058330037129347072
12028243987258476544
11035901432082132992
5851094594220016640
2386021378215976448
12735173702295732224
9261775618222655488
15238226518708092928
13440648260041609216
11261222144298899456
2109376338087918592
12721353407836420096
4105610391464459776
7003265215604133888
6636846936540903424
6317580927134197760
5367443447639678976
8712489013993309184
17556893192400175104
16348244255550035968
4540258223450510336
102989868329626400
10690328823199315968
10584256735499278336
8959363861587896320
12683090885478494208
15090345414128822272
7154273596000747520
7817123801064103936
16905049689417426944
17990610804939343872
11162267258126776320
6796553043044962304
15274982340461705216
12920057636425668608
8915481001059373056
14444636951580862464
6415384134434684928
9456701900478846976
7205709662235056128
8451459168217576448
13480934687160465408
4457763919093511680
5397497146485779456
6026693928985707520
3980229691071668224
9973191630424967168
9984811910989600768
7885063968968475648
2789678694242093056
13464445969439520768
4800640289823793152
17766786637191020544
1512592909129735168
8950191193761574912
9165773575547476992
11818550747544549376
4987876022120166400
6094131772941272064
6507865131785364480
4059060525550840320
5013102884994134016
10909597229972029440
210354816838398464
5583449081627657216
8743412580336045056
15459596279327307776
6707196573414668288
10677283589625481216
2982070594712131072
5508725938389359616
16854511017227522048
3748850173657447936
856134731329710208
17460967523999346688
9901514676115853312
17087671698770890752
12591958752797554688
336181912993291328
4798815462115109888
1377888238024685568
12639830270113972224
17434907453058711552
18226664150787317760
2199507618705865472
14707876560519798784
3019394434687681024
6484507317824549888
10517417338832564224
11056397919575398400
11949118339294109696
15815865242684254208
4407202444607943680
13865180327245119488
4095299978130117120
10081425261736802304
7589087126656154624
9648187939907659776
354945805139343360
11888169533484234752
16803018535914133504
2568228233747685376
586201432696900736
12148085953621262336
7734589716652468224
2938216582534279680
6009395431857282048
14014102105205577728
18119825922094321664
2746308743642066432
15675838046979250176
5990870449528833024
13311688716756506624
2515373980348503552
9453598736161556480
472873910158992960
11732081622145298432
1208510238113528064
3122471123138289152
10359001527675373568
15372010637461047296
1503101721004080384
3842107533207298048
13381104285909172224
6929841053978497024
16717093042564915200
10796520746641377280
13607099762339346432
6260448827887090688
4090548088130586624
1150889565696832256
5517643240414858240
15334369814197317632
16281337612900868096
406025463130884992
12684226192700764160
7146442301722257408
12963537243677370368
4771358041620097024
1775019699382767104
15301387062554990592
10832466018571462656
11094443688353173504
10676235020897828864
7567829060612029440
10726143149852190720
18180829758678134784
8471264466052696064
11309786186424559616
6764568872319151104
14104290921669351424
1911225538911345664
14617295309869629440
13742403663095502848
16053850402330351616
2296960119395162624
1892269679383872512
129391518836389344
11360876757876242432
13496720693162946560
4471651212043642880
14330376843936045056
15435272148090632192
1071953476981876608
1040398970308695168
8454016805416526848
6830454379356984320
15827642301463797760
14562812944481949696
7613935420755943424
13940058800725571584
16138539744751915008
12212244053295026176
3146160021301052928
6307873987689591808
11249610086136481792
11998828617245943808
16365814795946622976
3333188601362559488
11354447597352611840
5643248984465522688
682305070334046208
4183375946635437056
14134371253073215488
6101784545371954176
5083669935242826752
3947940197997570560
17437418209387671552
3407390019333998080
17378457600752105472
2024423295374839296
4918506899134313472
7577314934228510720
8737129305759391744
3982559737173764096
11546847632532285440
16403247625684525056
10467942662593501184
17934122822639558656
12959361806560884736
15091511556289355776
17834594039803590656
4629283800731716608
10657314944765820928
10866585201725571072
4260437774560124416
11623229197387786240
18146428845531824128
8218281868448546816
8518482217684569088
5709655160609760256
474787819744077824
9783323591390021632
4544558457116935168
8609129897845630976
13550106865433530368
15806595722799132672
13045326128789739520
8601035541501710336
16613267658855591936
11812830949538117632
9704925059589392384
6370659059856490496
6862863148355263488
4914471466894842880
2707385589787744256
3412049313935395840
13634386572228808704
11146431378583287808
3702657271029414400
12178756083379296256
11771781493808779264
204629426844908512
15792142101522472960
10025491591924725760
7341434454485430272
11098748139309613056
5830739215038993408
9898859756496953344
1898627510463390720
14397254580666744832
8766184033890560000
17458339073449019392
16160420555817734144
14794195461916471296
2797982502745639936
727544024964612864
11907241168394510336
16975874291739283456
4675582329107729408
4354452629976120320
14849720304507052032
17771628575321565184
11308748093415524352
8019040026757172224
1017418735136297984
8845468140239634432
16094025884725641216
421360176572093760
6041504911842468864
7661750988279648256
1333549958297084672
6289865394318724096
806125896960465920
17701968695896285184
12559105119019827200
7102922968298950656
16166956837355708416
15862026037500942336
17018002379180476416
8677981576777956352
13586837593102383104
11754247951681011712
2849079716838833152
8673091812706558976
14761418523198713856
4783870315034171392
11449994216731811840
17994143871028068352
17077275613224540160
16582582248276547584
3348584284736061952
1494929397294614528
10614079046542528512
12190770270579970048
10305027306912595968
11827541859868610560
15956375543189299200
13454371551275075584
1950582652384264448
9788825250871582720
8176086058936515584
9890064131759890432
14748829200553472000
9402993764922189824
1031234249988677376
266983096691886912
14183977546187659264
277742536832774912
16859583779582074880
12394789741385121792
317204138415893184
7369317603040147456
16028496330763489280
7913173922251132928
12163884299884781568
7431038565756481536
10179177806479282176
6538765280231318528
4720430673703519232
11678795656688785408
9299310071114385408
18050216253964648448
8602926308604579840
14303001231737974784
6780452427940749312
4612583793849404416
5846238207142200320
2163227521986223872
4403929912933612032
9366038522048892928
702912458240405248
4672917064428844032
15637632719005290496
9999239466884104192
13908672296955836416
15460891111331813376
5161474332380166144
4135080358938386432
4038232396736994816
464825854111663232
1188661195937903360
10574065960473161728
12971604797845696512
7977230153562715136
1122709292136499968
13029832013752621056
1995201367601761024
421558361350796736
13883435100599781376
978144390737913600
16972773273265944576
6317790910830140416
18167723061554393088
13712810551940952064
6394644414931203072
7530700057522781184
2455374941911309824
8987463941116126208
17365628664124237824
16545380301953714176
8661360862820013056
7473853332594357248
14252901950932672512
12023559629730451456
16459590380928600064
13397846833131513856
4908449011824014336
16644420463928977408
13463790733687216128
6467697616051503104
14276284227154341888
3003303238222579712
735814816048418176
12195437651036936192
15046747677456289792
14345194900073854976
11166273982834509824
4945029337913786368
11535992194314475520
9875240132177586176
5241133934713993216
9317291458858981376
15800642837574715392
17472999464417441792
11464550717362776064
10467220207452366848
9966421316244975616
4261157311885198336
6230905103274116096
1868741151784317952
5916353254257502208
1641187720112417792
8797717541528321024
16025912406065936384
4737674308225586176
10477801029953523712
10152584151669063680
11486649029918330880
12808790782485108736
14159254092524969984
11927673833034285056
3437782198392086528
16668512674621392896
12299989921886959616
15809836176981178368
11058371049617149952
4136910745648239616
13696808660532142080
11449559464422684672
11450672506276433920
16637000949779220480
3836114879019632640
12195906502496161792
16197392479855849472
4341346430700808192
15232604585831274496
7177418589544478720
9471034891455199232
11234724402326495232
4334351344542666752
14108321260000256000
3311358382125873152
17682400167080452096
10487950652531048448
4473728142279315456
6265529545784135680
1142528936240739328
12945209968229793792
11234932890857730048
6201828770910645248
7826834464709368832
2758653423541151744
815603828215715328
4906361626061880320
8301106793685755904
7489618630580982784
2940197373484555264
12630012972685246464
16353352016478210048
7780144037049858048
10851678986541864960
14965154780852992000
16544792132627490816
10794228182287919104
9497529574276186112
13141965940930656256
8002291286940525568
6420497111609223168
13863983036836110336
20689679943423664
8019659916337440768
17403230717795000320
17430412259796752384
379940088558161536
12043049022340743168
10050995249656352768
10788028505677799424
3573182285562424832
12131996087270107136
15885350313139451904
8820518311080646656
1036432144707773312
16311212529909278720
7311736337611256832
16820629230578905088
12712039219053461504
8691499281470156800
7226160371244332032
