654293467582076160
15587667763032883200
1580779361068169984
9391018307109001216
14001525436391464960
2467645958331982336
9262800101083148288
3225792652701803520
8462002479744247808
904765914460660480
9098097232305128448
8915819153852213248
9737647019138232320
10693195588638482432
17547331902755778560
7050143155598340096
16999213204899434496
15897872104126703616
9581975924244649984
15898916832047058944
17763009772345278464
4018466202787576320
14936041575033432064
15367592531293788160
11436965823920472064
11472821236574924800
3909278098492694528
5083973376621706240
15321680912055224320
3500846932655092224
9939325078470604800
9638669521274927104
5394551910324715520
10760038888514193408
4035747022064913920
3720066867028211200
7232809821735731200
4343594505964058624
1403733509450092800
8250781505417776128
1730513332635342336
15149393296250294272
16675093363599955968
3650827261337130496
11440835698732224512
18317768886543347712
4420605005686225408
7465247396187974656
11976193507005349888
12649752247745746944
5735127140515166208
3569695433722770944
5667964474613517312
10341922767596144640
14784897171446005760
17505121599300407296
12190187182288044032
7669879826587412480
8620999126914980864
7556561545499838464
9575181424892403712
12980947806398251008
4943144053397833728
14397809290696626176
9613376394331568128
18214294832322652160
2557614030324189184
15892412776928481280
14246667009770508288
13395920254148915200
12574661605128527872
5558664808937828352
3251517597638934528
1368058157203468800
11854450576348729344
16499844968279271424
3575261822324999680
13537223593931298816
5216316961348526080
5247645155173769216
7329787926286968832
6423209794681907200
13270783696094586880
10276581133873041408
8486130727778119680
17847513739033307136
14266866292299790336
11783702364385714176
9135883307912281088
11139711113252081664
9245235699090567168
2383124971269188608
3410381914615754240
15283728935862700032
1178657824379432704
8334954462773023744
15646073848410288128
16551424471675586560
1540692677091059200
17063438207812184064
2628964237791643136
11664814392366872576
13383632870232668160
1688289546195253504
11759150201189441536
9538370444054659072
1800043553492800768
1364987441794859520
15080357642449313792
8024181528339745792
6067817459025653760
13359720481285707776
5262187897984345088
7935120082640707584
8380950397203933184
1010963194048394112
15953192643085082624
7801460064595574784
4667145719985191936
1328724800424686592
1711472289814950656
13157279106466740224
4219195695127221248
18380867191871035392
5627469592349615104
13257799073692678144
10264327518621130752
501579464607892160
16601551951213078528
18207255841959768064
4533695529544530944
8881532631679899648
8973996211188339712
16974183366985097216
16002882273228390400
5907697228354214912
17799275720577554432
14924132202845143040
16671406341850597376
3036851331980720128
16489237284834461696
12644276287218409472
3689581324721892352
9726741912697061376
3104782550964362240
4434445606038056960
3461432034653458944
11843758146624894976
13944444515372914688
3406145028923037184
10558630874413998080
8346698496261632000
4750855277768759296
3366676284953528320
9244152282105645056
10540285104983480320
2964985725576703488
18012707874622089216
13791779348077604864
17216937599051130880
9633331291233312768
16022822040006324224
17402452271412867072
8857343732187086848
18013498825738688512
8793526615462968320
12728247496191670272
16773311881589016576
5388422435386650624
1153794567951262464
14561745535487961088
3155091583707478528
17686253136515389440
5634428001232575488
14671878599388420096
6772890908198820864
6655157707800908800
14593247018960779264
1872805252717459968
14113990880658702336
10256206433684987904
9382469174332227584
12536213834476259328
6068086108028856320
13149309101243711488
6794347095100827648
11847002310731196416
11266977999838885888
6335124601946938368
10227238181753190400
4219526307111732736
9309076149159569408
1938788784152996864
7643417238345097216
7135708645837207552
14611843726901667840
5057661399110400000
16731332952925384704
11590992247983251456
10061750106413150208
9006292746211696640
13176937096366510080
10425206124510113792
2798482418356426752
4286895994286226432
12421086021712089088
12670105634693883904
2811856479552372736
3076972084552602112
15428288021424822272
2254640326636452096
11462461974031011840
17498723141520328704
11926541898944335872
1289609237104454400
13255074507377121280
13358831196971239424
17096750370668353536
12834374473833332736
8603352919821258752
13392349260841267200
4802543798710711296
8397246286174379008
11976862858193715200
3201992311965505024
4735030665935159296
6345123718187552768
7716209305540872192
15422791765597712384
15392740066156288000
17960841032494438400
6086801245084384256
2098675482726208768
4170969717558307840
12573610605220161536
17228196125300635648
3891028709608297984
5377825068708357120
11732176357781538816
10064522432397551616
8937523344315815936
8745206437581243392
18028295267415443456
10356210825501214720
9149659275030121472
2501026440388347392
12432811259259363328
7567866405618022400
7004499022246087680
1352265551758583040
16131403839358744576
7250765166195849216
10989902544100091904
6516275158610955264
15138287245471690752
13558638581009999872
3966228563998747648
6227417747159959552
8468087964007592960
1656710271022945024
8787419437870802944
13084906424481533952
14606415486231523328
12040056378370682880
4333587836676582400
4449460311086393856
1614796143739410176
7880712315061272576
12423746441850247168
9684723920458795008
5731235913017916416
10084812619670456320
5738359602505549824
10848362681937235968
9805762326971416576
14430472065200703488
13175789617309145088
18181389485001701376
8651925340637702144
11060936192015128576
7971291464354388992
6780207833715697664
17739485143910565888
16893404516021630976
17981862442080102400
17881174498362929152
14429519755417081856
11850981652742651904
1297756977209249536
8434571367505776640
13979846096573161472
15116689194505207808
10665393707462828032
3021237794355983872
756405019533346432
9277160612549019648
13870749963451383808
8639992026691501056
2327542944929068544
9843681150367299584
16656010772792320000
2609198139445877248
530799057372170112
3743705241060988928
3004147938536927744
8267140915493793792
11262630537994883072
6928053665568030720
13528053760770646016
11469285791725287424
16941332861650442240
8814463144374272000
8212603887199844352
6408307662520811520
15895143079974709248
9626628155067545600
5515519033674737664
11325052200828510208
9121610733496410112
5584731045499783168
7003619235948523520
13066782865070159872
6766855771454953472
6131650292949406720
15928667045340866560
7908236948570053632
8126677887529903104
14579451994215774208
13054854573401024512
11412674193111367680
10850653938888347648
11771832538931982336
1377633890650164480
6918181866686245888
2880434762528369664
4534130750786914304
5062351826218764288
12232907466595616768
14387164120033370112
12385958108606248960
11900431724146782208
11905722609159352320
5017411483590412288
8128456811294277632
7120337730822263808
14257567904720789504
12161631070637019136
8156434102348919808
817286739767504896
3833748561737938432
2083929187374174720
10123803708948178944
8607004306301077504
1437340370328293120
15723721669376589824
16527865557619646464
9366201666251087872
3708962295424158720
8024855557499631616
7774540421617716224
12468481136348852224
6181359125332919296
14060369459558746112
9419509637051930624
8221078702336524288
4671885175817610240
10735729741804161024
790244807475894656
3386098479964995072
10308127350327703552
3101770507453414912
4855555829316052992
11894122060175216640
6659292065272785920
3419004544361725952
2212211603506531584
3333954519042944000
11446406657720909824
8925359516723829760
8842857992125867008
17163051297075873792
14525347102599536640
15388933084851433472
14291530465323390976
10562974854284576768
12436296953820196864
15747647521695733760
17836757262936125440
5878179712645526528
15244001158729406464
16357970622805243904
15991339271590739968
17920549645830293504
14258875807263954944
16621434666388516864
17775077748864612352
788148918680176768
16858477114307889152
8224224466087977984
15864733006219214848
7458959855676660736
17302448090487713792
15183888976935464960
6449458854288264192
11822476520527200256
11159880954608816128
17316754604485367808
6508269548215830528
9954439069747752960
15869094199895666688
5680402127556508672
13658023421237555200
12298379396660340736
7662839106652705792
17439317301275150336
10459122812486051840
18324365966394195968
8908013953449027584
2312707191839908352
8988165446210134016
12555856802003339264
1376013064571528960
8423052561424756736
4171922371064015360
17743985882828228608
17690537938572500992
17452025130927779840
9112048902547408896
11906864736834244608
3557838142291167232
13397677221302161408
9795597331527419904
10782338387671115776
16483957174212319232
2835655496439572480
5332118239535943680
8944805485340841984
3025650669424750592
5808423538372234240
2394240742329989120
17382836023468568576
4097295574905082880
17166085592549443584
8127016515633889280
7181355965657022464
4919034001311527936
3240445616048490496
19745700798521580
1548445150610955264
5481932454989981696
13916686737471860736
14405401539973154816
7836738696671695872
17739965413932111872
7394822471164400640
13042151349669023744
17233998014480922624
17854653939440275456
13205824504941844480
1461446146294769152
13157124294717388800
18022079364274632704
2945759970213522432
16751150152499009536
6266952280381438976
11472874029566652416
10265573438751860736
11975162430141847552
3219461252550520832
6719497660523463680
16972894425649852416
9508132755701321728
1758068532641375232
5781271214525424640
4270517835427807232
10665639599988838400
14583235147942166528
8528905063288965120
7795861094449930240
1980259095342095872
16753253331905986560
496289991751930112
6997818834337927168
16926375608503844864
14641649342375737344
2054900631108205056
9084708017871547392
3637703700132200960
216555843556862144
17573443433514110976
10796610411421827072
9919255377918629888
10102523277443971072
4562639695402182144
12901027900184035328
17193757035892344832
3430852478348940800
2951494096067296256
1532745760723656704
1260298145346750720
8488615407045867520
17874194307087441920
2959659186587351040
14228742968491657216
16663989400301322240
2622599325291618304
1459880100832374016
14128229468682309632
5434293263892983808
13076202346870896640
4941681951294464000
5969350474804082688
15660344374237337600
15096419238245758976
4899748065702700032
9236971390741063680
10320462640954441728
5098643800930663424
3673307341755219456
17403547336390447104
7656310760716129280
4470359876117746688
9804144820802521088
1466217876218587136
11922322855782035456
5355536929049374720
15642284767272572928
296699094098675456
1238643962759862784
7552845903187083264
9526208670936080384
17225214961007816704
17695257658572912640
2093671521088632320
18043241689686472704
13199004562789013504
15581565260687294464
3770311549907623936
9361037467161739264
2660190829913951232
3997523275591324672
12936941777999511552
5991278659465936896
10475379905104547840
15928841967493679104
80583409914104752
4540085078851870208
2154784255519610880
18165240558817456128
11795245693688250368
1554353480219723776
3895381421221104128
15404920010813671424
15073048915915065344
10891404287408019456
16847582388962529280
16645694441692432384
229450499691447456
12893369275634767872
7755746187335032832
10565690804764143616
5499345208390942720
10875396225033986048
12018639717566345216
9958707812757270528
8148184098508435456
2690832822836037120
4406421775812450816
14114354733425084416
83911650517930432
15447402483956416512
15465139463873445888
11779439004238233600
5778060222780797952
4422433718968077824
10227943553607043072
10545257093761953792
10952443948268406784
14344973207981469696
10305763906388647936
11322643429352699904
5110817004514612224
10761414136038062080
9261199658048315392
4617816175142423552
10768840441692110848
17482015942669047808
17921124333262790656
12064384953674291200
4731435646731037696
5744260863679371264
6712572245568723968
1860967921244430592
13505381984711223296
6020314556840715264
15228423679143727104
9652137357698533376
5909862622929071104
13206190571161944064
9674660331996166144
17374690271325675520
5351801421521350656
18227730609707509760
957165559360998528
561603553772979776
6222230446300654592
10062063545819930624
2537824102321601536
17876719090806415360
15682458365236383744
6224473392997654528
9268787255592960000
9285362072703518720
4791290726016602112
15308152251721299968
1496718537058680576
628066632592670464
7157032896665982976
8991062852059307008
5866267296922253312
10605997592358641664
3518465795295392256
1542510658323242240
4850594205126064128
10863203012079656960
1259380496009765888
10891974932605751296
10489786503213604864
10678896978588000256
8042698938151624704
7957206580292648960
2943063803964987392
8244049720075467776
2840652636687182848
513359790535684608
39658488522822024
16990809867829970944
10264769234769479680
18005741167166795776
473621382379166272
17230702901613805568
17104332682163019776
7497379674639007744
1381267968586541312
2247212382776528640
5357252346468749312
6062441235746226176
7284478723843075072
6560196369901262848
10693403863483619328
5506636378779641856
16366464723421536256
15840604843294464000
13031129162373173248
2845860714393123328
7310943650735182848
935450747006625664
14908547570491834368
12172318594302314496
7925885607511954432
6907850516944715776
2493865997050089984
1157942543756325888
1889973802658805760
8772841803957471232
562103273529842240
17895582235655356416
15563396695319760896
813057320839166592
8062797610569421824
714750554681268608
6164402860712832000
4305360818798090240
4396893142047882240
1253116431003485440
9799179961118189568
8277976111204086784
15819632920397246464
195572159040157696
5882744972067150848
10946652786881355776
11537172147746035712
3774982713566299648
14277739410759438336
7141820736915943424
16874777502421921792
9156084157076955136
9737697934080282624
14221305325745602560
15726098540014874624
479503619980342272
8802112706652725248
3038983514668233728
17140174092498860032
519249602062266816
18181969747440302080
842321290378117248
9764554501427544064
15556662176647950336
15663582102450634752
2537847554683618816
5531229174014641152
2568264830171409408
5839151581214840832
10018441387040450560
2875229737550156800
16360155864300957696
12640170369032179712
4080789812868103168
11705968884249286656
8880475273634661376
15635149978808907776
1250827346215440384
13579350885755774976
6236384330299750400
1286772810061181184
3972563851404760576
12242297197741522944
14908987347942326272
5968570454089877504
12693410244820805632
16953299514150660096
10876997561255473152
6949232087734512640
3941691817381659136
10051161598451148800
4025616262785099264
5793820371420232704
403329597066211328
2779781341110120448
704771718543313536
738328288084987264
13710212519878756352
8898815699328984064
14584822193160108032
10715987186627921920
11066171059261077504
18091346193186635776
4115574785476957184
151590867851904352
8629752095693986816
2883190455328330240
16445249551343036416
10829770504708706304
4493096464776795136
13545509446566225920
1166322474047668480
1956553581500675840
15233172408460826624
15251207117547632640
17917795472559937536
16888131717337565184
3490902663979059200
18373518124369903616
18219113493799323648
16877662071067023360
3845886258529961984
1147293987936629504
14097677592727590912
8626126533690249216
5954416008889654272
8961841702389188608
11252037398332944384
17159431767377620992
3359629646231177728
4830035886725206016
14876995655935111168
8414974986093182976
10164097847877783552
15199238495066152960
16607565931220762624
13096177412739776512
7758111534098601984
14047786644998897664
16223997152568868864
1344963273113043200
4355951576754516480
6504739091318190080
11132554957193289728
3243469392210697728
5412587148962912256
1465817404391780864
531321358293336640
7512746128712907776
9356507447154718720
14971577870584508416
4428857688980958720
12090919664650332160
10519490596602230784
2875929330026217472
8867732350863253504
4544557302752414208
6014439639474234368
1791644707316609536
13978187780520962048
2756817042111286272
3976888228728809472
15622867305591726080
11862777980521988096
9013348071761956864
15550060220374939648
5204706386761736192
12905727393150482432
14385349538863704064
13236612708775319552
12770821885173379072
3727065413676384768
15832332792639045632
13300557996466116608
7650442116430356480
13216640213230706688
4514096894233848832
12420546501815031808
14861716720785833984
824490421863395584
3635396659395272704
12971389036626765824
2383820873151535616
3286676432241854976
12887280120201469952
16549291144854065152
5556484876667755520
12430938133795487744
1493691519820802816
10950955984952289280
12985007601592676352
11976483644684058624
14104050014802558976
8521235003927592960
9070755536550970368
17056211005850402816
12662846388631304192
4659006028517945344
10295198577706190848
14652799890491369472
14004562178120230912
174371262751399072
10300656223478712320
15118422803271833600
188925302630157344
8467768560000102400
4119966252909703168
4226398004818821632
18359276892592717824
16128287683228262400
6758490416050548736
16442785463284107264
516568390293175168
5812637486027016192
12112922756030369792
11533639028683554816
18229814943302912000
15474051594872936448
9011592579808138240
5591838030969235456
4942264992561601536
13393634019306162176
17221000847129942016
16161111069379944448
3169543526368107520
4515112314520921088
15761451675010293760
16935849370549803008
9434241121009876992
16056174918608594944
15566949599824709632
18371582568529655808
2035202487285341952
2578880493837837824
9860684987933939712
17648470982558832640
18087738213301624832
2586156646027878912
7941207302614277120
15085721309600212992
16647111365397590016
6220483676680793088
922975398767665280
14045596494385235968
5996055620881079296
14716150648029077504
994130047909326592
5723312084176092160
13522611524569677824
15550012766473132032
10524702399809927168
7988708042485965824
1110029490112401920
17539146824492783616
11792763579690321920
13851319710998392832
15366015574446385152
16829071450216388608
9399227122302023680
12986572236787566592
11177579305800663040
7148055322418045952
3747664236938674688
15319856045385515008
7352462278748199936
430104525113168000
6334413005593319424
16741578608146661376
13952605422405355520
15898460423915528192
7906531521947238400
1260403946956481024
17579425743845011456
17481312117309624320
11726261524318277632
15625696618519879680
8501789051733270528
2137514587115851008
17954853526280884224
15281371646259666944
11792450629760839680
789724289938582144
415608521747859456
12372293062335520768
3404945294215764992
4978874893647299584
4859965464915483648
10670357633955137536
11124847991303030784
10163692264163168256
13531841950148032512
16520120174296870912
18400069945025501184
16293315660291301376
6652928863125511168
1857833235553390336
16576804088610416640
9537230041007017984
12562638263179261952
11248967681864773632
13483669370281003008
709137121438821120
2316843655365679104
16614429591475503104
11928433670535706624
12683259715095867392
5580318965420766208
16206862261248290816
6638971856760095744
16088949418932051968
8517201231581197312
10093963518185629696
9805764916170270720
7396109616048001024
14668086757485688832
3859895060662675456
9759325446021152768
13743306759747332096
704131598154121344
7062992956018250752
15360262113611769856
15705205495556851712
6480951163919201280
4535507065949100032
17651010316120748032
1079628978533648768
7336207094194851840
11669526894996412416
11221975679605352448
11257077096798504960
15920496742609512448
3914198611672291840
15714213794643922944
7636815155764698112
6234403967284259840
13779914904850382848
5872655701864266752
17861298293829963776
856241629069605248
1107870027072447744
13761285888454985728
3306595134837237760
2245327867988882688
9916799839826974720
4457428085906788352
13924224198906544128
2715608275665269248
11091046418697400320
16115411819481489408
12038161804063209472
2738785698711275008
6284222954816484352
1632230718066536704
17599784158613938176
2110058207273469440
2056228878330590464
12573162030882394112
11674531753199177728
12427259967029506048
15612030981498372096
467675706107988736
13273100652236466176
5757675670002632704
18430046449825699840
1304995449830095360
