3020898391588591616
4056652437669234688
1324875665812673024
7205233065127767040
12823938960451418112
9457656129082822656
13710838759387338752
18400669795928000512
164779033021443136
8492173925444265984
848051799731668992
8296742187431239680
8849399874261534720
3554468182549727232
10625692506688305152
6339928549567961088
16240754719915380736
12257885411420745728
150488347945291904
4352374248884435456
18075737765912360960
8898054414901831680
2443275480213196288
14945497267824142336
12205405456996911104
8184803253089524736
7096069485062280192
11760894073950365696
15039416109512941568
6990136748012692480
10524698459723597824
13901432557479223296
16027338104518287360
14885390504542515200
2692305886529957888
8318327055197271040
13389432732140533760
7147921302702368768
1774306640704775680
3279834039771037696
4682780935055330304
17782169437548734464
10392165147153152000
2926076336855941120
14141709105082058752
8715324650220658688
13113692397713833984
16741679018228643840
11422287397083971584
17175250233807966208
14386290025303062528
1310839550103218432
1646203555512795648
3939175717469165568
13769288562303098880
14764125827699304448
2051614082083740416
18165125861149040640
8523733114048084992
1729608135084582656
8592260528010162176
2138531522510157056
15190992692406120448
4220898570804370432
4894278893685739520
18215876103952879616
17600278248421969920
8810538349643305984
1540099015086251776
1377426889140158976
3110306261013787136
9155404775724270592
17370084635617976320
18070282047128057856
18208567692289765376
3087505247966797312
9898216756672522240
18092594635498606592
15653978874618015744
14800068860164528128
6894944673443226624
17798577280699037696
13390989658158428160
15998468027341514752
6836882840167638016
853981677142427136
3160309147396739584
16667083997501605888
3055578971637206016
5422264161098085376
11293807778332678144
4091182951895504384
645339765033816960
15039029841423507456
14363864069332488192
7245190287566487552
10173476839611848704
11644028972795719680
455543665649327936
8362730732810391552
12111450040221671424
2037828272952299520
9023258328660313088
4095518141566952448
7971118051772086272
1695326387788662016
16009203407441092608
7530994044625383424
9454411278071273472
4080053928183410688
8162031259101054976
3070958074531600384
15039084296445138944
11203104696447801344
15488559517274601472
16159672886942863360
15986096974463811584
15929765112600778752
16165223551994757120
13941873684184600576
12020480352710438912
10257608318462238720
12963404453307228160
10577507907090905088
9177942970382031872
11705464929165735936
2295391629312078592
10725308405014591488
2907550113740365312
6817459818334199808
12563718342850723840
3600517740759364096
4604271265073115648
14520700661766076416
5600207922425098240
2636736825435474944
11912743204997369856
17972992400222418944
4911456527417145344
1046857670696582016
674514663800955648
5086540450092707840
1287251478765826560
10843641072745216000
17609265764415633408
10085925703490461696
14701002709049673728
7779734678674919424
11699002478683930624
10359822959833294848
5092960857147623424
1056835058891412352
9369849887354290176
16561911162151481344
2068389415809785856
377899949796689600
3106406901741919232
8886722622452570112
7242070304624414720
10927347620490889216
16275049526334017536
2345956644694509568
5216489669414457344
4586954223672020480
12283615781719310336
2393888368031948800
11085888530468952064
9690890703323885568
7352781376627225600
16458941206056736768
11021772208761937920
7549837377398146048
13202502891391569920
12580222921196486656
3567979689692729856
12198444306137700352
5018542433346617344
4084835797529572864
12313780263335577600
12959912727298617344
10692149794343266304
1312379091040836352
16542243743578075136
14165620496783527936
5761465312599011328
14069661640413632512
8414454009714708480
5577841549160055808
923974256986047616
16217573502034083840
3320066484849224704
18283082428592781312
7910823199030191104
6256520004124138496
17494869671119865856
7878701551792393216
8538935473843452928
18367435466860775424
3311528097552518656
5092017051961616384
10355154409744609280
881891286320037504
7461726836558827520
2060122474746533376
17885185094348904448
17056722719748100096
9168724256299911168
12530310400081813504
11056367341703116800
15860370150447996928
2103430855388826368
410614734710768768
6379660598487436288
13044216078324185088
1782830027599664128
13452407271936376832
13953348244449316864
13217706949904963584
11434740692899131392
16137081747331538944
2633910690040876544
6173371485575890944
1534595186130192896
11999056176843610112
2010126370888804608
14046516582400256000
7771699480794604544
722284317993652736
14474130181795977216
13517737799099105280
15545183442466783232
11571595190874533888
16150168100539197440
3327120178928117760
5416145554696586240
10871384649632831488
12048982469159774208
4766375012565840896
9654669517733300224
2006653235474532352
15415209333946750976
12670158236230690816
13826461573282930688
17758333636549302272
17288500975109779456
7895965031992510464
11506343816408178688
759585963769057920
6187400729937838080
7906458857713252352
16528936672886564864
15240333198754992128
8420355683745020928
16876692323440297984
771289463525713664
13732960876137105408
17255496558689931264
16913135484591949824
7769975450564882432
12423943266563579904
16982782039797682176
13093433306181099520
18046097637011712000
15085554691895169024
10423254401625657344
15191896128749244416
7753443464894658560
12770477422855321600
2252212223195647744
2184723192295689216
4259937172192962560
11796585894209665024
16116077701250189312
15639176844300697600
4297759462916989952
18400839492005849088
15109375266745028608
11470483805454704640
3530584849266847232
1383344478359376384
4838943139406724096
4129048098421817856
15278501940740057088
5352007412668279808
4331283048998288384
4657328244488559616
17887288658803392512
4865770091531959296
8504809445042691072
9547646936826611712
17461381840015233024
8691351825737641984
14747329322120349696
6711191602542377984
8567010162822879232
910892262322500480
3540167364325131264
13104719076980119552
16090513861224173568
16086496295502532608
7061560188364731392
13107785135395647488
9366877721161105408
17586950718665502720
10337985770426138624
12066336627938084864
3078425737551256576
4391026697504643584
9110430129753885696
4584560769345089024
6429058402031801344
4233784695191074816
16307642740728332288
7744069426463499264
2145628061374924544
3330105447309684736
12666302123306895360
13411487430867816448
6499451186042725376
5606462187029591040
15130998728713527296
13566885280109201408
2614007723615772672
3422364711989386752
14777732570282579968
597803183650735616
8485525824232869888
1526516138457777920
9281023220014729216
12175565566695798784
16920691379623985152
9629242980768860160
10754829441028812800
1586834985037480960
2607152503364122112
8600879055503056896
12406257452083800064
17949123984622505984
14806972275962163200
583426137506230400
12799239678724843520
13565066937918861312
11869844914831464448
4651054191565603840
10978014515278465024
16716556292437311488
13125706375039819776
4276637147368533504
4075960074322737152
7235726568619530240
119628647082478656
17009545845377968128
13892759372471439360
2280919103087958272
417310352905197120
8320245349509012480
13085351745205514240
12962456576894482432
8427450879809514496
9352121635474595840
9770705099046750208
8312904396699227136
11619434690880372736
8652202695008918528
16548554804750215168
14581948153487286272
18153603025494681600
1256802659683209984
3821171294838565888
18115339255286200320
6519686756005441536
13781772858437038080
1303392267904925696
113424432929641696
14598060898160025600
14369955324260896768
7588793884472694784
14853647879552573440
12477378971981096960
2930124023871301632
14281572174004279296
2870163907196786688
6884836671286978560
9845427311305676800
4950445723967129600
16777121799281305600
5966302954875292672
15842878994326343680
5728383420148760576
14491039180517394432
4685414435993195520
8183017550309263360
7713062705601775616
6267633290302697472
14728749337962039296
17419661978511075328
1726859694201424128
12692577471469207552
2220179812536999168
536984111742139328
16248756970810935296
13027908921943934976
10766261228574543872
15774976020232740864
16733636781036750848
12218152551202539520
10303378403153242112
17089840141147721728
857986152097908480
17894912130585362432
11883690288911953920
7291867688992936960
3779584231249913856
4873581685730708480
10819490237379848192
10057505581030094848
9130757973127866368
5667916884014076928
7202926959788346368
18370974839297890304
17273025587846580224
17985360502756392960
8678500856069576704
15112172175039817728
10452649996845711360
3382009468420350976
14347189241635936256
4667450257843951616
3585454555529843712
4396061089966423040
3225762125481540608
13092397897335222272
9584940519584444416
10159343660160864256
13891888378183847936
109205853718462000
8988474739098061824
15107699393337331712
7699077379517722624
8601366451400630272
4008870207110799872
17724967325721636864
610560016334227072
8492373219167590400
11154609802324307968
11013680774400133120
6203042481649050624
15432032416554811392
10158919715565975552
5627187609628548096
13972264211008804864
10038826998618562560
7666002169509708800
10521546113397338112
15309054306899128320
5330838987724213248
4389094440203813376
5308327226202780672
2851376408746270720
2600813138067336192
8454315909769762816
11554598301395904512
12754755496960069632
4082464180044574720
10342907101746696192
13780201862244827136
15554999496562989056
11615218952667299840
14790512249206863872
14220686317121486848
1074668056014389376
15744143125785626624
13508283714208108544
9964188809171361792
8843809069076865024
6747413812942068736
9445972426819684352
1755273316855045120
10857675726143606784
3884282464669216768
13987113808552075264
2406663518022998528
2931459012069322240
1344337399299923968
17229620795977879552
8723200633624784896
5905164870275600384
10480517536922957824
4894554524270705664
3193271690852455424
1544949977099722496
16067229713737998336
4119522910036848128
14598719822865190912
5534866964159794176
2043164755375690752
2186983654802617600
2538272759895963136
13336200538492946432
6176036159663003648
13303053135479724032
27682133298226984
11009722187286142976
6287229388058110976
17814483758424516608
3312984018780240896
11553310912073461760
6570638470732492800
14367890543031328768
12094645985890756608
11941162655665041408
11035436014534651904
9097620597063383040
15950178461078824960
13541924480733059072
1770747297841762816
15553223797856643072
259207865282471584
16225688921133232128
15918648391156494336
5608566498717747200
4736357144644588544
11591199081405743104
8757677789508795392
15165715708217702400
2286457302296058368
2575055995145393152
5979137130955766784
12143657601793947648
279841491422252352
11234186109997381632
7777375856361949184
1398582023418156032
13625505568530567168
5184369862837216256
9660297208849436672
9006186615525982208
2728359147343932416
3233176559261735424
17494903231676028928
13888249259992629248
13301463313314797568
757836764750195584
8870081483831334912
16245371514339616768
14506259971923722240
13443311720520783872
17682881038604206080
13043039185102862336
15284580925293330432
12977601314142392320
10444678718790520832
6791078465200189440
2759413237263320576
7919166067995281408
12857231433447702528
12218207274426488832
13550931947434487808
5006695065308374016
9370667317882251264
3725160448442272768
4290444703528814592
6785423615050067968
17830300210500163584
11229383088679000064
1405550353516570112
9937719447257088000
6759867611718454272
17582041131358980096
9957370035440302080
13884100613876162560
7686701007231973376
13976719085788743680
4935840185630511104
11317519395408472064
5310721367062945792
9199971563836017664
14195924947923558400
11591247347912736768
6022587502619243520
6741057680720726016
710427517952598656
6560224570070118400
12542435292831897600
10773472219873103872
2316431599979170816
9850755540899856384
4899838929711819776
2364931243623922688
6411482213750650880
11684932282139009024
15204678539895453696
6263784102639596544
1853604295241787136
3368698751768304640
3910280637385051136
8300370031735305216
2873293613480308736
18440726448210823168
15511449932639848448
17547619794048163840
5587404710890280960
15531343909293117440
17278476729483581440
1065346649738525312
9384246327755182080
1651408379757978624
9312545597169195008
7102885697573932032
13444662876927569920
15822966951927699456
17514082794997663744
4912623947949787136
14127598336169986048
14754676089927888896
14424565736261664768
12461371106224642048
10548700876975640576
7994530326379974656
14237287954817458176
8322379499511991296
11554692999177490432
9062075318991973376
18356727636467449856
8052869304536010752
12568833979789201408
10521036507143014400
5323419495559171072
3183821910178724864
5725252944469700608
3760576945439946752
3223991126740048896
17154565044480468992
12493009349949708288
15547565137551562752
10144398314721888256
12284720297989599232
1854127123862959872
2360017110385966080
8905785775020681216
16416189593239115776
13721666830633492480
10437737280714997760
9534737250275708928
5577007650423013376
2476840339948241920
11292293011262349312
14905250838155659264
844605415055740032
8906209414750793728
556493438653347328
12552884346273744896
16504206965151643648
17278453088266205184
16751246542686160896
778978841141719936
2114301629659245056
9853815416791853056
17019317814007025664
16465717662513229824
15336619659622815744
9945626369906587648
15565481766701850624
2395629683310759424
17307131737656664064
3744003790751831040
9677796006856837120
15808789412552189952
11421291299893585920
17791388783389673472
3733395812602107392
12738602695698898944
7304020208317692928
246450416606012576
14294443659415042048
13630670696350111744
12301332274817708032
4384820771828646912
12683586962028552192
2185596660722485760
6467549627575355392
9460959049475723264
2982606763352379904
1520863735777526272
4049174084862912000
12711474724359022592
4615524144512371712
11067243744657125376
6354629334730099712
2896356648788284928
7228410469539468288
501683705264066624
12750036061513555968
7245322907353274368
14402824744286976000
11574784661515493376
7843089123789094912
12205303909697710080
5519381305415124992
17663067563613239296
3064460206198082560
17583471792594153472
1749957674181658112
2484083073641628160
5066943620842771456
15073671596842387456
6205383521952445440
12098827631368224768
13159112241454761984
12826694635846354944
13673836868458211328
9910084101754681344
9771591035930058752
14962001133691115520
8294385271796597760
14666618533908635648
16670143507296790528
17973406535779008512
8043258635340850176
6670837355481552896
4124684755251802112
13774651677999345664
6225857943463616512
489335428178624960
16853461845608321024
17342959491723137024
17059193224085913600
457714910378623232
15375479722075377664
9871730060961148928
2568203195947900928
2386711546775740928
3980259260063903744
16770375641640011776
14185957249665906688
2187464258248363264
97493002944111600
17885936074841946112
1784343048393970176
13587945936489062400
14849451734377748480
6510006625754900480
16725707107145891840
2553995929701053952
2805033203587504640
707743434106326016
14209270747788201984
18068749427722471424
7377250155629747200
15937590011959115776
9817767827458332672
7313030230093033472
13267182771326773248
1232212978543095552
210431174306413344
702466098799290368
4707053089056231424
10345745244470714368
13452699890917511168
12060170088753448960
15561940856368875520
1248479892015007232
9076947708567618560
3256645642080440832
18332941726649286656
10916661950850273280
4839902617667940352
1392807126906147328
8192299742335449088
1264816783775923712
7362305510055952384
10867024683917690880
10280142086115923968
8539175786937738240
5400363822954086400
16062265402306820096
17780773181988040704
15867806938962956288
16313325220692525056
433328723389173824
11380859254582603776
1346263173968499456
13705696808094220288
11431321961174106112
6074122853187378176
8526195321539360768
11555649572426622976
15533773839800139776
6312908173985269760
5200624224552255488
6046310817778991104
10493475713675274240
251923556154921024
10737284313196759040
14849456803660384256
17442208247021189120
18361667345024256000
15730727355794567168
17454415588792309760
4804484225948470272
5865508082487779328
14740156612108357632
15619510196586975232
15570811766227116032
16592337517563013120
1678981705883103488
13719671774756438016
8884777713010776064
13999547768314079232
11077341352447993856
16757480173663275008
18005031061138018304
17787103117122512896
13448665718792693760
11293478319209555968
16598917078046050304
10619008977645289472
11030694856550768640
14434164974882758656
6862093958751648768
10390202634070099968
5785676300233539584
4291728562262697472
16164408102719287296
13036637276745342976
9389994545937115136
4340576217586771968
16881860569106264064
5808165264084566016
12008920979581138944
5027529325482586112
1967229549939405824
9775382894810150912
8114766661018404864
636883304494135680
13202912501851611136
10680493480217364480
9523439143903074304
5341584275252094976
4765203018611253248
11546185594552510464
656027111959647744
16468726084660817920
17261861856297136128
8923959361735894016
123489658869660064
8701827091713170432
2364550291676937728
5912643625030097920
9741176375358881792
2676079858789811712
2536431411518599680
6309758438836709376
895338054650187776
14989442641545699328
15419923075282481152
14032202658378405888
7581633104935340032
6568818378527841280
18008066534024896512
2678325302404899328
14305105541954082816
10194434941571031040
13137718908190816256
7804520214408653824
10815226936320948224
2586155844312538112
3096452645552058368
321929299158728512
8816413002492476416
603375247281083520
7711857119231393792
9517086532639111168
4901238971681015808
13252497930946004992
14455721557887567872
12512944980583354368
6027366821615894528
7934027456711746560
3603824383029127168
6558801625547928576
7278569364635698176
3270385956741629440
13607660218541484032
9663279813334212608
11812090499928258560
9698780296563580928
5472310361147756544
1961267592516067584
13891207138852560896
10350454623930052608
10500294131003910144
15578699638324951040
8115230032160713728
3677982151924649984
10975040890380265472
13765536270318921728
15650434188872980480
7264504435519129600
616779505728552320
14272336913340889088
9091707616672046080
10891892944769671168
969916856650615808
7242479328994845696
17969425632922275840
13716972424571121664
14142153739922227200
873283035124048000
8525977390993657856
4883109253325044736
13071100601413556224
6500349288921315328
7806936526426501120
12812833574708078592
18245389432031598592
5577965302178160640
11705409490539796480
18015559610954991616
9293700603224561664
7859873312812576768
2115009955816821760
9880883083423440896
2707604171878508544
4596946458342258688
16674220088013012992
3790605425722102272
12121101896224890880
11070763639333191680
2065775405436391424
11265973373707350016
1424744268339872512
4147635830238298624
10032117980850112512
4428254901568805888
13767943485428680704
2941576157007091200
14793702487228520448
10903069941075341312
5082637788478049280
11048855927376533504
7123983633638003712
10512805431017304064
9426162049907030016
11657246915740946432
988588213014139776
12354669388203094016
11249555390829907968
16353843935146432512
3218846099985501184
16550975500747464704
1352355787405026816
1434248650127451904
14090524437983234048
4463340741102091776
12867811648397045760
8376008696759835648
4482148544544160768
14781906379781040128
13403052101259063296
12587597308436369408
3899080715215589376
13394858139809284096
14100221222766102528
4346358976652984832
14709721166081443840
13799129481294036992
8474582318889611264
4125446094591860224
16210717613899055104
13662900254841892864
7437274021862238208
3816525989585567744
6375311384842361856
12330354339615133696
1851905994250152704
2142736881734393344
12008252388894279680
12329877311137611776
12129911132479062016
8643976622249900032
7604291939807761408
10291340433717106688
17865345771326154752
1874535897757514496
11653449134655125504
15038312205742295040
15579201111729565696
4086084201408199168
15823625158295494656
11652521138098069504
2680117604962513920
8275698353083853824
5107321169081191424
806332688264756608
15800855828968837120
5438978906344497152
6829545343105534976
10446428345032435712
12558885719223300096
