14272321184773163008
2376905562050309632
5534080770719414272
4265729787187670016
5794627921580744704
16173602703716728832
14526191871990312960
6595131253077429248
9856493953041940480
14648722241677082624
9026350439349542912
12129880528713627648
7550862610934199296
16173576206185519104
13279856244634015744
9679060200899411968
557038509211509184
7437821865845874688
687489789984256384
5165667054820931584
16540463274042132480
4047368779725781504
12093035127515000832
10664710365907355648
17050521562772797440
14931026116120111104
11604326343112800256
13832721697206652928
16284974893598105600
649565456731009152
7116517862337661952
3787145267278018048
13040452201179199488
9582252435918639104
14420112581311045632
3664058170195740160
3054254237237982720
11853042802036713472
3088731140171302400
9270602356858814464
8792189488479987712
12501802684723410944
5708040969214608384
10079704429872009216
14730353963277674496
6420483568248855552
15064756776542052352
18147993195660386304
1689896400183882752
8589562664659428352
1441976239026030336
8595273573422169088
18202600270201141248
11297951524685969408
12512215471902322688
13271400898546135040
18410180049764710400
16730452753131509760
1328208942421519360
5908500786259203072
8723819829298217984
1707191381137959168
7821809253961285632
2240827496761253632
3038351983794395648
11794509388360597504
17209635504575506432
8063596538072383488
17174299556036763648
759788626112339328
18071973984790396928
10887030972043620352
15965595122400385024
8764084143460973568
6208021695415856128
1788252072260065280
12690981264710705152
5625842970593525760
8213247847951830016
3349771139497244672
9280656548538718208
14340410834427314176
786903006953107456
8325169713934257152
14371584465935478784
5345960433208664064
15018018104369500160
16966258024200931328
16292314571186085888
3954944676637176320
14918052837993605120
5705697582018027520
1337563481155343616
11402846633886210048
536372461838251264
17621135492791695360
5179013277443087360
2773281390136819200
13914390504083396608
9161495622810614784
12778577784597610496
2986145014439817728
13371750611503214592
9847370157302267904
9779629405823272960
5832206492810515456
12669203217661290496
12255144204359387136
7694166149034827776
3497225445122696192
13836706223401703424
15350324266132922368
14803955676351225856
2160543268290150144
7476729379052265472
18084319203494612992
14044564238597945344
7868677605627951104
15452951576875366400
2828739664791086592
10669095384665860096
3001918428177362944
3580139370803005952
7430279561037270016
4320911963415214080
7683739638407430144
839283439982045312
3895588206359887360
5626507815306576896
2134408872388628224
4448948492208111104
6096859049231354880
2695823046938504192
12569607407083341824
3212295117481382912
17529674574569709568
7767635357710817280
9390335377864968192
13381779912528672768
7318079118929816576
16931115734378565632
17322540520080142336
2963974811506285568
9521395622648184832
16248128973939355648
4322130631846916096
11196830906294167552
1820149377148900864
10373082918587625472
13474659579689314304
4930269619974897664
1295918587819498752
5715180634720512000
4944786195467693056
6755529360262511616
11886073841257707520
9925160122843430912
9671132199100547072
11741189467597461504
17160050850708719616
12438118663269924864
15927716143848835072
12414266300319016960
17929525292397293568
6567711099385030656
962298134320871424
3073778552191788544
14337299199110903808
6084893449372328960
10164755412258727936
4220109236098818048
6676160991156782080
18378241890814830592
12612693457194772480
7728374888932586496
17283783087938058240
1714416334605733376
5534484175182783488
16686042610564104192
12458615172305143808
12779663344997996544
11908383604711428096
6392367436115357696
3260053833832156672
7078444184744103936
840699876779601920
16821542704953167872
2532824818002155520
17420318034426533888
5111410748296963072
17286606216735848448
5093933279358596096
13432363171477700608
13940776109431879680
17391046357889992704
15711621335533156352
17614111160225452032
8534228781563414528
4612455209802060800
6259228879477264384
8809730985875731456
10003360758706460672
11965968241212665856
16265505866381826048
2494600290883276288
4783272186511702016
8603979260868189184
488853450586806720
12966302479192530944
7089322497599077376
3521717058965441024
1666774408525070848
15114791277743802368
12988337996627034112
7490440364663816192
12944198770459338752
16630439879892494336
4229673724294855168
16260259894872401920
8752865509948934144
3449021003456071680
15558729405868851200
6487138092386151424
11715743172555769856
7493012076516888576
5700851161439318016
4077063971050483200
3521042183803294208
13884936049742798848
18008949657391020032
14699651802222647296
9498043124704237568
7272033634030261248
15221927771044026368
2887369125945350656
2492613685388674560
15161372477371224064
15653844796656076800
2054611822334562304
5003775588366703616
8711517264308966400
3825223268498268672
14318198639361644544
302290015212391744
13798443705397803008
18097359637383616512
11830540774910220288
12589722609439664128
14807412999075178496
16698089947995232256
6781644096572936192
2021905066925389824
2418214847789044224
15139514322210877440
5091552981602654208
18302388646257391616
7660568476008902656
3691697007463430144
12752169681852174336
13455354357681592320
7622887673335458816
8949451186006023168
12344457724498683904
12974717257197381632
16817480795508056064
6778768526793168896
11930261099167907840
899851221322912768
16729570041111889920
14974547469503055872
11419923016364537856
16639087023329189888
1146363676754793344
10032382327311702016
8338073993327136768
7772310167009381376
4047810774375664128
10073643423950110720
10893021857640658944
4078688862797182464
17927561950248247296
7069967157283505152
11355477358960222208
5723606494617018368
931441956722805120
8010285410929670144
15402656014152101888
2298949737697084416
10564540128313534464
15987826978423611392
14272084356007057408
9149002338664962048
7967009129189458944
11525852481352837120
3753419078745729024
2970300882166708736
1472744539687254272
12137148457455867904
14423455648082630656
8137249307755136000
10617365516385746944
6668136725489137664
13750202749997963264
3880970599181299712
9221183657223463936
10785734131913183232
13724647792369635328
10151338002704586752
307734947492352704
10992674692982358016
6133269818691526656
10139101413790617600
2482173936670522368
9547666940651079680
10504063196568530944
1247588592516854784
1176552528625131776
1559042841933797120
3377593448019064832
5743704873522701312
9579057934275434496
16945320321689198592
15061477589845233664
11047840654503546880
13243396377004945408
13883700014340284416
1579682679858209536
18199705089931657216
7256441527663257600
12362346916616648704
16147073406897895424
15029195592676689920
2034546691427004928
328934905494281536
6906910748010730496
9794681989395179520
9617797840306874368
14519513361169303552
785828056258056448
3198816454926994944
134735533250498560
2440156771401170944
5357731291911889920
13984865673389604864
9269334310532757504
7780097690830069760
9543469060160372736
13913654337400248320
9427865314367606784
14080078944219547648
17170199243760422912
5432319995599622144
2243810276878217472
12082838755332450304
4260324893189300736
16733132461832265728
17672369313882425344
4578161700275049472
5719844102084084736
4433916441667119616
3967669465759194112
7057860047527316480
14110383538766278656
4741659911738777600
8890163990075099136
9213120536724543488
4716803312306681856
17185632169795676160
4974080135368535040
11536617927296497664
9989307216655310848
18164816816205328384
2060066479182402816
10399493216964345856
13377171616675487744
15204324442923253760
10038078156091201536
4803784805909752832
6918077206019494912
10473316319318036480
9730499229798160384
7143295378362515456
10098951799811397632
17659897852458637312
6554721115054480384
2494050844086979072
12012981068513394688
8227233976132850688
6281952296000579584
10899628589826666496
5668621031908449280
168375041447636896
14646612687861385216
8229239729640228864
9057461427930386432
7295530749202678784
9131310158048759808
5532402595094047744
2698827482243922944
2321949172366692864
10799826725871939584
1340653291277972224
355330507343647488
6518701395153830912
1204720337593032704
7529715957369231360
12092978767097395200
2575050273272212480
5495782546028726272
2357764897636649472
8293051163241299968
12474857247137972224
3158228470526674944
13157219185908228096
5561777319271287808
4391289960538664960
18020432954032171008
3915927114426083328
5719553337747751936
7798479001036351488
4655491659957700608
3516473423171103744
10618083648546449408
5672248002537353216
6980139779746580480
2845414486030674432
17207606789703323648
10501705619268409344
3333436761752223232
11967531571150065664
2636647628791165952
3332333878289322496
17948103422124578816
3998227221533445632
7629925816397199360
15619234528053504000
4700390417359124480
4431979465161231872
6893898548368488448
11264346869067816960
9174366507946632192
2529813639169940480
2401612636387891712
7200215751736094720
3644346247664102912
2769160832353603072
8419784842367951872
1141060803314146688
14204732204883116032
5689406864299896832
18409526229768507392
890889678519136640
8950927978975151104
16242213943474694144
15509894838829694976
13044769901709252608
4972701284152738816
6569997295072880640
12832801575569262592
6570659590651252736
6116076685402255360
3071979960938642944
10417638981770164224
12360316675439362048
16319973066419900416
11203532533312585728
8706049021089945600
6184471062856095744
10109767125539502080
15357095025355411456
8861781337404042240
14302314250758510592
9720524834631362560
15879427774196121600
8736322212122386432
5564561307136277504
8575582296258869248
11330968345003610112
495142935253602240
10277663607187562496
1920827409475428096
15637355789530646528
2961599020092703232
10904772306746101760
11976373104628809728
12328714281789890560
5983561516213866496
16749050166578317312
6061949086419636224
5363376564894009344
7025523409635825664
12250121975791677440
14426947264080531456
8043455048024164352
4420326293636049920
5008686267208670208
16353784993604794368
2369738368326025728
7200150963278190592
7504581948212402176
7323660279250467840
7122007620732566528
9011215850056826880
14319089619318953984
13479763980794662912
11130653957008064512
17676352870497759232
16770503805079267328
4100023987516502016
17760972946130651136
16272843053784944640
13461095658351288320
10827392920022595584
8301593781802329088
16311299546900264960
1696774393287250176
7804345682882326528
441142139341876032
18186806328380010496
15103308254805841920
6452036099942989824
1969267199432986624
8148442917130545152
16485057899697274880
4846434245539087360
12848885463938789376
4510698027068891136
7477057312549185536
12411028096341600256
14423243757847758848
2221358272581683712
6727103778602243072
17931301789169887232
4895478436226933760
6555495069496220672
9267635952117948416
12524396145157036032
14343638914412656640
1946150552665903360
11717179537239633920
6326029586621578240
5405874875194511360
993576604429613568
3580081414404664832
301302787550721344
11700436307664463872
17496188421987346432
16803663486979870720
10814996933869039616
9703794927939866624
8240121689436780544
5320931493373939712
6915150900148602880
17152439319682807808
8626597754438757376
8750131456092206080
5044360310670665728
4374940568399947264
17524367892712095744
2764076787120379392
10016005402038331392
15976625282963193856
7341214633097377792
11342467095232253952
16307446455478540288
13796806690768062464
12797698830910799872
17665599291625064448
15783792694206083072
1839473782416658688
11713303379798982656
12492652586119405568
258300277147596448
174295225552238240
582447873959619840
10665502847880624128
15193376764207945728
16832104743031291904
9765235164572424192
14918968986416084992
9203794145337274368
13155252453421860864
7999379583372500992
10160485300678938624
2639114285989710848
15350881674925819904
13481234623160070144
3671930817391892992
2689502592817573376
16898888382737315840
12817431984589629440
15499115995197052928
8349497539571631104
1178752362386465024
16838845130069979136
5152252921809977344
18365257112877377536
13298353004877592576
9291998478879817728
1274377841314272000
15343947065499697152
16397504233739028480
10432386708992143360
1093729010905655936
9663035620010622976
204837673163696512
9878930107833350144
12566599748887945216
1157540398769531392
12699837994485690368
140015106797399616
13346623170941216768
13462941714749757440
11911406109170745344
9504555899338496000
2758146363073531392
425680162209326784
15834976728500189184
14933678483430141952
12555842353469671424
11677405447819771904
1449896099706126592
4573975181029099520
7436087203626027008
1904973797143351296
15914815361732431872
298131474276588416
16527994761533927424
4614442896797332480
12713951310621319168
14703112906861068288
3791636062296264704
11495701860793352192
400317122331960192
1770375426744609024
12474451479828664320
11348776686327197696
17149112372588474368
11339877259279214592
797431790059448704
16119217545426274304
6941293432545951744
6757781891113675776
13281815247541952512
6220617923169942528
17776725025852368896
4818311448132328448
14562010802509148160
17296414495047055360
17175253702650742784
8139884849484463104
5526359262336294912
10580646212916701184
17705086280032143360
718576117416834432
12888817527537063936
1546274776605755904
10138988195203512320
7617917138351398912
6239803362795233280
13308122445735385088
13250051565647116288
15160483008287698944
5761787926366440448
11033747151558512640
1339295651051236352
8932297382228992000
15284753386976143360
13010604923564134400
3767251224513559552
13826901619817758720
6241743431869447168
16783763285858482176
17228121731024924672
1752320793097869568
15790113588065550336
7589664126513244160
15436701604951402496
321184121486950016
17015573191076528128
7218102068265820160
6744530123328671744
17336632617521160192
12600756571223791616
7590383859029080064
575971272850626944
6793565028467007488
9937355147336155136
7982045968087417856
17604557992793493504
11954069502898352128
14065036070883696640
2426306765369466368
6925363986654366720
6425664075713813504
3744949226924632064
1416829935478113024
5302799962720476160
3113801126386847744
17369276909496496128
15672396984722282496
997011951691061248
1192383974155805696
1260145431456919040
9504557070134341632
7293081157011761152
16832367655016132608
14771712134017615872
9862338284483330048
17715931403194380288
11862575892022695936
1225645267924655104
7967495419090292736
13213964893691512832
12522546499609878528
12746758114489843712
467812302471544896
7620312681493372928
10858836980055902208
13898097623805100032
16954620698902716416
16586906187136133120
3171118202964520448
10231037632442345472
13972486402108094464
3944222471359578112
16630754329242687488
3794201900400455168
8539100766401800192
10267355402988212224
15749532880739260416
12957281972608518144
15992458203245740032
17527409576833071104
13143391100052580352
3727614937755681280
546151960180603520
2723150137309688320
4186173091146094592
4234758589412108288
17987142362705934336
13643377495013105664
9583331057926084608
3505536934431879680
16650039347736885248
18442643885244278784
653913134721547776
5919523556249712640
17115191079834275840
173764956138113184
12462657558647267328
10872903564119332864
17411295865056839680
6865992736012134400
1710899100219349760
10001297401277908992
1406446522734124032
1789942263841905408
1325080279188986368
9056506014922997760
405558914375737280
1596767488113824000
7967355475613707264
12124830273096605696
8846676753475786752
11801319519389069312
6840276007691538432
8990915052318864384
7267998906586361856
847687858049435136
4821635934099410944
2782994926121328640
7666647675026731008
3331946450610290688
12480852624063186944
4349900587490533376
12767141188906467328
4371033626255596032
9541172661372286976
4222639244611141632
15716221205963550720
8197082862784212992
5096902656428705792
3770974315662495232
4785280313258383360
18027067934156363776
2924395681072418816
9826340252372170752
6536599881824838656
17385212073455177728
4623221527173971968
10614228264521316352
35534512558053876
14659714361839276032
6650026315452375040
17605384113088585728
4598078007455834624
9695175612247398400
17234227969466101760
11016121674684479488
4837305787666741248
17758063457194903552
11427374268064358400
12695067508052596736
17476257360314107904
15598337234918473728
3028255707786195968
7886825196205336576
5185533343363262464
13055690783370366976
13262179846802644992
17934080504573321216
18084763882745219072
8948397054124687360
12934600761037684736
4142848630607697408
14806292038916982784
1008722565253578880
367759594764047680
14926005396308537344
7269434875505436672
1897169430908376064
2218735427825592320
701824812541833344
9018380264582273024
15100504570667499520
8693305848773125120
1369084356135918592
12058466130286151680
16847349491586787328
784627390447736320
18276921633411606528
7495363383406073856
12955732536271423488
17691258896237510656
8364891662341779456
10734126790587824128
15178772140353331200
11544101083856435200
14431773102033049600
16365618295970895872
18142908024567982080
11288892183236911104
11250235917988429824
4747928508914242560
15054498076218394624
9126786503673860096
6525822107790100480
15809269327070681088
14752846397693968384
2646284370705360384
7605507676574062592
1749255842327609344
7261867426090953728
1936892908428531200
10486587649784100864
15214537246208462848
2857708738065437696
15303891733631864832
4092902550821052416
11552788098070759424
14639226388041623552
11651085953967151104
8980714101806662656
10921546784721059840
14667626153925134336
14221938904785739776
8980852697731976192
8112486963455751168
7428022527343911936
7860446230764165120
11698751195632875520
9195703601080073216
8579071823724899328
9136746395943753728
12666711590171826176
17700741511644485632
10615718884732788736
8702171702631856128
9094454499142683648
8438152784898460672
3368173411635705344
8042242763643483136
13094659663681210368
15665796529600890880
12980759359047499776
3955765450498388992
6346894421745528832
15248342614929561600
9675255508081172480
6901992783877871616
17663300102497044480
3928353293997929472
2876584014205551104
1264559234669535232
16895174205237069824
17266772297767600128
15464134043441782784
17644440187939235840
10002690392605509632
18197207572450469888
16715112026549899264
1493550312014761472
2965456217253349376
16668089277159704576
6389924819300644864
12499226752405489664
653456846465962880
4643368546640128000
13286721044133113856
2348508958989485056
2459679775808209408
6526345107227999232
5982842106850207744
1313485746812798976
6963981668132226048
15519247520321931264
14729785524721823744
16734030199195664384
17425506237159737344
10822539299745079296
16351073188459137024
11516451941897428992
17450364186141091840
6428580287918597120
12497862508076687360
10970274329568958464
9231470078281732096
1880422601211013376
14869963785055954944
5613146880494994432
6940405961778357248
5035936063301323776
8425183415295840256
10002056417689085952
2273898599150957312
1807036657307184384
8266646513887217664
16105882636222853120
2169493011916635136
6527617922180833280
1645877467738970112
10071532553177767936
12950101088852146176
4536195141403129856
14347649205402245120
9634782035152715776
17681962983989356544
1910523634448494592
10923028742622859264
16735730281210408960
18417502369903392768
7054910521581373440
7740739771268207616
5615325203463982080
8514914224353438720
6769599059353948160
12778704464671954944
7513490012949724160
1980774531034361600
11124244580102279168
535757700116892224
10996372897611413504
11588959108195938304
7414857224086455296
11080144317821216768
17268071761438511104
300018105260926144
5526762998258085888
11980844152931106816
5659791673006077952
17669860395783092224
11779453587429109760
6808198778461058048
18167573835148505088
13386441774369800192
7459557858004301824
1420050655088922880
15127318707509016576
10757211474695729152
1195652697819212288
10177080622132389888
16198490322736173056
6138453061123515392
1709131251855877120
18097764246254209024
11196540026005516288
17781434484031451136
12602405200246519808
3375373037211390976
889257664027409024
1855535593477961728
1597106565832260864
14330010684967370752
11280140294025934848
18254873188561082368
1986343530235436288
3449230367090558976
8658665243393665024
15421944422415859712
