3613197384838382080
12352273559667073024
8232609919639824384
10075960251926001664
9552251194917025792
3216235269760999936
1601788790429136384
17972788141917263872
15346750300655628288
472580178503798592
1778512258204291584
8631744973635535872
10103033053367435264
2939126140231038464
118356491473862032
3573008458405659136
10691303176166586368
6804222517954326528
15116049001061945344
6219660916935491584
16198403967924279296
9511648092822083584
13830706955986841600
1088637385270652288
4713633304442519552
2301597396766180864
933149794214269824
7549126446785309696
2637066247079144448
16233046038407792640
16426558556923658240
8655433539734767616
6185611379976771584
6488055114317222912
16877798137499781120
4864129383439815680
5406884578335825920
3214943669563999744
168265328164187136
6265695947587674112
16608795217920862208
16667961519370737664
12442422627779489792
18150310092341469184
12799795090939781120
5624757570435164160
1148356504935122560
7479898443151688704
18095328883747868672
17890710418839939072
4174989383715185664
9129646564372330496
16448393965954934784
4231329365221826560
7325082327321949184
10524051230167959552
2447660604345227264
8947109930071625728
296378390772909312
11831192168129849344
5219531867506625536
13736292443946446848
16513636352331051008
17853291992046094336
18087520110325159936
11068029456088328192
9116250429992771584
8183582245060122624
12652311691825059840
326699174732531712
3211443247491076096
2774954332395014144
4807305431522178048
17998175694323154944
4818758066048386048
15484954231193378816
4836974460810401792
12182678910896119808
545843988980712000
9393752350709137408
798604360318303744
9080771149868911616
8014588194118414336
21613880024243136
16102412472870940672
5869957707877793792
15392500990127353856
12334405747731556352
11949456897948217344
16243278796293128192
1763042868915527168
18366724189081933824
15816337695399374848
851826103860433792
5761536962118021120
14314971522379194368
13924324061909710848
43977621186537728
10211504481536038912
11550819919366895616
3401158497447728128
5086411824703450112
9597971556014637056
7210898957724456960
5832809429747527680
1652920230255660032
5571877118675617792
11286164883799949312
815540698756507392
18134762346764312576
7148710491542945792
3782279632740298752
14961090993109368832
15343131162746208256
9551781235288764416
12203481950134026240
5170394693460717568
11850670491881125888
5778052975341018112
17535857607991814144
3259437822387472896
7820646813963160576
17135034997798217728
13412686268704327680
17427554612825092096
9533034478751916032
4224933530847852032
14850323825727700992
2372026190248620032
5862037145046752256
12912065369768390656
2356246654401442816
6280659926822389760
11871358615907172352
13645619264497819648
8556356755402202112
15167509266022950912
2757875758614163456
6413743458142070784
6054960687888589824
3492211541371791872
5349872723484980224
3928423149483883520
13270966854111934464
9910679575830228992
1419063095769970688
8185240819589520384
3878950014874149376
3532727972635021312
17853391390367778816
6625483633817251840
10318684386780295168
4018676132722197504
17701123206910791680
1026192370972133632
11028381579920736256
5760576745956472832
17115652096929550336
17490039245062162432
4137600315553824768
3206886706121872896
11142079351721783296
8796443240272923648
782252782751006592
9082454364324103168
17827959000948660224
8745929336409131008
5593632630080314368
12655692631075973120
7197219269911011328
16107086900686327808
18110742365800284160
21948949646844600
7447071946019668992
7105328993287919616
584305342048238208
10282245658535227392
8991259499744946176
2149348987989376768
7487006010654030848
1547341957159566848
11176942997713221632
15643642089380716544
9555633880531961856
655587713113166208
11651158014848503808
15045443087940114432
6356023566338766848
570767034629922880
17131719635635978240
2835182508164968448
4615209841213974528
294288380931844864
1871817360848337664
5463484321126220800
10503423456594470912
12927419314501300224
970162275185177856
8599280954256323584
14919587189464547328
5271633029018955776
17156670038438520832
3547998958677393408
10162091810949826560
15418527384252762112
5167566150937445376
12678946183053985792
16522541742799015936
13999563312876611584
3286343212083121152
17586168057145749504
390173043779557696
1936901238293402368
11436092317984876544
2350330889236791296
531904575816569344
15192994791440830464
3972865546149515776
6270990165431849984
2286107835472047360
14406328091871000576
13732381887281324032
12569668386161039360
4956308096296565760
12883020030923091968
16346694470050004992
12706099958649556992
4557388009279718400
11041921707704039424
12867428733020569600
2635165582267886080
877844834124835712
5652960428159392768
5177484741979739136
14166860958430928896
5437560816964071424
5775608572242139136
6157364067656035328
17827661070364801024
8529263535181956096
2529555686878958080
1617322330421522176
2888776208520388096
12632885761438496768
5763721248804990976
11745121771482279936
6985029942092483584
16145988199181332480
2379607147875131392
5515771002308235264
13314477504084596736
14519562581975633920
1806219979293988352
1383112156094870016
2443186361149108224
7900991641367877632
2902296868732379648
17851977754732574720
17632762661442406400
7826063061461118976
6736005926851021824
1039922249389510656
17163963547684425728
9349539581495711744
4578763221866337280
15480118100687476736
16901691133407948800
17367790820065417216
14402531095737077760
15630754347887955968
11554257180804337664
11815561216181319680
8087955033037282304
3726312328046011392
996952432217238912
17637860983219558400
15277219102857560064
11194086526579795968
13952627839740715008
15911557423996182528
8307124679504564224
6432496247676497920
9799597253888747520
5076735433246751744
2207173274817232128
8777793043276052480
1283048946858146048
17504677277570330624
18007456246434838528
5470460565124601856
8934529457482557440
8859658069737673728
3384795845360071168
1437149784260385536
16053866709302095872
9043317971911962624
5589912711887960064
15658455166909820928
8942444052748219392
12626299629965938688
7209230326499400704
16909123371889836032
12545943482726471680
10107621528787963904
5157684951831091200
2041551122570453760
1578563452041429248
13165490441651542016
15928811037404755968
2125056051046760448
7802186670541297664
16924903927570124800
10679922018097350656
17113784858751207424
13882542861978601472
6100543737142634496
12432681100581652480
6938586616721045504
11206076380954693632
4599839232779123712
14135394443174098944
5310628397503593472
1908742743420285696
2001070365994366208
10162719768623640576
10512083494896048128
4020384279776299520
16398505739547949056
11294107506917437440
11825332171651098624
9088006460201892864
6443267127766805504
5087332849655085056
3845541855418711552
8431497026732416000
14515596687808256000
9402626031603828736
6172355365169447936
16437926582847754240
3579642004046395392
17055453194866491392
8630797489167496192
6723797261091619840
14044245229438666752
17146542503970099200
3333376571186456576
6363189025284955136
16117796867445567488
9644766725954711552
5912432394395156480
2890184722016226816
6611654199211864064
16371829926945677312
16985646483488718848
8391442520006671360
16501653208033826816
2819932967304823808
16777931372755623936
16784260690027511808
7539473000474378240
14317794298546876416
1410136816054015744
8913564933958393856
9370016036035366912
8080386604800291840
4622534892938022912
541234020744252224
7937728796377738240
7497314914399822848
7229445016068115456
4790855902529716224
1144607046526607360
2685346995505103872
12019698841230430208
13900809944298311680
4892736899891514368
9422044630637824000
9627738531543738368
1745348197061643008
12055797219435915264
3473978953834115584
6258011434002154496
14108658614080243712
15096906154810943488
15404719363891982336
14431029430430947328
1578218609038629120
4997620409703621632
10012426902918098944
16673304903614273536
4618682447789894656
15287489870616453120
4943270312924993536
89100372592946064
12164714448678615040
17264130107988500480
4408786029626042880
6730694714732092416
12263569346220824576
12329016922670143488
15191263141118111744
1276390097293298688
18376940123822716928
16195065175572664320
18177527897327153152
16017671479993057280
6282143236860279808
5655650095875016704
11520224111845498880
7677369631281533952
11071710086458142720
5380113926031558656
17162067807573045248
1066187177689497472
16452207906336223232
2933426263734884864
7581308641013951488
16166291000821938176
4316457315506068992
2029936723515175680
7272778204757490688
12237452162000726016
8928330060889812992
10149425923323373568
10876034529045618688
3716145953432647168
9846825779332470784
1130745360914914304
1826050070200779264
7465330748370453504
17476020329633884160
17330068674726098944
13965731393706878976
15751474700884828160
8776201964327993344
13645429620945856512
14292853660058372096
6807785086477201408
309935230884459520
6342789505920224256
7173671849364661248
14414102102931513344
4493812695895308288
17775258167584468992
1265034224697454848
7832268803265813504
3944457767497018880
1881257214542135808
13310381860438669312
12482309053574488064
4975479251944016896
17822506702075549696
17066181649335896064
2642729230738705920
388336069696067328
3079532135792452096
5650957741931154432
2334001056853763584
3992529083478648320
8716676812124325888
15790452774925924352
13360461502243749888
17202386767238164480
2275969732865600768
14445096881637580800
12733018517065281536
1052978450187594496
7195377901560206336
15214137029966594048
12476880729817559040
9764979280187729920
3139931043211144704
17553180043497273344
15387997508666068992
7798374475157652480
3915024050228354560
16248225832148172800
964071761687406592
5364481557181030400
13108809180473759744
15328101451027275776
7420956927350651904
4212730089808873472
5186173911785440256
15014322952708032512
7911934304551828480
11725376658569543680
3378039630500180992
6308016682357848064
4236539095141228032
14337318678734286848
6632285542364174336
16005404820689989632
1370160079051191296
11814806082092625920
17035655787995537408
9476808621571477504
1340127836966627072
1688980837896507648
17397031309938948096
10917173335030401024
10588453226550611968
18291392316650444800
13132354129943805952
13428212669645875200
15914830193447727104
819905275361019392
12689119049281636352
13946050897534789632
17795903983187920896
14800837039816708096
2179143029056559616
17710101206794168320
11812261390807603200
3080474554806505984
18055988282363054080
17325195846613043200
15624415698553133056
15342384859769235456
2058285226185983488
9602085166797518848
537215674630382976
1877739438350972160
13115474731014379520
5290904331116279808
12661209944619829248
6718908029182069760
12496526033707323392
11092253481399046144
14068465606620106752
720465229184016000
400267189104559936
9235243764267636736
12519886384265136128
17378986037729509376
6086746967493522432
1748093471465955328
10871881710272339968
2437258749896534016
8008264559437040640
3578484171227441152
3831861631876484096
10183546019070404608
16233879561983522816
16528027330099265536
5701789925472328704
17221063246983262208
4126403798175135744
10075484398054692864
2540930963146597376
206790888965608576
4789788765964242944
5572741852611946496
13270869620278167552
15231422633957076992
9103556922897546240
5635892559658452992
12765032710819282944
1962689884308593408
9293872720283803648
17306448972522545152
11576171946049011712
10482849974821373952
17383062345246732288
4433654810578191360
3840090911390801920
13422618190265454592
14027653797860435968
16909005703583012864
7215067408587599872
6086037595110127616
6589728802412300288
3758928552199302656
6018370068194473984
1750844077252566784
3326049256927974912
16958469433320308736
3094052252779538944
5931415583016630272
2968755130018529792
13675606033820104704
12068661176241340416
3936795911578207744
785817847946713088
8878319219526863872
17133232707719680000
8333094384447150080
12100657414061572096
2086713763454338048
5805344335387446272
7649094392318835712
8032886944505630720
10190458008940716032
11636866170272354304
10261198115352918016
18332081163376381952
8651673639541341184
5817731069388040192
17318513524762992640
9962283558377062400
5960031403969199104
18217951983605792768
15992273586216615936
4266043980594376704
12345124159726913536
5769898899883125760
3162150318250485760
15944740875432951808
11709544224521920512
12326685780295190528
7182191006240508928
7058341994787524608
443961166780446272
1835869976076099840
11791417409175855104
3172594265670491648
18081687275804037120
15101673396761413632
9772825103383314432
16321658534402045952
320526464016088320
7706125634208954368
9466480441211254784
13968538138213246976
6744925476495249408
12328139857244977152
2123565067943785216
13359375137133793280
8218577014451117056
15092957663725422592
1356652878607786752
12185637296516552704
4196673985149709312
6682866247723281408
5289831994357449728
883514066029587840
3043725261396227072
4791484638396851200
17331238715262244864
8262605237184865280
11789298332699674624
13072880666225059840
14821267014845954048
13032605705607823360
5474418879140892672
5442570309362598912
5073032676011577344
1657050241067650048
12267868162737000448
4265837722853867520
14592138503351203840
4576362884678373888
2584714987801353216
11493772523471206400
12931428650500182016
11667083719764045824
1925862147333478656
14394462791781666816
16536448589933715456
10855419843636125696
5377369297531333632
9645669448855111680
12346781026001713152
9293220338536636416
11035363960355051520
933894531677797120
7041512992463721472
15977606620809916416
2549927220885472256
6219213964493799424
1247603462047461888
2052969159671478016
11372774753415716864
15290478188397471744
908213167396762496
827568528722413312
9562491149311145984
17749023073690112000
6877919076228848640
16306289130047223808
9210910303591161856
16239464873970501632
16884133827663013888
6120403183400089600
7002786670962278400
3608335828255972352
917967329459034496
18426646218235539456
3754939100591934464
4397413435119008768
12393817722877341696
11989839563273254912
16766571777550102528
4500418804009209344
16480408473918443520
3651955624542189568
15427107947280777216
5204140538784208896
7109240104635224064
4887076065582344192
1994862192821420032
398444323237518656
13103494127344666624
7105204850697710592
4409826063402116096
17346936043708495872
2610401659037008896
8733107961573961728
977858681847710976
10395480069387661312
13661997523223613440
9104882793577142272
5958833965971594240
7979799272571142144
12310222867574927360
5277169891417693184
15220295423313229824
15540573458121748480
4651713219728939008
4556543440265108480
17120066547725346816
7317524599196476416
16145875036248664064
1707723343707378432
3969394427117924864
13379205979199571968
14739413592162535424
16233583631522617344
15861999691069755392
17059748532451321856
17890479401827551232
13846265058550079488
7276238145377874944
14645801737601693696
18361434302709987328
10317646857405964288
17736903171398584320
8029465874951212032
8803377859571524608
16730105679095523328
2385702739161985024
14220525594007375872
7475197279244990464
4045945751697645568
7680979205674209280
10080502095461580800
17313521488423745536
72574611421881680
3863598674803424256
13395719924882167808
15737607656862595072
2736887534737207296
9110994804225818624
9566842735827419136
16771793771898984448
14813404152130959360
16732290156370923520
13387820737075533824
12967009024431177728
6044083995571981312
13432378547512231936
8261894459867159552
16353013367995617280
4107319272554278912
2382882905964258816
12046548527457488896
9739958438341554176
12397484983173269504
12512844144200822784
12969538823780421632
15173022616761094144
8298951401565549568
3929030277836870656
6229708853944584192
17189233152747188224
787267366000273280
13673007211430473728
4922236217320697856
11959282167257165824
18134338634932455424
2481195081496493056
17293931249003810816
11383291693143908352
7196976386200644608
10725947392419084288
4709284524667777024
9138697771253147648
11142203087028111360
8482274946433800192
13136319243910131712
16576623661662365696
3892157240646128128
776560561048382848
423771069818656704
1575753558900799744
13780329161161613312
2817947954452569600
16263883914400913408
3056980319396550144
4602572673086579200
7608927587163555840
14366876052443844608
2677584204686562304
18241156551701436416
11145871927877380096
13477086971663882240
12313282070780704768
10359981001736368128
5354017265666596864
17546784391640270848
960559526594055808
813092898150237056
1800846587298156032
12238474791049320448
5304348554647180288
8374301266789829632
8869990946761487360
7671510081697598464
15391012748746344448
3350853752772509696
4571847130399502336
13498571517798883328
6853512338013147136
11341574513055234048
16914395835628886016
4801722172659945472
3126305344920697856
2139567110187533312
6738911473891594240
9645348664608655360
7579954092726161408
2168217159708684288
16339231190114564096
17407156778048565248
17003834610510915584
5890436294374078464
11257903187590762496
2890324904836569600
9218690777915107328
17925463575645689856
7588285701176010752
17989871656556210176
10995627782465357824
16078496066966132736
3233375319122064384
8675053145997427712
7665042627256842240
14889891765532448768
7543668214337499136
295763725901304128
17209563576657278976
11919213550487760896
9605499802159341568
9599773323984457728
12589231234847381504
14819846317903611904
3369488467419062784
13273655873692979200
10781434004899293184
11440082447880040448
1037449740735380352
3915884604928506368
978012846702330624
3411320958535519744
12290911864206454784
8679692879212891136
2033006670095985408
17440636765045430272
6969385736594038784
345200974013598400
14486610902088902656
5269234249326398464
15720100579234994176
15192048810395791360
2321624146119745024
7196086650712700928
4519069087375900160
12104854697226665984
16427288570459617280
4189994703399034880
3608822170743201792
3177449822075033600
1068246516913009152
7581633254544031744
4076936353387864576
2871766790884628480
13265441860630532096
802540651858196224
9127491714810561536
9771952083784589312
15459329374227390464
8408435351462208512
3302404727274511872
7538046529115334656
4643958619055550464
4425523405532868608
16085128625270771712
7479481679683680256
16338918290646671360
13415832585444161536
2821092288099671552
1191842676881226496
17064024227317848064
3919080858891266560
15166483910611277824
14982445651697483776
15030971541920880640
13153366816929089536
13939812249360478208
8541954770427814912
2226431730373483520
9372312369223583744
5511366361181676544
5850882529421932544
10715411570768527360
8920520761267496960
10853071139614275584
7338494757737860096
8777074711800563712
9572763521721202688
857549582007834880
12195748805826469888
9618114360841764864
9684317807834972160
14101452627452104704
16189723658960484352
11082694072895211520
2956560674022406656
10430008115283957760
13438256039064360960
14954456907991992320
3285317585206191616
7709578985588044800
16633910188571508736
3886228951461234176
14940932541901363200
4490867391635618816
3913350397069105152
5092203832508483584
4282934801667200000
7881237034891867136
3642129213965968384
7459406707819563008
5956843668514578432
3020164090280526848
4554944764003313664
13956439763452899328
1609451880766434304
2072501144222852096
15623664608091963392
17027101982863982592
13771737277475772416
14389999186213421056
1683088206823810816
7016281484201997312
9253042294382551040
9225912589417682944
18330409383567409152
16209071705988179968
17745399781748856832
7566135216501366784
998274549871137920
7751179981646093312
7133740607130939392
7512932132256611328
2418259166352209408
1126174539386224512
13686857472959393792
11578164461177978880
8490277247270510592
14812320683287678976
18115664635786051584
17284494651490334720
2370363135708357120
13622463744360318976
10994128048934998016
14390388712420755456
1260944967989750528
2344526888362007552
9463808557512910848
10693011787499450368
16261591962960781312
13614049584406700032
41387986229398920
18257605275670931456
15704665535995377664
12380800647739987968
7674451742526222336
10289959288502882304
8091996592409116672
13936125630156519424
13439241673980327936
4055791784496814592
2812766351174385152
11842077797467596800
8564439199813328896
13514833091106170880
5278872436570919936
14801740810440540160
490069862446769664
