7084005209433992192
9154354081846727680
17684759138340751360
12268529633893767168
15848461465379086336
6183748390173047808
1199039876234372864
14824721751503802368
10224046460881494016
7312386990333911040
518550391926854784
65165213278515136
8378116285948356608
739312527875756160
3766804426309664768
10552079540319897600
8067954162230224896
17412350386500536320
14354699667147581440
18382499594144497664
12275521886287011840
1770372863311970048
14544526782428663808
8906198652506443776
11944177214471991296
13378013351734274048
10175996833132077056
13993399896381169664
9826919882293934080
14914910572152770560
14652041734242789376
6118453469364674560
5205205663268177920
6150346909353519104
15396875720737720320
5204831841566093312
7685020259305315328
3356295762517038080
4062058187855477248
13962001607978442752
14322969685291128832
16818031255361157120
3055346261535268864
11126318800829612032
12960268908981710848
1844892337692127232
16810747213967538176
1329695234514877696
10680210524903012352
5295745380871254016
3882486344879602176
3561341105847378432
5871894913973649408
7540077006803975168
16718943471328159744
6224184759762792448
2948767049974686208
16278447543945439232
14214210778224941056
10990299211932418048
14598436027119224832
12506282709556672512
13408168111429789696
673318682337643392
2857567964947063296
3400592182235660288
13760387932883773440
915096950177270912
16180553804328916992
2661198672344196096
17069880686273869824
10243398097830500352
3775456619376418304
2232721316711984640
1809112719300803584
9099529706751467520
10254259058468876288
13742956008353816576
1501917438407827712
3977933176421242368
8935824382015905792
16938704048441823232
10051856132193935360
4341540336679958016
13436340030830356480
16576783235718176768
1259567281802605824
5808172998321672192
2970582687401427456
9695639021708302336
15978373635848062976
6277104971923042304
2420781387705657344
17711995332091303936
11706441225020342272
2091656006497024256
9076725628700114944
10628158846313312256
6087241340378714112
4644797183916015616
12538222286334703616
11341632466123708416
3229792860421401088
6411675180970165248
8728338588531428352
11320221800563183616
15270841488320258048
9532175948851994624
6738235146524854272
11819054031809359872
8104053317139060736
5580906348093507584
2137067633564608768
6980317496268119040
11248219090460508160
6332783203457559552
16881968012637802496
16944242194262124544
8244592199922270208
5135531430946115584
10456142068002064384
7423796048029496320
13397559530531719168
8616687312384367616
15820232530049112064
3327663581344908800
130491654855147472
6562659799965782016
18324870094753742848
17115312759567222784
1184984300503899648
16220683977145374720
10296899785286854656
7302598912393051136
17254236685491496960
2779119706645587968
5706338590652564480
10005664408797919232
17061244329358444544
6697727040672317440
6321266784950295552
15350718842367787008
8547462483906424832
11135320556936859648
14478720582180323328
3134240916191229440
8347442503337422848
5271160481395889152
4248936407591391744
17022303103297511424
8760544647599778816
2574838724480386560
13184072186795753472
11319772916320612352
17030803519626526720
13801840558654740480
10734511516980426752
6541759016496165888
1509684964904792320
11399875043810232320
11018011800946894848
9514917229510676480
738132047527238528
17643350616709871616
10845685840518082560
3446182745416771584
8262528309716826112
11796754422497607680
1527897533918109440
1263776506234919424
14130605954442500096
1576176303243688448
14093718274637668352
17586502433764519936
13261626474453618688
805331251290341376
13590248360106559488
3377770428365491200
9148977114019212288
14377096131185879040
2971086928936586752
5409382669410284544
2452133728027609600
14556883272466544640
10858995858574598144
2211550102250484992
1861152990379001856
10329704979820752896
5296752297600756736
11032681267669012480
15029230294017103872
16406425546348683264
17446878516204756992
1040969844668619520
18318860363888254976
17766312914426836992
12753325093893066752
6070364406654598144
9526798318596933632
9584687305785280512
14179687655916027904
15838938502811541504
7167490488199034880
12534600398925275136
6911085791409684480
4586093096937443328
8183924814030529536
3494532951881363456
15495932609815017472
9411457772570806272
8394614116210050048
6246859837419533312
12387049959862704128
8960792027824076800
12208076069974325248
7469598403680452608
11139796959748640768
11065875383441027072
3780935393578015232
308280439738732992
5699239124218063872
11730271611319027712
4050180855857166848
6429563339871503360
2588520688064815104
4035747502676567040
14066414005393098752
5943232514215645184
4960981066882683904
9885251155244638208
3424725182107737600
16073967766328008704
5128656452673210368
15231321705314400256
1813153391871149568
2830890359225680896
12372821458239832064
13381869450425083904
11104796690222336000
13922435464438061056
10769633013889996800
10265523005141209088
4406287824476043264
16662344543267586048
14289400504677505024
17282623091135117312
3579239830693083648
11397477447356960768
3769698022566627840
9103478032991035392
8698337579456326656
14461623691102443520
18057104446323755008
1085993296780778496
6103438526284407808
17695303309564690432
2075561870900693760
16698756571717490688
3190046697958481920
198714763583716704
8941975404066145280
13611408471333021696
1402036758533494784
4078917954450962944
3458984115614477312
14551408573160822784
11771086421155772416
3847017368856577024
10481884794040528896
408980113543643904
12257906024102293504
18358660858444376064
5336186310396374016
2088157317088485632
9458100994432475136
2404922436101275136
17548860988932657152
7520890608026075136
17987240667529566208
6136928226982707200
8892849361299268608
2125338534167314432
3682547665015199744
16275260812771725312
15898182850287507456
9260507135106332672
18222105901122199552
13869210603076335616
5770774316675145728
10712416924097857536
1389279267687709440
8213460108726142976
15170623029365479424
15294272866597152768
1165610740505435392
5610271842081423360
1361790610609385472
13289697256701882368
8065597182547926016
15436204233861857280
16270146217262866432
7702121828198769664
8126371189614611456
17845503519937081344
1637075751341038080
16144874059648112640
16309736719793633280
6311014351328811008
4572081339166826496
11125454486926626816
15076945820492066816
3410838297579127808
9277154194631786496
14625242298229245952
9445559529600442368
8922831041492812800
16195326650898245632
11113194842070104064
15348241677783965696
14119884158437791744
17167431154744625152
18337141371025162240
12781236604867590144
11582599338593650688
7333710617889247232
10433409526148962304
7280333105797884928
10816660178936860672
12619480303770529792
295624759918006144
5466669909443490816
11460425653315110912
691414358434092288
4068600667773268480
15378943476474503168
9562301627778560000
15415657047895388160
2347426277193996288
11455821569341700096
6600640329096574976
15337230121706854400
17981578569553065984
17156718201376002048
6125414338421793792
16844567155166873600
5740292700369670144
11792216023150043136
12501562854671486976
16283242506581966848
16751180679298224128
18418983975048708096
17954687984948043776
834967462686442368
4128089661070642688
18297201752961353728
6523871441801365504
14909643964888240128
15159770579274643456
10697235741727326208
7552627635406650368
12790166755369531392
2748543372900014080
17924342880481951744
11971891681774315520
10416684764947699712
4283507161889644544
15721090231766300672
5376201846080286720
3293540389983834112
9318815075465099264
13310945877095030784
8968610799418959872
296944130787663360
10534070273328844800
13758059331104671744
2751181505344384000
9397438226136154112
12239917485531295744
10823649327180435456
6162030077851226112
2569604555609294848
752757068393033600
8572134011927113728
12373123130759624704
14356790215902900224
9256959936304740352
7400720649475720192
865306180432591488
4064066991333216768
10050210815493996544
6069410975562270720
17162649348714754048
14349584037345284096
4463452423691936768
10643780328834381824
14176905949416175616
8227299717313310720
603277950745374336
11479811578388080640
14951135483105030144
12349134012183218176
13914392611061903360
4412504474721903104
9157480819844382720
10237629269133596672
14086220162227091456
4971525002432936960
2324354132619317760
17212100838249383936
12012096377212012544
6494926781312141312
13267677648600152064
16211327977819488256
9689990107298822144
2376503509239460352
9454512293375107072
4575396443952685056
9239052647311745024
17106385404569331712
13565292999272828928
17488998393514442752
17576453800724297728
10378821012637003776
14708049810590074880
5333523064679187456
5058090820525944832
3480280918176602624
14007162720593004544
15674994674363375616
3600489405695052800
14160694913403082752
16378061613634783232
7837604989470905344
2070218685166015744
18163993389755744256
9548260232856756224
13570143702390104064
15889293024715675648
2312282241340110848
7120672252427214848
6707677273048254464
11606325139423186944
7559841646524703744
17254544719111303168
8257616751423671296
6913857459471524864
16939989198192181248
5416766745995440128
15495780698808426496
3470906127055974912
4447297382459059200
10816397695125948416
8522190548413108224
17264304593219313664
4681735380614401024
4051899293921131008
2169614519381549056
9946378223123103744
128123898140451808
2139271731896102912
13405464645135372288
13118477814430265344
3347251378460890112
5760568196879114240
15188186012808779776
15347131965746853888
16773517820953532416
9008355597319581696
17544143653248266240
17147151234634217472
7957728557075201024
3727358326794018816
16700643032687863808
567000591097430848
12987738962042341376
10972208946566676480
4983217141683198976
16264357519426420736
4081583109360360960
9584898429198561280
6101277458491276288
12027386663960987648
15447816079832793088
15198430973597956096
12866444481228926976
7423470585124907008
8317041546291324928
9628796980179478528
12676886387820275712
16763988482608052224
4782030377572474880
16021919595442921472
1283828959601997312
10188920162395537408
12694082304927145984
13723954961199798272
4235065250301285376
14167074279762579456
8246794380350584832
17454767963353663488
18217514137410502656
14643470982216601600
4626027071749680128
13092988593695557632
16616108172259504128
4265609000165395456
2736656543164957696
1305161948631198976
713417423297006976
6085545019964349440
17789867163863902208
13979270277962078208
14168429202435166208
3468755469517654016
11333161412296251392
15643044265169969152
8298713587401296896
6482094990376955904
8531618753122683904
4005194292190145024
16802602968148715520
10253625266879674368
882156052556084480
4994362563028108288
4170248975900849664
11087361718581774336
13672374234190999552
8431337293191783424
12011283194364958720
12268474948860172288
13010328695575486464
3372662615880614400
12264579622545664000
16138235108036825088
120481176596449328
12719935936166371328
5505485662990685184
6674298310780588032
15093968907427944448
6001775022660503552
11598680422222233600
5568842168687245312
13485914195132942336
14626736091236913152
457185687859699840
17516720429143410688
17625779164760983552
16431364136659935232
1910773386207485184
17830289573620856832
3333057959799357440
7902339180409201664
15110701275319142400
759166574872106880
17109913734463612928
12218178201437440000
15798738877154643968
1437145734041426176
5593076888355432448
17772612290472933376
13229012616419928064
8195329882580160512
16842776833152073728
8292526752581855232
12994648685149507584
11402205090593632256
10317162316622166016
16764377475788376064
14970014383933526016
17337494376165896192
15598640280898140160
9484169938477688832
13654336184191975424
15073561042158546944
3652550655817545216
17378166809548161024
13280116889247416320
14828038148436346880
14856667623781482496
5857317609636146176
1933051046759948032
17855029067562237952
12751123666728775680
18430069024436512768
18067714242466619392
11972355138359738368
7212961490199358464
8259180289041156096
10012673857306447872
4009309451336009216
6232858727990021120
16520770156295880704
11500715899399432192
11494307396285480960
10323983137356869632
8481535928944677888
3736137653744497664
8094907438598347776
10436172807730155520
7976915611653543936
13213948711082706944
2744819164694929408
16204649512138915840
9463339100341209088
8014102183026951168
15658432022970378240
4623369591796612096
14118974391321948160
3787695509514292736
1803859724482575872
4415542251739762176
359365728140199296
6495038427823866880
14421759420650514432
8998401715473724416
822072999513217792
6015533307508232192
6515468327220745216
11107489674269511680
4043064022877386752
5053900063744841728
6946438286357868544
18242733924030689280
10008082921700616192
15629004042678071296
5627850664923751424
16423261793475944448
9439098785004376064
14320592947521929216
10799101394470445056
11347232156128135168
1038401210005593088
10888689209524441088
15560782609399265280
2484003922329531392
774712070555960704
10845012626325065728
2690051698283479040
16653265275675699200
4909113210159105024
7094110166896108544
16017034635127377920
4195756712524490240
13756152193185165312
3156369154601091072
12271711888114130944
10238341914436435968
8114816211699085312
6093693434909599744
8861247181237286912
1479832123292002048
11321444562871861248
12626572036152000512
2879766757454797312
2232386915809219584
4745739011226674176
18352157575123924992
4592672324118530048
6227499593782191104
5302882379835403264
3016858421527892480
7001951084097259520
8347092640176732160
5497039824454319104
6791509736002350080
2291859278924066304
5741883748477667328
12146781193118253056
16688704377411899392
3826594237874187776
13648807601507606528
12761141875248752640
12037188080608264192
3462655102638554112
4111326201306909696
355878039307823936
1560716234295691520
3624150852948889600
9547774662747904000
16448722138212677632
7699107223194936320
6867884995954698240
13699076982842087424
10946596640201357312
17382356427265699840
11569160433600915456
3515317696075995648
1324451379088914688
1847727559521155840
11278012101552547840
10405851430218240000
6087315019731564544
8660788170626004992
12822430946827497472
3486818752655604224
667035204620494976
6669654307148355584
10962791594248433664
12876511973370484736
6997434769292083200
1397502194809105920
18207304414334216192
11017615316709943296
16040840425681195008
16876514092011638784
1887822276604713
71365996720481360
3479312392621912064
3037015706637110784
6530236614556314624
15015974275603712000
176614345053145856
5061207324834972672
10049362899484778496
16689201215330158592
6547807154554342400
15968772596396816384
3631295085140806656
12107172242867173376
14446319129138219008
14789217561777610752
9110436289052071936
13759567513924071424
7956952618846887936
7068628930070638592
2661927965076934144
15177753207468793856
12835206209107912704
13800628843214561280
15442555027837691904
12450415560352694272
16578783682768412672
657774374710120320
6288196507296433152
9106018451476582400
16598582282344613888
13739280972763621376
17939871029863413760
17297496173276665856
4945488702839632896
16095366774859034624
4869493862310825984
4502573000232428544
18045804980663566336
8973489906742656000
12529695962443018240
14545231754762162176
10858295657715527680
856203505698930176
2204940250300660480
12579010729358907392
7202209562289659904
3588923315299766784
10958623162871599104
11952649918818183168
14593509422371657728
3852587091184056320
9714933314549676032
3908236934800626176
5591361806877816832
12369222483380021248
2808271689415355392
10318219588754208768
6761486934175509504
539004761949163968
9565242735823118336
2161063076895298304
1459408131167769600
16596353122730577920
2225591318003344384
6122171436886623232
9041438398279776256
543995465805797568
9399559469233446912
9038091860848513024
6754606305304653824
6842726523204023296
11988586953382948864
17066004332839397376
18404652867963465728
4826275737835108352
10370765622601693184
17562215327895597056
12519478539992911872
16069615451198529536
6570981488139995136
13361018321744179200
8576838390774235136
7879018484011317248
16804029769037690880
2600921501186479616
13718599649020088320
12177594071297101824
8577932088385256448
5676106610502525952
632783718775756160
6217978561642845184
17087537408322199552
18208685579337783296
7803767737745307648
5258646124467325952
13713383606810109952
4517624993360601600
3723208328194409472
767494591428545792
14634109958350917632
17691519767974305792
17596109887642701824
4036653460042280448
4778437190062151680
14607803550122840064
17468541391305689088
11022372622049619968
2584536543381739008
18334453313838036992
14076024582829162496
3172511470976083968
863914961168595200
17624467384064417792
17087538338421239808
14150357694151192576
11452593099347507200
12620197979787573248
3833929099433640960
12891008713174781952
1357558857329835264
5140527418057024512
16063149025511450624
3305555966668969472
10189887739985532928
14979654442230167552
13064942462235734016
5824406789203665920
7410261618076909568
5248582794063963136
5146670559780418560
5572095668107217920
2708332685419462144
2278146646056457216
11092546099259029504
2928034612512123904
12850983055122419712
17254230347327594496
16924842928606865408
14363637416035321856
938690129364363392
17810432038342565888
1481496977642446336
16833494288903749632
17392123646675494912
16329544458100807680
4691736069851229184
3676767296367696384
13653114050602610688
15564490620926693376
12185218236579530752
14975278259006437376
16015347152079947776
17395544196955365376
9507328410069045248
1854322705987723264
11335471684325851136
10711874384591114240
17886611962206255104
1798130802134417152
6089704789906840576
9947254904412295168
5330601978130982912
166168092086285664
5681306137409643520
2156483110219325440
5250943453880863744
1789776122065014528
1698617579690519552
7928247763873911808
7657943573208073216
7564008451307547648
13718628139750930432
8893583758053601280
747944434165195776
1941310138361536256
6485751274359737344
13775599901819865088
7496621941258490880
10886081468841248768
3551952482464298496
9516468592650932224
11742808587413897216
12496766832644915200
8144325932538121216
12869886023158732800
15336921750561259520
6574232569304906752
9188745799068827648
9043308016187180032
15418853791351928832
12005505393385715712
15309358538370076672
15806188577563490304
13772794028796073984
5321860564262096896
8659839609573749760
7489862425373671424
4581358438308632576
12742127227522689024
13865855256140814336
11100963872911781888
3417681937192280064
10171493616016377856
10588125454733516800
6722192963664745472
1464020747971042304
14486807564472758272
5470437321811730432
11389959172631713792
11190152213146982400
11485596553778421760
5186941021931219968
17315455120449693696
9761411012712925184
5599623587722202112
15579234019345037312
12802662738047152128
9853422353165133824
7368536769434550272
17254910459553759232
3533354387165282304
5309304785340896256
7962905127476604928
2013503836210012672
7375190172724757504
2694186533899216384
2915574576347008512
6214242277885473792
15843838062223054848
2561871942111437824
7186024281892911104
16766736959776483328
14149247361258946560
2662280114318093824
529672022599661056
5471247847893856256
15889331868845586432
9593900921023322112
16438567778306543616
6409603904575062016
570130878829808064
4033517149723779584
10697882153510084608
17450771993700974592
5372937805647888384
1025260580907715456
1247115729754968576
15148689839706888192
581813460462046464
9422531495718465536
3389343143440003584
633238915427137280
5410868776524152832
14930223247360491520
8022022496897048576
16353177364637403136
15170872442535579648
12065820791976955904
6417287438867318784
1349032343905979648
13064789921885722624
8142975833326399488
11054804991846477824
12131371700570046464
3375081104646089728
14239389432737499136
5759004127283423232
18397362426447738880
17045235876555757568
2457879051790373888
11814790984064522240
15262539123809538048
10900789094496014336
14859093670730917888
18009297381285281792
5479391280188739584
7063946414563529728
17812909902191054848
16511691125871423488
5216937826576182272
16186747127186790400
189261258950250080
5821038850319682560
800611551639849344
10953644607441577984
10637397212988432384
7526906111776103424
5614827073743080448
12222247147290429440
5834806725745857536
3577015246819971072
13652819811624302592
15054688547020425216
5363407261331181568
