11437779658708246528
15041898157170214912
9712641727975315456
557095763601514560
13840479616301916160
10685247179025373184
1277959812454651648
8257957578793430016
15714777270740416512
13963571013334755328
990159440857645952
11715467009251815424
273895201678908672
5210381273928676352
17647308259350925312
14893473652549752832
6325595954575961088
4052441184619746304
10591873971526103040
1375656833708911872
6428503886971298816
5888607313004521472
2571381881292515840
2185251776533140736
8485132459182314496
8064938965251747840
5805525272599693312
1420116948043601152
9278028110201669632
9996847421509304320
10499424464975589376
9973337246096988160
6400500259360734208
1787131440768733440
3554678752352230400
15169728493963603968
11871724605802514432
8193930193549578240
9493935551711928320
7762753294233336832
14099485954900652032
13799130866151804928
10890518989263996928
16668908116851355648
11479383179058194432
1111342680405841408
16427967888646152192
3232096833805668352
3947080863164955136
16375288318759006208
15160630392365457408
8577172132164147200
17969056897773305856
11918085500516206592
10085882522070067200
9168222861483452416
12586248735827036160
14379197189940287488
2247693804810928640
14092144940605224960
16984521755703056384
12598314953966030848
14163245746494429184
11061297420313520128
3019060258287123968
15349681018878179328
14702861313772597248
12054269661632602112
4633633787513168896
18130026795939862528
16768090526936784896
16044502986661945344
4403604182085809664
11305224749110726656
8462173078983970816
2493975658380174336
10097566579884584960
15014470146410067968
1338658717666042112
1675777564391182848
8533074264650368000
12227509248018096128
1685801718640785152
4729119288536847360
11387384348738633728
13783870486266843136
10840358591294838784
15026028663788222464
7598771367932869632
1976907394578860288
13190718500529901568
3311988059282909696
14265048211402657792
13858264734698575872
9764891476250564608
12279750540655464448
12037050863593267200
15031066458090162176
7556595366867004416
9692290839472990208
3858173112075336704
3179003400643576832
6046243769659181056
9351540171093338112
4554431297322825728
16748876231694927872
15606282276307318784
499045580115595968
15573290822557163520
10185801246598598656
12405024961808144384
18299295807976017920
10340476231370672128
9104336992687771648
10588551348541061120
11641553418767575040
16826804591185958912
882858318916109952
933826182667992704
11074417868618698752
10478097228735600640
14381709668931627008
6841697910443332608
17463027934166196224
1958230299209691136
18171750863142037504
709275284088502016
15757658546592960512
5117518757901952000
4032534810406265344
5080354027110119424
11257347314820245504
832632186423937920
13121209773656514560
8667658272875845632
14210570261845129216
13935226131422830592
15936501988405438464
8258410114158996480
18100066089906184192
11945742281361209344
13887891930754506752
13349921834683271168
10507600907426426880
6058957992546548736
7709682125998746624
17451659940525942784
10382523779217205248
11611919856215388160
572875551874574848
9082380881498181632
5371091944931612672
6161408420031630336
5293358058807477248
13153265564142417920
5921718276859216896
856728786903598848
5673253771148244992
2561575824552130560
18334979900556337152
13218526965780545536
4142801158338283520
17454742323295651840
8921453726789681152
11629378083089328128
14105417750079479808
5429512242423949312
239793327793187328
5001098727443659776
4170768491743060992
7439455520208702464
2857333220477078528
9580433561099020288
16921176660539328512
988068801653557120
9475602148259244032
5262997775386449920
2549805405025173504
6301062738025347072
734296213650322560
7824786422695214080
6454375552024561664
18161952532416346112
11788922536113252352
6003677526357192704
18077444939163627520
4535769475211719168
343626387146829376
15566076863032731648
4194731421337742848
2444635979004679680
17643781287720560640
14827925982963091456
18172830904122785792
623954143130582528
1136670814181622784
15857125226337103872
17408638071463694336
8983763902855371776
16575400775108767744
5258465105174606848
59505970955388136
6962283882359315456
7110394200509501440
15880355245198862336
6937969013609772032
4978103122082924544
10388241408095522816
1786191666093777408
3988494607652120576
5508664147477931008
1742933850816150272
10760036120893351936
1201239289839603968
3914987814795333632
1788284943893282304
8555558503628229632
11310298440703391744
8708291653558089728
8848677517722259456
14869745528653469696
16225528072387377152
15283950310887272448
2344927544260932096
8956931589085196288
16691385209722652672
795978991814005760
11369265035768160256
5557993098577309696
7234162261260177408
11993794516161390592
18253332579398545408
2937823018922764800
13786690966697308160
3909271850068670976
2241110979034966016
9630909838141054976
16566488139844921344
17380158026632271872
11062287430457911296
6763322025956890624
11902230292555149312
6709693788070072320
18075005407786510336
599618817990378496
13671980243890798592
8796042822388180992
11524529119539738624
5147295686617857024
12537982005734135808
16271946622918854656
3220469603732256256
1779755860281302016
17901430204941977600
12034408423701846016
547751988408181312
7782649804367081472
16717018968305451008
10667105774675707904
7970332626952656896
1563682605477624064
3754837811922586112
13157680954038759424
5541539455418898432
3151337943165517312
7340370357352776704
10009019244165820416
15841422957851244544
13569364100169811968
5567236360726210560
11456515437183035392
4634172959393492992
4188853755025986560
2316010758607865856
3565077674758592512
4877191127824648192
13738705830377728000
15951266581284374528
15134923033669916672
5293704522238942208
15643581069701533696
14138593048356245504
15794125131762481152
16493745729323233280
1489276934744018432
15294039652538173440
14744560445006440448
11860885856224403456
3255605472037827584
17919279922700890112
15186894315194712064
5428181500190902272
15530158956636024832
17295493359810813952
10287212277678565376
12435657225284157440
7543108256881895424
4040838394126785536
15070464453259411456
7775270741146983424
2980438979209139200
5649548368137334784
16506690575063506944
10325919190668953600
752720495237759616
204063084561970336
11215887111179683840
17452008134061248512
10242722820825833472
1750581515496381184
15630873557943937024
12489561042714281984
7309713119546249216
4355439808117812224
11103887582511339520
7321327877183151104
16872780032887328768
6228825593280010240
12596790624053741568
11543053657579571200
13687993163610298368
16686147050161326080
18016334996424448000
5748242910449810432
6067433115827979264
2223727859535032064
238219276249394432
15805318734428121088
7653611711539341312
13575457938552014848
12814243931062743040
4505960571727545856
13669889309247901696
7164982665485766656
12897784264420980736
16343176281901219840
4808352466134779904
2673486135739878400
9024519433838703616
4644139879368215552
13012079283998498816
12512940578716848128
12734917698789472256
16203468285111484416
14477047766370201600
2112432429784549120
4199798705956606464
4756472230999838720
5939430148251873280
13217770440994938880
12189765621682331648
13878387324837052416
4345510853800307712
8056226257544069120
5672204853475509248
4722510688474639360
18044411762781786112
7628361413717777408
7289103970101282816
9028896251310737408
16565236338008725504
9551581376951404544
15484911040958896128
4263082017100061184
1272514389904348928
14710206912373047296
9876839100928411648
9419558526736398336
278910002660468224
4753955915944359936
7525475467037548544
9905811698944055296
13084301621414506496
9397374119892578304
822177877185453440
16942577526123716608
12884236207491153920
3202099819340385280
12148163348124151808
10536781057240317952
3293676532736905728
8155970049448765440
11089086255104675840
8780761312684740608
17162297194233452544
15459333052906510336
17094258241866065920
10172172776884164608
12583280390664460288
11425761734596546560
3181828476146379776
15180387448245071872
4925248319799187456
15743693417568411648
11418628716282281984
7389634141450815488
10086239258851401728
15237392052889405440
3242143292219196928
14582370178223650816
3975516394240447488
170101425029661824
16730211289167073280
18001846786976317440
12518808892981284864
6172431132415139840
10326698855146782720
15099510160361809920
14636771625987368960
4090078999399279616
12798669356295464960
957255115569975296
10870645695372695552
7282290303638982656
7894257878115856384
11925911602347786240
13680048836700026880
16737591366092251136
11654989224500285440
11846792726894800896
11000110805702051840
3097711686136867840
3737518919824374784
7031514802658647040
737724048689623808
815356111487027328
866296404182303616
1624130389190456832
14245196940779667456
12555341689600393216
4794827326200143872
205660815762471264
14277320749080000512
4365953221860970496
18387909022883790848
15111300502619824128
8368001929477166080
6773591567864881152
2078446895880267776
1689899113718328576
11430573317172295680
7005551803738341376
13551550120487434240
16882397279635748864
16731590580606619648
17147214886550130688
1819420796113255168
8263574163658305536
7784225427905228800
9417274021971712000
5884866265146738688
9777175104547553280
13311572273014304768
18404192892706990080
14586065720465909760
9925472843056273408
12971745963913039872
6370708279032230912
934348072665707264
10194773300129187840
13623628577766182912
4508821861264397824
15433916343524278272
13979678399153358848
1800138797780248320
1037985734697133952
5087162253632876544
16458922945920712704
5472207864001222656
4072565895563795968
7052495111690588160
18129820365554180096
5477292412368443392
15603556016496742400
16586662789009606656
13224043176788101120
980075044059859840
11923384622456178688
3125821104534543360
9773414739912816640
16528268116915509248
7795518960238936064
9652249121280983040
14941251680397455360
4496692539719724544
17983255089182060544
6728602556989701120
5225284889046799360
8139119470422580224
14296936800501045248
5469047249508857856
2814125947452843520
4816002156849625088
7262890764349890560
4783291076653965312
1821649803690508800
6129032342431521792
979240558264562432
14701285617191784448
4882703066681731072
9042276876370511872
13116717385418469376
16589161764732647424
11241570816690845696
4873998372699869184
18440098670911614976
8581989025968939008
9300870138815977472
12013492838262976512
9647926616685119488
8597579949575426048
3373074206422724096
8213419355693164544
5040086503406170112
14770990358272276480
18133508359570620416
3714750283689720832
492184605871118592
2057297238558118656
18241556132771174400
14346028551535167488
9741443738979483648
16263161868591282176
4515673638312297984
15101081383130148864
16309542580231714816
14585463551400865792
2831034888274693632
12730782279198367744
14284990329980131328
11268900585862246400
7736637053314611200
18069948679788625920
14007449843843106816
2530800359103385088
8389197838097390592
14088852277327235072
11188225658499291136
17671887842667956224
7314122423340616704
5071216413924101120
15824140405320179712
13520492495759036416
3440475847524366336
14178615091126413312
12782566418272514048
8406348966506039296
17978858789580081152
15006591512750106624
3502990479429190656
301640847605368896
4212023917754979328
2253153477297697280
9816267048667201536
2888562654694717952
4223042092288861696
18253898280462874624
12021880759072116736
6856716731857088512
15596760815962372096
1828913632789933056
3459250768607899648
11932480511977783296
6867217647886241792
3312711199280755200
3855212231769228800
13347969759894444032
992293336617945344
2437371399579712000
4010969108517490688
13627849508925571072
12773281882659735552
2745914838350453248
6296509576011960320
15362046701991299072
16710779323296411648
7090402758423270400
5451188508154530816
1577317587772816128
16113592819370149888
15463270847211964416
4005609909910008832
8313983247113812992
3516015264784750080
14855655072496226304
12540764276480047104
4861898835997588480
17953640307489146880
1572156793897838080
15073203163560632320
13139590614361970688
9255410426402195456
9102188764027409408
8657341710593164288
1982591361768218368
880283786475448832
13811457333839982592
4627393273078326272
14038502092983406592
12240792284585005056
3436184661830474240
873103607825588864
12308824257107757056
15148670635981795328
5284662233597522944
4750168402069085184
17674415062637017088
1645738278021148672
595943171393587328
10857200213121970176
17006000871690061824
9006864254173173760
14363377444631498752
14871810253232449536
11735567837732827136
12285379892415311872
11683081089724278784
9671060849021079552
4872843807560663040
9148649780667951104
16313686591946891264
9040113808427705344
5637978267617389568
6532830916619992064
14527016770403024896
245343324444694944
15431286281430018048
1988776502507396608
5650133926924010496
4131321393965881856
15216107075582730240
3448895316698713088
17806179414779068416
7363419934224651264
13412145920608534528
10202603266533244928
14840798505391646720
2444563482126150144
14092117142566752256
6761163708882834432
14561919728008570880
16631572868786380800
1099709461936500608
6025114026893888512
16157760149004681216
10099081817369505792
9366213937046097920
11735939773187123200
7971047560919832576
3848123938168732160
7543619820776701952
7147590462099174400
17201721651155349504
9536606370320279552
17908627600673404928
7797870529815011328
10499536558410237952
12304035837930864640
15210159571495845888
4605905700272411136
9402467456501719040
12164363915327612928
17649543108246986752
5451405401364537344
1914229552779607808
12351318540886941696
12344445690864173056
2782008429260400640
13461075471946846208
4399232935204798464
12824270910872467456
16460377532055867392
10001956943122341888
6541501478992604160
15232677012943171584
5366959073886005248
6691314596922902528
12243433011868893184
16632890340468467712
73384346954815952
7277758488096944128
13296424603291197440
204095850754107168
4464052712868216320
2412563700539108864
14804507536758452224
1723900472505016320
3012250591251103744
14989538121302624256
5417010622854748160
12912057495995482112
6831015216576844800
8026821790072670208
16881678386876385280
11304721144611545088
18064720761636173824
4543745520339296256
10640957744451952640
8900905010999852032
10492221535942942720
1422948346588120064
15863558069772005376
12728618960964780032
11061814535699953664
11039693899613435904
10535719084183668736
14684673409827205120
16854711923876806656
12847419286419582976
10302390809770131456
3479954093643136512
846909178383548928
16538719996603320320
15254799309587838976
12850444140109318144
4636819953093053440
4090288664961056256
3624495666661792768
2426689127139322880
8552506905449805824
6890085431695354880
1180164446501138944
18319596688606865408
14720225911433912320
9830617621541830656
9295388460126394368
16007284735586189312
14018573315264751616
14430063471466401792
5352370314333513728
14529792484087748608
14329223874821310464
10836106058581911552
715251228603219200
1362530449532685312
5146497058980326400
17838862711247200256
15863483068804300800
7831184744547335168
16113567362420051968
2970999792962925568
9535286754056318976
5457295599977214976
16912519449757831168
6013378071206945792
13617344246030428160
4832960612497475584
2986985904933926912
12713715479140448256
108323075226340304
963059175845996928
7186919848832536576
11067757397940703232
708789953521401728
4412299085429874176
5508536761696641024
17793586722112387072
18014556170636587008
7158021003561950208
1564140016590353920
6094008135565544448
10160127106148409344
5555513453674656768
9422940995387617280
14731826836676610048
11380259912778065920
13827484099871907840
15431289523234066432
2361550337238166016
9389908580981211136
18442407478806509568
5911747283153479680
4020271240192796672
14430494038781304832
10224839537959243776
5409400868339590144
16310339428478330880
7797925803727571968
14331684271444037632
2703729982469271040
12808853108998471680
6705581221576621056
6813020280922508288
3760301190905847296
28210431882250260
7925647510699906048
572759214279935616
5163659937227058176
9036605246445750272
10961230940159979520
10128935575659014144
9868555438265368576
3234636306790485504
16154673438415241216
9013599016765967360
879177235317439104
8340795240553833472
8511857007308377088
12994758295586813952
14039981090361065472
3971002411391462400
1679227883714864896
7677048070962094080
6161155120240471040
6372770351032428544
13048770047792461824
8899712721815162880
7008646872843267072
7325759676702930944
13224541584988362752
6293169616473542656
9844616930045716480
8414968909653192704
1731475498442145792
15099592433262768128
11146320606086574080
17523012161279809536
9648545396509888512
17411591042048098304
9303025263970441216
15615746004404283392
17348704353309917184
11177052234003634176
16044345129389946880
11920859499939594240
1245319895257286912
2356132424594824192
7283498430607654912
18144884943792830464
1935055734753208832
9703870109617152000
11597002628630927360
7032854479894556672
12338686848240097280
2998394750897810432
3607610309210404352
4016880455433059328
3121312028919389696
2888233355754032128
1246456792609975552
8151944099361653760
15209390181397401600
2826796547281697792
16735527796595742720
1923734360948843776
2389056747336505344
10863381207932104704
15040741103896348672
12949948696213516288
8041390894384327680
7981080247901223936
13324628564621985792
9511783506253303808
6786688876439397376
812901384649317632
11631146634989447168
10576782547420567552
15139223899810789376
5031827530252918784
11399077565040119808
8537339760490957824
8653744977050420224
15266535045784340480
16455692167233363968
2235366942686742784
1713457874194309376
12266845082341412864
14351905723557314560
1729303178969657088
13321133236626137088
6223958017248411648
7947370893070817280
3159442814555743744
6003740132751526912
13760769322179069952
1296657720235523584
15892242045262469120
13429489308780263424
7839778654152342528
15290770915118145536
1034934864584822272
4198165139125246976
8280786460548745216
5873679459195646976
12519150317632911360
6834109032644932608
10298741288202004480
997735418118716928
11328300047310409728
16002575203872479232
12429803654442184704
991095481775869824
14556521405610919936
14858697956046452736
17585798738737311744
6404931273920553984
15945973681120393216
9055986666951483392
6252897222602909696
4240187329830793728
13601424168218253312
2686073779737914368
6177564810881416192
3324916609835416576
17840768231726798848
6720222103288765440
13975684819412176896
17574586806991529984
18208281419928950784
18138987042037522432
6140262719890187264
635950613485902592
2386092559738180608
12876355183541813248
10751655864056844288
10488250195513403392
4981831603405086720
7684890158084055040
18126544873199616000
15447469317940166656
2670450099321774080
6840631281281998848
127015998954117056
6244903749978914816
7008772880438648832
16207654074424584192
2475602658657492992
4701683857953369088
2279729482278723328
13170951960353921024
8581457744091961344
4284312940229899264
770427457685673856
12242183422515775488
15227897452947849216
14423876675225061376
17541691143114153984
9722105078422472704
846525901002484608
2801984868394127360
4034913748027498496
14619508605688285184
5200804343900435456
4681432564583983104
11144152336236859392
11721654003969982464
833570184350349056
1275850757716620544
4435299679608508928
6703711792157376512
4794604773389851648
2878766046708601344
11364794052832557056
4594316017116434432
1142236452403747200
16696676902284677120
11870188562182432768
18069310829481553920
13180023273638518784
12423492640838672384
1211565667132439808
796990646697770112
6006630257915741184
5189433001590574080
5501265081129067520
14849562904049334272
13160999002929459200
1736213753490909440
8970754059373104128
3825176859618537984
12907518555899383808
8835731580823307264
5242234804773837824
3491165543979781632
11105167694030759936
7821515772082393088
11740800190136160256
1528522413041507328
12249453442047873024
13697305570214217728
13418523437458325504
13423456428534444032
7270588064194318336
13910811261729265664
1371185561451132672
1997788533509964544
13504192920838096896
16224895893657675776
5497642470790885376
17226955714327271424
1693898651542062336
16833223040740450304
17307906488833478656
8982480238707009536
4895192922972156928
17311645481417822208
3217700974227429888
9113210796078627840
3298593726768004608
17258619892913571840
