5265241364855474176
10285814312434735104
12039172535373375488
11970693841559924736
1021100378702087296
8486223640044409856
10702735089927297024
13330718086562707456
12449967513523980288
521041449134017600
470312476621748160
13072501673664821248
9207526461056449536
8443395085904838656
14199280201380208640
18238109138600419328
18284593120256278528
5961392287696015360
10549703013814800384
1299311740332504320
1102769004076250880
9943769315136325632
13833457453137625088
638404666188788224
7121953173592035328
1325705537136367616
14649433978756876288
18377719531510159360
6962896923117425664
6943854092352165888
17110094282974150656
13352908579661643776
1556018313478007296
16245684903114164224
12134571528866437120
17070867112538052608
15850924734393745408
7017786604555153408
9222953877274139648
2657461219806466048
9975858099288100864
5735807529321462784
2841101561870227968
13451723457081989120
5618777361117681664
10614466564383518720
13681505310258225152
13909567825721618432
10851990943684683776
10868261148560875520
9700793866778023936
6824309946236527616
14841461836566274048
4155381087087924224
3863257439476760064
13252899096266780672
17616000707754856448
15597339686529329152
15326705851876280320
1328384768297403904
17972702926000861184
10727215774680567808
10147194768252725248
13571045159051241472
1365819928061400576
2505598429067741696
11206730746057871360
6935206976409843712
3169080187409849344
16888961395604959232
12417058400954302464
15120474304928135168
9301043134859253760
12007610584096661504
3597745231593176576
15362570292393353216
7771230137334194176
6048338670744053760
3093615245099803648
272545797555349440
10465631587944194048
5634859269177589760
663968351260914432
12758006638287024128
4449655868294264320
961672598818608384
10609161547650553856
12129339456892702720
5170118806575737856
508674055728520384
14156147901389488128
17380371652166682624
14959751142682777600
4670266090779650048
15377983534247940096
9240219245574070272
17281221182347827200
5826479086297999360
4328874657181354496
16937270081835341824
13838729618570240000
10295494765607100416
2279910787866400768
15397166410124048384
11643129002161628
3671005574166578688
11367338422090907648
7319329399602798592
291305536093143232
11193749749770004480
3265981305624286208
4088862028168076800
10312621594084130816
7541827790505996288
9545947024925980672
11211321986560075776
12069252459366932480
15672128733049088000
11140672406982207488
12720884675365672960
2999628203780011520
13049301554901641216
3975980772406909952
15953039684214470656
3071737535708788736
11049625768165865472
2171926968968132352
18445880377646016512
17319269357281411072
10798927479860705280
3938687949936228864
16312830853973823488
1788964891503166208
2556471833095357952
6178176640622244864
7320933220656924672
11031416306528575488
8130184359461026816
8310353995442367488
13146997736867284992
15098922207805790208
5335892805881816064
1832100643870335232
2241808738225245952
10915334464756619264
14039996913617307648
4800411510067795968
17937759654664417280
13699484969256032256
15616398830704713728
3811352434238333952
8952523251078517760
9868736426555412480
14292884592826216448
16647367037523763200
5308125767635477504
10429336876216008704
11082944344445829120
17218144180211503104
402991135329935168
1975832145106225152
1054008502179801344
10962602774481874944
8001422769627670528
16292157118154076160
5449832631297612800
11567249273663932416
4559857163052334080
12507484464632229888
9113742984761818112
11157815692416272384
2119319821440675584
12649867429409173504
512221188100677632
10819842258473279488
14517183480693641216
903578614847157248
15432073034733232128
12929063087238948864
14363501055141548032
15844601039820603392
12663375766689132544
4127322282238864896
16292452112833167360
10368508782605234176
18135343983831902208
12110484581219706880
4151703041611007488
3440234729051572224
4755677748728521728
12844533762491547648
7548924857717939200
9989905866030282752
3905529484283689472
8226978049443160064
15573450001500061696
14883798758137919488
7880952544152259584
15479809442556227584
611990881256848128
2431110332856209920
2300479869009833984
12384084382690584576
17790460753790928896
18386066233825333248
9644184351249248256
11743833477955344384
14802244383227873280
17411226326378166272
5054149986650754048
7875857414843804672
17994152702093608960
11609404887180562432
11671796166276298752
8253501992912758784
12991570042189187072
2482164071512003072
12094068368791105536
13701185460398444544
5753801239528864768
18136660229176348672
5688628328919883776
17778815620328263680
1376247877013874944
5252115495878418432
6744287282591272960
6341096250164432896
14833291166012393472
11997996786315806720
4362418764329315840
808669562587595392
15774004851266732032
15755806036828729344
12426980889703034880
11683823700696719360
16992227509104750592
609509646868345984
12702415739197499392
11861939828617259008
11562471046476103680
9013046473357767680
2730434312007669760
13211616856972681216
5422439772901148672
628484954074303488
18146056306087006208
6235101979294617600
6169607692620384256
11072566043268179968
12193360779720650752
17133237419162779648
11011578406243966976
11511066449789304832
2230632708581391360
5192605443571933184
6960375387594350592
1795005533958106624
16482507948068519936
14743769872889186304
176802989280438944
3786052158745019392
17138431912272025600
14995490163548004352
10747054669453453312
8428806376035701760
10527200604422227968
1538427828941773824
5129634954723720192
12398667073384716288
8543167591964307456
4630558269794465792
5148261770110361600
6288661513862541312
17559525786969718784
835337684679747072
7444124144409354240
15147560329233367040
6680976742557328384
12382699070491791360
11922642469994084352
10107331539033135104
249352440795349280
18160772038035644416
1224408894198780416
12382118156677212160
1522852724140181248
7268471946650929152
9409712699029125120
17106010521101821952
3602799966971845632
16585160301563668480
16611118733056493568
10931648858892486656
3238227373218753536
16438638970020759552
7239872779717257216
13753050549964843008
11030668084191604736
9879346173928845312
6080215567673800704
9735309683900424192
1674211504263039744
8414136262945510400
13739264648954933248
4986754529762104320
1467635354969603072
15620313118570981376
14862826341803778048
2752153375905216000
8946113858888474624
6293650445277282304
1833865750057164288
15416709998187796480
2149208056339947520
12832852364144666624
15431765074836310016
10023809037260453888
2205826512058086400
2839417376738710528
9741439308375582720
14397160760272406528
15618395354284558336
5425358730124152832
15472365882846015488
5909926326082093056
12339095210180575232
7366928465837133824
6426950989488982016
2723058753449174528
2647880070341304320
1140401598143427200
17939630949006247936
17764961056092327936
8661863471136440320
332343642861500864
7691452385329188864
8570279420981092352
9915182840956936192
3074282168863408640
10224468777709754368
6547212408437918720
15968842440838270976
3146693741141478912
9392367977190588416
9101885637250748416
2204446664631131136
8041821329830267904
4176335602867588096
13457705674022688768
4951262068117468160
1787592828849138688
10873141192515661824
14625211816484237312
6682809219220054016
378270043654806784
5504957166592594944
2826089027390354944
17814648396683757568
6962294903013183488
4962345239241114624
4700726066576926720
15888575093533556736
10248280801816018944
3499826655432321024
4556343630461024768
11511470970904541184
17935007386040915968
10300075017494589440
4788360821952307200
12754739029840048128
15338764096981694464
10065250810647752704
15676964713051944960
11614251132533796864
5999723290551795712
1700589217805169920
3352151936436225536
17052014277031575552
13913280505443002368
9526714153727502336
8370657337839079424
8986394867704753152
410903903873339648
14225122903415701504
3234606662197117440
16049411553279477760
15410380659075813376
10464653426069127168
12333665427628734464
10093850773706907648
6067840098088697856
13752387401068544000
8821986922399354880
3514007780485837312
4569824052177105408
3230743036871760896
14877036536190312448
6869797890432695296
6364162002485647360
12252976012540874752
11930219805845401600
6685326747141710848
8871971204308481024
11467929768517003264
14579185646352994304
13676964556605808640
4829481188077059072
9017397154218711040
2707592296379370496
11304845800882372608
6120578327880331264
8511120238597548032
9494452925887436800
605841978583586176
11561154036824260608
4049439317031646720
13557952718042177536
11096893417602265088
11295510624929976320
2416511173251964416
16059603871417677824
1195566722595960320
11504161020270860288
14079738615943337984
2710913645404678144
98767479382783152
10684233206653929472
14571811852371838976
10442978268040486912
8744128805344339968
8387706906351599616
15233261289810143232
1159412366186817024
1422172623051435520
7189416115736095744
1210882854722375168
4483671377766674944
4651072838046041088
8371298583960340480
2449417200737850368
8928158819469509632
12934921729724782592
6215849463999801344
12337280164631351296
11721418650433382400
1050528814772485248
8623752525966289920
2892420231902495744
2946625553327121408
2517005476341374976
18392665572836554752
10036303083116275712
1834119214580154368
13755545770998272000
3616843751100440064
17205900428483145728
11968903837521682432
7410991612746030080
13347747473003466752
913629526224433024
5513874144842912768
17985621077328275456
2695330885746382848
83745105600505152
9526881416982417408
11489251564150996992
7438916521425642496
16320643110405933056
6585388533571019776
3270038416607886336
8975280034600352768
6742033642604560384
1365222986285011968
16393868370836123648
13617430211344101376
10553108111679719424
8176079107452057600
13146073519045230592
13822352318751739904
47748484868487160
9969893843480135680
7142920408993382400
3600019815081020928
14168146905168394240
17820902683344658432
16941824245147017216
3019860103314392064
10473474866820761600
9971690077214291968
10965912131705989120
9096500759215911936
954741398416639360
14847729890822100992
15834580528980703232
12400299441815660544
11391620486193330176
12732137656590014464
11580335258701103104
4867615037843847168
11487061916221790208
15171256928070604800
4068890321530784768
12155145221635391488
16771887612773664768
12924636201362917376
11838015489504202752
7896780554499388416
17041337875105323008
15234715269501100032
6883437853436300288
6898835561703804928
9737948539132594176
8903245958248763392
12495926101020745728
14840491004726939648
15120570843774730240
12775854229167161344
8133391054733911040
2785764021746753536
2751211638408033792
12980472847134019584
17182911235168077824
3739020431732119552
8401748658437057536
2731124636764574720
12666528734568609792
8110680362314563584
11633893203585484800
11315832925380984832
12280686489998618624
1927027925697272832
16486780980702994432
9584552860294551552
5082969364865612800
11951108014232729600
12297714601013108736
12819542874468317184
15106775957975103488
15150333972811712512
16492609448376924160
15575265210051979264
3448449433093044224
1662432203137327360
15116777009542430720
8929940514983337984
5680494433617242112
1753028131116260352
6111695853114025984
8255194232122187776
11850773387060496384
2869326094904843776
5057355384164644864
15815596807449960448
5084914397332155392
10111212152369520640
17975414614178869248
17260261677026226176
16387562915655700480
8977293091874249728
7192661661373278208
346904282832290752
83105548395490928
5052845252726639616
16375031141019475968
15763064857688659968
3634718943415577600
13963866837176346624
14109275970587881472
6278371527987551232
8306269878523527168
14490842033545324544
13048002433922678784
9707638323118432256
4220121306343422976
12665513615246753792
1729840302712468992
10665980961188954112
17656286871820087296
1498827922197432832
16332275125719361536
16843913820499902464
16272939902634823680
12632869743249543168
13609310794194073600
17785978316828194816
3068715407203576320
3282011049391734272
3636535594795205632
3158873179258861056
13328184540244287488
9631073044243044352
4054233203106921984
10028463994253436928
7565760566297146368
16194295644017887232
9318119757017841664
1203073577300813312
11973261234944051200
10054901774870212608
8086923970059683840
10506052192930519040
12760925104227590144
8288986007966284800
6624855366723512320
5501077337653425152
2327451910844458496
10727893772227612672
14629122187908954112
3332001840537967104
5285676239728064512
5074597682379400192
18319443183439534080
14181358393485445120
18008653716918116352
2117119807983592704
12643482865141131264
9005881637741863936
12611037344172734464
871590097662029568
5798896469814785024
13720943213518481408
8935776704986744832
14239952300332935168
11610952283616647168
2032318359146166528
7183014602579137536
266493051897693344
8899854927663950848
10398409117082812416
2114786570545389824
11682595053879181312
17140603802828435456
3586567334531476480
3136117188525224960
7778228373347250176
2207239704408888576
6213378558059583488
1724802862443834624
1880455583686635520
2103917660734862080
14673477547093291008
11936358957725347840
18261739355131662336
17253130654745667584
6927645888342805504
6468217021438845952
12200960635957317632
5821040103534930944
13441100694956462080
4753747879492028416
4787483765330843648
1661345250576207360
4240332499885944832
1001639080694688768
682414617427958144
17457332464790392832
2477289501146245632
749605479746619008
18435167156022437888
15179500439715371008
1878080121889881344
17708130324845252608
5526475525187248128
4157343162676314624
3525913420655349760
17449620370989713408
2182678028637714944
8643298740653299712
11030822130657816576
13856009503476695040
9161302814631244800
840239643932025472
3350556384140987904
5794737672353224704
7968301801185114112
1638205076908633856
1295485803161875456
15839321251185444864
15107069185872486400
966533772746829824
4622478161388831744
614250077141968768
7863707871234505728
12434644576546334720
17255852611789731840
431452455355156544
11275260848321103872
4695922667225732096
17933231451603304448
9177428555302749184
1427540417162674432
15671158680985237504
17245707339936137216
5440934496237337600
7491224854248602624
18018699209850867712
310210392873666816
328144592271306368
17058009383017129984
8883906741776268288
6222713131107271680
2554128093033998336
9849980903216388096
11684590155652034560
3380613724387007488
3955248755551985664
11590799161299451904
11879600505507352576
14055758964621662208
13491854436479905792
14441960825627772928
14428075021860986880
1678121700885811712
12879760149176594432
7167088074823420928
3108233478682006016
4587685370845016576
13161757305156057088
9858620494674182144
17164977764558346240
4010620782226529280
8040155120919828480
10218122777056448512
17858336354677917696
3471560582937220096
994468975660603648
4988345081267608576
16656040253478387712
1388869451287486976
5358583674277167104
6435055926050330624
15278010196790128640
2641311495038555648
18079733320795635712
11929380450040938496
5900988204611547136
8008379580257729536
4155687854930831360
13735603242356973568
14820508916693243904
2601710935012427776
4647226049865389056
1711183403437395456
12821788254118225920
9469907503978006528
8030828037993835520
5278065924426242048
18327244490436315136
10678267799037059072
3428367221835933184
14466831175842455552
17905767089319442432
329379194683182464
8276997543862235136
4981494577199980544
3606731086361365504
16756275067987531776
16906768205649752064
2685060202506108416
8168926826405979136
4373778092930553856
12019706395841075200
15603320445698545664
7670018384346689536
582146955283125760
12314975752915988480
171792093351590976
31550647837717680
12390792072861386752
13810387161678891008
16808142270329882624
16724677330730498048
2792243508815756288
5595727600608262144
17119540835373287424
7274943806042191872
18013172849864167424
6953052125398404096
6634438379067433984
17320114984009916416
1766410863051102208
15976272723975174144
121122491490550704
12689767644447260672
13437562200397664256
43496186330879416
14035624687650062336
17033126411478554624
14732688880302004224
6902143166902438912
12473654022676279296
5320319660512174080
7320061602789054464
15777674859513561088
13862621784132757504
16142141314750967808
8234518313990487040
18055918924619786240
1886521682940300544
8361009265329670144
11038241524535173120
4727484398549764096
14243741371264430080
16201446769006399488
7259459463343880192
10508086149917685760
17443475839455182848
3520495959656187904
6521955178859267072
2084808343908571904
12292925112562569216
10198536881048690688
11785079009221203968
8020095458401683456
13510355917881024512
17616943037403904000
6837227837728906240
1937112758988975616
7130997467997390848
17377034479910703104
2988998389324662784
11494364236151701504
15297856796280713216
16750947016272818176
1128817878588732032
10420925658479443968
15276943479661041664
4105637524809484288
17883895402812461056
2471440858512435200
1814406641148566016
17763740076833492992
3098890388499005440
5204587411095920640
103838448940328624
16208599161949513728
13630908055300192256
18369287723347691520
10018808074111541248
2152718299335391488
2379750473407078912
360090241706752512
10698057843219912704
1390442069212887552
12386241545839032320
6739600681925554176
7704064014334196736
476436509786486720
14740984927200563200
660019370386076544
6022187630675868672
9079135240579808256
14826675418545618944
17687073628972945408
7238742679515089920
12614589220686702592
4137612293302453760
15239548996970174464
8438326052072317952
3703494963190583296
7198281657067580416
3810157921239350272
2686168221676506624
16435850738969757696
4032850018873611776
17171797101585643520
12587702566953930752
13191689041788715008
15656507295808264192
5043125564090941440
7394237793357900800
5429320352813974528
7287999751806561280
18028448444836997120
8818828913513152512
16405514117657968640
10510456129337548800
10279106251706128384
17943365217456142336
6160918977148830720
6767981680184989696
17862721088421122048
11367360187642568704
3861270646561455616
18371782797557301248
10779353159054577664
3408913569266102272
13653161457885335552
1226020990978959104
9439799273408866304
12780428192918573056
14760554952341323776
12232552927799248896
15360391305750710272
10082097943232501760
9194415927037207552
10106756738273269760
16074431675254095872
12282533649817765888
13212548456897998848
17880929015295586304
9531651293963350016
1376474573919911424
8893848486050978816
2198428008834409216
14801009752375136256
1626963843348176128
6604810530550333440
7465955242054603776
5496272808566093824
8388898353008829440
5177540371265461248
5511023607475617792
15223530129907390464
2702102644833711616
18258046266716041216
1562927891219143168
4695963654062086144
9229218683271446528
7636199740571309056
10531011783344787456
17049300450738542592
12013924187898318848
7416925828389146624
13234390461595049984
4443688043965504000
6194863003321862144
2475148627592351232
6978333663682841600
12561204589745502208
10164234766606841856
3132100838285015552
16289863104237604864
16031604976293928960
1820978611788556032
15792979865821812736
2190618175764049664
1781227173450908928
11944672634005856256
15411112165130381312
8896994063880116224
3264753387588724224
4766478857335089152
2919633106703799808
16866302676697055232
5726596295820001280
4317958159765379072
5485136574136427520
1554963774114866176
5376831642375833600
2132746617961656064
12389166336980480000
12605152806300018688
15162778284136849408
1713007213937435648
5993096786387549184
3711923583835061760
17607417743872925696
2881509862340752384
11412133073314291712
11521253940552882176
10452011734311129088
17772929865384394752
5844480254743673856
10195392649455714304
13477862202305396736
6958507052020907008
10565984721419444224
1227178670110880512
4718837283057077248
3125074183151619584
12027675412180924416
4126318007081689088
12600262568661123072
11167150825616433152
4251003993674247680
15619969984408420352
5629447012205935616
14669934067481649152
13324760136663228416
3468589169978084352
8909575777584859136
2165464890854667520
15237978172762511360
9945761147900446720
10645422424038412288
16657085118765170688
4631426523262372864
5580700709533304832
17724576010424625152
7799749061184485376
639441338307518336
16737588474291922944
18251178023408951296
2849901137314567168
18279199781001164800
5489244745016640512
3271246486132253184
17297941338406014976
9506961579996817408
