12261284229184710656
11565968488527628288
16052252874353129472
842227812922173952
16580285120280201216
6434081790672122880
13315724730425794560
8074489367451180032
5950034982312445952
13638475294445094912
2771541261480107520
8777805121581318144
12876172699841325056
10952120153021749248
15133874915783454720
16655107160726200320
4786397381999218688
10676898756228087808
9697662930755061760
13448973012161728512
14566980226724462592
4682113112459837440
813082708893481344
8650291301159952384
1369356504033453312
5855683749117541376
14481955297886861312
609916433447351040
5584035829810482176
8520937667295463424
8599675145737872384
16151880427461769216
17604712589087170560
14598545121323149312
17747017932667899904
15200353390584700928
3064411247027610112
878506065221666304
445538132885787840
8774534896578790400
6007114384873701376
11069242843354482688
5358858412157279232
17517082301089837056
10218236838035228672
4755103446121330688
6931376985831476224
5709673889173605376
17096144213965905920
8123323552646614016
18193896825825138688
3433373672846156800
12914757180783771648
594370911687474816
10469954291365570560
17347448288827195392
15432809968252053504
6899213169312660480
5760793348753196032
7238512863295437824
8499873971754657792
5819336040620452864
132152167052311456
11514356426994130944
17462008607453030400
3524050751289646080
15612389999680432128
7035741079246294016
6777625508748456960
1897144424623061760
11214702709308878848
10158305447373180928
10582339953920786432
16795461275973728256
8261793509889224704
6221603654964200448
13743616951165593600
14758733688180150272
11559350226832683008
10504756014002509824
5895463727109498880
6085386934385989632
8127259720608990208
16470455119104360448
7830538347319963648
7193338132288696320
17742631761717889024
9573842752509675520
13577688016836648960
11063107811390437376
13153378755238010880
10104362625955909632
4131094497607628800
6133656978331950080
8102981553609675776
15446203200890181632
550950252872544768
6474991343021835264
10295377239229818880
1103086180201699968
4065799675291324928
14781678326486413312
8505944059115891712
8352032393976287232
11666293169077131264
13348134285185228800
16395278089165766656
1716147450205350656
7548270411799586816
5120554782178523136
11995303874327144448
7132282913018887168
12248839297579872256
291550988560886400
17154224336159293440
1663612919869533440
9843067140859801600
5589882767011952640
7822863639778579456
13820588772295809024
5603380635036134400
16310104567153274880
7960282662202902528
3918236900818916864
7813352218299544576
2691305910269254656
2861078834721969664
14949608220231376896
7746142600413325312
10562089763288516608
6419207425883303936
5031066677203526656
15031361652122277888
3185775163079250944
2138145668952777472
14314848540823896064
2912703548883766784
5803303068656849920
18268376152477386752
15769462559091402752
17516611291500115968
2347917283579179008
2397429113138078720
121360273470088560
2399229549432058368
2004821868167035392
9330166122650167296
6697775026239614976
16407810432102629376
18353462098812549120
4239907049203823616
9607859299420393472
250763988789466528
5174466056646804480
2076707515896453888
5300648835064329216
11595008809334149120
4448924296284893696
14081131690102130688
16132525050161184768
12700028572634466304
8587179782103301120
2458792744349005312
11717641934247227392
10058039758718535680
13669676262005331968
16568757137886216192
13539173213540837376
17278202450120005632
4665164995461937152
10746858246612353024
11732088989552070656
16406911341472860160
11506496380266274816
1578184149460098048
8996054207062623232
7725867158986473472
7297522540321572864
17873082332743913472
7446169009825197056
9572369121774379008
11952785448973529088
6152172346113821696
2067872048759233024
3816629094759517696
3570054810803287040
13939174560715341824
18244365914164887552
14597962831619913728
12942322069158049792
994369494189372032
16101298754791546880
5600815164756861952
12582146651204888576
1918278662262601728
12080327446073427968
10652129735219154944
7258953637081415680
12457551185558192128
18238390021422772224
5161876624823547904
14587901360260337664
1233390467206493952
18054035837245317120
17193457536856283136
4102529373915000832
531790725861372096
6678745600479100928
6717643006207535104
15479137891753728000
6616608833642681344
7095833852326635520
5702207296054083584
4715321068232692736
1459651618903485184
10711283901439819776
2240683696452966656
1457824062850334976
5567096788035766272
6884015732643122176
16797970673675802624
6129029888405280768
8886208762676324352
4000321513018673152
12196149488677470208
4087421604277748224
14997626824701689856
12779353841789597696
7133818109274594304
5201537550725641216
2933405612247625216
10148703269519679488
15969395587552972800
16601676227002382336
12697349684757192704
13886116977365428224
3512824649130937344
14516650961766598656
10798389124902144000
1472534978147353600
17271149522754009088
8048494428268665856
2901955813494639616
2034880182486786560
2564164443367604224
15757045948675506176
8650384226803824640
12470441822275862528
18278785177231083520
562039184067706048
6014489975581578240
16266567235248304128
10203638588425826304
11209468749612630016
4096242337677087744
480797929736108736
17040632630200451072
13416689029796577280
16613514596823062528
7271214605097704448
330200335007990208
14141652499446849536
18229103429140344832
3888717319555914240
3627867635910362112
2179826307933944320
3537875303971994624
5709289780492153856
7176861710110914560
2445480175836778496
11831887419477919744
13642692701076224000
3830512572200521216
3212481982989243392
3072578114748232704
4813631968655272960
6737082454751603712
16936529795163729920
2552169185969333760
5516334294398260224
17454654275723517952
4466243767180233728
16795911093695586304
10912224245874728960
9378594917776656384
15402822589495019520
9816336120765038592
10316301895779741696
17349646618758717440
11347685832402849792
16951470363584894976
12270549722724165632
17313163259325233152
12351983798303694848
7075013444553132032
15348175984218646528
3780773641758931456
11016642288999692288
715698000396985472
10844068728805404672
13547410043276783616
6517062788227651584
6216738633303699456
6930786033067687936
7960707420743343104
693738699022412544
236126038757421568
367233229612088896
8767886619903703040
7457392614222931968
18146271858626226176
12972494455328264192
6581969314652971008
14771117890471866368
13540321334653028352
14081464737173123072
17639914564477534208
5479252450060149760
5108127276709470208
3931759226111110656
2300120106895668736
2437513873031991808
7039365368479814656
10255801509424685056
10761874590829006848
15233765097549389824
16369460125524449280
6309382013081720832
18085317474074324992
632124084564400000
2610591191296338432
1322216419902043904
10085112129097275392
6037897668276379648
5336812379212509184
14500406092311132160
10116432952889425920
17578191854009294848
16460355830991104000
15375420705863028736
2098643065341635328
10391352280385701888
15835080757290409984
5326736300502619136
3495354540153818624
3435871143318704128
9843144044160176128
18108448220183437312
9346268424458637312
5925965122385052672
10511106232993984512
11754496741577175040
16935337464132870144
7290946716394867712
5296685415830576128
5983377997043291136
5476802996699641856
18441749800646496256
5905337304263365632
10312763182981519360
1854091767156953856
8373874447599477760
12210865149766150144
940597996538122496
17032308338079754240
9170200982094291968
6848207424570903552
16937393825028362240
8820512616480381952
1518964050812042752
15263809989663346688
974676068157558528
1708433804794805760
17212837833826873344
17923482424194326528
14316420823375820800
5841877031059150848
15750601645774483456
10684211219578472448
17094530364055250944
8324024778715657216
12201632098562799616
736357579016231936
17557407829011320832
4168586301760076800
10341365790315296768
13242224876247009280
5565017984657732608
552888515505062272
3287511234559738880
3541681670217547776
5460097729225110528
3412913968171201536
10243425011931969536
5552828430981173248
7352352588147050496
15687480704701888512
12624689141674719232
7042195341412418560
14268203168096886784
7148317780358607872
17705998710228883456
3194040639860145664
11960535611683289088
3297011645927928320
9587106749367361536
16431123282521735168
11320791775643869184
6895319407768394752
4365710516261311488
10887380573193111552
2920854501972972032
15499221506019409920
15545749988520163328
18419425604854644736
12568606287709597696
4252210369309305344
606922238137550208
15258192520697217024
2354342450516587008
9174843858267738112
12865521697221310464
7300562447063242752
2305163599114817024
13459094306353301504
2088288315567968256
11061636399823970304
16474190518766737408
5340420994277014528
2247428325275908864
8927537103040226304
12281588010754447360
10263847338746224640
881780045147921536
16002795020666916864
5678897951904082944
397255081288161792
6391154841376076800
12778853319269632000
12200745130542501888
5599921600290228224
5378638772943071232
14189682255164391424
18439369682651947008
12479960705005617152
2432575523191814656
4093475889286259200
11744022341541138432
17900054045411909632
16237213818769512448
216283977843951040
13568526049505859584
7914173277297701888
3518305922586915840
10274231647379124224
11348486002567954432
10572944063621431296
13067932200227151872
11117421947776747520
3589473414071677952
5324177189429327872
8855959341946637312
3833711193461622272
732342018077366016
17957508178256367616
14380289604116330496
10877390791048658944
2755202710913796608
10419848462820861952
6416742175710934016
2418285546212755968
3992783148256957440
7475817130329630720
13152442517898008576
313222064902422144
15019892238154725376
5259023655185721344
5031198369846583296
2081712399361895168
9007166945047592960
6767535950548960256
6971151193893508096
14069329203855284224
8223075003511923712
9954454270292572160
6106138128345023488
3242708598227609088
5133700673280896000
9578295356048994304
6222957468781942784
8483851804726759424
7897277250234890240
17425452768958650368
3023261613076804608
12827317932104288256
12513093967237277696
11006236265916409856
18155347446909061120
17351734495209357312
13700318476182421504
13878678919544358912
900225971260909056
2668360548946610688
16596545292743643136
10812699268075571200
1878503431193184256
9936082435443894272
14696589724952211456
13963965846214336512
15703108095151589376
9749018474106081280
14135785781520549888
15984888573131747328
10254869794093471744
16873483222903750656
11133020626141376512
16423374672708214784
11149126461434314752
3132128345133268480
12669912186715955200
3448116071790341632
12302282559486767104
880644492815548160
12464952770217404416
12539647718792728576
7295414793691639808
14033343845617829888
16457553132733806592
3420694929021897728
12268194877646893056
5102966419762404352
6510559319676210176
3781465793552380928
17899810275516684288
3540719834144499200
9305113766544547840
17306828615435681792
9792898065291876352
2428736365205842944
936882410460392832
1789488122992346880
16994756555089223680
17605134414908178432
7616451433859300352
7027939186988313600
1899978049972381952
5215243957697511424
17010313283549882368
7153917359144475648
5664793066521555968
4568183341286078976
5080326139946139648
13057737066253008896
17392191722577317888
10517478111608121344
18263433338514550784
3554869374181152768
8541938946957807616
16511794523418941440
13584329647938361344
10034427431098798080
6202905057036217344
18120296966466752512
5469876197166078976
14091434071247265792
12982336800979093504
5617898483220568064
15443680412972601344
10212987765490638848
17798108907858728960
1988971044081561088
5193505143353445376
14167398804414748672
9087178301325065216
12810130729829464064
6677080362346082304
11239104760889802752
14301480474765021184
4973629012763597824
11159811233955362816
578657115036157952
6485174801991677952
6588501659092885504
555643968908414144
8397771845506306048
15358412801679052800
16936811062559942656
6265948793917862912
11153321575097403392
645571661736968832
9251894367783743488
14695911594469384192
7815420717252663296
17325924618794504192
5676470843577223168
9933292410276499456
7662707455020286976
11354712280187422720
12459798221843423232
1221967069119549952
7525653793999499264
2827515636626386432
4733393580032497664
18331600229478332416
9620675608810838016
102227720260632544
18116508287257636864
7368088320202637312
16376116617181601792
16061882165578657792
5252181095202891776
4842766149031023616
8473817525349187584
7319886087749146624
2332763894717114368
17080401507523196928
16019961467723919360
10703465238390478848
10481352496090296320
8408551975772989440
10897128240118751232
5599347449547186176
2640981524597838848
13837896470826196992
18117304535348189184
8455455028165479424
15463841464253290496
5922268355856041984
14714899474733969408
13239276555370670080
14870576313885415424
13309851959919982592
15746887772112345088
10043320347145615360
2813739371285886976
2878634983706209280
2132022328977875456
1560855173568207360
10447523497835812864
11491964144406355968
9917060535367434240
5068880760590176256
10417277882384543744
14286488069993396224
9931938414442196992
16109146763440756736
15176043194608713728
5990159535187999744
16851868776750835712
5296829168280446976
1970312205867742464
7781524455954972672
5700040199260693504
16049086646356627456
15266492189330610176
12156853557615523840
10460765041105434624
4920777166176969728
14790759217869629440
17339978665726562304
7184111800938843136
18372334625034459136
1506239615667306496
17347334631288172544
375962207964293568
2213464072909643008
3988193693899033600
8832785696270602240
8169641511910137856
1601336341037258496
3435727706723862016
15419572828342661120
4186963129132808192
5989201558176977920
1986622287544833280
11560759118001704960
13267570251813349376
6335886877617873920
4321399566172311040
17283793820741906432
10933855893240449024
919523787422154496
3060016957098899456
10172868094182885376
13054463850291722240
4581274538837039104
3082636051390583296
3019210545900663808
18059610908290207744
5705608058296045568
2391485724866349568
7656218860336983040
15244830821377218560
5534787360605685760
4413549744490481152
13784809620932210688
17652452618543865856
1877663900430208768
4286139319507965952
14490699381523916800
2073198634216646656
8195519124561402880
795704447571870976
17719263028990828544
999633309493121792
1493034425845902592
16266259992514506752
9213345818457319424
6588853033361517568
7682104678579644416
16032832563197169664
1458806942969132032
15152280273173790720
12491013041726367744
13142604227017021440
4421524493628847104
4132375861730657792
7953499147030530048
15689442389150703616
17323661075918587904
5990965351846707200
10099954170933682176
2150129752485069568
12422572953944723456
4709109923390647296
412530257580840192
4923460675697438720
10255989720654751744
2920893401349980160
4809587825340575744
9388907715380766720
1934404497121147904
7073315711745957888
18168691523909054464
3113977120897126400
10210462408318611456
5568344345858599936
7245368992362136576
7169773823120752640
1618677296583239680
17209331379421564928
8893988164975865856
8645103263249878016
9660320608264323072
15761945899024502784
1867087336348446464
102333588553106256
4158841722008115200
16621593972579012608
12238487776945887232
3027269147730901504
17650716457752020
2064155168166716416
7707511198991981568
10725187005097846784
6616024607819635712
16277307046432382976
17934205696511236096
16711435752573413376
7881938092895141888
18178067608357810176
1525084146669414400
8829356647625413632
11981272578637033472
11442847370538254336
5970323587913278464
88004451794459760
7163710601977726976
16660070684381992960
5359569319211090944
5252690637194416128
1328846409809437440
7545503027645763584
2592909463288652800
7704488421545530368
5845151968190802944
14486210316777082880
2904337793694997504
1702644599037873408
9931829460910473216
12690523305449306112
1315861522054054144
17756444759868104704
3206158581820061184
12854728070713323520
5327182868444061696
17682689764969469952
12197457585470459904
9537935718601271296
951024573888708608
13668015028544706560
13813409502150569984
2409313604976913408
4937414037669955584
10169994161808119808
11172981921181489152
17605607519369269248
8192938009315415040
17720065185876172800
13004314144099622912
2245335160416196864
15935738248867536896
18295256757286270976
5724080960342381568
6010195871588285440
15710610207272443904
13411661265419997184
6144716131420461056
3711415286131623936
12766656226892300288
13988467820262846464
15970240347510472704
17262055034162251776
12673972281369696256
1312077355731395840
6834547197327050752
16654267419264149504
899058732406500992
9100373635566960640
17082059337469941760
4860545249240872960
4533317989089027072
1766110496054634496
12756196693225854976
17730840176303718400
12911698520787060736
676763128249395072
5594030130562322432
4069924499852206592
1803649123891811840
2126009455585624320
2929767899288838144
7754556772409954304
17718744893521057792
10403355244818610176
1527297789213535488
5088519445938987008
12586739891266406400
9378639585599537152
6182371511320885248
11429144265644957696
2843321137833201152
4288242876886729216
7141444448687217664
1465519513591270912
6375676240014028800
10684258010182465536
2885382327991979520
10541922843166261248
18239530888202442752
3631097494108401664
12606581612475957248
1737879236292492288
5931743212182305792
14871465315663247360
15252194508650444800
1560781588960844800
16260091296866498560
3768822517183620608
4145552690077910528
5445453128371511296
8856859811920530432
7201896851032415232
10415362526657452032
2887536911443858944
9630419966915586048
14323109316895117312
1447401326435153664
10079550315145361408
16242166892688396288
13336972713266784256
13157117535338510336
16664945871980666880
11095024815886256128
7901669990042722304
8455675458918443008
3119378673135900672
17855000829077313536
1625348631819222272
1399100476846771712
15137134136913887232
8493633221084254208
8501296530527528960
16908896787748890624
16212847722480793600
826671975597522048
2824332484513039872
18198928177807011840
8192735675577436160
5109376935324321792
13540556734338828288
6825404875213237248
4170393026767529472
4259599718230859264
16465944490164670464
16359986410964598784
13076382937876654080
4365036068867813888
421494611171700736
5777096724552404992
3886112682720032768
17676100400035753984
14375096249097666560
12441242213878962176
16201395106611179520
18095818485099433984
18260662534547636224
11511131815950845952
6978689638806410240
8591638511993875456
16972574441633900544
253156600602308000
7574322169906379776
14679959949709193216
3361010486023016448
14035042821843804160
5882743085309358080
11719362904963762176
13264080427633545216
12719246738750617600
9723595139264118784
17799857161608314880
564944094558364288
990971656793895936
15716035099475458048
12901480908553398272
10063663784684568576
11911804014631806976
8198291737003896832
9361927961835804672
7656391073808867328
10316325840455204864
520598431268445376
8941591388152901632
13861411194579187712
14808829170579863552
4944862847842106368
14141248773900115968
3879829217186414592
12095113175447908352
12707389198843949056
4889214246853916672
17462259420638545920
8938266957512194048
239779697816441664
10913002482002159616
9100066435435652096
3101220747110080000
17074753440820252672
7663657112543753216
15590195714456840192
9821723689045092352
10583158526054754304
13032604794635853824
7672389727834073088
16834624551176499200
8812961641071083520
3635697765685230592
2611839546224644608
16494909150603266048
507499690139878528
16455516540058308608
10638318756905617408
2802829779277500928
7477408185520232448
11269152588480378880
10037735765949190144
8439354544517172224
507336652830430528
15697416147276070912
2738051060608351232
14530920405245941760
1674551348353983232
17291406601205424128
16722321854814904320
3521019695498435584
438643054413470656
12939871416091127808
16146620065161234432
613520565564737408
8911073285279063040
13393608713683769344
3589122510122568192
13900412030734981120
15511316484683218944
16082648778860429312
11104646385493078016
5214700248328767488
2125539627255798272
2041519823368702976
10937411535557136384
6522119353190116352
110777136122326624
148452961623669408
3921298200608156672
10165084324269412352
7370528055132790784
3826961957501507584
10093444974095454208
14281339054577000448
