6141530903769811968
5694003820702610432
2415662874343537664
4407418060042680320
17456303307772119040
15374893435729412096
1806624740988380416
1463791736760406016
9163599943717227520
8843244012886529024
2675162748200461312
10311815308010358784
4717104636285878272
7702991343345999872
467671054368812096
13188248036723892224
17857480267071240192
8897329329297879040
7671132265147160576
2033342337796203520
8414198347552108544
1941826963267259648
10883555940664590336
2690050323261849600
4684735816453178368
4410049096079797760
11443339555338815488
715886429735996032
18385488577688371200
1189885881385304320
17041989111521691648
498020145760044352
6835512841192686592
12291077151516037120
13294734835505831936
12918470315642263552
7994278484859441152
13402050914098206720
15510976273893134336
14959559344905080832
4917458444211309568
14276926949560190976
10905511715687081984
7497509867777786880
232889367728750656
8599025481147921408
5960895320114802688
4217780258800542720
16035754090952372224
5188537716361009152
17983540290703491072
6304829501092891648
14621688607563599872
6197845604603303936
14555725708502583296
9076116370819730432
3220268705377965056
12222345300141727744
5934663808954820608
17085583174408126464
13099136502597617664
3817107502730414592
10323278068283893760
10557323545313892352
1234837529450998016
2084903289526186240
1188421876405941504
7496171015013687296
9563943781995888640
5956657109599917056
15699569618397134848
3282855805665125888
15757561160407967744
13867340091448981504
7929306003591761920
18046459549029556224
9634832392900397056
15210401286655455232
16795849821261488128
3121363782252478976
14445290406281715712
7330703611375799296
7699675397542344704
17633104097254711296
13605989541952968704
12560117315558778880
7251431030814795776
16806705288908785664
9305935355078422528
5820130626774592512
9181543312647860224
12866408508010592256
18204295139440429056
6256568181102939136
5703731926203415552
1830464898642114816
15406095778895056896
6924203026319785984
2670153428596357120
12243367477010552832
7262097071717765120
2163970539850667008
2766217525131139072
14560563831959758848
16001896870939113472
3575137322098241536
2633922335812686336
18072764379176626176
8249660777662031872
2170222030653354496
12505795780286234624
17523331791788496896
14701041415950999552
18114886543625334784
7106015995712516096
5344588158693953536
7447731788559970304
772332571582851712
3769941738864723456
7119701130544353280
10992533883554646016
11947086603448807424
6601814498998098944
13523666716949850112
14508060686189815808
2252338610795944704
5320755944213573632
17629368853844209664
17478365986437181440
1387488082070502656
1907914729971512064
11203391798504263680
18298012252783368192
8101282813181450240
12344530058878007296
4969760148679326720
17207034153394442240
8598489230256021504
9914533441805103104
7944345950501197824
4007087211105111040
8214212593267528704
13832679480542578688
15411954362812766208
17412882000665112576
1712307187383211776
11516787106392092672
15146727993407690752
7994621701678295040
13399340069360238592
931053759816661632
8962204568527592448
210045940528896704
3564756073393086464
7504129913490182144
10186632039793868800
16650931241960871936
9362134499735586816
7556324684483505152
10488660605739933696
13664030925493813248
3742934594019766784
5634086633226929152
7108486934329375744
17761274291995660288
482728129503207616
4185984461244091392
8351958358731895808
4500745690472787456
15865563567074889728
1013934290232221696
13435878915369162752
1225864515435687936
10700589063821209600
9648604462552334336
6361491925103382528
2019235670736709376
13541809141507526656
2275176522843626496
18191664299889920000
8556687675473998848
16079573089491855360
15928473445254215680
11530425162723856384
9106221371905155072
4938833948477871104
16972247057555339264
13531530843462023168
13750205698698158080
6310297309224715264
9487628942103341056
12339761639055652864
3540079806616815616
8932572858129525760
7080531126927869952
10542759328129501184
11462426854468739072
126865287306189920
16030432489664108544
17952924729017452544
10910775551666114560
15418501582212560896
10837080119130996736
4640754145328428032
8343670414990234624
15831248701275598848
16485752225435111424
339249779669279872
3888015923153560576
8480897273092885504
2609911078145287168
12365647375183312896
12556974491274039296
5161335244553659392
10945712167563071488
13569950708138465280
14770504448774647808
5562572522044341248
7403715298650795008
9948768760870797312
11980513057177860096
4301500330894399488
11623379309552678912
17366574235576340480
17020489038181529600
1476767053157137152
9195822998868164608
1320577256505826816
18230367715641581568
17020234157759993856
3158236124557456384
17308771154711742464
6682241831371101184
13041668180713138176
10367101111118432256
2591025553797464064
5218022722002753536
11462984945738188800
7243490664281315328
944314006117906560
8356392548923757568
13220184740081035264
940670033731189376
15399794251735011328
15521670965665943552
5121788564192561152
4677417972036062208
2043132260462751232
16981121593394933760
1103132394372122112
15774622074202916864
8330467188381559808
15188783854904213504
17071514213237272576
16086741423462270976
12007786708492175360
1257754045455110912
10581286691493660672
17837450973269094400
17578452325954650112
18314953596006240
11658643981308049408
13960314608369313792
16270668284721162240
6201247371791916032
13239438338186078208
2943738610765105152
9184706075063144448
14759902527656654848
5580063325384733696
15626572726687954944
11579060950016489472
14162512743235622912
13146063405403990016
374324011754670080
14054400077235621888
17902793930654390272
7980991833663474688
3982776140840398336
10111699520278077440
13176368429126766592
12970173101248022528
12394484583406753792
13903908121579145216
8901057679898698752
10413586352002277376
1592326928428081664
209050857242377536
17808992244312444928
149475847212203040
2251974727919408640
9661856164699469824
2681085978250700288
12813444238639806464
4962820197550217216
16325937104701394944
8679740063452107776
7956084299748279296
14233889920192462848
17183015543070537728
12571987420089069568
10174084383906674688
13027428564119126016
6105848955941522432
2744779281708369408
16729706769945096192
14223661647003267072
9636039084276578304
11711112496636151808
12866007283667703808
5580724418945481728
9909995114620426240
5667738699380220928
15195146759008323584
14574879813959376896
1264360030571300608
16987378643521687552
3174835200609904128
6250898950568651776
2366424930969132544
14469354767669084160
16346209482054273024
6540402620062461952
4364849458496815616
544622806202865344
15117319212623570944
3881287947827920896
6752559470574641152
17090123627377512448
2722989289615782400
10865233613190760448
1959949520975477760
5679894700972729344
3155782626208434176
11256432122904141824
3861326650349263872
4529833358340556288
17765315224266072064
13838493391087398912
11241281738263570432
13661459981979049984
18089174634799464448
8178474780520534016
802562854493255040
116373162773814560
4901184788493547520
3473133730317221888
4822138034082393088
15116695976939730944
16526686374823110656
17061281932841918464
1888430399012543744
14532390324539559936
5668803198183485440
11384179723099463680
13687800216249716736
8993590110846454784
7435168880983346176
158357630360638944
17466447776914696192
4016925508159224320
6377811618461043712
11561148413382535168
8503757053673975808
8692449420841792512
17334488619078834176
7143002897502292992
10985280662873612288
11142517616130031616
17646035673574897664
4669622585293385728
17581852954072332288
7618710624367153152
15528238922179389440
4701119997470966784
7095509092593597440
1515489430774511616
8521190373191178240
8323329947305710592
16315170455399081984
5550571326234452992
8498174470944646144
12381371110188404736
5046052451342196736
2277179104381447680
13743093459594663936
5930614180078057472
1704177081867223808
3717850688855171072
3569832219041829888
17152870510914707456
4844850148251724800
8211694579216473088
13545161943381635072
7789393061978670080
618126251416046976
13706450264472176640
1437166210245850624
2642908100608257024
10998804291745216512
15275383247328450560
8611957518472895488
3303934021324835328
14782475546472294400
5591762428201005056
3519914097094703104
13209570250425196544
4689644351783204864
10420713732190494720
63662266049271784
1234425117720227840
7737602479076989952
7982697169592937472
3365512448539658752
1763656173522578944
6132186558688667648
1535620082287617792
1962637962682374144
4491810945671879680
12731370907022102528
1387205675399896320
5394843988543690752
15301007033470355456
1336010828915971072
1245690113585059840
10806415146256230400
14083330872637177856
3709074127273695232
3853224418157948416
2892833980383602176
9032883747911157760
16600710524770011136
4671191958513092608
6910892030259580928
7219108145126205440
2469970220207435264
10078785124365264896
4669159384969184256
2698903016772285952
12588526889894012928
64864625723511128
14867852797344479232
11490998880552407040
7587885049442767872
9220776062336888832
2853402644153131008
15449234869696602112
6059139791201169408
18234997445136154624
6359354012371663872
14513135056099684352
9895371562482997248
17375196953220446208
3887367504619763712
9030973451464001536
12517664674607816704
12204175687706175488
7927368066766828544
6271507094031159296
14434621324645367808
16397382590795462656
18442089506343211008
7030620620626456576
5866874694365500416
13598013701128488960
5768038142302251008
18435908587955126272
6751177116389130240
1374833094621200384
18063303252096481280
17448980582584430592
2886358389477454336
1542812074027982336
12395384164015083520
9376673750113572864
14509673317194995712
641400727307664256
604557252965463040
9941956531155337216
8108259467482683392
6096159001770277888
17768796349517723648
813432318787277568
616129796597137280
13778189115348410368
15217761007789479936
14109803947809169408
18367275347838062592
1819468826602736384
12868726646909173760
13104405836875984896
6986900641779689472
10959301096796250112
2781243175666675200
2200681772977418496
16019190713413345280
12496968595434971136
1598630567887683328
13305980773905563648
8209377445693036544
1829596556564282880
18436624451701090304
4436876312587905024
5925093870250267648
3207118387431703552
1953322946616633344
10369514748853669888
2016409307352981248
7327495769801208832
13826952133528860672
10270296384723548160
3006884429005740032
2766657006226534912
8146568774618158080
12845542831212093440
13614061300607184896
7278458066676537344
11294011282557173760
2656937871739142144
4176511632787121152
1421184032336234240
14216291211686457344
10147821353077993472
15006358652978673664
12072189715491428352
11873551992827158528
5441029655700575232
2451552183813073920
10778757823438100480
4165707831224037376
12664061059113908224
12088680941741019136
18442998743487035392
12243488814590679040
16863339887739987968
9603547587826458624
14591606030691981312
16320219285609527296
8960204058368612352
11296435442564661248
2160988137677186560
6812874362488167424
6162153736707848192
17532075905197545472
16017558088837036032
6316322537061321728
6157197591453057024
10605221085400358912
9653573928121628672
9055179027060312064
11309957998282526720
6529512702898441216
1516902006924877056
11351079829617469440
11299519120481740800
2497847564979633664
14296425116179650560
17953784528632676352
1992989881151764480
10115284371265595392
8419856928159038464
6345056558238400512
3537235224046024704
12985622273550534656
15266391168995297280
12212577899026968576
9931948857187887104
7417853205562726400
14176091865132185600
3570168068136263680
13898120221518198784
1289689222762683648
14810050732952104960
88296448369469840
419089177903658368
1837887063668012032
3322880478375999488
11626516562155341824
12623258712473827328
17224654349296510976
7681496224933783552
4062565397696715776
11318110317792319488
3617386201650671616
17320804580882294784
1881803888454580224
9038630530766650368
10940653262328432640
16299246391112724480
2927084863470757888
9428541381195311104
11954058181098080256
10986080361883207680
1266676071171944448
12519567376994318336
1425450621617677568
4582487583573189120
2388075153590550528
9063738894743447552
1025066922173572096
10660513550214490112
9353556066800676864
3404209520025061376
18014699108502900736
16665225831789979648
5697219581494692864
15323824366825590784
17995341253220378624
13613802688198230016
6000694995922944000
11932658477379063808
421061187876129280
4813332421908149248
11170682303807293440
14547176697050402816
3460210740795322368
14972401874432880640
5491999085352349696
6704868965319297024
14788162555563950080
5782452610028815360
17593775342056521728
9215620656720103424
17202295616228386816
439526271651758912
8299582191094736896
6822511641455121408
4963645552620557312
11354391976296974336
16873363498383038464
11239960203016775680
3640085691397336064
8766875206833172480
17958232326758817792
14875150047527137280
12952389617423380480
10895345331825227776
3047822292060313600
12653441955116296192
2458172803796065280
8063484709086670848
17564881900260554752
4523607352265921024
13672547672445335552
14730179197893298176
9605327359012380672
1455495083340936192
13449409547198347264
6743150561868505088
9901291101794783232
10137278307527483392
15538695520288321536
14176891313265145856
14174831245191317504
5659181409197798400
2839828604465958912
15293338716954890240
18226609594244777984
11614635325644556288
3923529605881694720
15264549773791807488
14139466186075136000
8813587238802661376
11526391986338744320
8565561162082249728
7247372514931118080
3524642300578414080
3144085633514422272
17311918431111682048
1382263677129872896
4256551289300748800
11004011772864980992
11741094805651777536
15855368701714759680
8824611313383391232
9574048360300374016
15834654584986595328
13809532070903255040
3161864966061312512
13862535333754828800
9989046361591289856
8709773471578734592
1690060340392628480
2435820948535176192
12531832170605953024
18037404678976765952
4375094930067895808
595635022629296256
17381690957835384832
4912035600439738368
8993933141298597888
12158272157010599936
4886234211976979456
71476603880944832
11521441473089134592
3426017973397157888
6132789054086025216
10636395541944125440
6993472842985654272
14160096347231696896
2753201590847634944
7074376481821611008
8993222462560290816
6232108965141118976
1907781093956005376
10594294986951006208
17510099048632035328
3730740110747426304
14109655174203146240
16184057429768679424
8488104777543912448
15898969904543873024
17477204546923747328
11332714509105074176
6815065887782988800
8164767787538806784
7687574479473077248
14510567336896376832
1410232550579453184
12407072173001148416
3431770099090958336
16346653960110247936
9229411091481251840
5035844332024554496
9343755485240293376
1410051611862003456
6877072230636920832
16323214642399625216
18061925260771889152
2005977308405441024
14875026856996063232
7867545653739094016
16851811708948883456
14073491841103075328
16879829142833154048
806628021489301248
15842983998540388352
5927080965719200768
5203448134047899648
9199705020265450496
18066154935802781696
5398063613360906240
10204060693218291712
2787840017374589952
6419588874694581248
4326965100569172992
8759820753636333568
14495328641148342272
14621057205352718336
11809191683932831744
14394866057191979008
4027224970549204992
17566575971123718144
15817385770648375296
3335975655751181312
12788647863132198912
10259761315921819648
16560605026516111360
1656419342287488512
5372443572126726144
16996190814964539392
11607721395856019456
10734393769380472832
15099942024043597824
8951096293752514560
1280162652469615360
12505692010024341504
14162897559430025216
6754961799189226496
14022829627710607360
623172602760414080
6086426654566497280
14282196595525705728
1054661277032716416
1017331648493518208
12154846067382431744
5695889413900220416
15972319740654749696
11221814493510797312
6520056032166270976
13352949033830963200
8396624264384820224
7664815944736291840
17345439920332034048
10486925232927160320
10209132594795843584
3197774389408604160
4128305582283359232
7348311811112896512
17464604031957440512
1476449273103159
11013263680025014272
16492957182130411520
10769965871948836864
6872679518716823552
9572302012920131584
7647282447468478464
10674554311039354880
12020142242573447168
1975095287071198464
14998399453928556544
18330159863260342272
12927694940308842496
15988225636672577536
9792641909631361024
517295863665353216
13300799348201123840
2662859313084533248
8117445715014520832
9414615868268816384
4964217367130672128
9187460875290254336
10024689783553599488
4558373116003063808
243243984142373920
11695890822354450432
16201982706012747776
12817927595521093632
17000492209230577664
15400791564027684864
12471251479651917824
17567356838058448896
4171010454812768768
7121228252168133632
7813359127018585088
15644451626028322816
6803532954018940928
7027437971453124608
8587790763404299264
5536068535844723712
5416544062670841856
15879202559381401600
8850512055948315648
12151556849721896960
15517585385532637184
17055579969939795968
10507936237821054976
12369856012990324736
17078740815484530688
18321598861205041152
5358896118733725696
2135647511130468864
5630658303362055168
5123876820186781696
3728037178775666688
701716342280935808
17367692400328292352
2826081656808036864
17268479958667190272
3876402390026426880
4644019466946797568
5051087316214990848
4165568675276097024
2086952393332528384
5126218709986262016
4751728555349282816
6291235909505566720
8010421435363728384
14679087791969230848
8642571370327049216
4476430239774459904
4036491814542779392
10414836611160944640
18175257040945696768
11865659365552347136
13178019757238272000
10447447118445555712
3934524508055820800
13553685036684476416
10712010493952221184
3138741585773399552
1328078711983319808
8876892734796822528
14645103538939559936
5984641816486383616
10371564428939284480
17405933185591447552
5772921854321389568
15984881188667002880
11565128024805804032
6234968639411516416
14044636119669800960
17038513707141279744
10754725727979380736
11598269104491716608
8038710347502053376
9805107092392747008
6708873065023014912
11263464498155247616
17573539211823515648
8476634687703878656
1563049182587468544
6701063763696053248
13984706234044194816
6708910114980094976
17890878069826478080
15282582264600596480
17885828763955318784
7155402111437302784
3126676402394601984
1180363997181613312
12449985643875727360
11076173968810934272
6968035426606084096
4058738624375431168
6349296483845154816
16406977691867772928
3309475399831352832
16526806918232975360
16742897999935051776
6991607898759310336
4432124219235690496
16241566208977750016
14818005111339061248
6508798067469783040
127107570815625728
5735426967106210816
13852029198293008384
12022345341127954432
13440052384687955968
16369788055748947968
7671248712745681920
2819545476693135360
14598581586603311104
15856664370709827584
6719160685591343104
10613482422994778112
3910480919376769536
3917083346232520192
1825083790218162432
4014412041822319104
7606259051362376704
12743227581595783168
11821380275428653056
5974698699807148032
17658352645379250176
13929646294931957760
7005805028047200256
6098905076452187136
7431773480965047296
2102716914820100352
1748669078695411968
17216638922579156992
2074824517016070400
2759838926538215936
10266075715889348608
9744467401438633984
15762624184769474560
16502398752455477248
9237189726819715072
17929687422625568768
3910850864371821056
9245363570819407872
15781589243741138944
10035903932402087936
3688562388368641536
14205084703275651072
14054854265358307328
8045136974561972224
9359541014825326592
9254546672374458368
1225931682596640512
10283399458930565120
6485979011582949376
15595544583161692160
11270431899292248064
1742805580970772736
2954824092634959360
17106086492791175168
6321931600143378432
3688300752445077504
979187949695346688
6057372614155513856
12194999681610285056
9412587578226356224
15175813972118956032
7399666770188983296
15416595903292295168
17755896268530651136
2625617532114296320
15682716032723638272
16639808819861831680
2407931949014340608
2189935301436316416
17410802334182584320
2904038371155710464
8732080149192852480
11244188307674683392
3631996609741367296
17137769635560028160
5902898711010456576
3534024359756450304
5383200026053584896
5641195700437937152
8466042633786355712
11525003936651059200
2105109420954040320
6660032316469395456
12833151250811621376
11992595394252056576
