15633071146444632064
2710284187867456000
1711144876848479744
12771094993847533568
4506110460934833152
8080409763880081408
17338958955107821568
6228377522865062912
12197102987591380992
7435361824248715264
2962222248165639168
14498627343796467712
4706309990006204416
12929575653102663680
1121543334392279808
954884107140755200
11347606729859407872
3612416335845197312
12430067350368823296
3077317402069793792
11191631471434946560
14244504366835105792
12968888685317173248
4747030816989972480
6483796259096668160
8484410912975959040
3350818480031841280
9703500300055992320
8961102464890470400
9628676885236994048
12379270637981212672
14803972225021523968
8404875451972267008
557634604125795584
7088229764749259776
16823473154222159872
13595975630834421760
960023756685608320
17938029288300963840
6373455753278655488
7569986474540507136
6419530127479481344
11619199393962254336
7713234892092718080
6933135736132887552
11699573966589960192
17707759774761259008
10660763836777383936
16262179489423136768
18272974894831364096
4000039929503601152
6424213440260721664
6672656344822903808
6317099638432016384
4899447648326725632
12860385017043535872
12502682266186700800
13926743244900278272
14176648685265328128
3952659385721701376
626693638918780032
15519285368280188928
5342897663991751680
6220653964705530880
15403959991055761408
14681631328801652736
11253719648627216384
5470124066615827456
13229371594430709760
14992106920856152064
309294419952691136
9486867407631603712
17033421759493386240
9336216338602012672
7005880256682096640
11596511340887388160
4246349428018420736
15717092857622820864
17707106269295022080
11455040779552806912
10194441166301302784
14793878811635529728
18096001725177737216
17606040172746366976
15388073625210236928
565382118256194048
6328590134680456192
17314367817056141312
10491270878977605632
10939350802109739008
16470164517486307328
5020373474673574912
16389283133185789952
16212428606317895680
16471611227443138560
11446344562192920576
6021211547065297920
9746621687755517952
17362053316610854912
7813398130093516800
413231202061305728
1397186641680665344
7451042130035578880
18025841720286609408
14386135279198543872
17201285487855675392
447582630523113472
12417265814919964672
8942868409740953600
16501988038929070080
8666977964514335744
6484284487833133056
13317590083795787776
17092354718346291200
13032496234560770048
1239659600414838528
2373645019142964224
18356854170918047744
12510509065147744256
11882274687878440960
8178793256438605824
1165842479672956672
5939381051397018624
1802584135319324416
13811843062905067520
9525771936695068672
7094938825659119616
2741535626490839552
17356748332769150976
2923027435082163200
3165340290287859712
1606566001067335936
3979717879447046656
17743874356228018176
2182810428111335936
10889926214205736960
1063588361175370240
17276163706738399232
11478984252259667968
717487357297867648
15754348289796216832
8025933899117523968
6470211055402184704
908338691459606656
16368491556182317056
9844310769048031232
18285280268963004416
16090454134401695744
15336588505354924032
8378323104450711552
10363705995576823808
9232936601459597312
3407216240554839552
6135944911838270464
9136449598045320192
13108362700284049408
12266612224346281984
4972608984350532608
8827808854253420544
15645729406720763904
2718138034847919616
3754685294847488512
8262307764619924480
1457868005333330432
4766731206899748864
6815915887750503424
15691977945231312896
4676904140646056960
11793142695804186624
14307361065754073088
1201056835517431552
15255521000368752640
13704001178012923904
8848038963575496704
6268693909331633152
8641685785221943296
15452053825736433664
8644773792306771968
13665925544983824384
11293594942827018240
13338915959314298880
9132100477813124096
1631231081902742272
8292958524474149888
17323375457629708288
10371294602248759296
11402207873132931072
1223184186771782144
7909632484376974336
2366961684730527744
4834746521502872576
13241902594975686656
17494727460368523264
8169077271072207872
4761990109303631872
10873424881440540672
11823821620837838848
7240476103086828544
11088172488699516928
6416705444246551552
14510997848653688832
8983792046858855424
8668855979013381120
15834139651479627776
9986215682825801728
3701792454441564672
12794225336628901888
288616826332592384
18193924663064158208
11368936394312425472
17285300841146077184
13081222774067265536
3472190219106747392
8285775834886867968
16502830045925199872
12357807124002310144
15817548559595870208
3606794888906822144
5344553959625393152
6713236634805618688
18012773002956785664
15085576173358516224
14705395169701289984
9679477160926623744
16690231349350088704
4644282044374799360
10338975204429271040
8387589083365685248
12749740217719580672
9465152108566724608
17202740420607096832
15263742610567503872
7260898438358424576
12400614846839222272
8328937521152611328
234808570344385120
5938414029218950144
4583820571568586752
15155607531283146752
5171940886711772160
16539534883308869632
1212924780777648896
10089227104505425920
1349819173461826304
16347679954594856960
9915465030135144448
10557283960122763264
7821911003395980288
14884637190535280640
15537714866910109696
11663591703846844416
5132600938640053248
16580293444704299008
17390378973937444864
4978404851217806336
2231329351022941440
16676160937837301760
9138214373249943552
16552747625653080064
3516636881036428288
8510967962046690304
13744046310529546240
12143953716831946752
12366452151519213568
6938752303796026368
17933078998201026560
17980205947742158848
12134096330710304768
9807888765085605888
1368990744264573952
17503875420152920064
13083118169331986432
12448659712542550016
9235529195279321088
1484586095179241984
5041214196157648896
14732747821681238016
16742196048453386240
14604948808679880704
14991246832734646272
18196340371980713984
7866860074795250688
15324114408830201856
13296758589904703488
147109861767293248
13583089776180625408
6891188812889293824
17468794456558264320
2037941029608982784
4359657268567812608
18139802132290539520
4902052082339617792
1091145455551067776
4745915451419666432
11555268806607239168
12386376115241865216
11131521244996616192
5780930676331554816
17038272206492305408
16485118806108715008
5056927210660811776
11855931275261071360
17309828414246086656
1248713976650719488
17170262775117305856
14072083325498324992
6521087877969498112
3873780720988345344
17977521810174140416
748398488257368192
15005780274982209536
14212578168506722304
5041758287056140288
3053029151152410112
11786978273324435456
12604502780431583232
2105379795794112512
16967695779354320896
14063530945033793536
511349470113440960
12185905299305820160
3020196973982917120
15714404525731899392
1555125801750513920
599708967457761792
11470906509751582720
762935283944605824
8730167604421233664
9364453890768224256
11353113907316543488
2856247945468782080
18333750392311277568
10039677742725242880
6282217980095168512
12909525210849640448
16558651000647378944
11483315255267000320
1171825780285137920
3835116088607090176
1992666769842151680
6488425149079191552
4019492064201033216
13926929930826270720
9217078405147422720
785500242346788224
3331726311881700864
7610087174056744960
4534016500859973632
15842223417633075200
14332339896163915776
2709050801765913088
4424570818444823040
1825811989354476032
13819892229593815040
7043188642495099904
1595077098281147392
6706716788646886400
6320817209450117120
4390212200337538560
17758484548504041472
12648462267218124800
2619273709873662976
17854766620597346304
8350458216345347072
2937974901653542912
16860493828062535680
9243938877044498432
7822857040513980416
17324344406513285120
8166968494691931136
17809297565911339008
16397278938411388928
3462460474210599936
13591865363011395584
1444245349938967552
10898966903244931072
5329391717555359744
7422971818717270016
16239322495306805248
12443890228697567232
14548592276836485120
12871516495997276160
14280894930917847040
14411652582561370112
6962444090268998656
11759525246821783552
13154929888035778560
17740519752380413952
14178773730944700416
15297556252537962496
16485600639349880832
9629166935246780416
14345210297879494656
1193281634997374464
17819802043700936704
9285137712254371840
3842282391972362240
3877182166126935040
973187229346925568
15440126936865525760
18119600443755124736
14486866143946749952
8357666444722568192
3988128351339843072
4800118038120120320
3065471090667035136
8769852420087632896
10795977677178980352
12663239094166849536
381017352499878720
682041524961812736
14554033619787272192
3107495912370003456
17390015691460366336
1587904438644470528
5149420307871709184
14345050262841348096
747988868297738240
3670837466519698944
16394692276945405952
7728646041207767040
12879574914065389568
16985997468285513728
2766793157926828544
11788481367212003328
8643939011836416000
2259393434900772864
15675081443366377472
1082392541662308608
2716432033128266752
12650076005084663808
1339113947467378688
11477165397839003648
17211480411309635584
14240769832480051200
11370316440755795968
14897321021828048896
9233479783924555776
16782165907783534592
15614030403889147904
17291772361997535232
2648551311323909120
9143364597194310656
8942963370568872960
18197197737519910912
11456418929455624192
11402867397151653888
1195446102464994816
10266166169618761728
12449281313908545536
5085526089293846528
9163314438046523392
15887166713040781312
1337855100984720640
229759046265050816
5941031802285124608
475557141192889920
1107150959913815424
171696953029993376
8885270873563876352
12638548201610866688
11186116018741352448
16035777215805827072
510629543009262656
9431700496678750208
15905813728191774720
14035702827493220352
10862580245161697280
16665602755663321088
8171307994280802304
15377423617907499008
319812381226346816
13037559059465549824
3117162995576731648
6031793000147227648
3929692706240402432
111979535861429232
10208385994374172672
10244768867064848384
5063779729590554624
360147620677593664
8645475089596748800
15980043791254228992
17998245792780128256
5585819344166695936
11531087521155856384
892367382490032896
4451968397260055040
16403014235806752768
14959951150600777728
6739938927915710464
971762145084762112
6796439321795267584
10001493615933261824
5446526849362287616
10478896131200325632
9100377360042037248
10612253753107857408
2085645728020571392
13732386467656431616
6097023424849400832
9619874499059845120
12346169898719967232
7834990348984067072
14377843248961554432
3199508506762329600
12989431956009594880
11146924585788055552
4191738581396315648
12609513760915701760
2133506084621014528
13983680541006338048
1538089797205698560
1798394059264004608
2651456987199447040
14201499900658589696
11650664063014817792
16434557271413481472
17355322204510736384
3578724261130305536
16264595072816080896
14427589724790327296
15520279760041330688
8356212478702149632
15943423435233603584
13654703066419974144
3944023394179641856
4987084209877314560
5121579146016551936
248255848429047680
15135478617782816768
4346369333542528000
690438696367645184
14422717892534505472
1749709151476753408
18092217114174433280
15043618881979078656
1030128689246515200
4308421135790442496
4429646727038556672
2479908501511564800
14145976260579313664
8014274263659795456
2574730857165767168
16291619412314425344
12507963423783227392
6712125449920001024
1016500901028550144
5883983283800389632
15397630952366749696
3924960047758306304
9032722310083818496
7114051516014872576
6433759237642306560
12685541979880146944
4263727910986196480
9551335730214031360
7810257016264852480
13639009419638665216
6726729597052247040
8235466414869009408
15848866991454818304
17946228050249689088
6049864857369335808
10249542328942227456
15913166417693505536
1151616416080934528
10822650385325580288
452318327519494016
10700817865482864640
11445304278716293120
13089423531491135488
4336381664591099392
5066911743225038848
16665885346654734336
16390513378682261504
8826376963929037824
8926163650938328064
14585674821010571264
7698524580874703872
13690195454063532032
6236087116111828992
12090532867766839296
12346690849338261504
367542160094375744
15746107495416428544
16487610935125624832
16936079441519878144
502029858763757632
5472533117700250624
13640908589160445952
17981612866493810688
4972726982520726528
131523032240946240
16907481805328930816
13791930552926343168
13289907591971688448
5277909954342563840
12952337872782182400
1431572876321005312
10847141044134125568
17670042142248660992
11298020196569251840
2531124682588150272
7018372929913718784
15590275025079750656
17071397093839224832
17530192150238361600
14124699459861569536
16319726234656063488
1489664262616222208
12926183823324755968
9093273144904121344
495029667928081792
13544679609086279680
6029220137895911424
7128269151422548992
10237717455850661888
16981303816361443328
10699113838076440576
8806385030346767360
6396150547751376896
2764117600136286208
13298655822829467648
14356252199840464896
13126355715925020672
3980064750555983872
4052566124060479488
15287878710990288896
383391158040182464
10175320068719321088
2434793343904739328
1633999241876522496
6548666329190678528
8519103561262131200
6711627185679779840
11401819587140605952
6812235226504912896
2394851168234291712
285728085021730688
18038676480869863424
15451842686231543808
10347983279172683776
11015656672736280576
6743824939520692224
15697670683440009216
18112265876789274624
11455596936986159104
14655791845522034688
112247663267117600
7385181056868511744
13216657559048011776
2357465896844842496
2209108842038804992
1821936313402466304
16822666176478105600
2151270422725766400
2204031459325464832
10572762960885356544
1638431452601223168
17852816177122691072
83084167806354192
2580842227753532416
6115485799859295232
2258182961315077376
16698093748840658944
11298163808454553600
771598164767453568
9802920693138950144
820807016066838144
2606766124911214080
18132891046188111872
16753598721277986816
14972000710205767680
8867549610867009536
1399526551935870464
15208157026777694208
2447108415218435584
11486587148998811648
16714916260235927552
14328990276091377664
6445807411439792128
17613369685466834944
13620221373165854720
4288183438788809216
2031099470400303104
16220954306485825536
12006532036857475072
408297999942179008
9247559315764113408
9749677571535910912
16667482551432833024
17389136982477586432
12823079291986483200
11796310375977691136
13766855816161720320
5818316264592151552
8154344421820575744
9361731159159506944
7199216784113906688
1386226705483963648
2338477340112894976
18400090670566928384
7173975998305008640
2080814457493148416
12670344743666731008
17855408516795369472
17111315754108733440
11971498846147557376
10718217657394102272
8072782141367075840
9350643269898389504
7748692482764274688
2128959435791841024
1818832415814757632
2709392675788984320
3805857013586477568
15048745454216245248
3552257161560859648
11838019023947075584
16198678059462688768
1137873057639697920
16544545750402551808
434365991537055232
13580678666897676288
5470996935854631936
17298697989866231808
4581924331950078976
18096436635043383296
15799977142485843968
3522379318107310080
18087628802769657856
4340185879737774080
8222611692233811968
9398542701627478016
16800975966909487104
8110491781050187776
11885813633428369408
16754490106924087296
11339490562906789888
2858823233096696320
12727752114429960192
18231960649512593408
12348093583187994624
9906974350931871744
11901075982179012608
16054763679287453696
13216938082708623360
1161365917674107392
16912468288471470080
1019076364344318848
1941686490669735936
3434018863618949632
11866192928808423424
4152236180150082560
8683761142176138240
6659219369583959040
8078073162358695936
15996732986600550400
13554151278942638080
17815936818590455808
11806204498697609216
13246564688938291200
15064371593619204096
8682809793035156480
6402769342656479232
17747102950506627072
264662098078786880
17031032723712059392
11865835478186993664
4694606492816366592
13882694317259051008
8346383944146971648
16191969055972612096
15432105617603534848
15248984598699589632
17362033598683588608
4904397181850256384
13384913862966835200
5355884720328960000
17943426145742088192
8078793386868585472
9250633459876169728
15492655357289900032
1340451243814196480
5963529646019490816
2451081749929220096
5081513837516537856
15972680848767735808
10342495417155579904
13951330717484181504
4546886605943485440
17356012432657217536
14500511444298217472
12095216347977367552
16679274349179742208
15101314560137875456
1232757733221729024
3135218012663416832
4495420195108685312
10364641851175118848
9730336576191885312
13586335888841906176
11775942484317908992
5930207887964137472
8972489798446258176
16713730585682376704
9498523273733507072
14139874366822727680
12281777312519268352
7249233125258015744
117356623488895280
14938483495933696000
4420602120096832000
14470144896546183168
6440641195681669120
10666743448159129600
16793130893611773952
16244773423156185088
16084777105448316928
13861558865046761472
9766040716839673856
2285968653002117376
17112695240045266944
16609196379295422464
2522171576330458112
8233673571238709248
8136807509732410368
5635025604954089472
9049988964013172736
14450702914243225600
7285772884805204992
5810738188583713792
2057501126892824320
981207252791735424
10582944460929421312
1477831038960234752
7915375870580110336
4903090582973806592
17634433428351090688
12837665579237171200
12785117985453805568
7438851348598815744
11308985814616557568
11812573217211662336
5201183963628872704
10444816789946423296
5903786778635295744
7462477859237037056
3261224219627499008
17113002191787341824
12338241138576881664
17066968607503620096
16065483956070653952
6691981865030242304
12446997271036868608
4728538975609006080
13431020332046383104
4931453884073312256
8542360687142851584
8590926683696890880
7861146027745291264
3766609814365691904
42238463310238504
4155431531529374720
16304160998690469888
18077648690841483264
16048513133376260096
7216709445763014656
12717577030740926464
4879589457765608448
16013293371472418816
7860129370551232512
10806082664365465600
13316546843720169472
5275856526054908928
7888460791349081088
8656904905311375360
8180776775561289728
8387663291579766784
8213583781182724096
1290015786559325696
9560793926527748096
11588655405933023232
10797557800079181824
3377707867043689984
11294693135679668224
16656618824236351488
10851159370079752192
16200117434443886592
775701330141372160
9411320306019739648
13665024072256546816
7999453297358898176
1744448578655478784
13148723684138461184
13460007914246715392
4390083515951127040
18446108114414544896
2120423298075669760
9908763799556491264
6020787128591966208
5284633431382254592
3942557344188633088
16060143501581471744
15969852519527718912
12431800690360475648
3481883268794166784
7300590643026722816
1915599404727015424
15637931050445060096
11206483850003906560
13059316607067475968
2474493039295689216
16671092244030052352
5810763132937762816
10559512304601671680
10655045531747643392
4164330528885212
14522651604398784512
17078591309665753088
5148588165242641408
12632194798011705344
10051930761616347136
17442903161269094400
13729164764801896448
11772139377540990976
13421543156564928512
8172222265762347008
15010562146637975552
2689709559506642432
9602325685421477888
9723678599537321984
17329137297828528128
12779296205375578112
7442217802954461184
5402273490207222784
4809256232922226688
2382472629057842688
11769601178707824640
11394867879144759296
9521104503078207488
8764201607400474624
231327061169043776
13138547175269718016
9808613975727157248
6012865462309515264
17990915902400227328
2233377670442623744
12600588825421508608
6166712881691502592
8034605561128986624
15868178755380281344
12501609092588199936
3791594129852825088
3002287601567893504
2402418268495592448
5375658968041922560
15884227658146211840
15381277447080738816
13356152521533571072
1313024940084885504
11653245259679010816
6301078292049928192
18010829106739294208
2741243005057366528
8103763509665542144
135728903134538752
6128016937085045760
8679499347540589568
10557221185887746048
11971172048462567424
4774725641681898496
2169954937267174656
10759816220205008896
13012214701461016576
9037210892921050112
7753492619202884608
8909520020427711488
13663945189349556224
18155213195742451712
12044939732805322752
11142151593634910208
14877086416356792320
5527561662168718336
6371626612126749696
6236295229774407680
13239049622717028352
16016490617744175104
14774614761508919296
14472378351748857856
15367249716497283072
3304169011572963328
16121550987632652288
5475648470691806208
1237686664871844864
10127107274718418944
8492894987487490048
9560458239869911040
3820740177653169664
