13533425183069071360
13800072569837844480
4152841745752051200
8152630509810712576
10912098540017405952
17733316705584115712
11729130284663152640
10986364280796026880
2394114009220908032
15593882935810353152
9772179652628731904
2775928242583778816
14007965301970010112
3034278707295222272
16465930402264811520
11264584812497862656
11830015699376197632
16319233584366280704
4909164690907600896
12629829999103973376
6261077569170038784
6480673740235134976
829170119091688448
12912249678534711296
16124997797348110336
7477890768348475392
74575455559404688
11071333989335883776
15450071601426997248
13493505984152958976
142032467141103360
10210497175188049920
10089871911492978688
8309043073061445632
4520966511166148608
12273397083255416832
6135456890428196864
3435766826077685248
873189467990069504
17051100678194178048
2598586959175200768
11383390351399129088
12764814662366840832
14796934479366221824
11420544411520362496
1749947761655374592
1900969873173494272
14427840985339258880
4017458930465689088
17169684353454694400
14566505315907117056
11615501157095733248
14551754099400865792
15456238152876371968
6753718908074022912
6921665126926590976
18239324397075058688
4801238511622539264
5124425382124057600
5533092238420301824
1793986759515425536
10986232150385702912
10216278607580866560
17735621774930890752
538212140669543808
13772384944334477312
4363619462671446016
14059504462508378112
8205777468513295360
16172640363405793280
7126015907573933056
14647745745325428736
6682904536241801216
18007967454535731200
17261020436637849600
1222941250414268672
12957677907348398080
8398228330991769600
5977914300092592128
16778577415876145152
14693722243987828736
5326573003817897984
2858184881576680448
11622531503923834880
3208114006888884736
9117220846583498752
3460629175291733504
4346828899401460224
6634561489590224896
18422722900284665856
15666476620440991744
8531685899800008704
3685450908705774080
5545723782612989952
2839144219342354432
3051353321039133184
1576240976070918912
10496829505316022272
4325270917870073856
6562039290620309504
12303730032002072576
13698322548753887232
2364637693478799872
7062520196222279680
9119357445774536704
4401332719259284480
576584112324399744
2628915813612189696
11471103784492140544
13218447816556658688
16398922741310261248
5256041724074202112
11603867961135646720
7791869586789900288
11890552091879194624
4230973252076051968
7560934928912749568
7060983410399150080
15684097982974062592
13961685890324848640
4259800677019310080
9844741228204589056
7903413402923376640
494727754565575744
12793344617187162112
2590737881336669696
16126137175520215040
8829162598046717952
10005391996641746944
8031224932012493824
18436492146537969664
4776756770949459968
16812091715235954688
10899788549994706944
1778435511692939264
11423542807005065216
13579360616639569920
15342471242190479360
6847068758150751232
7852393318916594688
14416404159035697152
16494131598227562496
8089155816333886464
6969622228234121216
15348401136023785472
13348523200751443968
13200314719415324672
16535179704181680128
851184479082259200
14623317088842278912
13612882414552797184
2551090061516491776
13441088339075856384
6248868893691365376
5968677152126353408
17201841578719660032
13472730868080687104
9203082892717697024
6959905022891918336
15411302312995094528
17719261840943790080
1738480837817736704
4055911647112938496
6447306233211401216
15300177328393965568
3991615964300519936
8634518239166908416
14360679799135682560
16122636648134432768
9896024789150681088
10257163362539866112
10240435594042580992
7799141082124701696
7235366288935477248
12091274986778587136
11192473218872250368
14294645927992049664
8775025963719892992
15910269535124975616
18431569888115116032
13115611877275566080
13925917226675968000
8010328098720979968
10597233308808792064
267854662012843456
7832047655096286208
5675017243778891776
16328610430616453120
7552408945100739584
16749795696873646080
5815592165308857344
2926262758969730560
11659007601911193600
5215205256437700608
6526947554882607104
1126781197814728448
16009514997894113280
1443341819787888640
12269065049837627392
5940129187831673856
2414466889968071168
875202705919599872
5866787582590816256
10648456456652122112
2736156638220328960
4772480218687950848
14435023111366625280
12609792665880104960
12967827890227019776
1856852763937628672
6698274115109659648
15548120044515172352
471194007986983360
1425043057221001216
9646481790150043648
796539146430520320
10756087379349381120
7763306914803284992
12113506860123926528
511719682362657856
18026374240546959360
4305434332289485824
5160224598611792896
10607312735648098304
16068498607637581824
12118103669811113984
3764560535058134016
14116290950706835456
190394849668811584
9900190041794736128
11908593443915821056
16348626126097690624
14284684124783276032
16725750390254176256
13173824640877856768
1505616561001754880
1166027247007819008
7573828523642630144
18386529730991951872
7079182652287810560
17195640349477799936
13398832791408080896
15150993172991234048
5030407911870500864
2534526311536711168
3225807168213091840
8750733668451622912
10209547465452105728
9960688603004788736
13835239089315317760
15690922989169438720
15486756107737137152
12327782329092917248
15503052436781654016
1586178917976138496
602555027262500480
13000644468291856384
11530693209588285440
12673891802160111616
5887857143518059520
10230292073062752256
12965353372275951616
15956351738922117120
15216624786343282688
16528206049531117568
2157804510356258816
9431553718523011072
1250163220469562624
3332609169937868288
15877474304635529216
9885906698120065024
12405500634720919552
11508928141599807488
10113016633632704512
7836591094428521472
16405260125278228480
3215713591682263040
16226144180164999168
1895013756854952960
10780430175014578176
6691135747354606592
12508838674181959680
7588759480557837312
8411314182406367232
9910522457971517440
12493450091614201856
1939058183830620928
7861875667874409472
1615876471243655424
4857583986864653312
10963030954648010752
9130700207880957952
12637661422602940416
11166194469160505344
14998158812043317248
16570532114725748736
8174264484448665600
10561028789070512128
6880634963571323904
1576249581555468544
14243563813529823232
2660847330596892672
4520529058498011136
14350557368488820736
2348542526521630208
14516021386394834944
8426251290510326784
15891047044549988352
652638324128962560
3174858852764420608
8003294405672670208
3736050140824919040
1069983688973333504
108060624719735360
4687490154466253824
15163811703483213824
4120531664096907264
16835408153007892480
4296558741682417152
1485474937629922560
1101563423608796032
12403583336588281856
16861234128970307584
17800917409773672448
17683797058055233536
5923630824743360512
4633848540520682496
9759224699129024512
3794869938390165504
7478624219866799104
11024927570658869248
3753974452349617664
10663195778091655168
14734527874018582528
15642849342650564608
13720885690415056896
13337346104374614016
13178676862493652992
1438054898021605120
12496341112672262144
9600815810777219072
2686963513048623104
5337477702216955904
14459271216397522944
11781120233260445696
15011090316008888320
11184444414686648320
699590173647072512
8838768033337109504
2767451989388785152
3694992289176579584
14394150367353462784
15095171968730621952
14741245385087590400
13306422504470724608
17483118300958971904
11523793289622833152
16617623259319676928
16696072424611190784
5270101818451088384
11120370809585997824
6050747117896884224
14487246951077283840
13081282494473461760
5754530708445286400
8603040250189402112
15717398461135466496
15876268353687025664
6004342658118027264
4048462740461677056
443601109259612096
12230176031571787776
13140797083606233088
10724594730332643328
7644385319166908416
12486013113686550528
12509726187390380032
15491335857882953728
10952124138533662720
8472494317197065216
1583006228346397184
15361623451703209984
16836893546411556864
11236362712235298816
2435514928449564672
9247611105020747776
5584559912668399616
16179318313014964224
8132268186195670016
14120012012075638784
13356443549559443456
2191874517194786304
14612939659147319296
4158853499501805056
4200189416878964224
6012141937815441408
14750744224172898304
1063252905122828928
9093296951698103296
9407992371768111104
18114504578378747904
1381802877349452288
5388889462095436800
10138283205293076480
7982662192433252352
12079465549345560576
4729694540323497984
15047343738410870784
10420954920506050560
3943330433315394560
8418747095111264256
11002521452417724416
17101514405065650176
7193708849077616640
10212561747391055872
14043900866516799488
10723774886514966528
35917892831965944
8863663356412293120
514029229945481920
5468759374638284800
4546706120427245056
9062288686223514624
18187755598066384896
15255539235906902016
6074551437806049280
17753534791672422400
8589094411712808960
17922917085292869632
1847071807514595072
13824261332215214080
3082434274383861248
7334783287948078080
7614385729478803456
15125903063448029184
4188968450839163904
1645346602811969024
2625677535244264960
3588132700828045824
12917708200070004736
3897686094714400256
4538581295152102400
118576727152964528
4060409636122460160
10494238470256607232
7446500632062624768
10616116371047507968
8231756756342608896
9178895204864385024
13237652209214980096
18215323938181050368
5669138911992834048
11322876577048627200
7594513010366824448
11647556468132141056
18215358143843837952
5146950875373908992
18148776073077331968
6555616686779251712
8362766100284053504
15611132452329904128
5884067981439590400
8222739123913333760
17968855961205805056
5918812515232499712
16457593574026526720
14497441711668621312
6360259900406798336
1415367412951018752
280232520554199072
13542106363684134912
14077087022240088064
1119648074628332800
1756148532641077760
12949566711738036224
6799379319371782144
1571203077596295936
17987438944028485632
16433739614047741952
15505259789430376448
4178287862610595328
8643763420409491456
1723721235289065984
10920689999839723520
17602675595605743616
15620173863495737344
16032350059730198528
10267738876753948672
9085973754977691648
14267637788445990912
7664524667969043456
4105041877817966080
2465678136782734336
16045173893736097792
13034427067558842368
2031543032623323904
18406506664767467520
13772187898601936896
18186635656768665600
3127417800628314624
2473739211856950784
15406134941828538368
4264747603813367296
7880280481547215872
9731888898440716288
9181008234840232960
3436858832622719488
3356960251013297152
6824685529076768768
17200445727811962880
10933138841176698880
7869595197667640320
1849462544101712896
12261945121310447616
15119256381754220544
1874675838510645760
622387571013834112
9632354922845642752
18074286354252599296
10123128078995197952
15804657269631830016
10706195887231014912
17295639936261781504
2448271096698727424
4137782297671514624
16427395144560250880
14867160164611487744
12192072458420398080
9147791017336205312
6984891034864845824
15969745519297114112
15707394001749854208
17218340434477400064
2928683516396302848
4046073802338903040
16002296775305854976
8365308339112726528
7718922838030972928
15410235946260209664
14651819984421943296
5062302503513164800
15732829737355214848
9004386119802141696
5964205879314853888
2015902944139482368
18166284133305890816
13953762704152418304
1471411564073003776
9794002828001132544
2991482406825096704
922890942382842240
4685866775845515264
13984048828635641856
16400194314073845760
1304351039039028480
3430228160886937600
3909217164295595520
15774156814840778752
3436251816862614528
2400042296252639232
4485988595366910464
686114166311763584
5069096075151181824
3240472247698197504
5919832774427631616
6331245055051402240
10302279361000433664
7303734622069775360
11227402094717587456
1781472747591942400
9695156062864062464
15841137286922313728
8756452591033342976
11833190170448910336
5697804216810817536
12761802034820245504
2878819548595246592
17299382430811555840
4696267042803197952
8334678864806333440
4687963566307007488
6332030161639700480
10381306627544127488
13908502627206057984
10078317013614206976
4367257327409385472
7336111767251180544
6651007296478289920
12528642032095834112
757413813330063360
15987340000716802048
534690849260177792
13645771345525760000
6556395381842348032
5568212928752794624
17826599614303148032
15383381650423144448
9210607433241366528
15500753234519265280
8675422033695856640
8531254684153811968
1311396246035031296
5295247111749642240
14141503619291256832
8735926584895576064
18243384327256602624
1948706667414247936
8173778795785383936
8666398727309935616
15766064612106076160
16518402247154235392
11075569644387293184
2331123598899494912
3535645574720536064
12966174417950226432
14568744439651631104
7709397278724273152
18312768439652028416
1320723977385131008
10115652955343216640
13093045700510988288
2805970891874466816
8506630193293341696
4734618592983415808
2321858378529659392
2412523865797705216
15384756845967835136
14674680961007886336
15931479287211094016
3580765567049496064
16954978266544345088
11287278439549478912
10931320214657540096
14281101982319828992
8806666271294457856
7544645619225633792
3375826694939515904
13840563581151735808
17893284213857288192
5709702101912677376
14561809322127032320
4743233695162313728
491902552677118848
14002155925040596992
4328917757657545728
12176484557513119744
14105991254706669568
5183926855957878784
12867714143234416640
2489107240211032576
15280530144155027456
3697226194775414784
14674677603779506176
13672769526899519488
844605622165330688
437040040113834880
71018160874678136
7996994809020648448
7309266111546740736
12018535598135314432
8139402112391952384
14091416350537478144
7418859183392580608
6316697990004349952
14866716288974352384
17322378078981365760
13703776380028942336
2496058987771369472
10651845887192795136
16932041669828753408
1241909612026941696
11542480190711826432
11508254296044369920
6896813850251144192
13667165676542576640
1960798574064938752
12964084461707196416
18079532783093014528
11290153654522822656
4087387489497028608
6850236094080689152
17948568666702680064
17520278795798421504
10924422978549340160
676709906602704896
8938636568456822784
2553127286251211264
12846895097245032448
4557738427958862336
9460248949564508160
10162769591396429824
8936685403554278400
11072025355564513280
1384101978310556160
15338589576863291392
9410483282224519168
620159931129631616
13703950651674910720
9110126300982422528
5178137375882867712
8586576040255039488
7676404023355267072
972323326638785664
272367901285995232
8263415089741884416
9642104835827486720
14685524112808669184
9863227186266548224
10534521356365279232
15363135021483302912
16466281357092311040
10586193619161726976
3294263547061884928
8892906080267018240
125810362483856448
14171983481117222912
17250998654358495232
16323002366634731520
5896176684829573120
8626363880966852608
4255287454502976512
6966853591041649664
11149155245477605376
12809529103934140416
9040830314930593792
5976303577621424128
7015467594385633280
10064955981497260032
10305227945583712256
9973072372894113792
8984379195622867968
16082319391810138112
11863798095105687552
7031934775649980416
1344442010033152000
13561364044629745664
883431311914103936
16849202263391236096
5654887340618597376
68318713579190416
17991017462433103872
10106833692978503680
3619117072032740864
2978403409840166400
17238759446697803776
7536481374036142080
15955125834560043008
5222373729868637184
4150557142266830848
15697933106881806336
15251631478656124928
16497959334395947008
10659884532070535168
10329568387927289856
14516352874272815104
4652545709210830848
6236520407202142208
15783709733449562112
8640409594777564160
3379076327214627328
10637295750534555648
1723454929047845376
392030141208717568
13179599168925999104
8813086502951022592
14967437719516985344
5061450705060123648
3212522325485115904
8391752135961156608
5017647061583707136
16901314401450534912
6296182496969513984
16344047627459518464
1366370605875009280
4957669872306891776
3043793203007535104
14746796506115006464
16709997798478479360
9511566453661175808
11503052353693081600
3850022193770095104
14451705353301727232
4769277983364162560
12405048794115219456
6800576402755890176
10313196043959724032
17542178909650108416
2174543655462666240
14173569585247584256
14018494849849810944
11794515997217830912
16182518674888523776
5656085286757149696
11370718521764558848
8837969000121180160
12888008616136361984
13755957697355810816
2246297798148580864
10923259525864851456
36854419230288424
9017409916407078912
4687582956144652288
11002019443993829376
9433008195875143680
10801832982925940736
6919476923017296896
12751722943838988288
12117564559449917440
710107432411311360
10575238408268832768
3862171294877579776
939080469872476160
11738323304068212736
17645024526537306112
15489330138777876480
7187032324746909696
7432017762030136320
6623442833718569984
13220770536966731776
3185711231575399424
11482659201806010368
10577198249532364800
9890891473864067072
5175446007528901632
6975787167999874048
14259385383078492160
15027511459172239360
8121563874658442240
9943874977679851520
18049033688847024128
2499321139782362112
15090406150526087168
1155488348116081664
9600219776079503360
13133812424735840256
9904263724853981184
183409278951535392
567195215724702208
17470315124414326784
13853368062363418624
16086727202788409344
17000674466099361792
3145553693499442176
9963125751363465216
13288244228573304832
7650592952673851392
13736615346952501248
571048730479905344
11766622899957262336
1807243061441293312
7165814025352637440
14432203332004663296
2566553830267496448
9360114970914336768
13877462958591852544
15863722240444708864
2856551102848316416
5195315180625176576
3786263872416318976
15583825553932183552
4750845564205452288
7972374283851991040
14627661125150756864
7313385455173648384
15062989212086482944
10408421290368268288
14916370235433228288
11964687070905853952
10030375720292270080
15313167597652486144
2049268352841761280
11551971923926591488
15418064250243764224
5305406242420283392
2335477276892512768
1457734179445981184
5418699204542067712
6688123039289953280
16144379374739394560
9646323999201032192
13610555155414245376
3806121152597727744
5367214924598824960
13826522438267033600
17181379419452508160
3435633627530431488
2157719674728910592
1366157363053167616
15246498924200886272
3942014307440084992
4031076946607522816
16641820372857688064
2821330488703969792
11601982569746231296
2503168029436329472
4530856887373678080
12992015677857615872
9276770471992731648
13291704156823515136
2509852071699749376
2807848923970019328
4916779143221115904
14964783425863569408
12333489371321702400
13455949514685489152
3456076274861320192
11840712835972874240
12754980024801624064
8524045173447820288
18175702246765907968
10188400872588316672
6914464034819197952
9912489813270540288
8116097892124408832
15133057047656271872
14626172927981635584
15216396981978241024
17427149791309133824
18407484892940474368
1213033010098106368
12540344489279313920
11060949357253621760
2659372230587006464
12535177768984154112
5591235378963357696
4187863383520536576
6348558941364495360
10311816896956788736
8287321705225669632
16074971079342739456
12350579635826606080
10285549237361090560
4320730896530562560
4859944512136009728
18058333781520547840
8392535915276266496
6908706902044331008
2310846743516026880
13863976304921145344
3738992515201518592
295253911885281024
12316003031136057344
3725380862847041024
15257079098307792896
10274042377710247936
10674750773454690304
13786387928395134976
14391326710911006720
2128403347489792256
14542921987195445248
3950314487303186432
9730486182404050944
4172037121669367296
1203734502927278336
8525480595068786688
10261074779151099904
6243028858203691008
2317129916390510592
7625477209180151808
8680646459902026752
7884117941251830784
9276841116205672448
7742274696431321088
95177765738473472
18001341971632222208
12446111466955862016
16178117641802137600
3199716570145779200
8511799235660429312
13398398846987872256
4301874922773603328
15898833407738275840
14982957983905550336
8535750812321958912
8519816139342221312
8960779803696880640
18315729066925281280
16005903475706286080
7438421930053402624
11584704863349811200
9193993965104746496
14619543885541765120
5200684611455619072
4378435868989150208
11874968284852215808
15820490378491838464
15442966566613520384
17162567435540996096
1500546476085337856
16057160372276140032
9655844577496320000
1990300715477203968
10952625957592416256
7876413398045132800
447646298359396352
7047030823853265920
5214084806688438272
4974652279918524416
40214588908331256
4530090834966690816
