7152029772059385856
15855192768491931648
5021566221736435712
2382833088363269120
11358007408890595328
15634121970119448576
10393736106349115392
1177690895119125248
10994902467894253568
11973044282303973376
148467347991385728
9812966441087760384
17626328200480817152
11939085707670802432
1467294837356417280
12859043164480495616
13154459445022871552
15102171115235074048
10245009650802300928
9334499811933231104
13911100719071068160
5535983703770771456
3052164728744075776
1470746173538677504
6138137462594661376
5371054910509305856
6982520002497522688
9704928908856104960
13194984070337038336
16626267628420790272
10012640491578720256
9634509798517942272
11607799993003796480
11577195211178123264
12077618911130628096
3373595578220318208
1214933371849845504
12588073387383912448
3404251488504389120
9105963746814357504
2120253057210882304
13104434109043779584
114274587951514960
12866225729356673024
7048024363386880000
17798626307102550016
1447740551632532992
2826709198219639296
4052319147822256128
12814639987306878976
10049513863417761792
16878892581499377664
6664873632913550336
12370457343629312000
1001538050600068224
12634741723420540
10980655048604332032
9342911075222890496
12926323794204368896
3700489931019785216
4453116998052115456
9517372254364876800
5763595993094005760
4287861685231301632
16704696921379497984
10062799956235882496
17748634545091102720
6626889361136978944
5667058288371557376
13931357850574616576
4372106792864967168
8974810457444561920
5463299249191916544
17680610561561239552
13408062675781261312
2950991253614821376
11034134079008251904
14316389064504485888
3133385245653935104
17318857304341270528
15786164182711269376
2032990973904774912
1857489323848743168
5578763180571041792
14568581187563423744
10566553289897957376
14583875893641957376
5955949756268199936
3738493709134853120
12454128117345202176
5099750946800561152
4784180110557150208
11567235896327438336
10291799310447261696
2872450290773706240
8664995306625008640
6014496591388434432
12381372644329369600
6382274951284908032
7210671237336485888
3519657907816949248
3214482703833886208
13301999133809827840
13183511808338851840
17116166092187213824
95195810726371232
17014250298700824576
15738687483627913216
7310232451499236352
9863150780474898432
12242723204072730624
1054836869989700864
10267804185211951104
11933300649865754624
14554011453536698368
11122291048165552128
11811128996573687808
12006681817095219200
619122169415726592
984451968177558656
16090254939599882240
13186798958727608320
3549569071341361664
6669353006179568640
13106643814482419712
7611454905705203712
8272300919617643520
3228264383398263808
2496675015292886016
7782721343019186176
10773683038372741120
1867262084095564800
14506764112545953792
1387486967831668480
12959272412998066176
1827946860975591680
14203534889357948928
13036023749813047296
13009981066394793984
6722630588328084480
3667787806372259328
6354250884851440640
14892566933222621184
1884307661903570176
2685557192126432768
7244810707009504256
8321063111046778880
1225202790128841728
16511340016357246976
11342247621487933440
10183010157788608512
3380712303047442432
15083224137739923456
16302197420635615232
9761118023271731200
5323750830507571200
10017025276378187776
12241069113636321280
17422803468012816384
4785156898520027136
4545867831291977216
17188838814102196224
15482483506002741248
12367536369547788288
5736541556156917760
1152383909298895616
10435854087816019968
9109498409327153152
5810608684350279680
8996748912297667584
13607445770269077504
2652896088252780544
16553368819256766464
5935936461193091072
5897596556728170496
14091277863647287296
11922006941438457856
1903887060308860160
9237994341173843968
7312568278314258432
16283461172688936960
1098428751000480512
17338355768977631232
17785191089923256320
5219765250660147200
13459482722527014912
8276612856788733952
16269456752585211904
7299280707636879360
14644525414297532416
16360306773088210944
675531761102022656
11625062171401889792
15679448381947908096
7505151372548276224
10505100206396645376
15464404047266422784
13678652611121489920
10035095720031266816
14381147515529664512
10247576231950163968
14656035524199143424
8483036003037874176
1718824706331836928
12226306263730266112
4683235434565104640
7839180635310672896
16835449885934305280
14117478288866422784
477815255642529600
16518309336647178240
17136657318051807232
533957935321943872
13021398990350063616
2596979967415788544
9663095534662074368
163967764303058240
10776534998329841664
17925349041156014080
12734932654603755520
3010300737167529472
4219375760101811712
15629690948310153216
14704098773346201600
541554473514817600
12899830914630772736
3233126432567046144
4550511344133774336
3330452183451858944
17061550918266996736
6785541980746502144
4920549814836359168
13576998718788698112
10185955179425949696
3924279082746734592
9135076521385431040
18190771081024090112
5022887468838272000
15128564630259691520
12667644214789255168
10854239432988614656
11746756095647674368
11028918589158731776
3479102090184196096
3636744170827831296
13594557154195916800
9917201968248905728
5521379138933206016
13618073920668983296
17241672829571407872
6151552693497472000
9833944800223950848
10364446003113924608
3140497832934808576
7377139508846437376
7615856854341687296
13140282923701049344
8323514037566972928
12046099181956581376
17209174631619414016
11359175297632718848
6167300231748355072
10674732892554061824
13733813020414197760
2495625461869925376
16922383914208671744
14291419474109923328
13531273431921227776
691682968135066496
15750529551424366592
7913113875671795712
13040811712099987456
4696774714195993600
7323227040650426368
275513011456914528
12055454623816343552
10617522914728677376
8780417293462274048
6544744215070556160
7416080792617152512
7215727635234267136
995720225543042816
390288468825824512
10610425899271659520
2202771425120428544
3613462219033294848
14745519877072558080
1372075171901051904
9289935099427721216
2732940229777465344
6971168153687220224
8697898036609416192
8233134949078949888
17610744220123658240
12993432695058974720
16295455829630365696
14219205398602858496
463765201889657600
13184478454530918400
17194611949394980864
10856668877927104512
1043694994533017088
18111034304962041856
10748387851747209216
15940176813607081984
16829279439086761984
9543677928619472896
146584200677510400
8054540063351092224
11718787842869284864
53977453023551248
12575278740947382272
15600294890437404672
5308367882498404352
17891195520412731392
8569897620569563136
17379794781492617216
12297951810609915904
6230175451400415232
2491204918642988544
10451590780871913472
14832523920633473024
1790677612203467776
5946690282747533312
6714883330226715648
5328671900875502592
11210384987020685312
183857955529779744
185143124422316320
10455785678986850304
1957980419107300096
18413398181984870400
13311024056326551552
7566269666825278464
3767922839216763904
15795908617070526464
15203949957224951808
3270934777250296320
4486735522122473472
8463603874153986048
2679331798298349056
11468166465672071168
8284651024191561728
16109245585655166976
809728396714932096
15639003540471771136
18256930260517074944
7106840395369427968
14913876794491582464
2379554847112733184
15297932234447718400
10273712161018359808
13287325463069161472
12592525601959649280
4424312951187779584
5232757739464785920
14328222262829344768
5389181270077818880
15233679201526489088
1337314908958104832
1231959672630374656
12976725910330685440
6357553899262502912
7838576571038598144
15832063349700841472
17257909942243942400
6753268131239040000
5807679107154113536
13691352895181920256
11806776192030986240
15713678360338372608
8136165244599227392
6693800385538063360
7716549023183000576
12827002643981950976
9944632366406801408
1527843719639592192
9138739137960676352
15081024807191498752
12759399657607417856
18303013932130643968
9936142120389949440
7656068574010126336
15141039415479861248
9726598431575033856
2924176126361056768
3718980462092707840
7181086421456957440
267918422616368736
7173911465996237824
15875981628575526912
3653574646081262592
8604852782797365248
16921422680398080000
17118766125063176192
14017655137170886656
17441045584857245696
8263925878252413952
17577783294160967680
2519509410396541440
2476378411438368768
1935484604358851328
3168616837185921024
277852239758207520
17954583291301169152
17368964465152243712
10725527285725470720
16641771290742591488
16025216059199545344
14032288576413935616
13687336535736578048
5931282673578344448
4729948548440684544
405933742300272512
2390058169040185856
7033243248504914944
14944468698780389376
2847529674707947520
4282701426416031232
8401650350732945408
13928381290984683520
4688820803752714240
10814865293347121152
10198065352876724224
17955997321099526144
17019111226436472832
4025723961148161536
13661757407168737280
17599651339054295040
10641680054554062848
10888052333098493952
404532791951228608
6248777341947313152
2314235840269551104
9612705831355975680
17520494101160028160
11117908268724629504
1246852518931641088
13832047039872483328
9132745217110481920
3107514885719938048
9099880514596758528
7200010173776472064
5052218655733080064
14538226806585223168
9758038526144202752
12402976854541053952
5026959457124191232
6911539368814655488
6237302404575722496
9540717236171769856
9354835138937884672
4654583955701888000
10341149401754939392
1557432729086509568
2549482937554571264
15194519067802925056
1667581136414306048
15350723052779149312
8453083361410713600
18223105603264256000
12861188334102255616
16506617729847615488
14631721887527710720
8241786141497436160
1102849807515504896
8541696151370930176
10640739197125408768
2199149926272093184
1255470278899121920
2849596356052816384
3035875261761042944
13809298991804448768
4279343856101577728
14700906414798551040
3371089949776414208
6870671396622770176
4861233859293348864
109070847207520224
3762692876904248320
1639577509092406784
10970208445499236352
3562183237825606656
9456485701848172544
11627256256422574080
2053740173830480640
7814860207223373824
1640551595586920448
4387166939670761472
15033494299938783232
12136574148008124416
16158312262388240384
11764493917176811520
6923637562949328896
6802013986718696448
3988382740998985216
16722685700642258944
4966492714817463296
10397491170211579904
18430910501650720768
2705045116022952448
5815925021148316672
12145516956040574976
14573276447291756544
14992656147529129984
15939236671726174208
10610955372824461312
17608147340796532736
14113744371346696192
15481555195759482880
1077537810049667840
18391095023360069632
12506182983410698240
14962971001516271616
6681765668304271360
15317340242259433472
10224141690643206144
5077781341202109440
12135463855798401024
16450941850716772352
16120992949651697664
4550502866206613504
5456965052782345216
2974424076807706624
15309331218771984384
14789543095144124416
17964511671920558080
488931052715916416
18319681345184638976
1008816023113312640
9912507601022851072
17838063550623811584
1411776461077659136
17967805871380236288
1455685791381889536
7757088311725613056
10757270351569174528
13990076786825756672
17248944391126964224
3381872289512176640
13954256579645036544
10524160482701770752
15429295095377401856
16682337702855092224
12147378968348897280
5488483296709873664
16679025327742152704
7968561328191465472
5565809234850732032
13578370445961433088
291346511344742208
4501931099030993920
12000463693736767488
15643346330147092480
15098409895866525696
7800428492255110144
1344849637103463424
10246198456589156352
5794972957806962688
1647613402524140800
1581408005319695872
7963712774686842880
1688289240635148544
3367091121483646464
4737066027971229696
7079124090411359232
16420797286876198912
14676952091346888704
17822836479730046976
10249085213212471296
15965914041673988096
3812938377029821952
8856025031884676096
1047269590970987008
16698327972570355712
1541056869213137920
16094420644125349888
12918759962814998528
1223259247888582400
6268660567409432576
17895765946520924160
17440770920293044224
4046091207197566464
13409692912588277760
4671435086760169472
16985194152209418240
12469143169830467584
14488371781532727296
13318861885300332544
16370286801545166848
10660817198801504256
7857474422542965760
12294460014171357184
3991931840335949824
8491931353114554368
16823021292201709568
7645515506622325760
6550568808739660800
14916196009044791296
17012349165303517184
6071759634876601344
13213892815631851520
11783141494117517312
1651230526678803456
16722757950906923008
6927593011266489344
4115456717349854720
8731578403847643136
985120460724098560
9210425214624901120
284803081144140448
15495345558926422016
1585743421492025856
13432032360426123264
9413924493821784064
13930853864798099456
9635499270059317248
295053851295546752
14473087795780255744
6749824565113171968
8180272701498903552
15557191478938687488
12430540168669878272
4290079460555343360
1664620541262940160
5287243326979112960
13711045505052131328
7873514385186067456
5237084671726033920
108428360969810544
16180190541468866560
5342301431121184768
172824706289395008
1977539589063912448
15770221480929253376
11198891962800345088
7014881932340464640
1112153587883222144
2894527187171968512
14738796850475917312
6174022391940636672
1803759798306748928
8334712816051428352
4677718844722084864
11223646668711159808
7052871759560574976
10190478433432532992
10496788580970987520
14820359666629781504
14471557852856827904
7438438428883009536
5009862985021980672
17404813054374449152
14013996591475599360
4704085720934089728
14836407189811693568
1589554012694476288
15434371690987071488
7811467758826080256
2688560683169507840
4692088212837014528
5669107424486005760
3056756268117144576
17594810426078142464
2633577015731463680
14505023173676210176
1226679790394018048
6139083137483597824
16032727819875725312
1526002040381704448
12951362281673287680
17518639024409225216
16544332553256732672
8536515007456744448
4291664018342781440
17859851685845391360
382334594374484224
3630545357390433792
7188847006789602304
2417461436850332160
6007185649950441472
15144498253693933568
15057627699263266816
8179363531076687872
10817150313877010432
13047738196832399360
96258248658211792
15364996857476931584
13072940632956657664
441653226910365056
4775820887083859968
3055073550877365760
9014608564671499264
4881518545591083008
16610866635553753088
4614732615782218752
1907189095292068608
13083417551865706496
70221719118992240
12368871589779240960
9851703766599464960
3784212593841399808
1324710684435746048
7464747951867443200
2748734457237378048
10240368023393896448
1505636637352418560
14430492562771425280
11830722136094261248
4184809628871396352
4145520970359148032
16609903667829241856
14523775749718466560
12761341608842979328
13466910972863272960
8744951292802132992
8025042914102772736
6741078126658378752
16744011101808625664
12727163026432217088
7715231204244954112
9004789653111495680
13777633973439997952
14896141245642981376
17128322085383974912
10106559837561487360
12833643018906169344
3909038637884660736
18186408435735504896
1054809867904119296
8376450276077881344
17572610378968070144
1005512373193578368
8670082400522687488
9447488097829423104
6247975853149898752
8489212947945937920
828981649149025280
11961294601529651200
10328534608773183488
16572703657410326528
15884375647930429440
12173545899524411392
7883396274028237824
14295590058718105600
17276720959706349568
1009507997141335680
12391636755395788800
9810182502638131200
13897417476769837056
3865529901373858816
3652809334171287040
5889381087359054848
10488496489709350912
13001072314338097152
3598891108297468416
9181551795344304128
483449445046630848
10844139529308680192
1849496926217021952
3677854431473410048
14757963372281049088
14537422332076746752
9128139727439761408
3367499528816904192
1015427344233973120
17018579715200819200
941018950008619904
17371225350290483200
10315712122832252928
12625937719781113856
645750431161234432
2843269139209543680
8264116712067305472
8973397373863092224
7161081799688484864
96281527571349456
7033246380813151232
1626173452162023424
9835609107668975616
11672521454617067520
13049673028009306112
17792731518750705664
17032851998876239872
18378453458517135360
1091376194707714304
5866759294235412480
17576102453094201344
10204305518526199808
2851643526792829952
142424894690964000
5672868272899983360
10518315833082707968
16957555787576471552
12063003963646832640
11371288559919478784
17990625696686555136
14954512860116449280
12186143729129689088
7069373436182887424
6808635143508661248
10917756856901795840
7333762969233731584
117318280515793440
8688507706317967360
13037957746640924672
4864804536275879936
4700946502083434496
6761209663386626048
18153698571070871552
6622746244297283584
12822045319488782336
15875177085145546752
6965335840252017664
17367487458188304384
17679115970627299328
5591664294231404544
8316449999709795328
8815155166316961792
13036018595930802176
13695891672483207168
5301593200150834176
8302363196727209984
9628408280548132864
4106069588262950400
1046462303398716672
13352547962460637184
17066181560437219328
9674044495518627840
5213964343062418432
4558938149649738752
14694987590009016320
9847679544612132864
3323959629934744064
2016006543117274368
6709051688114349056
4144900340312395264
6325767340021358592
4849319519617575936
7280386404979966976
7646055242791383040
18118230026680154112
14016551777478959104
5143159079099379712
8055031338253086720
14520729251499866112
1670896569144192000
8993389099017722880
3363335668787986432
3113095072861138944
12570407154453520384
18195789481760792576
175137498718336000
7670635366827168768
12979286731723665408
12516119603476838400
5880821540980424704
2779015986918765568
14170775278862477312
9672161182153607168
3382765469536118784
5170217485089665024
5519190926348144640
7355650785453564928
13057767259082938368
13092237994277629952
9289448457360472064
5847691319967424512
3474208733454828544
14313839859875495936
18264849836372426752
9067062570820663296
7293399408090475520
9775667312391211008
14939333808528740352
10684347684503166976
2890339386634405888
14565790954437718016
5857788411867586560
11182878342812545024
12950354423862292480
6781685255790921728
9462922378131138560
11726017230786643968
8105950294701607936
1778141081679105536
11678675463117367296
9284435457444712448
11386568794954612736
62384936881797384
9838018014803585024
3060060008306288128
2335313731487411200
15075763803388848128
9111549089165162496
11851318154767284224
11606416705731737600
13361889384606355456
7472629262773795840
12391087214972944384
15056131761440817152
9730562094368712704
8240952739813150720
5552614798955146240
8939310727587121152
12556809083758196736
5906106314036384768
2842984256452037632
14345455721489479680
5049776669446359040
11362239430441703424
597984578389080832
12708384515544221696
7129880073574895616
3466040011730007552
2589250917126269440
11710669108203061248
5021038806764143616
11451475822118578176
8845293083377873920
17705893970850691072
11257071062580760576
15782400270084677632
15794514139981719552
11230242464380989440
14335308750908241920
296930773024606784
17364336889102417920
9184567364838174720
5883515292395880448
7263120559458181120
16515863480763142144
3684860193282938880
2110005012905067776
5339015144440185
4400587080418456064
966540529082562176
8678767410576742400
17341497642995777536
10488178419122524160
10824949973612900352
2183601485564169984
1746222986895694848
17464932534020655104
14726184486732257280
1577353615389568256
10962204325001412608
15989398435712714752
6273151787011598336
15147480099832909824
2657528103003448832
6510250530959049728
15245297524461109248
8400715275871938560
7115949442356859904
9965642404636119040
5137210372231260160
6658845718298484736
2642893154058277376
2865101719595646976
16144792263864846336
11187516920748496896
6188017883463584768
14449645373593829376
6158758314891958272
13192075556997797888
14982618383786778624
8904473043433601024
12999083250230593536
8078631899198439424
7760928982555867136
13568685862761820160
8601512883412229120
14055292882458787840
14171695458808723456
5731515156417011712
11666634200024129536
15584230650832908288
12146265624267069440
15762236328676093952
11803136589736755200
2801999735890874880
7272066632320075776
5023359821599642624
9363274993611208704
4364105121744840192
18327010509786390528
1815154166595659264
12581481464233203712
12680112340114368512
8207413783560897536
5816227620938850304
8420762769325305856
1160665982084699392
11855657431003197440
15719068358258255872
12711339492704536576
5156680802233887744
17716647504469743616
17970959476171333632
