16945030949455900672
6664116871221471232
13690386691091834880
4094902828847091200
2199726645528592896
5814398352218572800
17708185818627035136
9543233008872263680
2168147679769970176
14753619937970458624
6729802102324282368
2453759774014067200
13417097124928243712
17216655860615768064
11907754113627039744
13894329202182438912
2429346461079673856
8204266677258616832
1312082061852083968
8301017699460273152
1633910571798958080
14555771977860005888
5996628388712547328
7165395417242215424
9439638722863493120
2701645933951983616
5212147698295614464
6644504093459132416
3636111886092982272
15143743294361626624
3931127167419837440
15530872817243248640
18388099881065129984
11510802630188871680
15549941306377062400
9065200649760516096
14464338440113477632
4192278179104252416
8330524197388034048
3097033289397581312
14552291629166729216
14308712695805777920
13130472544440424448
134951000895655216
9804821890309242880
16344187067435513856
6156402964930769920
3520744804667576832
13886824726054178816
9038540408126052352
11383235819185750016
16278975094093291520
12812272965232979968
3288882450695354880
10144778803249549312
8934371327569907712
17437170261836802048
11030766963884625920
9377392915455754240
16463111326737936384
7334081763376217088
14974167864277610496
3210539557457273344
7263155607191303168
2317746878243144192
3486061749830439936
4088012272248684544
13238598882389782528
1717741153799173120
9305535846815948800
15856663936996724736
6922409969639980032
9908422168510697472
12965176584465135616
17275592420365135872
7710857876081338368
3065913664457382912
5050953597374071808
16482211925424889856
11849719054914875392
15103693440205889536
13314913810183925760
9637182915512076288
12590238488710580224
2497326529206900224
12633834883041863680
328728907035864832
8559160298324823040
4469016458434246144
9314338790052198400
5581242200916179968
16088579801224974336
18048413358052943872
13304250200869476352
9379208788925743104
17454577710478721024
3766556983158720512
16359995010999463936
8010449419786843136
7624628477211197440
14467817294287339520
11831100717402288128
16179380442342699008
3968799775872728064
12196916778275198976
5752077704023628800
17980129225825331200
11906355838972962816
9454583445407496192
14488844975365709824
8611991458786954240
315190567422333696
17657085897200164864
1375918978457489152
18355629882501412864
5139698453674749952
4855577949218407424
9051274524177502208
17436916364655806464
17416553931481792512
3487030418371678720
11707043033809934336
8440069428775944192
18320031125526028288
17139332798458880000
6758900757938195456
4767016700112946176
4454814303151813632
14421365049210220544
7885038456952586240
5378311370652818432
16229068743216449536
9876766754916460544
10844482898816464896
14062400463037734912
13035829699387699200
8938259947780558848
14233776096543942656
10337468843105796096
10847003490883825664
9383764598390216704
4376363861881468928
14068441385173932032
10515372642534414336
8345675994213992448
15550752519158534144
14720014327761479680
6438389091091310592
15893651635137325056
10442739614205038592
3389562439514651136
2607625713887566848
8221558719784337408
10655802856942057472
16666801951908366336
8089293184699528192
301343379198566336
4940848093063970816
16289350720989980672
8098670631701352448
11533389461536962560
18219573188919584768
7216482035969468416
3847272232602395648
18121469142156503040
2748639985845404672
6196784824996103168
5792533840869578752
4781120844167034880
756675822861558272
15224022517949276160
6086683060850655232
397358050875043968
11428241958349496320
2408314946968108544
1225606561412957952
1521094710813154560
16140551762500288512
8683512070413905920
361210110701983360
13640009361659201536
1272165576956592640
5136205067722720256
17819523102856349696
11404894070845372416
4070770400811191296
7995419316421582848
3126838856354272768
15182286019254857728
10331401155973607424
4372730313990790144
266590260873372352
2669717121377865728
2592704206885524480
5099390018823822336
9720522746419034112
16648837734507759616
15819790210959501312
5588823638644027392
15896237178951485440
6436133020692429824
15360049730000418816
14655939897456035840
17272294253562535936
5771821619244530688
6769311120717619200
10502650841049475072
1130522414229917184
13414161498762149888
1901600612876330496
2049928537327070976
6190646105652959232
16160726764359428096
12434746580871002112
4127951043879753216
17427682659851825152
18285063217967337472
13348396322620016640
72138648941389408
10244731675315347456
4614952237987683328
255137965330239840
7022451310976870400
823341608037806464
10800707018699094016
13138107654690940928
8340502018658913280
9782121063613814784
2271747361042889984
2097378014196739072
7069998128343804928
8489686134482881536
15543927186211160064
5614715917644878848
17058811077739773952
6148616485423678464
10087713245605306368
17868201247551614976
7926735552720441344
7128697618898103296
4215878184720957440
15075992322251628544
8136069394400890880
18260567912188336128
12072544970751649792
18112466696115179520
4119040875837536256
8142573873288817664
5817770689212498944
2645923204891613696
17619673341741469696
5417043927752206336
2082767131894492672
8400901253460621312
14219800446065465344
15670262525770438656
2800771552366374912
12977632597330780160
120442812656726672
10854004348076357632
13745396801952997376
1004669931932302720
12839472492001523712
10040762028732119040
1063047390335329920
11103566824372936704
802348912510545152
5364310681554846720
3507996328192015360
16946610284886788096
3483459780431054848
14038429600810893312
12200973217941553152
17555787945880238080
14767853018284967936
9820128269271046144
7225174328332284928
2776951816140868608
11982916010989158400
16418371988497395712
211667820459164864
14003468105272532992
6339386347755222016
6193899980144337920
15186182409477324800
737541606678611072
2274253011544702720
10636939078905591808
15646497578089900032
7718594044179579904
4847430588949387264
3890172407438209024
12978946336734492672
13425743663053885440
2745473371735075328
16452869515562973184
4944505385382079488
15720284302075877376
17205769233291905024
13595991471533481984
15048061884296290304
6482211962152399872
10715192437472704512
157026753163970976
14744099253369821184
16689379412926609408
15553152843932614656
8327743150476187648
13933586563156703232
13287672581413132288
12820999242895939584
9525658043768485888
13971348206432376832
11731057580312733696
18417223606398560256
2231060002491017216
17644179909415329792
2499789259150224896
11393729175450236928
8621431485780837376
16024822093612048384
14902488287784349696
17757988093870856192
18309680326624579584
16791463665690609664
1707623243411041536
8234805737288338432
7006101439233822720
7081695211756781568
4378201109528274944
11961259561351497728
1005459629942555392
7710461996974151680
8684799113172401152
6020817140113447936
8502685660802902016
11562609985510189056
16739095945960161280
5179420590181160960
9885228396292913152
17749619564451923968
13607205023126411264
8234828354325379072
1904998455075449088
14892468080821743616
7593946093028191232
335340988979794752
1300856791179940352
12844514604072515584
13050069150326210560
2782326561543906816
11899810635459735552
3259000361429285888
5596016626747064320
12259119307990173696
72117533705469920
16418140440651573248
10166010506778771456
16545800751211999232
17794884439120142336
5137935161029505024
11152294311434860
7504321726759504896
2609560112167406592
7843091506838547456
2589430391076550656
12331600448409911296
5960965828399761408
4552319721308525568
15197134989412425728
5428536380002776064
5567018971462963200
14682799999919611904
7907637513797549056
8765516702806628352
3406238734067289088
14660911180397649920
12638715168241840128
13826559734151534592
14660519801437579264
11168224241225949184
9149611308917572608
16443766175024986112
6612685326737839104
7135592862010899456
4143366412276559872
12974270378940823552
6934651741474015232
13150859297969575936
11857028361913550848
17880936382024820736
18320510716385875968
3512375743065311232
10651357139524200448
8765698936444445696
15423052016592779264
1543622153484828160
6280040002147938304
13989251299125258240
176565701656557536
9266486610376595456
17086268850368585728
13436415801716879360
2999976801112525312
16937519629043939328
11388797677039691776
9896223001212911616
1022214600751300736
2693517813212990464
5497997391771076608
11934835949058570240
2341595050968782848
16504536131482867712
12173971310873692160
3091791426475923456
13361676801355833344
521885343990053248
16367103351836211200
3049826194200823808
8927708339429405696
840172647479738240
7014748311771277312
14926376403934986240
13123839281436000256
18437954497732534272
2978855628524891648
15509760575291369472
5043443868990504960
10617332761332172800
17833991955517394944
3179098580267476992
10591057680686319616
7350884704385253376
8594749166148343808
8092836088986324992
5255815210916838400
412034352978672960
6941180951802106880
2284376858789238272
9279673552918034432
6535068437087745024
14674231340756185088
11189387104512884736
812254313383799296
14292964692922775552
14739423276648732672
17979834532323545088
9060634092808604672
15161249712652138496
6872448321476583424
9570747269930485760
9906867877377777664
9827035227487199232
7521885227639327744
5971055929102437376
11549387811040141312
9754504319038603264
11708910363623346176
3805315023884280832
1606507899995980288
4148366625420199424
6093594947264988160
2126710003845551616
4895775195093396480
6757192345871629312
5471109499348415488
12006450567330650112
7975408494811685888
1295943142935118336
8513164384067729408
11743939523591641088
10732058528652169216
10610592251830253568
13220142872553588736
2765673335494930432
944794142136047360
2869168454769689600
3808326311443581952
8076080270776559616
13764638677571848192
2612036523587409920
4910063315970236416
11178077279038826496
17600220226911291392
4617670667592146944
3484263927980155904
7159585765733819392
17404325286313728000
5786197869715753984
13935402332261384192
17348136785885157376
1673544664908514048
15383200958031996928
8473983154907422720
10912740896179150848
6682653091120817152
15507531105849161728
545514755220229312
1934273882745352960
13344772195496814592
16941518685201209344
16332647218415704064
16164625546260447232
5542466757996650496
16018336636561235968
1791034330706992128
16361249483434418176
11301774444212494336
6400155867910501376
7999666285202345984
8668781207663843328
2974991414083587584
1174503008875444224
17013820153563537408
17705971587721627648
13110451891449481216
13927743259661340672
10486238670182852608
881001781670354048
1199671807022820096
15766980121051817984
2336208786122315264
12285644709225484288
15876261534378029056
13720385094879729664
7202252883405296640
6338491004867169280
9235457198821900288
9516273906263773184
9716219442207709184
16106082543069118464
12175097522292023296
12202833551537252352
11613539827077804032
1799235186996356096
500053803140209920
1958216348582996992
2793467648739030528
883648916580984064
14891686263139182592
3978876310024937472
4728611351141873664
3549958851817006592
16471713188555155456
2184688561983750144
15694556770535268352
18339276992643010560
13793033215883640832
15198059236815908864
4492367757905967616
13604065403683805184
14632881062825484288
6294771654062001152
8535674358448386048
16858065477210484736
6410891975068241920
6944260780756544512
15541244429770733568
2749746722111207424
11842497411739553792
14207200781164802048
11880827322313746432
4720870851084109824
16287676091572506624
570839835635564096
10562826934579345408
4115837344236529152
4829888754820555776
7933690337089154048
1369585169142406144
16038226830982342656
121817048652372688
2581800168561143296
9286441205590890496
8280236341687107584
5521577336049610752
15668682120433254400
16419766163897690112
17516762033260644352
12249978936798676992
7034824550126619648
710942720416241536
13491330264125884416
15004514489536356352
6049718356686736384
7712676555250054144
16777923731066191872
13706224310420023296
3093531460879534592
17118780832371519488
17157957572234919936
14881772636074551296
12944082149357262848
17778032856550797312
13756123309068249088
4650346147868666880
14073299470322743296
6756951895160911872
7432230171460531200
10074001190991372288
5868115503535236096
4921837488499609600
3372225068373276160
8641867250449428480
2244098658643251200
13007376893164580864
14119528709474289664
17327588990464950272
11232597191352215552
12410213572447483904
11164967789554583552
2154706540276730368
10352261671431610368
6597334275184744448
11311143236037416960
15740460309001293824
15034253761041442816
9358273271220281344
5442771089963717632
4214237864776163328
11246864678595135488
11700828416866547712
10183554269050767360
6240998950946285568
14726516434609088512
11233517295082057728
5555468607074939904
665013235666510720
3211076419106101760
3612882461705646592
11713497794890317824
9934913507631060992
8848039787119418368
16912327158729058304
9092978245216776192
10921123279360280576
14856619566050607104
16971299964234055680
5533747281547574272
17418451040170397696
14290490926672988160
2086866528690888704
13757026578979760128
11542758669323698176
13993502330135844864
3943969825446067200
7408699470690093056
4844206443430217728
8639007302380998656
3144552903125782016
182203643662612832
15596023523790536704
6604496562261665792
2035632014537150464
7994816299553942528
12621140092049412096
2930920739321018880
4410833180279879680
11803759300547827712
16387863498583769088
10017651226468954112
1719373667551187456
9638040665436149760
3059088532294626816
18185485160859863040
7950903079528695808
10543927592639983616
1079255988662933504
2117606445212820992
1978279365397421568
16433835022092083200
6103463338174267392
9890596506488043520
16517194074790017024
3380157368657778688
10123248756803086336
14995327522412963840
14571646248792102912
13031191151048087552
6591638634800968704
382477782804662336
16438108613348405248
40985252150244096
10674511016114747392
14506214259993174016
17235075220148979712
10442792923006281728
5472892215649397760
1015587044332965120
7281971370896738304
7774977356470621184
3027703575096073216
7611305221494917120
7470992206636563456
14412524458680455168
12917274413412501504
4453756637020821504
4203377654432646144
5867563956401379328
16172421680466241536
3098483425978132480
15112808485798860800
15859513158086111232
9513797489886300160
11690103347606345728
7911420159183002624
7284594541526280192
18224475316699271168
8887103003301626880
2168100723776120832
13492520083653341184
14093065404711041024
11899967081186453504
13823876524535281664
17558069157970593792
14461230654960941056
9983560052923277312
3290410046354772480
13260940885004120064
17255782365099610112
14255997674599524352
10278145330186420224
5772728779143097344
7763645384662274048
7536056189475960832
9812775357494392832
17140613642187247616
12025336283134982144
15999871071749660672
8283679815893388288
16178872360123107328
4667799024406233088
5211755891806096384
9601461090449829888
4889677446767396864
3872035391070886912
2424890655060762624
17593969204343236608
17691913442686162944
4650789626040325120
13835714835767296000
2556823346711201280
2117064428966846208
16739094562663966720
10020482897828659200
3225086081441439232
4793166384940726272
8482809961707060224
10354111209423155200
8477183175261376512
12252736305882867712
1842430609625766912
7609890436361521152
6564346477398848512
2908146617351910400
10412670375880480768
3691365111590196224
10437646113687449600
12808241210110416896
16228509349674305536
6608872420222729216
209784016777029024
1972796359635405312
15602216342433673216
8750496262202805248
12947415444303245312
12851436875135600640
18275660656727871488
7615553801535102976
8193580343481506816
13895589058152153088
7143977985117767680
11678433573888468992
11902288045149884416
6000242429563653120
13193479873527523328
15982253225665114112
13475216955222255616
16170682614050455552
7779561195779784704
13315990437252999168
9785694847297030144
1139657615232480384
17393170507408820224
9019995016253546496
12786446056401774592
5683658828503724032
12995309300491902976
14499484062620147712
9642237416077594624
7082521931171363840
7070770434942006272
10205041092530206720
16812600436984365056
7533702768885477376
8991647667000190976
3299872365183162368
458178442145198912
3934965642320360960
17333051542356830208
18298719912192165888
13942162538710716416
18315314746911809536
1771000721221645056
15219236073031094272
18361599676055236608
5235348977370421248
14616805131072944128
13883285559630733312
12092385049340270592
987459694087362432
14823027405530642432
12232712537935335424
17024773145878216704
5102830390121397248
13721864624337827840
8325822221345694720
17674448593980981248
12353911092694026240
10039078994513180672
7938991276429109248
4248819383781626368
4078266106767685632
16390109144257742848
4617726501628890112
14476506270365556736
9476534353751891968
11376043673892153344
12698625984921569280
8879624920620838912
17766003552529018880
11938583618641461248
8293208987403789312
6175547009214915584
5740098442835181568
13529351212364462080
2104411723163912448
7035255173818585088
11644812002746005504
3856937501574687232
18358218552435140608
2900221842542483456
11360359584481423360
16671256965316493312
12778750550829082624
8652371050514069504
2547300014361623040
6813007472180123648
6547714841109445632
9608057132796346368
5861902768602658816
12100045813617160192
7361651420801216512
10575339588498016256
11988638932416409600
15815233326412754944
5839341968590694400
4390111052644544000
16056356610399969280
6188567199758163968
8291432098188363776
1054921637430524800
8165773494489163776
2907637849866962432
18126284413325017088
248955544319843520
9108396942652723200
1608646759176413952
7611088844785557504
18032251996124174336
10616082868056104960
7195423610146087936
5391164949913951232
17305949372349325312
9470646214292926464
18092544259243657216
16827392576872167424
17032178695130757120
5991405453255619584
13126089001055434752
1907647222862496512
10593943879593748480
18122560675027204096
8223741395127265280
4899251320833596416
8193034717172423680
13823183270665035776
3140604979279064064
17431088011830204416
8803015966818728960
6776195820778754048
1657226733803400704
6219477756099786752
2553967016465147904
14057745607406008320
17375988468444672000
18139971314816057344
2691178129250442752
13372777792549036032
14692467342399678464
1933077995401711616
4182079014766435328
4891067811727648768
7784687647652649984
7902054140906179584
18159679894616078336
16873568816866080768
7315858785795308544
17005408982974500864
4543199461350611968
6910686885092604928
5235467590081908736
18156645354486030336
3000495940596133888
16823174309519798272
6369328669729092608
9338769957392906240
16228466197259116544
2915615595366104064
17299288903758587904
8882872774606073856
14326768199413753856
5431943878269462528
2034368864906331648
17149120558502240256
5585661602609830912
16868481395528028160
11455750222760972288
10855069619664091136
963113545469973120
16595244767688904704
1557052542843581184
5284821693673110528
5082092869903473664
390349664795035584
14590057752055805952
3401062972942482432
763996763811218816
6833345797970181120
12814131923999072256
6590766278890755072
6625148909798935552
1589787653917035264
6978506005530090496
14632787769109014528
2041969010887055104
11539809980503730176
15664196136584054784
17648723014404450304
3318625674552494080
765028886564305920
2757741876526977024
11184296385032652800
1302165460751424512
9678384542954704896
15934900819660580864
15191512763485349888
11546086377005236224
3062781538388054016
9749610256231917568
15214485903023630336
14394180875217647616
664781648168431488
7209690270451783680
11130225962777876480
8993189056599602176
11222946877709166592
17890243867974926336
8276051534678637568
9523555627759818752
11279457874174242816
3133177908192320512
10543155263008114688
18321194453267363840
494041898166597760
8334786278163855360
13600337138701862912
5528180207310429184
8685223204583874560
12578516548482807808
2387827128982119424
9211082045298268160
13775336402006763520
7877144021487411200
17228610576298700800
12002463086143488000
6473294885862130688
5714952040016235520
17283519209793159168
13807336346689005568
892998103763091584
16647781330174353408
52264280776282224
695440747487595392
808660920998166400
16198758982704984064
17697608537634965504
3466074234212897792
9556772578390016000
15054512257931184128
