4387669449831933952
13736560081974994944
11249747346647879680
3094075659986571264
6184933894376680448
378514492371417600
13214223520775778304
17313876660494381056
16604297039242229760
3433808483482653696
11371851519639820288
10105480200003549184
4499236858375072768
2759361564513851392
11399263199783507968
13613759297047603200
8762981869446512640
5717135351776184320
10590613287232595968
8701815310049104896
3658798756037517824
5888418284365937664
12986103914749861888
12233271869651763200
17915834006159820800
7080642652784335872
3863600682693004800
8672841105568786432
1446096755577855744
3430064717622870016
7909294827816343552
12360478359548938240
7344058227249507328
17886771726962708480
5815863294359708672
18221033171187212288
11494489815569166336
15478124241578958848
8217934645519616000
7825541366123058176
9218578350255461376
6460021110090715136
4481472124073952768
1256380947033253120
10862860196982208512
7854414285771052032
10456823897763123200
9799391964646965248
13707928510362654720
6767122087461505024
9582497803403726848
3946493210054676992
3673884549969613824
15378884824127719424
16520071336396505088
7659617817386576896
17299455827194683392
1684898589777874432
10819500390966386688
7016274289663536128
8152792745416672256
4514126301916920832
15307052446615252992
14080359996155353088
12541028369428076544
5137529724675364864
18251389937077276672
9236616148891955200
16453946236095805440
12824084939805966336
8422159625365127168
17468155551919712256
14795365066522085376
2145281986842757888
8506125401998680064
17703442293698877440
2043426783935891456
8156491598629155840
3749091523671160832
1145904856219502720
6366344570580230144
7134769152584232960
11767758983383762944
14959968482367946752
490421083453682560
3828588115234652672
3214169007504464384
14278715606832072704
498431721188853824
7828705369208979456
6040621390105719808
16379005360301942784
9441346420044662784
6015558558985145344
15069586696241709056
4157683372462036992
8834816071529763840
17454128455400222720
3286586065414234624
10951389376212643840
11787285711376162816
6597649938181159936
2256720755001003520
15092674201571555328
3818208214091348480
247918043364777440
13365125581643448320
9589447470667028480
5805717857237819392
14968983678256586752
10740316517624895488
7091845090385726464
10281956242311956480
7561106458401899520
16515553507320164352
7391318373752964096
9044225592274572288
7022901218461427712
16741637448220624896
7731856472579019776
1460189798164691456
14789987159146086400
9462551480279816192
16164112995373250560
8880469842605227008
6680702863589665792
4942984173812819968
10620171506622568448
8178177937414032384
3688261178446415872
16413241606807711744
14560527967975258112
4387293218663380480
1109851890106711296
16294516269382639616
6860947473800498176
11894806321478082560
2561991284305725440
17355800830598516736
8419195233588982784
17802157579204274176
3249695779737992192
2723008489256119296
181646272176700704
3173086986486635520
7932563313535476736
7734089558965947392
12852585597929510912
17626078883087519744
1963390034453305856
11251089528822566912
4667061013556471808
2738582359952368640
15893289503694821376
13325499533462470656
12125099158346561536
4519841536977101824
2765069027037791744
9000354084322892800
8934853519994657792
14817690773143943168
13342654291487916032
18301719444351991808
3812401752405811712
3597202006924258816
2966695244943746560
11315927058652887040
2668607404072353792
14490591299365302272
17568556505033191424
11517420812389691392
15008590099716077568
13443723325395038208
14902490080167067648
17435388618624886784
11482113344626802688
10501150248381251584
493270531149534272
9154260278564789248
17351312675467831296
281396857276646688
6525436368219638784
2232524525214385920
7075479363186981888
10470532962135617536
1249810122189831680
3538904178298626048
17747315593400158208
2997949179963729920
18330605529533835264
15938045958833174528
136834790281533488
11286047650397317120
4160555557184366592
10431001654148978688
1618579496304069120
4045829389023789568
6435517318894550016
4420024034946198528
3032329422173398528
7460935687196477440
2426717557580615680
5764914233027457024
4412151688035201024
4722753290390099968
12308965790244014080
5022203072168070144
17303996437224892416
17325462778561392640
3186882523548273152
11944885469333698560
9972378645500526592
13364173564229216256
1193420658418845184
10816051446653599744
2610308914821599232
16405892005009772544
14480905972354502656
8361175519129627648
10439157902217263104
10540832385354311680
10237465596819714048
6395249013124894720
15902373879491944448
17647164994060208128
16545261037289453568
7903016120382911488
6055745892130298880
9059854391221972992
12639531227869822976
3156574882356730368
17254378015889754112
9304259815985252352
12067525574860482560
18109218086481571840
12957437057714163712
769368201389455872
9274390827608432640
7507629119999739904
8326124403627195392
17684267321403570176
17798267414579986432
525965392864735360
2082708346036218880
10708290027962724352
16194972039277193216
6827194780734915584
5121652456663773
2990343109898994176
12532354260323620864
17554296369893070848
3208759717961040384
11521999723205601280
14544186888411688960
15059430289546878976
17121848288931776512
16489899830451791872
11739093616517267456
11190280361194219520
12758568197818937344
4587321294217201664
11521478788437327872
1217825746974330368
9469766076006750208
18081118473480591360
8788183824377597952
17913815081236330496
3449596294098261504
15298460065312364544
13981175969113968640
1850203677597396480
8484428006320357376
15961094786940196864
2387325949333631488
8238267045564393472
8329031805924971520
10253152662525353984
5733113079921629184
7377498406423987200
15604121093635479552
11545442794825908224
6219318296406347776
11443591512881221632
12320068585362624512
274394679799549024
15340485641911267328
208512698205690144
15630599177709504512
5653407684922784768
2531947332848274432
5673988509212338176
1506873402563832320
18335227521330241536
14483387610462275584
15033971826949144576
3953213311562291712
15391367561364111360
5511329569594760192
9917958713419483136
6253652473628234752
15264503979710992384
497147957161508544
5129231517342049280
17968862067091462144
13704316475216381952
1176202286482123520
16369808061379786752
2563143461274048000
608776354456585216
13802535924343433216
9803018264172636160
7381488043890142208
8845236299729514496
12985021522885314560
15675589510001014784
2498475836862857216
5834975045497907200
7627092328839181312
1000222765915670016
6804009234918659072
13718587981384718336
13949054808416925696
7567382444400049152
9213440956349870080
3644890414885323264
12747143208797595648
8732365397661134848
15100174185641529344
3927109451520954368
3610192400372019712
7975990421485096960
12147312917354446848
13099070983688157184
10451310115663745024
11848319057756727296
553375423818222336
9646499397918144512
3812114070282293760
14320649628214132736
3148784190838013952
8654951467540912128
12338206078360788992
17295283411478986752
10549845380407011328
3990676810188558336
12903935365824372736
3061978452371424256
11917527167872788480
9088530114508030976
9000411234406779904
5867849705588291584
1087994876234104960
6126680913837842432
5672509278460711936
5712285742481771520
16157414347787472896
1274225030253286400
14300782462345895936
216931749425421408
2772047732741677568
5117858811836504064
13302731029405331456
5006344877727759360
2244297804740163072
11949253879010877440
17302197676312676352
7569390364451561472
16088606984352294912
67704961877990408
1095497110893951744
1381129730206243840
3718492267198305280
16644356372054822912
14545839258406838272
9014020537000844288
8268114618954644480
2023668993197799424
12329627399351459840
1400539799757003520
9729837384200976384
8683991653720165376
1450256564952699136
10445407040507756544
15547392361587136512
11383724147254245376
14279705180200691712
8844813509356393472
16934411022211311616
18275769276488314880
12144004261973489664
12621699573072869376
16446583481335126016
9789517179815784448
16194235490303684608
2236899286473538816
2869546126502766592
17279097136792246272
7768105640222342144
14173908776477982720
4409055842801989120
1577013206001420544
11714851752214394880
17714505952850169856
14185892850722263040
14887553702016458752
11007046637949247488
7475995620639685632
5849944125895839744
15157400921509732352
3869767696465671168
16893126681159436288
8559587889567936512
5491014919547167744
15144694935720933376
12776530029381562368
13211303873285218304
491598889871659648
17606788386553778176
6825020010666049536
14157474439624093696
5083886574155113472
5370371474364104704
404842431981508224
8802429222120119296
3238781093644925440
5743747858328222720
11063216721482426368
2506464372783247360
14436581912058992640
8641910506870391808
8150317161055815680
6243278587417960448
3562330372795001856
13813338376328628224
14209887226498846720
3595263064022913024
10772965252646617088
3886965603180136960
13395751453019219968
9252544039061047296
17523172648859314176
18376921242074710016
1490634504247933696
6208437818167851008
3175214287456583680
12269118703688110080
10011453989988165632
14759343424117622784
13347408918855692288
9350496857679550464
10625879542013421568
11243093294384805888
3613431773068170240
17223484269382754304
1084074821712634496
14397223994217191424
5128053055202981888
12409361074632808448
6226942492791456768
1986269967602386432
15165797151616917504
5250077587936391168
1078448384199513856
7150628407741307904
16298212536494374912
7604311199353178112
8039042969273627648
6369644178391445504
10371924643689687040
7424357055241043968
6626528004470619136
2064513687945807104
4788821313995225088
1503013521143052288
2972585206735180800
13461461282845603840
16977316713962317824
10196039390849712128
14444164656555065344
7715450889262849024
16421420693695268864
4889148945848924160
10510839449072549888
1834160951052208640
2178101903477513728
5879437338686676992
3958424153341287936
7504765829213681664
11434445622279985152
4313251514849522688
1677613383004886016
14015496605989120000
1774806651337167104
16562528320790943744
574886628512000256
17697465082589018112
2397280539415702528
176491386153902272
11849847670466127872
11796978207548639232
7273334198966897664
11597201767827380224
1723974319006483968
1780032070209717504
1492507368390062336
83782416466752592
10625402134423285760
9020323643625252864
17046287027257534464
17513935826249824256
1586436116565796096
5875864198973041664
5881877892969580544
4635948373540019200
14626749790060642304
16477119956331220992
16044601095864567808
9701413670133014528
4068265479551285760
1673385228683955968
7692144266152231936
462379511438103488
13387749449568956416
12051676865617969152
9695708672333506560
16689801279342528512
10885012160038885376
8798908555462319104
16049789365964136448
15909391828079962112
8680572888880848896
887659872021989760
7179216450088489984
17003769129463310336
14579751918168387584
11994633574398531584
12554635960756156416
7852737441910596608
14049981427873255424
14278927399334813696
6774170523860285440
17346660481888917504
3706178988007741440
10660559262466369536
14333807612027865088
5955789268271518720
14977103449207947264
16309111165631502336
5262970019166085120
700120652970505472
17432414174140557312
1254694391634087424
3403192630153278976
360312114224411904
1405590850958295808
2773537084432566272
47805961371319144
6906992005248936960
6024290032425031680
16760564386938818560
15609232587295397888
8048481785362358272
3746146168288343040
7950205743243650048
5199450016177771520
8872126322216556544
16839638494471215104
8826159497795551232
7412929637130332160
3382493371323740160
7617652802165720064
14748151989873848320
2662655472397221376
18261435586052323328
5724334121513929728
14878122358316113920
7930690088113924096
14826285319980779520
4455557079146794496
17214150495563364352
10189585757797388288
2316897822084324864
1169762165195174656
6250459380687692800
911741357392445824
17808196415147134976
13131596666304845824
17291901689791864832
191531216868731360
2747420941211576320
14247066807402000384
5509164681490660352
18298103849789216768
1018401717364031232
13425736685642823680
15544045363448043520
15211108184819910656
9210729845218266112
13950394943855599616
6681259169775111168
3247519516615508992
801105908998942720
11540820616201066496
14612212788649295872
3420503794381511680
12009696307660091392
13415110734904102912
15301297336328634368
521978751861680960
3904304618185247744
7745507986870927360
6369373559374156800
1180633883112495104
6914898206804185088
2053583082140969728
9588026819727101952
2820796584523031552
7690578369919731712
15306229388128055296
4357685852250149376
896849433457054080
5225202616161277952
8499343688758469632
12225477791461113856
16352938437274537984
16387212130801092608
7169264336910166016
15734705899369945088
17952486972861790208
5839950911452962816
13669130233343170560
6614019977731100672
17823491929340590080
7620207763693860864
10205172845812555776
2516351314803395072
9357599929893042176
6311815785759389696
3203111043469050368
4841851557706566656
18244034792609300480
2982827265318593024
5588215074746580992
16818838582249224192
11068995807289993216
5549547839340946432
6643166172928714752
15254486118802530304
16688918614742257664
18126365478459932672
8114457794680697856
8910157012687293440
17699989680565399552
12003588599169832960
9125942668308362240
15790574841108072448
3918677200425595392
13542968686108047360
10723676638840213504
4736252813553677312
12644644838849961984
12011542209609377792
14202417980469532672
16362815984018845696
15643637507977029632
2184260983122371584
27490900410259408
7114609228344525824
10748958103483924480
9516307438228279296
15426658377864155136
14583328976347129856
16659138216639342592
1766010914207199488
188836363207037472
2147315713809274624
3720523406921150464
9815743685784676352
13969443993001420800
5003118532224169984
12131655763584045056
465858873654425792
17195829310716999680
11596063776576239616
12579794492993685504
3118722138985101824
4509002004102035968
13952912247724906496
6144822781900412928
5862455706428729344
12393112452706183168
139331736557640032
1103758848202751232
5743212510785325056
13216952316076445696
10975934310519986176
993161893963826176
13061662278100230144
7276554663021589504
10628275250581026816
9760002564292589568
15619800841883389952
5723403654489934848
8559388452325040128
7074488372970712064
1811122387530201600
4930496703711011840
9327401918791073792
5678288244316026880
15708682092497246208
14125912504563746816
17704780542591893504
3931807980239916032
4696743740257796096
1483118376839305984
7641711539436996608
8691169411155610624
4156114458781387264
18175943108877053952
7497831665143290880
17634162432785190912
14362098056309753856
4870942702638482432
18302703430334068736
8983398956954512384
12052749704085735424
4323728534148078080
574055402292280704
15338766603364405248
6649467088054035456
3724158773954177536
4485626140649513472
12784931500513552384
7481613236746880000
6937469358130948096
12402120554543091712
11095458312231094272
226721830035102912
10938774634184583168
4395724791357559808
10319354282054924288
15024779420734195712
13779394645219917824
17612530270468890624
17294726505248094208
11164822775896438784
3158803105367769088
1238126830515879680
5810959259418266624
15712311683013697536
17970875892106850304
1639088885209149440
10509591987569498112
764623858514536064
13753509118580160512
8946597232450031616
10753080317704468480
12639636612930222080
5873804760692132864
6658996230723053568
8691925740844667904
2126556225132373248
7713787464564591616
9180328488781572096
16892724181618923520
16520310052993193984
6410119350106797056
4951345915601157120
13458777030610167808
1850483304863016192
422739857217975936
2079252314738945792
14655436390070331392
16871615225212350464
5906659357716934656
9265113272004687872
9720652048797415424
10962354629017401344
3983286573801633280
17495559817310711808
2350948830590405120
15295277448362950656
3616203881536947200
557923366247683264
1826520181718791424
3095566167844686848
16477949361237248000
16280538290578446336
12961773677126215680
7061201730950026240
13363360261801777152
13126174553594865664
13352444012336461824
5375828437023907840
7057265901000381440
1997060887258466560
1585307208296577536
1401210162160572928
13238323812591534080
262710020035231680
14651423248044390400
11328018173543239680
11248331521046489088
115821599300497376
2959428209681932288
6211193065951413248
8289028624180682752
17169461518599182336
6895353135253216256
10605532552726159360
10082899598929924096
10038997683518941184
11639286565595019264
7601340226471064576
17504271385524287488
7051845886009452544
5863347228907089920
351507741137971712
9109749683851381760
13479317501927221248
9818234784805558272
8488036369188327424
4246319059670863360
12535259637918896128
15297029403609645056
9576758555360645120
10544203620603471872
9739210723494623232
10549261201704458240
11472493443034490880
2601194657624845824
2953233645921365504
11777754273815894016
1957282118549372416
3187522235737674240
6990268749792552960
17839903644557819904
3897771708017960448
15184523072051091456
17373543458606985216
698250970507373184
1044432918845848960
3293749155364804608
8925571236015059968
18022881564319744000
12583620367934322688
11455710905521983488
14776741955989878784
5783470477163705344
11055990439233345536
7114392764109066240
13506848328520663040
2297363117023759104
4188241077284418560
18342183356948420608
6224561484840494080
5379898004141523968
7836026267061276672
14763033754140491776
1937865853560127232
9623306693980440576
15647298831112597504
1846080740168878336
8745816129714480128
5873864060265196544
10245931694649864192
16732751135450333184
11584565170117052416
4026970398589020160
3619332411732611072
1799537927808626432
16671708296019269632
3782287930863107584
5277197987618476032
5379058456311199744
4101302205813219840
222927092117188544
1378898939338118144
9192449841974819840
7048646230309603328
1936279677841757184
7455147309432828928
10609981861131001856
13886498953902516224
11965703347035262976
1057007248585724672
11448871841034264576
12257983381975136256
14149400924586844160
14717845334249011200
17216829845819998208
4090748888352366080
3477370227855882752
16282249611477295104
9827334290265851904
14220076128103524352
958619534382355328
1910510927757226496
4673635673742729216
8416859054832985088
9337664149044678656
5334627231624224768
17495914424923322368
16660697328048924672
12816153918204573696
12791782739946995712
15446608840052172800
9538337217104285696
17076024322722844672
15420939656426807296
13662449485685069824
8681529384852707328
11927003341289660416
4007688262669697024
17467878861677103104
17980074726196154368
1764306216359790592
1624899785172096512
4379473516987768320
16722519080881504256
10918631865750614016
3021546052323949568
14191821586879586304
18205122469852436480
16548794787885193216
17037152031063322624
1822371425959609856
3295400929081436672
16951899095133874176
12392072109064798208
18394439737261158400
7010831529202302976
10184934662648567808
13202547952561127424
2487446083701698560
12369108197450971136
2031000899939361280
16207904305688154112
8501710877211347968
18214492321054228480
7851543616415276032
2906320970620973056
15148503902904692736
12653567915985405952
17301129604946743296
13165263416772984832
12085849279221575680
958108216455170048
14535577311024629760
5916695717786368000
6931052949281842176
8296255927298906112
16829642125641469952
1025947999872045184
12204066751758626816
10849731810755878912
14273901698470000640
15509163155357253632
15129924716499533824
13213478034054600704
13635348467483635712
15406585878845380608
17470410905724063744
6021512086803416064
9158382856145211392
5015176867827286016
1508169529099915008
17063151326953766912
17568447532146694144
13368727060869593088
11672126994484416512
604063841728072192
8662375024554940416
9540763022999160832
12910580934434451456
8658586047116394496
16659015217100427264
10019981807210143744
348277448863611072
9237926720720277504
13131956835325513728
11261886447865526272
17685552791111294976
17211033561294159872
6049994726084170752
18290138892374175744
12429015333076256768
14032850901226977280
18428970028889042944
6830581352921448448
10324498239142608896
1298920417038981120
13388617052507609088
7417652599898224640
18151941570871857152
3839606904662799360
7534856209608255488
4195565966814321664
15986213384929128448
14479994164182943744
