16422202206380787712
8950659033024632832
13388831324848863232
12664535835136104448
1575699376098197760
9116731782544418816
13104644036905043968
12056273151826536448
17378579945590341632
17120053399997663232
5071848718021074944
7412417899240585216
17054407675928569856
18444270813530916864
12797448384365737984
13926974040522121216
160010676121426304
6690423664113836032
17610604510167427072
8737131405106552832
12919871854085357568
10580259220376610816
15588848147919998976
10813148610761865216
8156019291468048384
15310090989772007424
5320392667152541696
8932175751351421952
6044205963694144512
11803583756009009152
2050976153303658240
12540545095675639808
11271930589445466112
13695916802318614528
6090321156057940992
1889030452604591104
4091712178290558464
14991729540399521792
12879487003191508992
11917521609709531136
8774092906365377536
2480434508362532352
6267537459699850240
12099010928352870400
6457642277356193792
15926060528237832192
4417117906250493440
11204406538201632768
534146109378040128
10964367633718622208
14817909800684238848
6199557760640325632
12899749883186374656
3376800433731435520
18088668939139639296
880391520096402816
15306428789158103040
8517870380780258304
11800557163026309120
14576930115935518720
14436404915745126400
220032677164650496
114843772469022752
6220574903470829568
9071744202885835776
9590093444462385152
521898004158974912
964753187872421504
3571974680621147648
2008228218873312000
3419553499979424768
14894445032358987776
5288085236557317120
12600455489538304000
1887303220658906368
6577709216168446976
17823074681966276608
9987368078396006400
16339400567157424128
2175778822114514944
12492747168504117248
17812269208472020992
7917983272878166016
9391695153491292160
5507905876339436544
2629247643923992576
18195564504153591808
5306955153159809024
9353771184277925888
15437005046110613504
3861701017482733056
4186189973481275392
3694504334376116736
16574618907539920896
3659004062128115712
1719028144985167872
2603107128979026944
13427012515619039232
17081510038585845760
362622390779998144
4609349380129330176
350710165081343040
5233366417761075200
240175757928472832
9739284570951188480
4172680065343405568
9182347035960894464
17849917059708112896
14581741556981458944
8327127536233578496
72969006644262016
6654214872166176768
6108566905984404480
13488259627782920192
3808616119438974976
11831488057819312128
7336139911418803200
96573461200337696
86672818397504976
5786260932462175232
16724920502600550400
15744618050270377984
8590094929378889728
815079562678755200
1667469170619625984
13965891632463261696
7956544075875676160
11202385790147018752
13064594982058149888
2776888112601373696
8882555932178916352
17907246629001590784
4456022006857192448
17968665725718898688
6759203516926058496
1027918888457893632
1448674392131030272
6331642808423497728
16043794137525690368
17902294374614419456
12666367463044235264
923481605176921344
2302879365892288768
4029190485182428160
17027375234609827840
12858041604505397248
1678186235972601600
1568202033428756224
12979213351484293120
8599212108288162816
3229271304622247424
14696424821433573376
4106363032935198720
16543142189683931136
1127847170306864768
4065721608898514432
2394942184295600128
3945725082531847680
6807719932651695104
9426458230602321920
10017208923611023360
12757807958986301440
7621049690385378304
15158356595245703168
3604799872202931200
9106548201402624000
12693638039402625024
3257572493455601152
15044238081670137856
7277652645501283328
776635597764668032
4035885597581301248
14071254372073828352
4344923587073054208
378918440745266048
14201050426353469440
13048708929482461184
14463154588858050560
10332678707113820160
6735415108743891968
7908327466207210496
5575143483566685184
8667252234800884736
16230626459465482240
7145849453726401536
1550907724179648512
2507277111164666880
16924810216415942656
2790039650373944320
8461614835444451328
11962196501116221440
9994821603424131072
8004554006672500736
8543785455018290176
5551558277948235776
9471131646780266496
1376466378607562752
15045950565893451776
6549722374576378880
3844589715700694528
15533259173167153152
16166183447401801728
15763887397911949312
2080340045116421888
651358624093202048
17400049836609572864
8564031456810435584
17738554407385278464
1727996973737631744
4157814865513219072
516898020503482624
17405777307091206144
17901555616482994176
14359361499020826624
16527383883697418240
14815310395518844928
9890525645600399360
4729145668976160768
12782806739653615616
12909519727820771328
11756281708156424192
13132899622510753792
15671698995829616640
10208511215578599424
6942881246841097216
541184214453488320
9719497310907181056
11989634265129588736
5588962955575786496
1930413298568911104
8741585636289559552
17555364541635553280
1246131287370698496
11535171477734232064
4590054834371866112
3600337115738297856
17019407618605746176
11517577098980872192
15432881773965187072
5005881503869396992
18056941280926279680
16099303383164672000
11489331395098818560
1219510105504783104
2294362844226022400
12570259879693037568
9208626038030034944
4558484779813942272
5584053725838970880
13208176841039661056
12949351628673626112
7886723360190013440
8315826703686620160
8917881141268950016
14695370518345424896
11456958593387821056
18340159863706720256
15018797493202063360
11831664789120985088
13698316221406619648
11702109479615168512
17797483621263302656
13135565083210958848
18181888032322191360
12541992825929688
6682954734291128320
5079942692705100800
15934635351952605184
6809755157799450624
5589588016551612416
4805750865206264832
6072016960115878912
10729449350533607424
4334610802077302784
13721619447629963264
7540220831844828160
6760195336506968064
3064543534160737280
17147713671701483520
2865119242299041792
11197939629331781632
4538612709027140608
5688225150590822400
12321722953414174720
9930165868372230144
6939960621353207808
7433855670139229184
5863113983501167616
4518329236507973120
2996756581739741696
15952719678855446528
9587197323503048704
1438856877576410112
7783314156842517504
15648016868534091776
3190909401666762240
654855682860799616
7785335104740967424
8587185647285042176
17366494014848606208
2787281082715096576
3575417289037619712
4166883381947861504
15516433531718512640
1464482648706290176
5812644247635558400
14863690129232646144
8781110249766216704
9165186424688044032
454622311052389952
1592431161330883584
10401340771847432192
17889645217935190016
12900481022618218496
11351345822334040064
1526237452290867200
5020303101044849664
8392990012570958848
9864566095520667648
17572385035167199232
17642861011869229056
6604600168973196288
16500384412559024128
3412976999524947456
6092637597968350208
7385872810650321920
16559479612841551872
2031080113267609344
12635195837591969792
14742514583491092480
3040040896648515072
10888243970939834368
3909156344625461248
11414789541162205184
311494608431274624
15683754580630069248
7466465816469667840
17345389990879574016
8149822546693283840
16512033253461467136
15669651280777897984
11753573951795347456
15844124020132931584
15564042742841323520
5406996764958814208
16792011427449026560
15874458513388718080
9717726341626155008
18212799575225360384
14709903517952518144
11978772604602851328
12715094517927118848
7974742771762680832
15398256366445758464
14828827602090762240
11330594342405787648
10780781593448445952
9477560156805566464
10525409933894254592
9063692773949946880
9295570094168739840
2141521257461013504
16748672564133130240
9751519471944411136
6400122845238543360
8831324820944391168
258311470410492448
954715820983992064
5564249595824114688
730001377093478912
8413413026234244096
3723435923794044928
5830295910755599360
9277481408407300096
5828530053876795392
10359544937449498624
14299757236406056960
2123052004704143616
314067795448303808
11481820116835272704
6231784386504471552
18207159201597339648
6845437036907890688
6382431529241082880
13899686948286044160
17017606942484742144
12334603933505386496
1265815293829213952
2028648285838234624
15653752034282590208
16208263283656302592
5620495230956080128
2399636436298438656
2733985885336809984
14520004344729632768
17846219722381899776
772283493117072896
6573291339778920448
8886427011890563072
3283705708878470656
14107408707798446080
4394128046691484672
250180398357245888
15295143596404295680
5340048664464526336
6629066066251579392
7718710051588314112
4065980596975484416
10151262086753093632
1417710449258097920
10692996868393525248
16353095560253388800
7197614213390265344
3497023641685655040
14259110928918579200
14386255790225049600
11833562167800432640
8121836483793124352
9307382072756852736
4441054450933386240
9782913968059756544
7399243570313842688
4475661547417129984
7971196329449578496
4549550288087821824
14122831070133063680
11381214839510247424
10347130334149074944
10170048317939603456
13508681915829528576
8348976797209116672
4352670326452216320
430076924691679488
9187055846673267712
16666044238755221504
1104059607862463488
14980605324140601344
10130547225101039616
7215606009620657152
9691619896495644672
14008334936646123520
2630528434745080320
17446630544479234048
17163965001800916992
53812417868246808
5154008331712413696
7372418445485775872
16320807808289089536
16959949639157878784
3050697210129209344
9216550276953540608
4358839873836227072
9301669345473380352
17722614715160885248
7474501501070255104
1901988370297300992
12376353078612641792
965946675758171776
8563783758366374912
541874935263911488
15107660562107271168
8917120472169487360
9186794127942507520
5246526009659781120
3796674880973401600
10042767876330919936
8628609917444531200
2256362980398022144
3385547208445473792
3650483178926134272
14127946426892220416
18160454326777210880
11357248242445801472
12144840660133738496
7957479897304768512
14863106399705468928
5022081522107568128
10765398654195470336
13630729794479876096
17070939312727334912
7836626925135142912
1979066767854696704
11390551795619956736
5209166943817760768
16494999255266942976
8318533312966105088
16860651215167178752
7829278397298839552
5543801666070629376
4401421021663085568
11249791973101518848
13246788058908108800
15265935004145649664
236576379540880672
1389538115858923264
7432582169791046656
10724849708149118976
7537996980970866688
6508694135218106368
12201361605847152640
3246673657316065792
16895268025606215680
10551010907258097664
10322324571459123200
1318126281442375936
15921680624153360384
11270852098106138624
5209173276065781760
12360411062082523136
12650897538363000832
17900211460810979328
7077176589839265792
157775737232898336
4781639350992529408
12257403735426213888
16209189997259036672
13913006061097818112
191623807762987520
8129880326966302720
12312072171570393088
6227038899442938880
13599845241698134016
15991511158451890176
14196885628522573824
14991669892793012224
10740034191373512704
4517364999584539136
14112445649748203520
16911095730842562560
4763601030533359616
15800084278411151360
14294314365056487424
15078068860621041664
10865197543990673408
1905988335936875264
10168643723162662912
188386703494855232
13888809333672339456
8954600532384692224
2322502281189024256
14997752258822324224
9481891321982068736
1892637714294625280
1254221014169071616
12082814051645597696
11650962630861131776
11756345860116654080
10664191505892544512
1117398180893986176
8466988155725732864
1686081922016693504
13400178864573224960
2397480048030970880
7081803045555334144
17536286754332491776
5479057064317745152
6067687123312816128
12643746875134746624
2201967394234453248
6013409972250728448
12238088752195110912
3652762861471724544
7277664556835213312
12769192486804660224
10534638482628100096
8205369662986985472
11122847041206827008
5297641236021600256
457674726163447552
11191603498320666624
13865655483597453312
6175289423733208064
10373250420754905088
6057100405972230144
9711737246158921728
14191529280002775040
3752512672351974400
8295574449591669760
1924157407603074048
18062574674745112576
2320559684793362944
2353795511896662528
2929231819475519488
14951493358891997184
13763936982377842688
12916625148360787968
8202453260784110592
4502858763798044160
8972005564558399488
5736210363887558656
10387661939926730752
2164363707900392704
15802948177990406144
11898357076386623488
10339657435547746304
15352811226523678720
8257729027598399488
6827342528162400256
12677259800428206080
4056268311524161024
16862713964717297664
4693677084234975232
8972301862133223424
4251153172817993216
4988931075262639104
16251828472826175488
13821437802133151744
9312975907971254272
772884405520646016
18110043183799228416
7685216039004429312
17753305940035284992
1076917551303386368
16022847490748346368
9485814972459589632
7970358545156979712
10294601381095309312
5367929362693073920
12870698486186084352
17781899161814867968
7080270259094413312
15806937166147760128
3964020870505865728
4015877882705323520
777302417690358016
13114522279304722432
16925895235304660992
16456467843192655872
2437961788606845952
3100241041116172288
14910963799611320320
7247841686048702464
10409674796386308096
16308863922998304768
15585656433951049728
11933548412568457216
7776324656059348992
13954354332315875328
13142671548922810368
3975355793290863616
13092527171823161344
7446511574244790272
6834734203436151808
9542190754379970560
3477320265998528000
17783473477616873472
7641785867805058048
6617275277434075136
12833263228853735424
12262115525472958464
6843967905491077120
18141042801367453696
3479595944842039808
15628879454837329920
5546000387598092288
200844815965323936
8285884745671017472
1745835063192272128
11933800670532675584
8284034079948336128
6469036951555026944
4096562362448543232
8598892295456244736
3572564413968274944
4237106877160263680
3507288221212208640
16096999686256375808
9764750115324674048
10996016533311676416
17003034563610189824
627315118009115392
2328414533066900480
9317483056818014208
2499600925764550656
5403232271669971968
18257026714594578432
2410586976984174592
17177577856079525888
10794588016677672960
14899826819686125568
7546450808265453568
4268071412753483776
7359560574390179840
14392710156039819264
4871097349511819264
4827342079262654464
11168031879258144768
14520746995596767232
2216324200541906176
14366165057272479744
14399775675799447552
9770000114284302336
1603972689184995840
12381529403548168192
7136590079004773376
1502451260383907328
31962080774450624
7350796265499296768
7478656034610342912
6750990361936541696
16680429800627599360
10233924005305309184
138480952543785536
10765056205093910528
18340033973293023232
7581591494436313088
1048233392884180224
11926337832754319360
1563772212697624576
8924058661290760192
14589272742226354176
4154980962402569216
3599650657096773120
538853542759717568
13083173490278940672
2996190532286921728
10121209699867002880
4502797568046557184
18059774737365866496
8073850466705327104
6225984079570336768
13421064143950026752
1440578058629813504
7706494709111420928
8202596878620009472
2129460469778472192
4004018667511846400
2740648889223902720
9789034660008814592
12317570708116344832
9295930221549965312
4548458314499656704
10317574021969313792
9866875103265656
16577307307960866816
2513395395751582720
11929972228301944832
8797834331329145856
4616701355754302464
4288044848055218688
4981248325469428736
14795224684680071168
16385407619317637120
8031886919469005824
5745882342617836544
17140983714117957632
7975616397856669696
9290756675755702272
1771554476875815936
16642498020408229888
11514353109598832640
10062118251072577536
13157678685552390144
367090369178256256
13999597689497520128
10699195163181625344
13687498581155962880
7556157456709279744
5137411087642361856
18140963838409480192
8745192757361287168
4925408853713822720
4964852901164320768
14529593779415797760
4211849457828859392
13335523469048823808
7141321802612698112
6492094837194844160
6486514033830588416
16113190532230713344
18037512128036749312
15362135833090707456
6562215575227387904
4583950867126827520
12519168682026074112
3024109373653102592
11915238154571005952
8237278575380549632
1297206688582498816
8037150111860251648
11326645833097426944
7840566473033785344
1191767212701655552
4709513467979225088
15168452361076742144
7023146104444477440
6563054674858504192
3514117141063119360
6547557690672453632
16383823179664338944
8182381682371201024
4426395736954194432
13220874074574405632
4760363070714950656
18061142390220773376
11088222911185178624
11272516285072066560
8928611163342255104
17155807574567600128
9701908090478135296
7274467081466205184
3925595416692604416
10271801400892866560
17977274965427124224
12892972132531040256
3608166787932659200
3499225452624757760
1463775740454732544
15230187301838497792
3774216682042080768
11091555942645075968
7847557001946845184
11573669570500255744
574967909498953856
1993982638177315840
17012948845323296768
3304011040944504832
5980275357889241088
5874039975388273664
3585731213977930240
5731460691446320128
849184113454528768
5638448251099993088
17353462935805435904
1189380739977745408
5760674096452493312
11974252404841650176
3144605611700350464
8684031584503993344
14727319261167915008
5566568426617884672
15774919915417407488
11353177908906313728
13081543863648135168
15907338987212376064
14167810349601396736
1702475098237124864
16009298344324288512
1357115615384162816
9178897480173798400
6577962661115988992
1458600980149533696
16799341180932372480
7503778439427921920
6284961646565501952
18307195065991524352
178665886401140896
2064621679180458496
13760390966308974592
7841552891088180224
11852110953688047616
3462158742772770304
11284616771198324736
11806819418689646592
7725729933905112064
9953985473054486528
16130033134784716800
5454211061754237952
16353819116243658752
8045508826582757376
11788554775346952192
17480598136233877504
1334428116846403840
12781446438552864768
5105807444416562176
16433379595147814912
4142524395910841344
6376487188430518272
17919871642074877952
5564733641786563584
17592707317778436096
18376637499697967104
16324647591466631168
10913496789134178304
18402891398424397824
17249577852191254528
1206744216899344640
14053100323770552320
14092768266995564544
11825488673711298560
16036090542182901760
2768925038845268992
10006773479047264256
17153247899413039104
7020331920061715456
1207282383999650048
11769123738394107904
15470798506340491264
1697963415302188288
15287494357113393152
7266767416406490112
7857459019743892480
2955652279572770816
13646310306187579392
18283107976716173312
1649081412893442816
16059184141512914944
14761654280204843008
10035326011303186432
16350120381230041088
15747573613687779328
17192298926265901056
6216744122771461120
7759674749192696832
11021347966159257600
11256528083119273984
6641065508227892224
1779838265192453888
13501647562746861568
4432663267218740736
4176484220546306560
2212220389358668032
6988168349963185152
1228690250236056064
14190312101484122112
12076063112797755392
13844120053232920576
9221980490104205312
4452016644305601536
18059178075470450688
8976184408871957504
9562786324461592576
3147954334550616576
1052130097292433664
3148545662858810880
13011244338816868352
5564047920921572352
2039865357574389248
8937720367446809600
7617539627103659008
11238505302035585024
14031124158366230528
16437740369761015808
11292174782568538112
16691452423498270720
2307468489332643328
6142684863234857984
12807327502807209984
16085053978350829568
10320614953830221824
9967364881813495808
12993110826236282880
406990082836017344
4772622236799456256
806967759463926912
5903468968612787200
4073772848878249472
18168361396438304768
6753960526004774912
17903678432720691200
23401680378034896
1175966222890861568
11743667641538156544
14252345231931060224
17706405427933227008
14653690163765901312
11836043788584658944
5036926826611830784
2506601456429905408
17352591042861047808
1406636616870410752
1106980558667722368
5943518567304559616
6843584194595980288
6407065637713009664
3683487025672023552
14397226084858275840
720882558135484416
5763850752808081408
3861145995106702848
18215831337058977792
4073287019818765312
4609042003592224768
18249743142562709504
18421727591507034112
4558283393921935360
10348542899373664256
12742970861632636928
12134030310924746752
1849318657721074176
16757574470780575744
1490642383404282880
7889229921661923328
16939555001027817472
7808764804513884160
15722708559125110784
12443465816825303040
11580126370858956800
12648126529925294080
8660047201027193856
6802800771534256128
14195616942765819904
16550607744179275776
6663426546725535744
250770166834392160
5500131789213010944
11596195771993978880
6610562986147539968
13701707588639049728
4646736058363839488
