765250288070971392
8574145397030551552
8226936999807715328
4112128721544258048
9406267360290983936
14842986227265355776
15386942329631875072
11615138344367806464
14802550291612465152
8565718102363239424
528998993283373632
13646088491858448384
402485692776124544
17026056373638615040
10145399164411707392
18422743417164128256
4337580085488963584
6031657573675338752
12209688668734377984
7587751671061313536
10017167105696479232
5595839768047816704
14500011838176247808
10862617006229534720
16459375277953007616
1698058939061628160
545214265887086528
13556433861505138688
481455058856078528
14091520935054794752
13867419942809339904
10641517581703546880
2254957244589689344
12468399938102065152
903302188787250304
10298786007768256512
1293483639912135168
16710617282239672320
5101909341006108672
1649427350441265664
5739902654896251904
16633466399556786176
11829889138576343040
8261742767312506880
9837289375820486656
14853891929394137088
12185594312164861952
16720438990769559552
9818898329915074560
17627267218683078656
2617922204720335872
11639676177277929472
4232830452318755840
15092602205349869568
2479981215927433216
2583170257358228992
17279544461632561152
14753845217436270592
6450259770986992640
4538554449923446784
1506571359528086784
3520689713132149248
14300627232554178560
9663545122000414720
8591464663699957760
10831877279235540992
12296444495151802368
13377125992112660480
6191487065817358336
4430044426685256192
15403282117885960192
17634620493870391296
16155600348400236544
10275650332982460416
1150820648146598272
5408805224329365504
4630701743765331968
4596114316188814848
3534730282359623680
13720204754948700160
2543493027690486784
3428491848403677184
7364788355387826176
11580575246587881472
10704485576698284032
13208369503698282496
13720079063044718592
8988376945261011968
12912225940510169088
5564352004426932224
6767981997224969216
10360494572620609536
12694887447630030848
1053638038919465088
5735441385142077440
3268300332904782336
4966225089959506944
16917703795097411584
14803172668296609792
8523594738779293696
4269443311975821824
9932176564428128256
8474330319799054336
10570050084756234240
12243121075328419840
1705004714448781568
8127185449102465024
17282325451618435072
16330306730038136832
17427473510303287296
5412568353576409088
4728537050823743488
3867711781040614400
18411914925872996352
13327077322308777984
17984735407658747904
16936299029344008192
3880540351308076544
15208954004689711104
14459913523285481472
17052456254689986560
15713260532637607936
15169492787779133440
5080611773441130496
7973010026304862208
18295746860371163136
3616138950316180480
5381467453806012416
16991115334780911616
14083180005918750720
11879153200869224448
11518058946321090560
12239030136520835072
10420278304846548992
2122269649661799168
4521682356882397184
2789274693135337984
18193549711863183360
1346521084159755776
17361822476453269504
3599298836474521600
7540525224865212416
9945566768198340608
18043158641637818368
1857699585482734592
75534034771597392
7311480901207832576
17978747316210032640
4720202994690432000
4091277639939479552
16520969632050614272
17678749385265387520
70222440518035856
8364902804605579264
9322725079872380928
4575437222675904000
12396835760781912064
2760082418775926272
9428443352018907136
13950375390211872768
3310245868856909824
5247600039755279360
15175882751052316672
1735281675114762240
7258981893870515200
5055677469706471424
4226834674562566144
743094524746631424
4604762129961310208
14345976134147395584
1029689298886419712
466112996078722048
15629587265854560256
1442429557689881600
9420130869818521600
2487344109062425600
9114801396174868480
12432264721171587072
4155171159682279936
8225584013708238848
6500286637727568896
6662874423307773952
7031795661647749120
7652484101436492800
6532900907937517568
3439245812415352832
17690054379641843712
16197952480654028800
1455809957815569920
7029732947231200256
4970490825995767808
7120174778230434816
16180639482546429952
4709924118308205568
6393748220934068224
14126290551028242432
15420773940959260672
1524873143433437696
18319032338733582336
1404162374637329920
17095752650295412736
1149421603548251264
12184230002700857344
13642121130055643136
6691479345764356096
9979371615249989632
16560201329871753216
3104296563501277184
17565168576947742720
4590961807021330944
7676957459251729408
4470255605457731584
3529577891814547968
6463105371237842944
2187291438119090688
12079162776812828672
14986868963132749824
2711846767617655808
14792633400264611840
18103027555293917184
5486329912761053184
502770660423418240
11375233090113218560
10775110689079279616
5279379535267755008
16499856218138062848
8266546754107590656
10781417844025298944
16324703858817271808
17653173196037079040
16494238000340275200
2597565618042020864
2023118409162232064
432436345749147520
12196869088599685120
13046796610105751552
17684640392658939904
697605458679339264
7906534784273085440
9477624247070615552
2063184382080654848
1970575888126388736
6617181338602383360
11150171499549990912
10846183398739757056
1764605010895523584
13010775146209347584
4589360814556280320
13118412406234615808
4103999485474643968
12132203231379034112
7542366359861884928
15855967749871228928
3391459543171534848
4839727283658979328
17798021454957676544
8293873595009939456
14119969638267080704
12716511130932103168
8711205979024539648
10829765865907392512
15858802927745685504
8752958579790843904
12746032446371565568
5672222696717403136
13464206676359878656
11750485357219411968
6025308878192461824
15720293663879100416
4127515287142668288
2576889557438214656
16323232545916946432
6456991945013156864
12577019804609284096
17380322445159780352
14884129941280552960
13486980999501553664
13851500279140784128
14719989387736225792
10951732183732543488
18340131621304211456
13234078704105291776
13001556744052111360
16292916654313345024
5635739659676487680
5334593854085637120
7938863110836017152
17069256470821296128
15441975339688781824
16301023470504693760
13900988578778710016
11215206042426021888
5883496007705819136
3045342147470990336
12756301120442011648
11966948507934685184
17173478406336026624
5174864611707682816
2564218902222980096
6949884609572259840
10301211546141732864
1811662717636034048
4578756098720007168
16060950894721708032
13621248785830885376
13978141584400287744
7860762970838156288
17769083183023493120
13070440172691433472
198023504490305632
1882496062956378624
6414058966442381312
13944929175795884032
11015033376610097152
2410266724379170304
7994790997054338048
9617302410397472768
12937469461268819968
576392243542275648
8719131291051541504
11734349824792791040
17194042885788780544
10932679701101344768
3835363713885842944
15481490602386984960
9596464943799717888
2593934312356653056
16022307574843721728
13770128858029219840
2006502062335183872
3652599057092516864
3863837140609211904
3552387248940011008
2008324154515138048
823633516830009856
3960058277520952320
13445277741493620736
2076974279897105408
16090019785068836864
3230983878379012608
1443625871297304576
16822080710836204
14092728174614300672
16711378217473409024
7610844509659019264
11066017234393829376
7733308730890307584
2289281299926516736
9218563197958706176
15138364700998752256
6515263148465640448
9839778642790318080
7945540246536645632
11253652441790849024
12213421013043646464
7332510906103493632
3589319724378572800
8750564961444577280
18326825796527482880
6700937326651984896
14034536381919162368
11459676269326026752
1651606920376421120
6876576895040092160
3442676719199842816
4431056277457516032
10234930957573724160
10426365266683934720
14000665119710453760
5573680552717972480
3282454307900635136
14418471704941737984
1779731202632983296
12281557685876871168
6978668621469824000
16029352264261715968
10870262473768171520
4090577577918200832
8957067273857021952
4573079690725535232
3102889616591956992
7551916555305803776
11197672205640986624
6867913644395588608
12980838972975185920
12847849744426604544
7930847385050505216
12504462658834397184
3703320508778689024
85942793351164576
11948184233866082304
4835737344131578880
10152521199352797184
1037643508131744000
16873007816066486272
16430488419134343168
13213138245420845056
6037312298968448000
4363084872950208512
678316242441843840
14199327977287428096
1831587976490388224
2729637068236974080
10383305475407474688
15378235547861870592
11933746256295182336
7100589264982418432
16101960685612785664
10159515086173564928
6942544088630787072
7537741326108522
10819300144552622080
15567092181620180992
11115139582367059968
17563526525048635392
11026094405551681536
14548036572666451968
6421717603727162368
11015454916960225280
3927680903014727168
2207027735264929792
6920938099060475904
14634230607248037888
6150674456916595712
5374532881020334080
12396785588000509952
4209207529442760704
5646096963135796224
10484474412661932032
16664983910569314304
7298610882694651904
5574186293205678080
1080067395102805504
3909987675778305536
15527148975855296512
14339522921798432768
269560033576417984
6572928285848909824
12660338020108488704
18211331401884039168
134177152914856896
10060747062246150144
14556523075841619968
17896862190036029440
8648490137950810112
16893628296006324224
5990735731413981184
6925371070880873472
7754347833343922176
6329793691925776384
13783776813506682880
10784063756844484608
9114846487210844160
10796375598915282944
4682544528015175680
4144092224309091328
492608655087888448
12227038806341808128
16373997200821866496
14250138771000070144
5526439151581658112
8142902735888907264
16219048396776998912
897792701121160576
14288329491354314752
12510795198893277184
16929549894052845568
7843771076320135168
13716249257550942208
3381560334229063168
8686644008079419392
13167618966082422784
16964233684523982848
14712435940869525504
4862490233574950912
17799812878402867200
3925057642553563648
7266322649710785536
7491327242577329152
12726191888417054720
3915157297403156480
16557354837005012992
3798745468051603456
1512276353206915584
15920099224173801472
9602702906464272384
2045394068249411584
11982723478225842176
8637688089048038400
8059489616524487680
15164586664700082176
8723925978768435200
2847257186577831936
11329380886079916032
7725593579405404160
5548831869541755904
2661144439919056384
132192827403966976
1715298042720474112
12548445509523273728
6442967282619666432
2707984711000181248
5686266666691652608
8139861383879946240
18286763767228909568
15053284062262245376
7097143330405549056
13502932968243980288
2902537183446860800
11271103175036942336
11785879698009387008
17989174617648037888
16559294607473461248
1925838495950028544
3041469999099038208
10363435245318715392
7061956389297818624
11918156129486817280
17695365383676387328
1188539555861467904
8460572174425745408
2135933273048561920
4917508135079693312
16226558124467703808
10099873629695563776
1952077690162788096
10124383936451373056
11254413615210235904
17155841869562646528
8835711362600040448
4590737450419296256
2852609982509136384
266801570398401856
14598361631421327360
16628707743456749568
4601932939963652096
7944607642024249344
8294675039273441280
12993628479039406080
17970493886565726208
5231194219081821184
13209734953397338112
8252816681882022912
1360597314300081920
8957146361638921216
134428622280065072
6759152395515571200
14712710551848198144
14278857559460769792
4580555538824594432
1629546914481468416
16315366735680374784
6958510937863378944
9287801377241176064
12954381234637244416
13311683623217809408
16807525891309756416
6563118142223622144
16704415269275367424
16723548514473914368
14455885261625223168
7831574965619267584
17039963396879040512
16621397911329501184
8274556380097249280
18147248739972081664
9075843467878609920
9124423404871726080
8872037313258508288
6942385512737176576
4839590570109755392
5808873938817007616
16252450307077609472
16948008944801607680
13811524691783972864
8911050525345042432
16943825957572073472
8214429595417001984
5416182698770453504
4406492099408018944
396731461937185600
15112839281775419392
8739934879825067008
2176300443587028992
832997674960587392
2643410073809869312
8442096638509334528
1772540674147438336
13621714807406575616
12304266757548075008
11724308215702786048
5791100704964797440
8905930664869634048
4716186346214419456
14900218078286206976
18439366850878486528
11423299828846497792
16774022128989808640
14080146260893528064
10821431554301253632
14038692515948154880
10323841215511281664
7361027224985883648
14212846195289358336
1285856502762405632
17871750068121096192
7948224122205296640
6520779469776928768
9032322145075622912
15223621373452421120
2332827848403190272
2762256736793635840
5039339215567887360
14932422836488216576
8394520291060423680
11076465252903698432
15106460207811344384
7123833530490641408
16456275809528330240
11092674803428687872
2613381815158641152
7178859900285841408
8783018854542641152
15955237169523855360
14514887408913737728
14440836837107126272
2230500008464357632
5577217255455200256
16075778278259757056
11896977669158930432
16237986985694515200
8858799417636549632
4595631801323681792
2537786612613698048
3898303099776368640
9232490890226407424
1126596724978141312
2542230610191633920
9218254316057287680
2612055227165891584
9265830035701356544
2731437778870003200
14401563068232108032
8357270972692983808
10824466822942570496
15692350392976988160
566966569842379392
11597107756998578176
3915160538681370624
9365725949383153664
3001675959734467584
11316800367558049792
13726817246588821504
5224250920447353856
4837174483425299456
15382992587093716992
11079085594617661440
9057300937916260352
4372108374337527808
8657638197253683200
2677616657162143232
15066044296899977216
8475023825866280960
9724893986881644544
3503263892158096384
10679244035526338560
14331284900170381312
7094964810794079232
11289030635533817856
4205367596054268416
6802243275167518720
9070674932857127936
15191728501918248960
17051528403281883136
8151265501842884608
13514451066139877376
13686957815702591488
8773500037668119552
965417238991919232
9382137640435070976
7413302457676900352
12463000061991870464
379444353627675008
1452578173528153344
6423633737758389248
5814390541048109056
18358443274128850944
14176182649951604736
12044606973062715392
15263046356964087808
7528961720097231872
2196138762071110656
16997052813465120768
6385969141009022976
7358468839347635200
8225042971111785472
12499042172814133248
12339944944243525632
15919598667111976960
10679592125243451392
13617351981002031104
4742401447768759296
3267370192554850816
3548188057433740288
12788626463338156032
9266100190685980672
14489051531647666176
4821328071142067200
17739262208830973952
6596624727332183040
10641520598489202688
14481298327929708544
2095301081321106176
12319829837361782784
7648411406075556864
11440032624179283968
12564276120188209152
13160185149511540736
6781482323437934592
9886191790804256768
3352649880011191296
18285044175930531840
15580508201800216576
10717786257862195200
7363982630650334208
100263589741781040
8773391475930326016
9644328922803038208
1250996791209214976
14108503227128164352
7699562809849476096
8477219720329947136
17846825386545543168
4555681565483363328
11919728977879121920
12191593887004784640
11657715418215933952
1569641838303422464
11360875727203676160
7337202436219636736
14516103402076753920
5850450724095097856
16262422414312632320
17683895096837220352
7890470734359198720
13412338223856173056
18278340731333871616
13558869035753359360
7837609725443798016
10682332105022996480
16552210129209917440
14738716957473370112
5579789889218841600
10018773016658890752
10417334253255323648
293514476521285440
82922778748094368
9770757667176617984
11673094477368252416
9233167228195231744
61736560966203808
15917353072977817600
18143661153673039872
11309247797683226624
16113055623928983552
11973702248523769856
3594591436172567040
10875647734349023232
5288082534562111488
4497411073503568384
2837729509252981760
6341862421439903744
9933932845396246528
12960588375488339968
8901297734982638592
16735931572973209600
12411624799421001728
12351299038459625472
3383228185086617088
5549722915091431424
3970871005860561408
3876966965545019392
3928659228237231616
16396692876146477056
6254135277347880960
7787563452482210816
17713558447212312576
742547055149432192
17616397976828868608
10965227650744107008
11356234947914860544
15731479292619907072
14808244993473366016
8003920470318305280
8757122807350986752
15886128563116111872
10384586988485726208
13745078608810252288
17750665945225771008
243046233336977312
5636002701698460672
13133713194117765120
291783338701992000
716470345375311360
8527343062595155968
3179732446718494720
2471834786719551488
6806591946329778176
16998071089443731456
16237556895657349120
6510889984079212544
17375287200915761152
3702124326319696896
1780661342106890240
10516622180538034176
2875377948819469824
12304953379875975168
10817258880322473984
17480329858286563328
9361143222802735104
4628592303483356160
3513561404208922624
10163427554198812672
8121241924043513856
1886112408017903104
1774406268928775168
3658814803140232704
14011352306380453888
15922939016348448768
8156796302530338816
5857196964381609984
1765699982515910656
18181495165408024576
354854421748708672
15413880829288761344
889526503955226240
5554426755447462912
5324360889881439232
3318001282211173888
177143187286717472
9023203659735520256
5836425302265797632
18310314342852855808
17956361736229150720
10426347598872254464
4466178474093726208
10071986507501955072
16303592469531047936
6190050983340973056
12136507505395255296
11120027736820690944
11660458533139488768
2383217897939321856
15564271169086652416
2305840048668233472
1589413942274953984
13791921307106906112
13678175055548209152
11568956855839297536
16123016089306890240
12101793544757080064
12027817146986657792
6596224562284686336
9786347446407870464
11148217893574995968
12280341498238857216
16137627684771291136
4438429741280494080
17610677446213222400
8452540023651009536
17281109984024350720
7161692305130523648
15277542428480757760
18048959746534316032
4437896833802673664
9695450892815077376
4289950151768086016
13915741165664405504
11799325432668635136
3243223382231329280
17472524859508912128
15803165279756310528
4122237233120371712
17452132652505464832
3697670167180202496
16923202671881879552
13089261283925030912
3499170600448110592
4755607722522583040
9439909378993315840
15320247194459867136
2841111512510795776
12786438815435884544
15045990190778748928
8123946214934367232
3526588088408264704
4565441559867460608
3390662713950890496
104873521796011776
11430741462057738240
4533871938462414336
15828688625739048960
2183521804617316352
621665947654260096
6989486421454451712
870011821254191744
7384025831019949056
11294799981715564544
12016422215056807936
17038391100870742016
6136910802717329408
2398562816423339008
15297354573615083520
10317276323486177280
2586654294260976640
11249599756895399936
12472181461578481664
3803433565835223040
13170969432963332096
5398634687816043520
5162712421231566848
2898895632314086400
15718578477664804864
2851175380578349056
16715943985140297728
6880136595685754880
12059432829467285504
17051696853565087744
6406867204562263040
15964615156355438592
15118912982584512512
10449412551225260032
16009922212029356032
13195265717900300288
4718014338341520384
5839895967840988160
14666635636101869568
8430845973602720768
2823940252168743
11471589720713588736
8738226080418415616
15722671095126497280
2229023914004548608
4135338946703600640
14866063656158124032
7546524193207600128
1691716108757643520
1844856165972450816
14450572144914950144
6145552158010219520
15562047977683697664
8722033855708585984
8919240962347828224
3712350891969715200
6490848463730357248
8530373617856238592
7785774061064058880
9404809109634113536
17106108715343982592
9859117296588591104
5295153839285600256
9990395807793932288
577563646857978368
2348435131328966144
16836393460466077696
8053773230473146368
11184592528937824256
326214566858876160
5099942227503855616
8164022479495538688
18178647673493792768
14191991102569859072
4397086894521287168
8038467150809415680
4072174621512579584
4074786348512351744
788070802267408768
8883931196695977984
6138565766325104640
5650033619071356928
14827212645854445568
16257819987933069312
2894036051208513536
15083043438070732800
8222418350397888512
13631277390641281024
640100221653053568
18348181576409638912
18226471719311147008
6560499075231566848
5660800896854629376
8361693487222288384
9011347537785126912
9570721076324610048
14542181222062069760
8635486845298192384
16759159717698658304
10531326601960890368
7560267339924468736
11373838663349432320
