14570553494510817280
14012648279559415808
9844056460304693248
17771084945263812608
9382047805727010816
15469922584571856896
12692968887967682560
8111059302110986240
9415880551625879552
7632138259030585344
9810900997472595968
12304706584823087104
4374014905198335488
11277552006166349824
16636561803074738176
9539223741529784320
2078669622266928640
2033518614901752320
12866833341174065152
12908757608306122752
8109376817360300032
15524610253264254976
6799073275020300288
4629110396162722816
4550560232071645184
12132619784320849920
12442794878372603904
11840986880958545920
16784778745652523008
14627449991820173312
8639300195451309056
10267091639635924992
7910274363649666048
14685976497920522240
3338734626132943360
10948273897229707264
11508571639298838528
4667827645517527040
5492845259507482624
16333323202195412992
4878742968113221632
10610959745208438784
5971256276295268352
11838727546117672960
14558819341469407232
17673661378965880832
10184425582523592704
4580989703858958848
3110012258994469888
13334116958554834944
9382537492630593536
17215462049064425472
15938341279045658624
7010917976558461952
795319990304257664
16976784550507315200
391257634771243456
1646454781246199040
11084817770167056384
8026192844116467712
15811978393724932096
157917576619584096
9730860899884875776
2519573568912308736
16912710838493614080
10415446038752778240
13592727103348815872
6748658317650985984
11422310077565120512
3100296379619928576
12072847746424930304
11216819709432657920
4740819783620327424
14265008073025587200
11049301499281565696
17209167313571086336
14525271860603375616
6556263066837669888
8105855191627942912
8781668363751894016
1274944154651503360
14832052476039890944
17585957185110702080
12560020077131321344
16529587212069904384
2389652566497238016
1840828862888746240
6142090395896630272
14535854392984725504
16500319910554812416
15820775456277043200
6456676441612451840
14126583847136829440
1164466166633467392
5469508919584988160
13491996717976307712
1080362842514166912
1547633402697017088
7081085596459348992
10527457564129202176
9581223627588782080
1624276281941892096
7323403474515130368
3962111093323003392
4602653082711401472
11907476211749283840
9021117534589648896
12968673655013343232
11998580256949975040
620397005530925952
14741349594589648896
1011353857445170560
12784078490904733696
5062741800520454144
12841833412466124800
2232380212484390656
3953673502836253184
14429461492205146112
1146536359338792960
2489637986620004864
1006683618469571072
1266674561484130560
10738345362505943040
6125699639994954752
15440818678458327040
14316550080773101568
13665816293845526528
14105980631877857280
425324879892373568
9774646928229115904
5722400670381349888
491083399520661760
11710002718337693696
13973228826384506880
12467147697843431424
17119318889328281600
2295804601855530240
7891573941925200896
2933055748321900032
13503905608773113856
11298473148209340416
1469725646619685632
3050932795269481472
15836968398616788992
10305628272521293824
3442304082271916032
2077331359205493760
5065583129889473536
12533300322851295232
9796826014930339840
1884028118061384448
7160121789525220352
1013898113197917184
17460392186876608512
12138354429287577600
7952851999518759936
17369398125477089280
7857020448464425984
16444218621408354304
17905249103478769664
5221132757310061568
15852152247533993984
10719873685523945472
8218942676253545472
13475164343531188224
14899772024004694016
12705221212133470208
15667826979538067456
16811671532589707264
18102892763586578432
14846802431559725056
14036767626870484992
13532297930797527040
12475629675755651072
13075461948290660352
846422650165162112
1202591332768551168
9733971610622138368
14847271579712360448
17168535865919754240
11040784685184118784
8829492001264846848
5270934868728640512
12946713329790646272
15056273796812965888
17487077906229635072
6261685536768264192
13486854256672487424
15375320026806650880
13400189797162379264
17402826397698590720
2005370951313816320
10937477697214826496
16413390081433530368
18132985280225572864
5441904822342378496
9672658804542724096
2429818735785655808
3548112507545051136
1351310680829744128
11405925117046194176
5676276667809689600
15998886372945537024
13152179745053626368
15768996745051932672
5761966233960233984
1036222373427820544
1048874116883034112
15439841904930918400
13030507205072828416
2346394613093239296
3990580377849564160
5662218692504925184
1821986858675471104
4761557216105352192
5091745016901644288
442534168007734016
1913777853381960448
7312711429567168512
856580702191693056
7028056238314301440
1677101451025640960
1878479077047660288
3866193832170192384
7772251768944795648
17250630914814238720
14071260931914567680
15559001322774198272
14331615332096602112
10301250726649255936
15170877818249928704
17211542553454774272
15572649928264239104
18130178256393693184
3801984225161754112
14431344704437073920
2401227607030590464
18435427371215316992
4226456544783417344
162960599211672288
488290810702214976
8594827437315517440
14261896643920928768
12073873916473288704
6809066703156110336
7142371562392493056
12311518043690301440
13404077811118475264
7701272422674440192
2492513436391985664
16961147044504881152
14981836371061962752
15637940513476270080
10834983124490250240
1506546262254507008
3308666589256487424
1430137901108949760
6506244259567657984
7577621824891347968
16673207849714917376
9575130821019785216
17529499828909238272
2326876331190255104
5058824252785686528
2533109550048807936
10363970808123789312
16791309991888500736
3854734843770184704
16947902496598528000
10473625059586580480
11830356691046961152
17154742462870857728
7296126348506524672
13150031605016262656
15874037454863050752
10308883638867202048
609445299494254208
16839684775573936128
9246955781615503360
15685614246890821632
12813055839258435584
7645946112767818752
4416380126387447808
2152427331798326272
17699281387596154880
3786010974792017408
7114773857520647168
8030771348640080896
8046834547000748032
10287273325246044160
4471151515868500480
6414437617830072320
15604280235926495232
2565965989292243968
8094700425452960768
7761484574511316992
18260015788182188032
13711492317582252032
1711214013080681728
44502697846788432
14760044920156911616
12951471456618598400
16335535363523989504
11643066730292344832
2375416189543207424
859864097543044480
104891113458778512
17848753480675274752
17760635848777590784
13357475253108123648
7468332673497938944
7472604711877644288
2304352135857753088
17686280566189592576
3337310004148920320
11401515846813716480
8051074309692662784
970863015045055360
7650878407072006144
9536817641135833088
17399747999335311360
16609253963541884928
16239006150667395072
14026357275701987328
2615447819265127936
11375889695969269760
17098011582046545920
2670859256211660288
5758375835103488000
7923834008938364928
15947451940557170688
8680189320350051328
16612696540532348928
16422091878541719552
9595084558649284608
560727411095053760
10353030546858129408
15150360676914370560
18074389438321760256
11092821108178444288
8573006663466055680
8193964765634168832
2297594061833524224
4417322149972770304
146083924250360000
15639841860866066432
8062603900768893952
10150209757929308160
6300223746023950336
1601725240324644096
4522850869309562368
7893859844872772608
8762743819696809984
14698493688495597568
1257223927153956608
6435907314664656896
2792335945794810880
2389670842584131584
5596843151007747072
10930696881601755136
13060193054942193664
3588023437516052992
4388270123703045632
7703832041962100736
10434259110395942912
11916322007318693888
8516317635901662208
1195007752452735744
16607936969563588608
2875450711874852352
13646117677955461120
1385429693267622656
4007449124367901696
845826980492362880
11349015221798768640
3181229272772485632
12850204421414086656
6581371778178469888
7509093883097005056
1448908048964280576
2583854065404372992
3270159784912605696
16187293735052306432
7361927379692268544
4351363772591757312
852676873495314176
3787478348295344128
17837023518914547712
14176944652128718848
4825908614894194688
1091694955215594624
17959818314340716544
12358574597468968960
16000581423138019328
11487135754328233984
14642596500205494272
6647589545052474368
5757907453345822720
1387078839244157696
13524420464130256896
11308133840829347840
12158997036351866880
9576195551055044608
2328182925730006528
13222050733111021568
14376043926056288256
7710405550096884736
8628325193197908992
6378376118059090944
11163682318160578560
13037859054346719232
6614756501106172928
15066197688065679360
5592012333317373952
13763959072236607488
16180106910513926144
13575515411387957248
2581683718125854720
10006731847888300032
7473376922807798784
11650390079486631936
11017271039249315840
17086172499896561664
11314351827726043136
8007537088205562880
13421928997391138816
10473578023461283840
6994060611307890688
11916999065371729920
3648128002263460352
8961891199309767680
6690496238602946560
5544879844097110016
15066318772819589120
3591564876435724288
2242848194283918080
13206293897166204928
13433703267358212096
7004884136733295616
4806512911359255552
8817907562368793600
887376225565883904
17559042125476872192
18125676909819381760
11074653585864951808
11251883237893132288
10335852977990637568
11203349560635478016
7528651655384306688
7850374284473054208
3425113341175313408
11527651766047842304
5818545218538958848
10149195366382403584
17423740470492815360
16679233460375281664
6804176696251440128
8459015387031638016
15964104494646876160
7178595206548640768
15217736865126279168
18076171152742096896
14550443967453456384
16758848477239410688
18242460428634019840
13648034315534960640
10145299222471137280
1044798190472696832
3331461612534391808
6956314915847045120
853965500714628096
17130165339727321088
12929412435468326912
4792209913711197184
5387249254302505984
6456084114929178624
8365466780378106880
14837431909319520256
9636514821984342016
11161694898481367040
18437748538845435904
4180179741890875904
10688892332127367168
15636475876986324992
5199178422140725248
8122506880687766528
16194938169307004928
18156063539992492032
1999157931968101376
12121782384352262144
5856019708033260544
12312707065786116096
13942821549664219136
16772479096090480640
16547717541963077632
17141700981686384640
11000322678195724288
9972497394299529216
14027939516149587968
10577845698665355264
17126523754577184768
4681115910131688448
8656028794734375936
15528933664577640448
4759734762796338176
3238001055552928768
11941298837995364352
15770722566931931136
10873601189235439616
16616445127485468672
16099117815231627264
10151628755800342528
14632990628540645376
17070107631352682496
12202530813090408448
9962272672647503872
12682684265439242240
10804355566357129216
12255764704812013568
3418773779521956864
16081835272824764416
16009957503629373440
5352448969386721280
16749186305665259520
11940421197469388800
17039093908323373056
12532901162282635264
1967634683674210816
15025655228548493312
8322349214973523968
18321329795503632384
746135452863249792
10634853588383412224
7572502457996276736
3703987691867014144
6161015214007956480
15500860272177158144
8371523938791364608
1376155789498507776
15279428345984579584
1455109581740738304
10324505600871550976
15850746734291877888
15972992178101950464
16902098992656492544
17295503840614817792
16180480195869863936
6337056042965242880
16222440137722238976
11716753181320669184
9228842750631305216
14757357325213446144
9299757995309285376
17048580550001072128
15246224087638212608
1703880726360943104
11486156871064051712
14438953798521128960
1011172876880124032
13876421097509357568
3352882490877558272
8675989546584144896
9579019678775975936
7195262483179267072
10480720947284801536
15281380411636338688
15436959216410664960
13324724754370926592
10294527678571345920
16272035637561110528
17164716434302595072
5117512162834152448
6589555722423258112
14136352003819517952
13523447730371223552
1120574554130026368
17462451131351969792
17130389580582291456
2888388580657509376
11934944613302288384
9590249607463946240
16780326304832694272
9465245215238555648
11583595886117996544
6378239335125646336
8573591001385621504
17065289405311057920
5279344844290829312
3496325850097175040
10258270451922022400
138651845283123744
12163101324147509248
12100226170412902400
7227323573022417920
8216017587055275008
8296301521255984128
8510091662668345344
1496434715773251584
11994877848518209536
15358383147948724224
9145392086589373440
10394422459542179840
16818741487730937856
17295084378226104320
16277774235091056640
8146339494986158080
1701814380161963008
16575228626386352128
18271209530076901376
17130445491527448576
16861822806741393408
7497720485553520640
17343033354054668288
10386198595014094848
16121663153333487616
5592031179826566144
18080401175828455424
11305259101688590336
7492602605600111616
10565635535036712960
12129353610084780032
8935559051399361536
11287157468264765440
3326903968039938560
14352045599801606144
2378213913033916928
8524439590496610304
11961869847112124416
9611785741839026176
5904471483309895680
9146476838320845824
15848737735164731392
10082409900180625408
5725946006257359872
3447910623268203008
7482334019692587008
17291430738658334720
4842380274489672704
6719906956984329216
13763448363085920256
17255854603850749952
16041976079266603008
6041312832524670976
17976174533657128960
10505081784857976832
9609826250711158784
4149130478728800768
13649884712709144576
4032483056198161920
6204575618276879360
13817681629108137984
15361767155221897216
15465500041519876096
5379054839081535488
18353648427572719616
10424369184884826112
13836320803429597184
6212652820203323392
14482671584197496832
7609682775519174656
11555580712268492800
5938378774896764928
11793906927457114112
16084677058233284608
9761177855501959168
8612828884706739200
16165043045799153664
7231599765709991936
13703344682926133248
5650139208571645952
13622639529122785280
10051154911080792064
12476502856514914304
6782906380703136768
4866810503788162048
5210499480600275968
15227333582073155584
13244750449672431616
1471259198675353344
8300764038794213376
17457224428903290880
7862915153307362304
4079865112469519872
11488444510444933120
2842058992643912704
7964076246425722880
17369670316865945600
13030822989654441984
17361783003880433664
113163848991238688
1726977100617998080
17046680735980605440
3435870959554604032
2012604699403938048
11591319326124396544
5257491634952602624
869747351969730688
14600738518126436352
8456237581546404864
10207663769855074304
14201440614691184640
13611487947149514752
12709419851359113216
4502778338670858240
10836397900642770944
2852117328474400256
16246835565557442560
4275003399476377088
15224432395295940608
1372417829996787968
17016399030696548352
2397322297743778816
523210142986119552
10125540983889410048
13429618792305756160
6900316879391191040
2609261321814865408
6455840332677047296
17332295406457075712
5974442582917757952
545820830982194368
9329250209006880768
18246151174892732416
3019871704934112768
8427743533851574272
5133912135543924736
17534267397917077504
12458959833389787136
6496517425512853504
17687148201212411904
11478855629202733056
7845014812862909440
14026430338878775296
7614939232059668480
15866197742568044544
2520032410920405504
10208462725862033408
3820131279306002432
9116088859029321728
3480454593359496192
3970779690929168896
6269629406199994368
12887291183907549184
12161107749324435456
17805598270107660288
12674684973611089920
7003252459456194560
6814276320461094912
3714023777385385472
9529392756223625216
9711875192655613952
14945312258290130944
2088235631095304192
16932831476086620160
13929542392480919552
5637202636595717120
5177589302267229184
9905272832693729280
12366576064378087424
1754956757714996992
12448521142257469440
608677630277831808
4574027669254633984
9107535431860085760
10680850801387657216
15713734809850273792
2570737075127131648
13404983624519544832
8997198278071764992
11658449954823788544
6438512976939281408
9515219742418663424
1786610334501453312
11269448893526298624
16981172556259704832
18273415193316229120
11692831832016936960
4886417156487912448
16063823644670750720
6809796191491634176
8693048047429437440
7270089568943368192
7906864236786652160
14060468517483057152
10048351426482589696
1570653513019017216
1494389665249219584
2490917228524006912
5563616014425570304
12326078991226707968
8312990105673333760
16448583170703998976
15928435636927713280
680679627331989632
10438669540347086848
4948908447106592768
12990140712112084992
807561994756386048
14239105336815583232
4937983512122860544
17945538510626945024
15764712390652971008
9843695253078376448
17117576548454699008
7891557878433215488
17241543692220069888
11127981650858074112
5848086555574126592
16425115383520043008
18400571511481761792
13198475932804788224
3636406245173117440
10721675272546168832
14094843451143442432
6997599293669279744
6295220483019109376
17731984444528412672
13504994302391332864
5927113099162929152
14344800907598735360
8716106671272153088
9779732403303024640
709393783801477376
16931094024318416896
3325400456511540736
4650491374757737472
4098558895043594752
8833130749690437632
7251112778208442368
9728765046576283648
10629177589917911040
4255196543349757440
1561026740003072512
11882918799517298688
682367669973774720
11544967325006952448
18143677886893885440
7853275295194779648
13116851785969188864
6661530795758651392
2320815325878803968
11173059920174909440
9615818196732125184
9594258701655296000
4150329318991538176
1751520938966368256
3582956690092097536
5631153679705220096
12801324716037933056
16105351319764930560
15552020051480492032
18175849163153385472
3832940737690937856
10523112744840482816
4848054704840847360
3144059084082720256
9131218364846275584
11207321844654379008
13236894326297503744
4652664898339094528
17968263914279294976
6991696410999589888
17496174558420629504
5327553348960612352
9350515363843063808
1674546342442477568
16805682888653295616
4546009778604342784
2085209524494827520
12319950540997378048
6384055744773835776
2180011192933073408
11741584273789908992
325910281676451072
7852600414259759104
7630804218330204160
9084155688403892224
10093326226372571136
16253273003292278784
4063160102605501952
13556986258535282688
14169641134660751360
909915885651040768
16411537203961569280
5450629986501233664
11792745595365040128
10675949491908442112
12929571109541404672
5900166239109434368
11603330266737649664
8586003443574086656
11720626558710878208
2613484657826784768
12297061115867193344
3895503802332344832
17170319606374094848
1252637206830650880
2970733077011218432
8949055461180277760
18423515482180773888
2225646902739150080
9081824685434706944
4285871418535626752
3888258449268333056
5558895995871139840
9199073336710926336
3533186343200012288
7252718450014703616
17029679096150124544
17972159218727858176
13994060283999174656
16750135552626878464
14347935155899017216
7851250991972023296
9399533340699701248
18446405032336650240
2341935089867339776
7801688084804004864
4605492148713083904
9443990347459770368
15875204001279848448
4618016603414717440
8310832297231266816
6686774787722248192
13505359303374118912
13199992117030266880
15134912519314792448
11706220818140770304
9737086255285133312
8330905670577409024
18428118323490330624
6891663936881430528
5820485795454124032
13997560739440707584
2475205810186972160
7283768492383733760
3865399130167547904
13779915574937194496
3934673075153808896
6127165934239452160
502421012161138880
14718371490802724864
13663839285140056064
9988595458757961728
12533614981514741760
11727684184953257984
7948439240917763072
10958666302097526784
8726223676477458432
6930210227513912320
6318345090197666816
15197948449782777856
9147763477812460544
13693187072075229184
16027187979381424128
8024295130963547136
14593699114168768512
17589597463157436416
6303522014540829696
12465465892115273728
2008715141409090560
6567580132072378368
11168781999933075456
14258213990849634304
13497298677849049088
2091965390141809920
3681953549742307328
12332931607967166464
15084249775458330624
9684299493719474176
15947862532791126016
3795174123957903360
7090444720531638272
14753864500372791296
15393483492427810816
1776894266961410048
17693022973999409152
7351789054212612096
13986390585923739648
287183829007158432
3263700331339528192
17176208492014567424
3004442910169389056
5187241467003328512
9857764905522323456
11222836699352549376
6910918022488775680
1185051593630964224
9016746422308400128
6448928176126645248
1070112703760165504
2879485284109329920
7489956763667449856
5517959594028681216
16859261546996285440
15632924298031890432
1179383281003505152
3099464114989047808
16145212277920049152
16163806644761102336
