13942054364321304576
11788813353231763456
13605082439813636096
14543704640717770752
415723064065164800
10062316312631359488
11653489224113145856
16315853252984406016
17248540618091878400
18211995292904826880
3967396341470729216
8680557193449638912
7952486370167093248
12009179530368450560
9258901977020635136
156067243793581664
12949531384622944256
4324044608617701888
16591465148191614976
8146397980484926464
2742200901415185408
917674077233338368
14639294819115188224
12680264587973828608
1616688942396306944
6317311722714790912
15809954894279577600
13724451974916245504
5119299364087877632
1002545343030337024
4817056741612767232
10604420223140472832
18250869835395180544
13116760247823194112
12544579530183911424
13107293203568881664
12163063824426545152
12295103020053749760
13251974974801111040
10150498916190167040
11901966603167633408
13745922869972467712
4787445680821903360
5637664978713790464
17491705771160745984
13704855119461904384
812087244239829120
3332738415523856896
13382218625358766080
2214687249399450624
5105448770409169920
4297654729687375872
130803344411084480
17003273254956417024
4437526777034194432
1300243811603555072
6318301703177771008
1964806070860792832
7184441235023882240
10992162256491212800
5953157577533834240
9740889507670966272
14342397337314560000
5384818250327983104
1752016656350208512
5720484706259042304
15132503037331081216
13458564767948414976
4898656345146936320
8321433521970414592
5794403191154579456
7831824971382791168
7059675178474324992
1777653267277282560
7879994255432199168
6772069034269092864
657771240381594752
17123857733020639232
16831168913588486144
11197631616605239296
12893486979228239872
959990150994008448
3082065434699232256
12577041789540671488
18231055180254363648
6450221155663447040
16170848517453981696
17419838666915801088
15673667059322738688
13383276464167147520
9763998909622376448
6172445460453678080
1307793284056480000
13143370133119320064
16572859123551006720
11703632258606700544
8153221501117891584
16778849598648664064
16022614959096041472
14016650256817801216
12791843315133093888
8836715351386245120
1843422801803901184
434309482629306240
15334212459347935232
15591264396319655936
11314621882944763904
17237426834757617664
9435400503333062656
9958197941247229952
5239731190628408320
17106245838210893824
11767971236101349376
15610094010677868544
9542560841555236864
5420855714744850432
2496159959108464128
9877995237265383424
7711256257702128640
870108652457204608
6520380743616137216
3944724763259608576
12281478710687492096
6805658765222895616
9114666860102074368
13542899812240168960
2122234333141940992
5174886953987728384
6037924933249071104
8318337139056790528
13367100697204555776
12222621143008215040
4669829148639778816
15007935870213787648
6398703367707881472
3274423556506032640
14585844376311009280
18171150975166824448
5154371442900788224
11687949406468657152
14618613125473169408
6964435055650068480
3953928448180430336
17040512782838847488
14783164944819103744
6647859336886728704
14618856413464537088
14356325991883018240
12091384910729263104
3036062229134489600
765169756466487552
16798422306517753856
15721943927011846144
2650465117640266752
4750609235319922688
5269418970063495168
12853090657130186752
9456420915289151488
15319963596051408896
5794203227240337408
180991262876807264
15990657750902935552
14497427822595661824
17395304699060676608
3522772180794991104
9434634387501393920
12367775574908145664
7475006539831625728
2785852589435392000
14383673249158094848
10275052264442861568
15703308424817920000
18269767401404356608
15703837491566669824
7095652655166033920
5049067659534940160
8939609184795830272
10258498234631950336
14683747871853768704
14743239405053245440
9385441401320779776
1169934958563755776
4555451237411422720
16098254079454730240
13397667518278674432
9420179896063137792
14261190917856862208
12375872002436446208
6350329666797876224
7047943870659299328
2369538653206599168
4304771510486390784
1093479362844524032
16756044128524335104
18044565876345110528
11837719405238925312
4715301357706808320
8265302667488823296
6719172157003316224
4732692226462461952
11695033495671967744
4367072078244059136
10639792704899018752
14391823624584085504
18342650949477238784
357268441535689664
8591242894644939776
2595179668232993792
5841128506715206656
1283803642143016704
13817353931037579264
9308967688316526592
732698842383651072
8112021486613855232
15724962281285523456
1029091935080956800
6273170750527418368
11245970465398331392
5225894911013799936
15490589890583685120
17630555380730808320
6419430734223023104
4259653171720442368
888534705251034752
9591846605177268224
7718240466407698432
9208825582702259200
14822625987348209664
6179788590354948096
14933810543931834368
7888974683461142528
2500428311937388032
9897885801096423424
11907594808606941184
10608902324678803456
10246996158682544128
13258290468126627840
6419055439389791232
10673356200276627456
2813940561916083712
1120904707473771008
18061368372025798656
7941852821814628352
165931677789591584
15070442449907709952
12148633659682592768
4193669799185903616
11914634325914341376
16586418287287095296
10785712280958971904
3493534247787213824
4887703462898179072
11588407244940075008
6438566467999111168
11630556288336799744
10584023817175001088
1579429428409392128
10393841989135366144
12767087226528743424
11195765970139111424
4143082364020721152
13591064768815935488
1957027405833504768
3491657906415381504
11466995715109738496
8533115236609801216
12376345682434949120
14686553152692905984
9109572320098659328
17762496650756634624
7123205170909420544
7344332756250298368
7247526625411350528
6933504452431354880
13439689518085728256
8125283870585304064
13738662814296551424
4815584015981509632
8108301795035568128
12379968555667445760
1987249010921144064
5565897813735901184
11308630448699076608
12221842454650914816
14310598450228545536
15724919034953138176
14005282602342957056
12509771696851077120
1999225553230004224
13416514714956965888
3266605721336646656
10374606817615343616
2193092423230785024
14463312278372478976
8691696191015730176
17011687922369716224
15836575746316005376
8539696187043595264
11125122913221038080
13617122548616042496
11567169103283908608
16899812629619660800
10037497220039229440
2623919503469601280
699749376126834816
14130524346179059712
8795791742120573952
8239739254965992448
17542633327478247424
480341532915903680
10150650366302865408
4963369120868188160
14592770487573405696
16611220162745802752
8867669709286148096
1330051251748027392
7633686649533265920
17734393450927249408
16359543468958294016
7725493799824600064
10467769894756003840
5468518354218720256
12892144976472004608
12123707769511323648
3325287121382589952
13327594902101274624
16083282975303804928
11618043808525563904
640262409495838208
7024049829649698816
1152733469416353792
15854167644277489664
15595858116760557568
1588668265862569984
675295288301958912
12181386749281433600
11417098121539485696
4783050246367703040
12377179563737270272
999111097254349696
13155901739596922880
3626108669441048064
9744640401116141568
3568063674614304768
17385053927566901248
16587424538261678080
9899399190981117952
5103697041948434432
8006469124728040448
7142048716752507904
7060367395318770688
622776997984156928
7546140511259411456
12389454952296327168
10801506907343812608
7021359522034313216
8547756913802586112
16547519319541112832
9701079504745775104
11581175014372794368
7525534567948875776
6451892056894635008
17208021296567226368
2422579125187370496
12261213714534320128
14833137544917280768
17798932685190438912
3244711030719443968
6981158991950061568
15603379134791997440
415480489600184576
8463560737658194944
7554887327966227456
17197318400806742016
8516620945292667904
8149994872701186048
11246126084176861184
16817254639592267776
18019730546726176768
2700888357463992320
1666750228035891712
16397532918660272128
10392855817343952896
3726357863808757248
1846006309564613632
18314089358549282816
6390186552145157120
16502642196729325568
897062003560486144
5191006598233705472
8161820604189472768
2938181850680920576
14726847460420540416
15143562449351335936
14772304736750567424
5033187413076341760
4895070421519902720
2233006591655491840
15321488940137611264
1728248429625628672
16472267506891317248
17001325515371874304
13796629504837998592
3034018082749108224
5997482801306667008
16111304862754140160
6194051578422735872
13587333995106560000
9547944957151877120
12151912164553873408
13617589516566022144
12434041688680278016
1338866397172283136
10426306524886454272
2049251064278708224
11630885742514903040
12922111684369231872
641886837761755392
4979434237936106496
5673295402160489472
10194179589887334400
12610300428698019840
3330291435252880384
803326506399243008
2751206962940763648
16722892512352456704
1246087894564266752
9159833890692392960
11583867124326787072
13056764217428224000
4579112992609735680
14758876534375749632
14444482429242296320
15343411198519457792
15941924001754841088
4281076879143610368
3865854394149459456
18407624115824402432
11970357921890097152
12450950554170152960
14990801374929385472
2420344553427135488
4739940786075906048
1069967865540453376
2067603400231579648
4622272659999451136
9946413884808689664
10392957774098495488
13945996136854210560
1226376463680335104
13480896817842548736
11657355747432648704
9711589496664729600
10764862007992113152
4155783068131900928
2308600028160698368
9022961811512928256
7016717465758272512
9307146591535437824
11975275974499512320
17148083440567121920
2885192460731011072
14367398403385223168
7673144457772929024
648132885751225088
10395740500583888896
7040328330070947840
8349179794727302144
7796250774765119488
4781185372032197632
3562896237551969280
7874238963964630016
15727597108902883328
14845117923544301568
3349207159858433024
9953001923329411072
15502627039676416000
6345840626110288896
14601972789962029056
16403145825504212992
9074570053858832384
7575504464130458624
16097503364680744960
14418298004444090368
11699324829579552768
18136065481853378560
7328954984317425664
6304421569385869312
9660724728838907904
14837211733760120832
513381298597218944
16739144860104497152
9341655589797216256
650628707967911680
7445459988234376192
2168329491840061952
17907678393172717568
13676297243097524224
10052269561007319040
3998919663046458368
14891315476676454400
10867103240247541760
3280604951497356800
3745666377490090496
6788387524421477376
16658962726472734720
2954324542535916544
16005781248146497536
15187384141902317568
13891805025211047936
753032586832794880
18235413304979939328
6972298491747494912
1516091955737454592
5377810459675778048
5861155011368717312
17946746208426731520
5939003488334530560
2698923226380617216
1343994589313745152
6633254956167576576
17280758374065631232
4597291718321260544
13655415274036787200
9209342797568870400
1064832858353539968
9442206436544471040
8988081744393440256
12801633611845859328
2276857162600221952
14721776270234497024
13001963865504409600
9648432502703652864
13015563689913925632
4496309004374961152
2571443043765157888
1321308867463419648
1818821495106768128
15577188589917771776
11475118038417080320
5459093304842449920
5748981422441541632
1373454462157411584
8203289317983035392
17828134018095441920
9006614863916918784
946177363368108288
1877427033137624320
8697695688092165120
13132783490030616576
3129504824449768448
4397021661245515776
9475127952567789568
6431291594526218240
5385218322206725120
16738731590185349120
7159916141229966336
17474363354822709248
11468264253369380864
3015677227185291264
8255904520916572160
17835476699547150336
3295024815609358336
18429529130837239808
3867861932313011200
14128500568035856384
14201637670868330496
5101402387186085888
12769989142637754368
3574327988794524672
4713971055308139520
11666083595942328320
6074933711194407936
15605151852498503680
6841537793135386624
6485341614543780864
7645310810348992512
18235954594889484288
13802130157668943872
15393358381439848448
16058671537944242176
15273487466755141632
7242002024126220288
14390080049700716544
821494008605283712
3862361343953170944
1830848845734762496
3871610537031794176
1534186120425566208
3624634369076286976
11496365985529270272
12327709461908973568
16323150013690089472
15862677461810917376
13328578913200351232
116132124606073232
16286499790192502784
5160614082630555648
7810803046534621184
11752236355006220288
17285348586402869248
5320331592653623296
1935745600959943936
5970973785215288320
4397013138685211648
12748640930940182528
12763999759791478784
9175546729144745984
4504005844738994688
13228541481873678336
10165141998779613184
6242175607988219904
10224613080173199360
7665006325844051968
16913336717513119744
7869711679821583360
13101662277416648704
5811763122310473728
16325056513249785856
15994014368183676928
8390742907962152960
17698648265420808192
16119434092110102528
1084866425041924736
3857850407257902080
3420870628704024576
4304389029837268992
9489919164257687552
2537857448566769152
9273501630510548992
4652211826165518336
5431305598095879168
13754914291647043584
17449991851743053824
2769440693798876160
9312142465149773824
9255324352661397504
314560220730717568
12917289997496451072
9766145752998576128
18305892958124247040
15940924590415001600
15279863996711524352
10325166344013848576
12916994528075696128
9413192582572847104
6330572934216588288
4730299583264890880
7979959209294928896
876721055481030272
9803476073943554048
15985750961649516544
10661224006420142080
3158854275167430144
15277795526545512448
9803540226915188736
5712304216569470976
815806965184459008
13920009855193776128
3054281248461427712
9147201338128936960
9122781016131526656
9651715267926190080
18038476801928808448
16720194235917510656
1939142257555267328
15328796824578426880
1876218957941502208
11770008796166950912
5828823942825567232
4401634539092532224
2618328913155762176
3018424798018625536
2305242522231180032
411037836000640384
3591890622845708288
9496879713093455872
10077911754306871296
7001789997089064960
12524180772226355200
13554077805914316800
9547373532220796928
9206277281411814400
6941338303010516992
2393203872035394048
14816126838624305152
7967181086867266560
13630446528982773760
16421159597711448064
2122108565484251904
15990937997844871168
7416674597656576000
12576239925687959552
7464640569262183424
15619904821260095488
8807067842977922048
7302981291966928896
10704267938755473408
4815010137850747904
3952318704126935552
12192987568442845184
15455168226606163968
6290522388225339392
7836576773628959744
17854345814657984512
6849262552248633344
11525982258029189120
8493912880245319680
9161743139872461824
1929424091550078208
12084366441972811776
9496779583064072192
3473748795356723712
11170767951865034752
5895067618274827264
15720956897510891520
16487856002087188480
15440134315344510976
12574053528429377536
17052717077400457216
17613675239504769024
11381206328981438464
1646234169896730112
11145092765321488384
6386980498099181568
17504214216051462144
8190022347835502592
18147879047933749248
15036885237064919040
10960666822967025664
11900403819047854080
7589740523771130880
10166889208595951616
17078030662927124480
163758758559903072
13523391686662803456
10105571465780348928
17870390110633920512
6330891096362799104
2075797037164338944
16689472671836645376
3027772348156753920
253477942589405952
13291374012949579776
9012237572123096064
6203034402467320832
8182483679675551744
1951215675855341056
12055393454754658304
13124942810647687168
17777561409823979520
9959335574750691328
5794331179770613760
16082852885462943744
3449744338141967360
15274739936619034624
10274269413208768512
1424285631221698560
1688541750869964544
9659201935653552128
17162906920823881728
17819821648892997632
8756926672896342016
16561614212651474944
7107507638399416320
13977337370203924480
15386744821426601984
8648732883137574912
15286206660587069440
274597183652693536
17101956174752409600
4875240374218515456
16403692314780821504
1047708766064915584
16803028550932162560
8549985266402487296
2000706426001381376
7656292673971352576
10824870566847377408
3166080665669221376
8692794697892718592
9256082981086050304
5254690747702500352
1464807642605178112
15554579570982602752
403435100455202560
9207247831048928256
17251786503388162048
11084993591495835648
3799176166665515008
14273082975014817792
16192249757234984960
9838110677223643136
1436325860475864064
18341012709542053888
8658186680951732224
10689264988720207872
2453380419832195072
7920191192904436736
4035647700494800384
210366883025526976
9818054191993923584
558850257801260480
454171013046497344
12278932156309596160
13575703713959538688
9941876103314962432
17001864627172530176
319715150674228928
12155286801697189888
5630293944610013184
1619655479913521664
11894032195480948736
14399873388596719616
18053177509092317184
10401200636197138432
9286363536989790208
8621974465580061696
12200302216477095936
8724890662373633024
11443278416070408192
7037429055834569728
8996668870623788032
8570878573928787968
16585777371658659840
3211237827827977216
17571184899841271808
18255010384930529280
15994214904329486336
12713106382170499072
14611320824046614528
12572724644417980416
8135674771223195648
12301722832422291456
5545698795857796096
6579181625958138880
1761329742041857792
10996098015897292800
8116648890053916672
9858550757573591040
15787988406604359680
7789323109555865600
3465094028052571648
1032757978413447040
1705004558198154240
7330719033675136000
15809426788959412224
8076856799479145472
6868895345427784704
32611663728423768
9620341304876521472
14243419017681131520
5321191641637653504
16036990483981824000
5646419044662533120
7071329116648659968
13283250614786533376
14126266113223096320
3151427003151991808
4308268128624242688
11800545028014735360
2708455369886680576
12140936354639933440
15518340642789253120
12229602067793655808
15888216534623369216
7188958351087792128
11752459136091162624
13524023864132210688
2523037277637984768
9503316856441989120
5472112959106813952
5038924622935183360
11457867917915844608
4691502351551548416
18437899090948292608
8378387410495533056
16175265196005511168
2523850234003130880
2846066799068528128
6635577756905132032
2431426523184050176
5956930342881216512
13462083413189502976
9437640359464919040
16906164804071165952
10722259068414128128
9239595795965243392
5054289579730631680
362503182573316736
5029559605800324096
817747064452528128
7297353311420066816
14329610767222982656
9223726189431607296
16412186533539053568
17748300955272853504
15478597553214384128
5479318954077632512
7616093796776376320
12879020127430701056
14052969101705435136
7379166043520375808
17719528186932205568
14566970516228016128
17475794107097143296
6998276169103922176
14061568441265917952
6950350658859993088
8847869031716416512
8591319104406207488
24538819886661412
2938772236416826368
828323291660432512
15809547188676886528
10674141117397618688
6784644355033723904
3411469287032188416
9973453832674023424
9440104980849586176
10330337315952650240
8733545042585602048
7501639601759357952
3013786915059763200
5510733418366991360
11261635589160556544
2770920290616565760
18390966973125285888
18315799503906641920
3402830181927863808
16276889594661468160
11450150396587214848
13685040212971581440
15887927446273890304
2318668901027350528
17404639420219883520
15105148377368616960
5039520443646405632
1239454214707601664
5395430681669073920
8775989836065539072
36406172870494504
10112372923179687936
16588206794972420096
17103653149382361088
15822016693879283712
14018835960151001088
2943568901442660352
8586563088929517568
6940309414189008896
11797384398945224704
12911728416589524992
4710956045499249664
12144582473242855424
11699945394716086272
15788864668954468352
4778951235389248512
5538967611631479808
14685077004111517696
9078740544685674496
4481834013493287424
17583313413420550144
3158038020487783424
13203134394255005696
3228890534652521472
17860477122545166336
5668518224269576192
1827212513772991488
3871283984913894912
12265078612414982144
1466327290189001472
16575327135209121792
11110887280073058304
13518973478069993472
15678102039599661056
17888161229885888512
10856549353157799936
5664266536220814336
2497367252546485760
1798577026071726080
3521429493956427776
15709724657220444160
15324990535256819712
1901395755928578048
9468728545340291072
1683095392368024320
13527601071372791808
4506979601149918208
3856585499562523648
13161236596468043776
16423124680994111488
5884077134411750400
15914903412053084160
10635198688138508288
826993529403698688
3103980569834060288
6447858961799543808
1096234805776283264
5024727963958686720
3398617474490354176
