7501329760513261568
1918175608770671360
15401376887397085184
6039416028817956864
9983392454590081024
2341555604284157952
11436220641132478464
16013005957927956480
10693111265277227008
6146931082514118656
2761840793759236096
7008952358244004864
17422119094505945088
7894918923663772672
16463147418385547264
13099204834816610304
10242166223479459840
14281738668723378176
8425776956467288064
1145335062418808064
8631108701212357632
7384573015269999616
4598610306991458304
5845070728018874368
2914030879772395008
1765016456566068480
18358266334729031680
8861424833497453568
5210396039700112384
3025119869599711232
12423970722567798784
3074758558418665984
10127883506147262464
2182327567136066304
214935426381992896
6265418950722272256
469536856387435008
15712482756773185536
13080678279577829376
6977579915706697728
1253886482386802432
8124081378432770048
3137993199530805248
9014008251018361856
9507462325695107072
2786907266966262784
17175757213423548416
9308904659569721344
7346902239104481280
17580468181970518016
7731440031811256320
1901043468403637248
360977506269728896
11260933661103245312
10415708391150399488
3159590733945493504
5837840588625724416
4661208285262936064
8132707444554988544
4503972758038305280
5312530243917897728
18379112449185339392
741637690883286528
13506151397150390272
17803734617905358848
3091081824392136704
1546402503381066752
9589080863012362240
4759962934763318272
13954023269389707264
9224951963873574912
16524292977117495296
9743245170539061248
548627865705876032
11142237867489282048
12662111989518610432
14841401460215332864
3927815040242346496
6979721218765466624
18282683639135324160
16212167419094173696
5303890824781646848
8599088837434350592
5281625702957813760
2997649951026561024
15069010615616632832
4784869534316327936
13518457869563478016
5250716599541191680
8678858323640077312
14533766561414789120
18152217838694625280
16655898880952258560
15997469557047408640
1418058573110112000
12459941165963550720
9068711708348484608
6320359381305842688
5291272915928227840
12794283154513412096
17289448712231723008
18354167248459274240
12587838401903693824
7468011535725429760
2583691365094709248
7499592506889141248
10108805974249525248
12374387975901544448
703406429915079936
4302474325411842048
15402756872289681408
4987285891882663936
18008741031585597440
1599855724966263296
14553627567225341952
2437951520644213248
3444776243996648960
8145239682779036672
15999692279827552256
13098033505137575936
13381808240714858496
9111950227234117632
8560305049210312704
8739059138394190848
3691948115866078208
15868865231938844672
7895828763826163712
2668689490610625536
10272679318244726784
15823256714757984256
9167207128132242432
2309428557823080960
9941060864710043648
7428624901318573056
14612977342189129728
8889946184749875200
2732835514895623680
10765785338807074816
5321499169361444864
16408492194394050560
2090185826535455488
711777648167965696
9907627378656006144
2674752967268673536
6948446827764419584
1118292732812390656
16990846648217929728
1724609329964163840
9324346588955633664
2485928927246230528
12162437294402557952
5581210005047369728
14187380485903765504
15072682762731767808
4171737672835120128
12717021182624178176
6521712220442144768
18111074026503350272
11953206999299198976
17344679529178028032
10187737614824085504
9593819992121116672
11609549794337619968
11535116230561855488
17705231327296589824
10786118913904508928
8638056755778443264
489920003357089728
10412499452179605504
2992493997898326016
7537779692261756928
15759080635933534208
9993267033364355072
539679282364620288
1054824493192037760
18439124097085904896
6581226897054075904
8985600002815335424
2649249586013565952
1097319502649550336
17802726316308467712
11381287145985466368
13068774088204365824
13327930442079262720
7316382142677019648
15883732476416192512
12663189670408077312
5753023650546745344
13654651251496687616
4213059314691085824
10470294489744291840
4521741210677957632
1086991125986665984
15395364661901053952
14921923618623109120
15058744362262730752
3205217284127798784
15606497375121934336
2821512292669218816
12013931448628713472
10583486308289613824
1924135706199182592
3991293730253603328
6110853761794672640
10347815156540622848
94400556097402608
1259200616705517056
1537879416180215296
9792806883199387648
3750856766535095296
6589437080569057280
15022051477453996032
60117409025133440
13385151157621151744
18055695494578595840
12121148754572521472
6931504014253219840
2604893330838481920
5570425774600631296
13640412039670321152
8713846251200821248
11809532085544626176
12135778934211993600
296812826435248320
14032466246710577152
13001943403182735360
5412252375278965760
15625367043473604608
11013292145594828800
16563803404764696576
5475949087713912832
8117056820476916736
8203866094907171840
6969636008002177024
10779254000406542336
9389877853599752192
3142376509376228864
10264037687972132864
13317251619371923456
9221978012771340288
11527452598992865280
10292983890888255488
16858599738694881280
8668938793402438656
3326857431543442432
830457525349848192
14681502794121140224
1867086914297505792
1087605791527285504
5077703295060119552
9847798774836533248
5968426813568541696
1547018828670985984
4707785283910797312
9057876014022947840
13310619296136755200
18171047710358020096
9094820983833315328
8303931344839741440
17107243479806226432
10350905429106984960
341766119764339200
8737856548039888896
16549197546581297152
5680531265048540160
11836741787082719232
10028424604888084480
27990987048204520
6999282866089936896
7014773122938971
14809463492271265792
18360764926674700288
16872558052109674496
10429981385866799104
4698060915738383360
4296233056366657024
4219678682590385664
13262474917604468736
11670353311531436032
8738750097685361664
4161580388419795968
16880614744484106240
12681716532430370816
12694510356674781184
15953244415053893632
9342904207201763328
3160495803002794496
8465832760733411328
802357468452575104
11011624513326536704
5143397726099645440
5069021668672266240
5375100254411466752
5992053347664634880
9458953830772643840
14705873927170678784
2117325348234782720
4025417229721950208
9829715909011310592
6026078562607108096
16719213458412875776
10810685169573322752
11240148158615066624
6672293906563509248
9058310052469214208
8926329631495778304
2657027903591017984
719435025304746368
1108888432265632384
3214859557034733568
12487838128322754560
16032182668984731648
8824372213074822144
3129493638585258496
12755309417178126336
10449722994579378176
18347160295604938752
3799915940556441600
12409515297319608320
7253395143312337920
5517321209475991552
4196056579637186048
15828282776050122752
799262523768567936
10745627338698559488
68782220360481864
13278736989131126784
15417341425524817920
8529462943436533760
15623163349844865024
4777739874845420544
10433886300941006848
6835287255056183296
10450067330366791680
4248795439544788992
12030577864701790208
7816086603798025216
5857375245690383360
7314772081388862464
14377658177410144256
14958554335201064960
6216275266344009728
14710106685069217792
15096728135841429504
614501795730290944
11127323915699630080
14315355778996916224
14683188691497887744
4879797585169799168
3773553304058733568
2566100723107981824
6092735034961863680
17214791231782541312
2642801515600078336
15356025649331113984
12595051972613210112
10242618292736811008
4759253190103519232
16419499527908548608
12825417686320852992
16913257589349644288
5546590013404065792
8784598725215380480
11669078683517003776
18233070541305647104
13774218259910762496
3598454032578601472
3402663729493920768
18347445457220356096
16834807201028581376
9854820960594984960
2570109152304916992
15687085806234208256
1635900848509626368
6377165787310555136
11555359409958920192
2409217051230308352
431007773549936256
832344352373195264
13076113118217572352
15091237804435038208
7903763007537677312
8699688029808385024
9660969095820525568
5664642297344632832
4114053240926934016
16502645019985471488
5482973536721131520
2065317586838171648
8996670236383802368
2590506727931506176
18162417902208671744
14080773810869004288
8271069158217460736
1756223509125041664
1654236210176834560
9824388627221141504
14764950633072691200
2600852436835120640
17216010425494839296
6123948213403500544
13279673594360061952
13890472485533419520
12922786519541448704
467276028547929664
9648956679165327360
7715879954615103488
9635331561576679424
9303275563043459072
725969557139321216
1392558838343157248
12305132575230078976
18225274562030759936
7696970489239323648
600384776995092224
17275580724672428032
2057750418334350080
15161587647085832192
14157475741805891584
15995607144448837632
4363808164455720448
7595950749832633344
7060565863942574080
6403872132072504320
5220726132644139008
12350271683461726208
8543220520064183296
14118167375855869952
7825672995486942208
1514536714309079296
15774380025576986624
396274394419073216
10148708679670581248
15015156372744308736
7574599136205552640
14076771978698401792
13195169599804930048
10051391455923335168
1398775261843998976
17839630201147598848
13565264340489222144
6203218876400430080
14673361811853942784
15279947718307416064
6829442277974878208
8146237130921566208
13473535909005731840
9540605108447866880
12922853318869635072
12313065358921926656
14673136554748575744
15270777242973276160
12946240796781297664
10163213542767441920
16875404905468526592
1571978903681085440
3197847006869351424
14702547639576016896
1599857866053019392
14769904252744388608
3222882401250057728
12139709431821848576
11530830525456175104
16301880586171297792
12289432885520748544
16737758244909658112
502857068701182656
12604174697880537088
6640813582671715328
15257371428316479488
11524491715947005952
10876765374240788480
15722356276250017792
8420467991658447872
743893198593334912
7354624714600254464
11702640631027605504
4342398260110900736
5466974022039802880
7737063338428443648
1591460445667380992
606320933202251520
14757682730282694656
8325441305852638208
7343121641195959296
12698101017062537216
4484823743691990528
4133913220459184128
15006482201435936768
14258936999573737472
11705800054342541312
2001309322176411648
11845101986345435136
7386829252065310720
2005840149113034752
14569498686961584128
9619017454444685312
13424149032270276608
13054054861800626176
7551194575802797056
14189550235204399104
5956406363688202240
16603943350859022336
7504095535062330368
4039893650511491072
12893118557756616704
5331907482322140160
18076337171065550848
17954034016694202368
15596974325256984576
10342115163475480576
2394686448606597120
9033012366995174400
3619504109249094144
8977466063794954240
8389584220612419584
16576945395904653312
17283841067194169344
1765727345512812800
6419510002359321600
5128357060002922496
13322266963626301440
15788279864327450624
2226100099106739456
10043428598666461184
17100292638756933632
18345364922537721856
14242321625553338368
13985975911314386944
2539569035859025920
11765921220733003776
14837486673106309120
5174939859053952000
10220056631281311744
14455972676656420864
1952406280427816192
4224228856514475008
3362897284110228480
3818108721419819520
10341801916364959744
13686939407987517440
396917592519943872
11593446707693150208
2686216486491067392
11807104171697195008
10256159528299143168
11251510890723897344
16479403693648717824
16233767146866143232
3173918822119673856
10731446198418053120
15413590650272143360
11741815028503209984
12476502643067805696
16176678452932569088
11911335927126745088
15589931789351571456
14964551425975674880
4410287853676438528
13556979855098152960
14789987435775821824
8937383502159047680
4564128103116297728
15457427302424588288
9585825114047776768
3403301769454024704
8239882940697731072
6649225008645541888
13590750794627987456
5480926714982650880
9662298953617154048
1056358653311839232
17218716538331269120
6699512850624488448
1015337119389665664
10841089837904373760
987501036566776192
16519111992237590528
511825604927419904
16556579797050124288
7434873526546302976
11099382304453523456
14454594663269459968
2910643208908734464
1912383863121171456
1192337670012681728
14908669446359130112
4218238063028799488
9874417714349682688
11386137023813646336
6573769543867054080
1194784073917404416
11539704880217913344
3385799674167528960
14104233969184323584
12786634202696914944
11215120061432494080
8684312162038073344
5142891920417876992
14020332630523381760
17570164854417197056
11724357373365145600
8403600711399741440
17842322374531125248
5601335821411613696
10356038028631519232
214134675247904896
10333662223148673024
11087995445034000384
15290895543462559744
14136864552229150720
16902918596443291648
12953996263939428352
10780001143275823104
9757864327878082560
12157341974815604736
10455349585110446080
14521444668350775296
15250727170434062336
15955271421256425472
9029369569453907968
2952150771528932352
18313237597086158848
1857915051982266880
728473717660069888
11813852416808058880
17344472857962823680
6437730510606854144
15542372423262431232
4749107099083475968
4350342203047916544
7916013629018866688
15239138706252697600
13197336001899051008
17283207939917977600
978289900943804928
343347221608928384
1495066395156168960
10799852161186859008
3825137415833205248
12427172087152936960
2211056841406254848
11420175207929976832
1381553156085566208
17407276757268850688
11233001505121765376
2657046155780565504
17815992107657834496
9598020103154475008
16264361063179612160
5114787772013267968
4137552086388933632
4916268692806903808
13258096674394007552
9969831074740297728
17875389056912105472
7199775357369327616
5007450244890489856
6882744636282178560
11221096907046701056
1518431211597955328
1075771285023449856
6243937079835729920
2170509641429310464
9995277241782722560
7256129034315238400
17836261116675399680
18434466100012247040
10352284545446891520
11627687309776762880
848042702408764928
14083534954741876736
16237706891000053760
17148874574869295104
6351214811601977344
2602576845384064512
17966358982692687872
2825236187688576512
3753200765298209280
6827719595217677312
7842617278694436864
17323372764747390976
16367476252138928128
14146285992819372032
3068804567684063744
15169252159576492032
9929016199863957504
13714854636955916288
13045080831563464704
11622383757612079104
4624807761188168704
6748934488712655872
13904367783813070848
14613725504659103744
15940644847677384704
1752377096661029376
56505984938426184
10333162742202787840
10775728192265977856
13595318612342872064
4134263143276131328
17371041851981174784
11505756681888485376
8505127127293626368
12730874773293348864
9091906359574361088
4512779859314446848
712717255369644928
17815458640214611968
6895547729968594944
13844556017020184576
1973830292290143232
2407062679560138240
11886223262870857728
3624658960543650304
5602583447128161280
6437743749951905792
13427304878007050240
16416998952150534144
5542915059492632576
5363709727739915264
12921372726960617472
12855350548232474624
16429337013351720960
10731763588697831424
11513158981153609728
10751251923271452672
1115435750487928064
6292150543660947456
3014731648207140864
8612260764134445056
14924151640912486400
11996902932983445504
11559796822675171328
16081021245267556352
13177648368525867008
1377776715562242048
9256900374132860928
11774196391958286336
17200768026107541504
3714371893110921728
10487767121905092608
18001085525421015040
10280531526443048960
15966567694131609600
6216064184527151104
5620578043418128384
16541526088833419264
2114669706892623872
145044758981873120
18335697707676794880
7399430312243708928
8576559940210961408
16460992675060594688
14900546563427682304
31798993242912464
1072682716905677184
6133989443510468608
7307986061731637248
11608730088652820480
4919343057053586432
14921445472878807040
11079897882615894016
637738635399755392
11672576771820732416
298647097687018240
16285739561266057216
8275423822393365504
7711558869672935424
12422351312302751744
11461271087299590144
8335043285604640768
14355309310053687296
10690844339138408448
4766806702153815040
13854988694275330048
481123101279467776
8810102035627543552
13415964300951377920
12453911792071186432
17476113413373859840
17455848652005384192
12458961405089458176
17327130048036083712
5357982139068571648
11696639730470959104
2054577229748242432
7025839930544482304
2721582016941662720
18370334059434833920
6388286366025342976
5144020321622319104
9451259478496274432
4083536922969096704
3035824815841141248
4254240844234576896
12515084783728594944
1249029892308390656
16960974661284143104
2435228960764857856
12405178692490840064
2748299458934450176
12267866086026240000
16622507195685265408
9149042074307514368
3372576633484993024
5199458760322114560
1613517421775060736
9304519854856112128
4154030694017308672
8745925521969308672
17379529014655397888
4414102981745953792
5816672801146407936
15425593707462987776
15260814285723664384
13721740248714934272
15763535046176614400
3721416579522909184
2032116562128231168
16099441013560360960
5116682985314944000
15117697573618327552
18345708663205644288
8360459977005248512
13548095635766366208
12046120521121011712
8293707050077609984
5196936436669181952
17490911228733417472
8875364461452503040
12066006744899823616
6627871055970891776
8352119060404694016
9151588773399192576
17895556318486280192
9965241436384536576
6153826979143688192
3158977041162997760
2318699745878556672
6371771270274659328
13837507179353860096
2988948486079874560
3075692196892386816
14908867561614540800
324625050828164672
8547822643822311424
4527670919494360064
4306226363189358592
1011199907261345664
9806300174220945408
8894027473308507136
15214544274461657088
2322743658435429888
4417184062285260288
2609149702872608256
9612815121876359168
9337002555514843136
17668020535141720064
6751185084418792448
13298404566794782720
9594760238235555840
16370066275279654912
18081370863242121216
11699640483141797888
15453456179833559040
10970763234279202816
15116608534753005568
7101997730894710784
16512536935411937280
11120218172188274688
15654087584063148032
12641995041575061504
5002031889848431616
6354626573257799680
11918489376631156736
6075224878740634624
910930048233341184
4154767040900160512
9612604980286320640
5299353341710600192
9213120211186080768
2977653935958480384
8705297873492992000
8207391783721551872
13689010250463956992
9419948310397939712
715375590328384512
4226207023980038656
10873148707178768384
17234071439038322688
1698957540726517248
13910342817935185920
13541890818747273216
11494840465136951296
15121221371474130944
7485285831405852672
907510106110061440
12511378912895526912
5005479403575987200
9635514265805291520
7923270987302425600
10180882416501536768
2300909481742322432
5760405139846511616
9545611887530143744
15531031223451009024
13152287185939439616
18076955844364959744
17362333244453947392
17287133446106732544
13110774274231443456
13176231750077173760
10500313772302573568
6726372983569547264
14380239441352425472
424893739503422720
8522856241536833536
8679069539053390848
10631621561480247296
6243661249196589056
15124098642286979072
15214890524680726528
5119220121575774208
8219216312302056448
1887894714840394240
9315889538014703616
8814820030952395776
4143604061112885248
10216212261153294336
17635211096308463616
12774005388379543552
8658750853460343808
2769553630038415872
14113061400239196160
16359026650949687296
9794952067969046528
4664644039351604224
7577000686699313152
9553254829777211392
16174758457415241728
10783672110696617984
10204668799085346816
8298581118307194880
6647802658190116864
4722096863257118720
11897353772610113536
1176709167548489472
14219410829676632064
18407273023192399872
3627785745324275712
17752703105301825536
8891641986275112960
17471815980150738944
15096346875249524736
3171412472002389504
11814789232359923712
13169387295862927360
9398445376515852288
3389104739518419456
2920879545708420096
10496882557958922240
17079288246850795520
15886016633820817408
13354563527446779904
4851295457847019520
13390595123520581632
12907616523689725952
13169760548190468096
17244652192088827904
4498216724163389952
15701544168400959488
1951928319674327296
8768550142305918976
14485235556223057920
17086207172678281216
9972422909503885312
2853160507481869824
4868083389199192064
4574375923747718656
6654787783186611200
11094937670816940032
7590881154128295936
12117338967358861312
12279747795922954240
5369086973189012480
10788497328903297024
15674378777367543808
5493505521145960448
13012502492127145984
1891899904904079360
2682301612955785728
513058562666272384
470202599542228736
2346045511896946176
14758621429761597440
3401278085780094464
1459123891853870336
40387355718916848
7014533353423365120
