8095269926972542976
7438588250788431872
1250816191652126976
17601397318609436672
11383745903635847168
7135892328176342016
1924951483304158464
16077176992294328320
17850681784559056896
4599888204153994752
6534228234305581056
16893188609743452160
9273164562448455680
10494602807883167744
5799491380611865600
4606739131116382208
6099088639990121472
1772116548507477760
1199667011886697472
2924564268838142464
14307549420267771904
3929301611847282176
10551946667961344000
9884254943055931392
14662636690581002240
650828873631587328
18387551730033225728
11775117777784584192
808564413063681920
15413144995097776128
8527947320206296064
1713067143140303616
17918381991683256320
467471824995088384
6750157490786817024
18206760224004519936
9028744779324953600
13385185020698419200
14263782845894760448
5052791733710627840
3454163133965982720
447312051750034880
3995303697211792896
15367702520272240640
4448149931670994432
10550663990228586496
2979611965832290304
7176796020608006144
5021709285419207680
6216590423014374400
7684090635419870208
403188431973711296
3074209768719457792
17019868312435310592
14356627411531403264
17037851265793998848
8837724339853677568
12686618742642665472
740971351334857600
17862145341640011776
11224691221076985856
4373154858820672000
8957290103758343168
18248647227133999104
9705908250627252224
10613571648696162304
4045340779988920832
4836526989579724800
10688144042790393856
16148729214047303680
10383952789033531392
10167941295714310144
4498086244050492928
8407915118491601920
16570340051009806336
4437875055956656640
11394146695839688704
7317337948158492672
12839761998723596288
4902920651711520768
4422015385145538048
11622795788873674752
3090072763638908416
9143265196296908800
14297174773115897856
5321639836821091328
6390174750215894016
17693564135142795264
17058429735565637632
14542531532356005888
7108650168460730368
30262170727009192
11280218106950832128
12542026378091685888
11578757823180771328
14071663401196781568
12674398829515714560
9540957102796206080
16014522573982146560
17469633245440462848
3114162186629131776
17034048948391452672
14989245967325030400
7295148874307452928
1054057201812924672
12945209339260768256
6949903914368106496
17603877897556213760
15054947432735180800
10278141321923493888
4828075661566635008
8469594214824787968
2771438356297826304
11071621659104546816
17768454464232110080
16419021942901884928
3951482424632690688
4636407529677020160
3226341211168224768
6545147511896274944
13219205550967033856
1866650322806410496
6644845635190222848
16255368130629328896
18119511216350541824
3870268023253484544
9878856665021433856
17764710226207635456
12019565899155505152
12678715589182349312
7759746112815494144
13624912680705478656
10066781120348166144
1882581760236683776
16990500497939824640
2059611792886285568
454733847751264256
1238268144589908992
12749975012098367488
6546398492855033856
14342239776536328192
1221074135635970560
12327670899952973824
12222387189726586880
14649487771409899520
2883154810081885184
15771237628212275200
6233438449222605824
3442701425258125312
13196275820517314560
17046477728158644224
14649075454828642304
13533016384265897984
3038493587530961408
14677515627003932672
6062903130071434240
3851285241370834944
10156815389162162176
5639922793232793600
16109309946984257536
10512575010263980032
16206952240263225344
11657965958915766272
7693384295501175808
14078097972209352704
15664831281881331712
18284289940748896256
16924229325891147776
8379119682785024000
6068078400485110784
8481508897309340672
15457967930296602624
246142891253152320
1565680508775644416
6313928916026954752
12164967792324726784
4652131232404057088
1445962490697210112
16913023202575155200
15284565259033966592
9525564753707560960
1626972032917081600
2718824654052532736
16632986092112730112
5713225831491173376
14055052654523082752
12931149342166794240
9656080801754984448
16021970412545955840
3131414809432944128
13423141409888581632
14917180143750426624
13495665431919538176
3735390412843427328
16942347617808965632
17191611817608622080
16548913254961039360
8476782129976416256
16469010715701364736
6135961019701812224
12994459177590528000
8200661092488185856
4066098148930337792
13711793687865235456
1723537460626985728
10505795801607096320
7216825581658548224
4504636609091689472
6592869775762055168
5676688933621960704
16729423046142865408
7033586661391773696
8524031160778305536
3838837057715027456
1593368615120907776
17545596578703441920
14684829114446151680
14646906206671968256
16329405271261798400
16226920721809752064
13039399718504099840
10895749781741983744
6905483225006133248
6005578545417195520
6746830457036952576
616931461359763328
1483951223504898304
14853634877946243072
3760864583534621696
2618626979351287808
4264336434443542016
4125767709253169664
10629630556061261824
5723782633415792640
14887386685603088384
18208806602192044032
1996643638237110016
8116267156533703680
1585194406827038720
15835203885477943296
15325965148001660928
1487825786139068672
3875148708060886528
12441000749792333824
11176306863721428992
15476950984082608128
15803655903493029888
8143681368141788160
16568480225037096960
13025578879182608384
3919490749136727040
8039840705906731008
16086368160089909248
18039883259498651648
18126901866335275008
6667348201250113536
10328167804364005376
3518294478416626688
1343191801943089408
10566641749801811968
7804889049186044928
1213506907576498944
15383818038349045760
11401098083698160
15131001016024014848
5417103411283135488
6554281402095925248
4057601643082924032
2594354857717140480
13706410602341115904
2333864228616152064
15176713873049528320
2141341876794994944
3143203414609465344
1754435854376746496
12177685554809683968
8154658821279523840
8514989961438276608
18303973157919592448
3379195827124644352
16627322389979672576
5985558963593927680
3182490461476753408
14968903197138819072
2959985394862192128
2326075075028678656
11076941011322447872
12371475432831037440
7291916669972207616
17270756554452813824
12000207024881315840
9089012261509976064
9979181328766656512
3145159766189238784
12356821893125920768
15462096946945910784
8651146983787356160
9182448157922321408
2667545892471430144
10665991419828389888
5042569769358399488
3165404818127026688
12965517103703576576
9524349613760432128
1751572167116040192
11330212715646738432
16120596056803708928
1038742716619369344
15675407088698034176
4160360262891101184
15277840829997035520
534910883984436928
5113582040172820480
12509447985512325120
4532344658566213120
18394247993204764672
17747897557269092352
9274056800577247232
11872973252283310080
4509831189570658816
12601212836560883712
3666918786417406464
4776501255185987584
7691916572909542400
5956690965820378112
10300006971500271616
9667730494479605760
16628654373227190272
12649662554286104576
5646841682080030720
18368724223242430464
5286949876373130240
5364371302334185472
8830581883075860480
4806774061359506432
530754222627971456
8263513579269571584
6186603990299819008
12532169296103477248
11700722374632421376
18104875878511480832
6824854681855059968
12653857143171293184
11873656839244664832
3165427600367679488
17638087152300365824
3961048101911556096
9842226773957840896
14773305370466445312
18022518155903111168
17801396888714706944
6782328081495556096
11951844852272302080
5149751724419527680
11367958982213982208
2601027000102825472
17213341981509144576
9720689144298127360
5647746626371086336
4971558547360948224
17034105022177699840
16758101593445060608
12315055919412750336
6148177849716989952
1709030714197655296
6578014146116683776
11817414109085151232
1863326238488872960
15632364418762186752
13547152238599802880
8274728643417799680
5268884574369723392
18300496084970485760
14614595627897282560
15458672662063771648
16055572319246792704
339673768064444864
9776213059248943104
5523709438232439808
8975312780060620800
5185670666437419008
9116917081336402944
3318818739179368960
1922107496309251584
14667009694395992064
3131649364183379968
2927326449349919232
11195280280723621888
11692565906435829760
6113541481778640896
13377010296271767552
3271076239066168832
2905820272046191616
6977401516574301184
15447949676414023680
2993232581309990912
7196389152033158144
13774911002102505472
4764552968670698496
16840911936047484928
14966658152806152192
1388292391512058880
817723539494133888
11623505832066185216
1618884083860129792
17761182637929517056
1679628993686306048
16873845976622999552
390766969582225088
9923678638073266176
428127249554846208
13242427588035246080
2347892495532245504
17253119561321336832
1763557236749647360
10258914110953111552
6648793012406505472
7157089054981025792
2525788415445079040
4984584676613492736
8850060438213112832
18205537037911517184
14018391491512842240
2830133703934677504
13042784512810344448
11112721195166947328
10764987751717298176
993675371245751936
7274531074411578368
6811696875713488896
104981544537018832
2962447443762432000
11775277242920165376
6633736208478219264
2708531297366848000
10873281669948102656
5292977510073375744
15798889788628617216
12224949731020916736
8637053959507326976
14850356492995336192
6325677065631977472
12883768572123154432
10295261905294856192
5226888921934198784
1053336402085968384
10583709108683945984
5121060763455879168
5948974875128843264
181368183510029440
1561917007447349248
16005778493825708032
15756469726769451008
12006935316434847744
14794012815884462080
13033722531614824448
2249770718054870528
16648743284780761088
16897264079874334720
14239004161550948352
10359435923157293056
534116060208854656
3900084855451372544
2551830820625545728
13878115631146147840
162596278953721952
10657830222834554880
18282452658600136704
14250870978781177856
14288138020552308736
16349929076177025024
17069083068032051200
10157769220122462208
1402333597406876672
17724225561518032896
12211873114839146496
516707859053231744
8350734139139580928
14987269496249686016
3913343397793947648
15981603817941301248
18394458176525387776
3366908012443287040
5299053489185198080
15842465342910494720
17497156288798240768
9958075633220923392
6669447504369907712
15341433358985336832
8121376079580027904
14593062435295467520
15852715411624908800
6656756591293961216
2371597076446432768
10110315349173827584
3909776704175365120
9330833357023971328
9912969918850881536
1996332919632504832
8355933557853643776
15981162466847258624
14637309571212224512
128619451036677280
16664574747196493824
3377130104535146496
2741572230917626368
12313101312805105664
14485381769199927296
8771638495909771264
2724356976157347328
16425028496670943232
7400414379491266560
13956008624403716096
8015583765121848320
16124527971959851008
10122628567145713664
3264485937382388224
17554317043931643904
13142770869952581632
7461813666918473728
8907276133052457984
9444354160897964032
17004134197145458688
8433183167830090752
9248076963338848256
14928831832640237568
4797485242384031744
14241987800760635392
935101321248931840
7445631717358797824
15158468996082944000
1529604524200911360
2143808871392711424
4879729732228255744
2772939541028802560
16709511853401131008
16334513734432065536
4114033423128024576
7261934906265170944
17293147664413554688
4532544832491251712
8409355018887024640
6836453473947987968
16283299535561207808
18058642951422756864
773595301461276800
7399071355519590400
3926472180067836928
16848929846095417344
16521296576750856192
13804757101747046400
12659194270384519168
9669010172738293760
6503735126226418688
12357522740438429696
175574375100812576
4227664260301039104
6475218192162176000
9135423157695937536
9932499387715315712
18130325657597663232
7546912500417529856
10567252666184976384
11659463766924113920
15412927509289756672
7056416655759926272
2187217429097797376
6431631567270776832
544194884051863808
14921671447489972224
5059575138123601920
8102329860791165952
11209001496967806976
9800118899501496320
17968893346699001856
11815254650765809664
17187838600560926720
2719604470805804544
9524877763041337344
17134926564754311168
11601612883868479488
18325053646643759104
12585023110285416448
13109070474030882816
4466218785697534976
17534222677423147008
6284705318361879552
18035721911187787776
11974640963085051904
13319181964182618112
9155687671326010368
15490735999162015744
6158457562839619584
12260399403773126656
16275250098282981376
8798766048982430720
11615863396306501632
12393820381258047488
7450889204835589120
14660839990162235392
17740902691303849984
13731298279445710848
15339292586413572096
14781927111672317952
5171274044603765760
440312201545588160
10946148834897653760
4202991534845409280
3646661393639944192
18194757426415214592
16722536347688503296
7191499516567316480
7339169088969369600
634117422382449664
3839499312694616064
15294483325671186432
6899495000022012928
2334496863231899648
11493057666723264512
1316798036230414592
17355197044355663872
14821363357062957056
15031310778244759552
14027978124579086336
6170431867992525824
16392139018862276608
8650866611112292352
6116557308059417600
13640104642200043520
530994426003676352
5733263606068109312
14155259037353271296
2738227503240182784
4346910086603294720
12596630284538800128
18155361616202246144
13500510791555338240
11546003587055460352
5680853011874027520
6959011596301283328
3440758063798706176
1063604814492601216
14653520386032052224
13283460835575525376
10471613704004280320
8735200435070552064
175125586142296256
12289757154987960320
8131759736316860416
5574702056454275072
5023389310267515904
8578221283980918784
9074531621076696064
2577626565835334656
10908844220208142336
12678716354986446848
11350019511587989504
2841186960403631616
13458010944731287552
15565850950365435904
3107338487865628672
8350786116780198912
10797505056618059776
10421567304085565440
9594983822995726336
8347577746403623936
8390278657726145536
1837734542500793856
2878943656766409728
17016744136549486592
15480202575869222912
16161825203283515392
2909387171434101760
10463085299910836224
8810214313932183552
14987086117613885440
11901593188836284416
17366858847839459328
6378288765784528896
2890945875619692544
14843525462732724224
2694568784635566080
1178155216055131136
2768627108263462912
12011927870360807424
14674858830447929344
5996002328045643776
7277213734122142720
10169686548944697344
9455125401732970496
12157015009208150016
10820212178877941760
9803456573605021696
1917754587785285632
15854287070467997696
10860541420997285888
13448162949700421632
16073136540693938176
5800714575087714304
8999246879132826624
9162691943813213184
9691880989296431104
15773233270523459584
13005226810352914432
3782207613536312320
14399988082246887424
5280456451595981824
5174924861945869312
17367705614752219136
3817659027616511488
7579215474731767808
17962220134796890112
3918754342155367424
3084420528552402944
10440717646617935872
4881245348821624832
2063478277468123136
878904096834455552
16670337590359853056
1482291767045475072
1891166155375914496
13361109492952573952
2129509618935030784
4701401570573682688
17235196149148440576
13306344538252167168
7145771109145033728
17804356330558531584
10339212858950221824
5890109385838723072
1508392365386257408
14293725971095040000
11049146267884627968
10683753369353152512
3879048830250977792
15664982708407906304
11810432185759621120
11202406212017885184
7599034341900613632
13204850881778106368
12280208924246411264
17271083876141555712
11796717856127985664
877817361464398208
17394649200488951808
5929306298683480064
7315728471011161088
4067015592644429824
17627155787384604672
12911452855011268608
402471365644512512
13688260919045777408
8564852423685987328
18440841875152650240
9843580134262808576
6440552298518443008
17199869577188194304
2806670104545256960
3102444538625589760
3167396510766228992
6877783949719511040
15732780340640075776
15169875650756358144
1273182555349896192
13935153869844353024
13534572161707698176
7296578970082646016
18304518637907691520
10473612077781913600
158081454890159808
14668990453649108992
17146134464210259968
13435450048287612928
11888424964555229184
8537291667628764160
1361386343110356480
9361589831175178240
5456942800590867456
943945142738440448
9467723942459336704
720465001724417408
8731104313771433984
13955100004553308160
184420353442330656
9592581410319716352
1241060643284999936
4057663871999265280
1864522572853926656
4079809564682843648
8155431042534835200
5608133280433468416
15326046370869282816
6472632294973563904
3010818196311098880
16628966052360189952
7812112095136684032
3836893003417559552
1898541140203489280
1864342571995873536
11642529444349566976
855387048150767616
4950993881088942080
14823210400788416512
13753294403026063360
17503294938447845376
786097981396723072
2155183049059607040
6111340372552211456
2292120563277316352
869130406638984320
15216148313065900032
8363932479310280704
6960301640411111424
6713494734303170560
12752906414182748160
13520217633519276032
11149449679506765824
988609602269125760
5773822225297624064
5029612640474271744
9065250713671264256
8106691363288125440
14727676696683409408
7780837061943257088
9217068183732656128
12243346580155039744
6393278701506889728
2369265558321582080
7921192579672061952
10138281405123127296
2548539592993030656
15611451131027673088
15718411435949172736
18255813946725758976
8403425815020863488
7019277467430501376
13641347363360837632
9265902301732671488
8186990112814962688
2236594525770944768
94753058777619296
10007905175801335808
14750465373983293440
10208110634228836352
15776795429717129216
3719634279829392896
8402588567051157504
11317075234563297280
4856900023437820928
14558806450083678208
10359636838545901568
16079209735803330560
17148495066682617856
3556561526155413504
18318046795029516288
14541173173362573312
947874924722401408
4264198055542994432
6434581082461198336
16508789630111064064
8860886485195327488
15489412263105816576
11922718523903485952
1502258229379866112
18228890918119297024
17219355486337802240
8365347804569464832
218442152345984224
16094228265133406208
9601416709107324928
1789480630428681984
95203056279225712
10785362380383563776
3007301205451229696
6667985479812233216
6465514207121741824
15850046004082219008
5843035902653500416
4215033099604497408
1675627908105413632
13544351242661003264
5675354977653042176
16345165867466166272
9429389739577376768
1661893134227857664
11681880972016293888
2572140771274188800
12535973549598189568
11761343521577459712
5900618302415422464
1540993830382475264
2851994659945047040
12800656288312276992
6961295637648212992
1051970270755577856
12637590433997717504
15955346487646720000
8408003988982531072
10276217257445990400
8858663751730390016
6063101108344340480
9003725162245232640
6000848897184409600
54679906762164336
10494356866208964608
11820321558468638720
18120626960788854784
10902157085847715840
13959466802163210240
16333771357498771456
10855829060474937344
10195405122751318016
6585694848356070400
65352240913345824
15754556014987649024
6897942419251422208
8564084551692481536
908702920686034816
4165297422616296448
8516376967649996800
7339697836459475968
13479373103881965568
10510882629993750528
724785222065072896
11803274500485650432
16739532192747915264
12718586521573003264
13899711504399118336
14680428591964057600
8483924850453522432
15091138713044363264
7525024581997824000
9948792083901210624
1607483632705020672
9041000576546670592
3644797357674446848
11135367633784348672
17326839012538265600
11769250396809963520
7739948175509169152
1158551541720453888
3346054495705312256
8460134949858500608
3802266654487085056
6515789031753963520
14287042739017492480
12026878434130083840
5293629408442683392
8456949732339556352
13733259909524975616
6168132435830715392
5824909020539754496
239480033649154688
5112120510693439488
4723326473268039680
15402312142432454656
14825433039775039488
609586662042340864
3526255533598925824
8036283354251814912
5905787198060868608
17788129851141697536
4805967363148379136
7456559943319093248
17695962892484616192
9461762504020215808
14091759275801956352
2886849490943530496
2803074275595787776
8280006946529692672
3704686373736846848
9090687156847927296
8188163020599891968
7131373237102793728
11260842791244113920
11430685961324881920
4761042132738518016
7584688134705667072
17504081747216605184
15354190849194745856
8075484713053737984
13382706564948469760
11203927952096659456
12739302396560189440
493736377357582720
1867828473851299584
10847642100785891328
13574207907809701888
12485107305378086912
11562920524812656640
5874094200549699584
12715111777103134720
6927019729651290112
2752659593796428800
15048266006027980800
3818045599790748672
11895055847820079104
6615626687173370880
13607799514547992576
14428521195711817728
