11466258958382024704
13123577144470093824
432733830226120576
1658270591753996032
16862975006583947264
15258208887236968448
11665016866852196352
14858579026947840000
16763159204470552576
661558323414879232
10234281693864624128
4919517864422974464
483427150851962240
15035184592590118912
14036246942610251776
1718775047536513536
1437992066940788736
11650295563673532416
5831781390177008640
5386254262481694720
18424127265581920256
9345751713628643328
1130836194115748480
16742183314082936832
4803058514731691008
2920579257816624640
7155059130890909696
17529517802507333632
16723570102489452544
806199630790950528
10029146596287318016
17786979444795453440
5836103917400955904
13663126786064785408
16784825518763614208
13052679332536795136
17955591912368232448
17308686268369942528
1781309380379247104
2098669607056549120
11889245515019124736
11809343476379727872
3206730663776904704
2001271591233005056
7931849539424521216
16239968495588282368
3391269020063472640
2290811451613944320
14635083362252779520
16662644314023708672
7315104528852242432
2829371719087574016
17349494840564574208
1861055840310237184
6745955509957064704
2530996426797408256
12970139459003346944
3192263864214563840
8239139162668548096
7104995183149779968
17872450941110575104
3794019061056035328
2133951448318126592
15285464449383247872
5647244521772264448
14037642038251681792
5912986566869072896
17906383607528685568
1373616252828007168
14457026688148166656
1535815702272649472
16154357939509819392
7316660696357421056
9210362881157636096
1777672893844961536
3266509845426682880
8970496895864987648
10239613900527599616
3500365040582684160
4729846979562245120
15192499774808360960
16060469925502771200
1109661231915713536
15780743134384984064
9619657410913769472
18086689842789378048
7179247362321281024
7395624089315009536
4838096193067512832
11764450613195460608
14165599129783285760
13762109257390192640
8211759383039049728
18201822575348244480
9099378202641683456
2521091160030276096
743982621091009280
12570198161170737152
11272583901398454272
10249218908735053824
2865975063596417536
6282301510621252608
5316839777389873152
2501379539226205184
6260673734585136128
10435808631203919872
2036735395305808896
14444883621577734144
11553412832160215040
1657709068052573440
4276966604817519616
17245829280186687488
5277352300635603968
8186806183617162240
12728443845810096128
12603929619060092928
5327211403426269184
10809630397283299328
4676649790886566912
40442235158860096
12754548923007561728
3744889192816658944
624684992061949312
6232485652198342656
10933317452450754560
11553826669867786240
12876153532852996096
12996966528818227200
14237177098333659136
7733390587046281216
9669400542322491392
17171207647087161344
13874842004221589504
16663756968043417600
16727665619984717824
18435181449925976064
5680762140701430784
14369169152844400640
6695945471445351424
7424762008669230080
10364117759243771904
5847181361631543296
3889783054347262464
7059162453598879744
7005823004862713856
7056921072300819456
1919364416317507584
6467113919600894976
3705930129226228224
17482018517580634112
14862922296460519424
15204475865997346816
6717322578461321216
4768758444864212992
5117131229308201984
211326861959057408
8203084540858911744
12123898089150402560
10050959827593467904
2055749076540421632
14087586452450854912
4946639042552803328
13454124548637200384
10970094399947894784
17726431242636498944
16384397677725044736
4809213493935767552
5549766228046703616
6756135949435218944
11216168063012280320
4970276040815072256
16866347955245383680
2421405524706778624
3412827706325503488
8405125093518285824
14417937679598465024
16850842403033876480
17232766386107486208
5664757186998818816
9461126119479273472
3592431224358575616
14760716494156910592
5946337453581605888
12247650814683805696
1499697173520537088
8425167824035197952
8729060507880047616
6824798489786693632
16891721089503145984
1755226331639658496
12260986824782639104
18067304810316744704
11355713766722418688
6778666651486332928
15954562592779833344
5648301307780133888
6142200737317498880
2547373943105564160
17307583965373595648
796400889129815296
3023767745156873728
1724114600557092096
4742688934169699328
1260638694705652736
5766893889681132544
15215817289644982272
10116931578125973504
7231668748066385920
16267117953171445760
14830455199599474688
7343104904604327936
17186020313641050112
14356283948474892288
17532427201293180928
11861387470578151424
13668843368438523904
14208174773472092160
2102668279257380608
1614323632779879680
6876707845057427456
15729359546990874624
14812670711450228736
12055574231130208256
8467751743492896768
14930504202766866432
6922100626881585152
4626044740046579712
13373360101900302336
13265769676431921152
16820285258327746560
6632517104329450496
6443490675048127488
6178009640764895232
7557887919053575168
5830693219082138624
15313912784015122432
8708065300690595840
3011880963130951680
17209268367135033344
5766210059358327808
4712173330331663360
10393439404973985792
529753362262115136
1457811342111955456
3625521922366385664
3176275542049747456
343807436592132544
9388824368830251008
10794354266507245568
3017352463526499840
10886015432752926720
835558435789572736
4665731768808709120
161402281664267680
15317835254958194688
16593473874672084992
1151577234135451520
17407650402543769600
9509122172814282752
12460594959768723456
2264919907742664192
15211473771690240000
7977799725883960320
5760888346816052224
14407620010446985216
17378096361722531840
9993317522194092032
4431476589096234496
16859555841798414336
2757624325547086848
6592636967640948736
10424933473918058496
11991000162304995328
8232540678373164032
4891081805315509248
12323935581749587968
7767480228328978432
8177008937062490112
302503604165668608
7304597584752117760
1249262356237333760
17453331714029813760
12801636050650920960
16877039449732012032
18114343320302960640
12207404550434347008
4440365808258961408
3548167736933461504
3916282399648632832
14838328543665383424
10579513620757721088
10467358944775507968
13081708872864688128
4513503845316652032
13335890875840399360
16413317778579148800
9370458276900200448
10093935633237639168
9964286471407667200
5298980620905467904
10439568623627610112
18338263689281933312
13006633687809511424
11701050226376486912
1373182517673865984
16603074056197554176
11820861626782613504
17216475874835501056
12302266041614159872
6253252247659236352
10774544290906923008
4237285723244358144
6730388326850182144
7721416333458883584
14097480830217590784
9974475765446246400
11552082242610192384
7918767513479427072
16216098451318450176
4143521130495033856
3005389732209434112
1447307454862405376
9892587124364623872
10227358641668071424
7665902451340937216
8420166667771195392
14227423281352235008
10569573100799574016
8199898006933292032
13638060168213067776
5063070343036242944
4749559093528669184
3071080873117579264
10979055547671074816
13668821642983337984
14370672957832241152
11681136372272502784
7473774284508563456
15290470638599512064
4214801737003160064
15120009428442482688
1136431300503187328
13019115953468194816
3011959972497253376
4737405099465931776
6268009234188639232
7244558821087341568
7927580496766879744
8412159965722930176
17310930698636253184
4325351600063772160
1033669743598843904
17317841061980426240
13534306269771601920
4477704436998771200
17832186068489246720
10924614753287047168
3887210992433229824
16833735486064379904
915125641148004864
5860680099630310400
12355909484099264512
18437590839038992384
18057973686790244352
17501525011852605440
8045734050729044992
1847770491732107264
14108605740209846272
8706027659960900608
1927240920495030784
1522764854238632704
5668980678378057728
1317027884876251904
608504390162601216
11583322395444396032
3607445816551819776
1590973792728814848
18127182190910124032
9906746003777120256
630406513673848448
2264096759885188096
6624891020396695552
18358463056433885184
49453838827628952
9580393119479842816
14294641510811807744
3311442610582652928
1078760549104777984
2301719585930992896
14083597866629687296
8346706196521971712
5261184658680530944
732434229781147776
8009518149973732352
5306990362366303232
3860859234024401408
15306562560230832128
8485926865442878464
15516834794535159808
18299770186230495232
11180106123861878784
8787941861975003136
4511400602771962880
8504284765098871808
14943045834601166848
3843735760199676416
8664731343375382528
9181444919466601472
16570002160919963648
8580298329309721600
5622344091283572736
11583715400989362176
15297505802276378624
15527488281185296384
14217870892912349184
13600657059416455168
1450249834274944000
10929092278909644800
12013511243178969088
15443696975244527616
10803559915366443008
10671082312288503808
561282458020664384
11113772469441554432
5698346682544239616
6577099076542836736
16480854575264706560
15996215907465330688
8803601832050112512
13718840475503826944
17704077580152821760
15105587327221342208
1661098063811090432
17380805775677102080
2087995697595696640
14853778200526481408
10057390901376835584
2009010711765938688
8920098466967127040
18317465194007343104
18111176073642512384
12023324596106405888
9822727224497690624
17641402091744864256
12241884795052068864
7882761630469323776
7583444764714605568
13880506474013210624
9406511347195881472
9066561449921864704
11878770192839161856
2435688955574043648
17845201480218009600
8511933271217008640
16763648599565205504
10576988114286370816
9164846997840805888
13708294526281297920
3247013032667225600
18045962395276421120
12937266570706042880
6432529271480665088
2421784707416181760
3208894677933472768
4847974186097575936
10063868806804504576
13589506264176771072
9172815861409369088
3991480411195867648
11019847977939634176
7727124710886608896
15455119179335585792
13785247359162286080
11169777098113861632
10110775682140332032
2280832823875526400
9633980533178261504
13004022258298357760
16187016333748613120
13476772169463728128
13768816917532401664
4525480525734010880
15541830598143463424
8480758906716765184
16707857818684749824
16502644640727842816
16575679332104986624
8396624753158752256
9061649684139597824
8595010178429830144
3145824338550430208
10252131773742493696
15061079639869937664
4035924402300109824
5535463003171861504
3270872053265476608
356837951387737536
16356970181665232896
4023792469234940416
12480262227191586816
13901298012516573184
12301104908301334528
12695838866418470912
659355256094777856
11798187389414686720
13858260187995015168
307755226870456576
17578619937447395328
2286661103511723264
17274079686725527552
2696685073498357760
18346917152484909056
2033688788703717888
13659832962850023424
12839695142907121664
14214144986682912768
16681786829631338496
10081830505775216640
3809237047339591168
7756393943236518912
5374117309103310848
8397405853294587904
8559112101439187968
2503254881628493824
11252965471377455104
15694715024753727488
16587228416306722816
12736498107988033536
14902800202716495872
5294654316286199808
1316419467142152704
9749932233284212736
2374674178168121344
7994118365362697216
8707954464411047936
8348542185183557632
13728806244962107392
14399146997122213888
561200596296700224
8490835068672264192
16153040415687024640
5903082530856646656
14947868490972612608
13774182370410819584
4656746669556873216
17080714259332192256
732311111191766656
15730487280879144960
8175954559320298496
8230174668144759808
220866740608505856
18168411713656948736
15001722372523585536
1121032587292408576
11854656110551164928
2420811641814507008
7059205890589117440
10107422242808508416
14720928096280582144
16936678752624224256
16445437723101624320
13820373624727916544
17490293093473746944
13822474719820351488
14793751783885109248
5756124224829160448
3059462738151567872
11468925242678517760
17499343078006667264
459333312878058816
8282209777544442880
12063158521478639616
2889938700648669696
481493558575160192
6650362749775691776
10190142199604500480
410460736688804928
6225844301067097088
1214221076200897024
699730812640996864
6231266650642428928
3650805169100861440
9031965129090888704
10948138011338645504
16505159335456131072
3653587132732352000
15328930537243979776
12186683040451700736
11955250130807730176
3156342158815316480
13155200486039609344
4983223486178323456
1836742896232368128
15862345910945785856
277841851492144768
4876040430908175360
3693051338404550144
4696448605083332608
18148422877079863296
5049780236476871680
10223288411145885696
1906336731409152512
3273628530066215936
18280080925577322496
3721286560427032576
3378837409131469312
2478482706601753600
15524313782747754496
15862867486470516736
10875651779723079680
70493904162061280
4339515578077943296
7310903087070440448
2302022171244088320
9293238508369625088
770970803800213376
5631112125856489472
9186549237962740736
15653549228296523776
6843489666329099264
16198246891613882368
9586211931853049856
15283377047509217280
253236575009175776
267361624832717504
1455969344878946304
15824567652389416960
523537708367567552
8793704025142569984
12030675405074731008
16671682070386558976
17944032278265673728
16095721645276096512
10271016814110285824
7183815573727084544
15212432892204470272
14558917402258806784
14276796085347409920
6328493517821644800
8903861626171209728
15883946194572480512
17787826122315042816
3222155622549263360
5437998747473561600
4022964014815528960
7579689571932909568
15293919648619270144
1002560267718188416
15271153961718812672
5182989658243535872
3677491257020828160
6521765000364777472
1204829376944157184
15736468947506534400
11821826222581878784
6480294815708737536
9032859536295812096
933431407695265280
7490046986905563136
831866414109510016
10190009535783266304
1787415358699964416
18001289187479146496
13875181301363501056
16970054083993997312
3166327924834951680
8272833663846853632
1780207826309925888
8977270728444722176
2365812968052694016
1253889382724635392
9548122444471908352
12591840345983297536
15907205200870156288
15888300188704974848
8215882476333813760
5728076176741106688
137124086525626256
17513166478803075072
14134806882966454272
652110019137072768
6796926422847608832
12361639442780559360
12444062744462948352
123843820071780176
3039226689947790848
17958799661667813376
2594269928834258432
10181708849376219136
11405449474857209856
2699173562205540352
31489092460102100
12126902010744993792
10490402791287689216
2824362573196088832
548513788125486080
14844364684115484672
10044323413025849344
964617914075921664
3697281166009336832
15697552404710899712
1843794506031625984
9098688547281192960
9100517339120744448
65248614735052088
13026076075026024448
1286945485141042688
8425717335220555776
11906456950700521472
9266447977416974336
14448748534302857216
8010730886994572288
7499974418434752512
6901980674061615104
4818789949447954432
2798231910663928320
5809048167113948160
7164788631607647232
9362983398258493440
12707496568298307584
12267259745686523904
15734503331469342720
8545203228978841600
4200560596580496896
1831338455733062144
12785775436221196288
1825651358173055488
9884717051549634560
3649482864463702528
9916300547447328768
1512320952728545280
11445752639532228608
13764722891890434048
16302963648413188096
14047947542858469376
13381861941640075264
2249223036958914816
14880678189757921280
1322514323172214016
2511129722115260928
5308845786071552000
16093058671921979392
9465044383229487104
6683750944266609664
13920756382861733888
14186034429994565632
2121034397369572608
8066152581615105024
8387416490361793536
9637556936995209216
15655354727462746112
13170161632986454016
13283294803445899264
2950796877670967296
11928967306813917184
11325938247555272704
2279274179585979136
10581703380861523968
16834449305974978560
2838912468420215296
14567789475796295680
13292578029765263360
6681112652677030912
12616446640197261312
6322304079964803072
2168365834647128064
16112159615327045632
15203446257182220288
17086150438387349504
735670149188485376
13164722695203039232
12550730992648382464
17529395187718719488
6743804967063072768
14668275357305733120
2098782213357166592
13328695633926871040
7864412592883388416
5473719573699247104
11634713227189227520
17835180596415688704
16148632054164832256
14273944620544964608
14317844936377159680
12201268327382063104
11765984087925196800
15072346915366039552
6516791788195888128
3896741480665818624
12275410573975828480
2763725184932198912
14837866247293550592
7286171343782377472
5454355294383930368
9210685092227869696
10198906938262396928
9399794845730332672
6282577112883648512
827373293995602688
16765764093578360832
6062369060768145408
13571918097064816640
12482520672598407168
11502429941288597504
11242078815004702720
4768847156407745536
2322902175263155200
12437815236573427712
14667331830175004672
9038802841703583744
17296102016177121280
13862051643773859840
4598685493064559104
18206030105929224192
9909243840208613376
9701603133834571776
12191846431068655616
7650344498662679552
3587196486186122752
10651047623218272256
11992956252107378688
5854083667946945536
9684094800892430336
3726613543245858304
7882752520759544832
12092380428712908800
4109089145907358720
5964892494842607616
15284402137532399616
3675243690246724608
15050997328738689024
5139936018692937728
15362338768042633216
6685428923142096896
9994129041735710720
10261519067480766464
18093558712402413568
13137682311639875584
6529369240603286528
11881887950107068416
13945865190212448256
1534073170926905344
14014937319563370496
3362926407311431680
8453272861880577024
13501605320083834880
4729957573618555904
651784221528320128
14965067479142926336
963092812391569792
14818682944673280000
7022524058890258432
18150729728612546560
6248602108126491648
12293203965084004352
9744557688362747904
7528820985907349504
5223417428368438272
6174436283839937536
5057052523426154496
15100347955883182080
13911283507333457920
792262693746866816
6869338413945009152
6437108666264397824
17662024435816036352
14357748053265147904
7634838573727477760
16308660606588149760
12074567251535624192
4615084713572166656
16066032874512586752
13220272359726024704
12601268512203659264
6894737872805663744
2832990300916219392
13550124647437776896
2966541766644576256
5315657286613385216
12491930554284017664
4575715814223740928
5140691690661193728
5863500830766461952
11904460853596360704
13057275309103630336
5323116484316341248
4922778807496081408
1175575728248513280
12626580297686124544
10055445127748870144
15885511986659436544
13155705539719133184
6254830441819832320
4788724430805823488
16841879732963233792
6294890577738625024
15104487868676945920
9650564838215143424
156041498051113312
11434078591543310336
8550097525634759680
9468665637628471296
622599538108974720
8121503290674233344
9439732042370011136
17907777421144668160
8469289244292804608
3501591230811157504
11769894313771722752
11268684852348717056
11952565754699997184
17011883645569257472
2424468326794696192
14762095038631530496
5704676123033803776
16004108053418442752
8181993205828458496
1484013881744884224
965109024925478016
17853701815192084480
3121774621297959424
16425951891932252160
9737237071277783040
4547192719285063168
10537649649880426496
13692250904868671488
11391366938471268352
4718928638576870400
12201342947509528576
18143696772159084544
7625642901997208576
15345154888930412544
18147570455222816768
12694090593210333184
6180486172315141120
8242683779419398144
13977695065234137088
6583399766555265024
15038652433309274112
9096554577286282240
1099591619924590464
10253489859360514048
12610320283397294080
3611029332032858112
6542783331323857920
6210330579910400000
7203107217136175104
3474756102892716032
2745825450380264448
14430386205598357504
16022603339453941760
13841632946210676736
10167694831977883648
8178889880783500288
3826732065803456512
9392655083800156160
14668671606232440832
9053669765705808896
15550657281899968512
16691631744436451328
710129624109820800
1793311694478740992
2600847584603220992
17231770996581601280
9888620972206600192
13217326793828669440
10933554068356747264
14349351565804865536
9409173863168763904
504706508493937536
12510978923835344896
14210526653552625664
3785753678617936896
13305183418664675328
314160339284372160
7355719687298453504
14820705268595955712
4438865441976184320
1201826580638213376
9324119908086335488
14982471452282984448
1794355116579847424
5282822417324527616
13188671594401959936
14226900816790624256
17406700349024129024
1480882132761716480
7881342629196789760
14901333701408049152
4648708932293288960
14613884554786183168
12272925754080497664
8378031454711666688
1800006909242097152
5131390178715520000
8079844558239106048
9232842151190292480
6434680048532595712
2915715954071255040
9457664016615335936
