12176335688482402304
2465194292792421888
9796710170024716288
16617939466223933440
6911681659421499392
6894641677782740992
1009445390844280320
2561566850138777088
7689528622882589696
10508266168213635072
13991724682695133184
458801890195546624
14635310776930856960
17413337110231732224
14348175065510012928
3809651936866873344
17121102368530554880
4646023083437075456
13582151064840290304
13852710106968948736
10606644257226838016
10865777793980672000
13464419620817582080
1304424117668491264
16098387350225047552
16993215051841212416
6609623052545086464
12981214178224334848
13331912100453480448
5985756084185309184
3374597674106994176
1008336558954421120
12323366182005657600
14312588313619097600
5044308025322153984
13350018751808405504
10810330808952805376
5015555889310745600
3640239810707161600
16055489157020690432
3500169672596512256
724001471903935104
16097728744145580032
14313604644212830208
8418957235825687552
10481518719953203200
12414072028399310848
5641521735595717632
15047363563045093376
3556591478182025216
3614599447345615872
3631239201865063936
17726733751701026816
14568977808019150848
12214652133516787712
11086793178404677632
8081304316939448320
7261514036056949760
538333602685823424
13979327348451903488
6182841068917388288
2718416939208970752
13681658001963038720
17570074589418498048
17416414523687813120
11489668429900939264
15940766565465155584
10999944410449897472
7528682542402480128
16052985165520508928
1399473251129606912
14368331208233197568
13679610953751783424
13653542188284704768
9521496588103391232
5575488962336443392
13775810634905202688
13494727718870972416
248276581135958976
4524390897908190208
11991840466588051456
10928791281409024000
10334978056120369152
16992372578220691456
1008201508992948864
4812604171761861632
7879985646040098816
8132285609949507584
17952390646571788288
5177621018953337856
3544020445689758208
5359191006665256960
4298175762296262144
6181210687735817216
13719324175605379072
2023208670710485760
17515539821817622528
14787518954206377984
3452361968724767744
7230852385194699776
4695385744079249408
14898619535499757568
13296354447878871040
4490351623084148736
11545786621821306880
6943915402102987776
11869100433452066816
15883047483246977024
1738267721928769792
14504424563684435968
18014228120984082432
1666612939489403136
14242092929481580544
14722481098169339904
6009603561998540800
7501817488983424000
9154329869464113152
8313299444196468736
15883272092989718528
735038620660385920
7185137581196878848
1927570560141797888
17788211444003436544
17631464321236983808
9083306739953250304
285040104359430240
5954985834313158656
3297644760515183616
2083776086911156992
6494497291747325952
10984319931501199360
14576355566209439744
14586852190457929728
18092112135217651712
16782664374002282496
11922322663314276352
10972466590068299776
10937349469029406720
2056616910638999040
4900702380168388608
11395802728994242560
4506305677029681152
6584566818522894336
4737097957094898688
5226712585228077056
12155392869517195264
8480043431256876032
18377498131362914304
12709985689277634560
13599363346230118400
13708593110314512384
17589023890815201280
6711312034389711872
13442842890130720768
10021857734904664064
11002874280176142336
7042949475253390336
12007722288608989184
9438088607514048512
6268617625422980096
699864310027277440
1721380334646925312
10113750670741008384
16463219237665343488
2856881033585394688
3170031869145856512
10805722226262259712
14650206665442574336
10514347739077255168
16651575401682288640
9127458563099487232
8038560802178351104
7889982453773012992
6047091188726296576
2196247527280760320
4897600814343516160
6037269932572527616
1082232482825443328
6335268272283102208
2843927320767488000
7319160389183434752
13774931255158163456
13340955655933458432
5201776914505223168
5941020737843550208
968883788441537408
3590683249923238912
1370825214853164288
9030169634226766848
10006662158416625664
3486782583618775040
13795315332279107584
11537570749865486336
7035939807979111424
3112892548366487552
13012872221771278336
3032598961238988288
15687048324824311808
10389390537611227136
12901582823059140608
13900393201343203328
16280747278433073152
14027202868254709760
999234385447051392
7815625140642624512
517056791576829312
6559455072724815872
3513135453571780608
5451578380623066112
2979208025830073344
13988075612034666496
6106332329985511424
9485733328946405376
5398051106567751680
5450284678247619584
7368788404710794240
17530430179549865984
16296400220201140224
8033496389576081408
16417657284541954048
5020027752729977856
11186129572678608896
7481467959814151168
1557746134070986752
17067130982115047424
15928645237323296768
14155423539625175040
13816199192611772416
3820340947788470272
2290337919651121664
14094824949567852544
17587987463797297152
4849029959230168064
958498463404677120
9382840224143720448
17336673952341686272
12760687801283215360
1837994368846298112
9072998303124488192
7586988671467204608
15213522358347868160
9638823718348609536
13914838637235040256
14642832271558762496
10638513414183704576
2028913044101603584
11113524171020949504
1157354568267651072
14111847593443897344
4115621130202596864
14114790129967988736
12989073726319382528
10791980130669676544
8493034266343459840
3994743988666606592
5382760993580384256
8116411014115253248
11868992185747003392
9136928835947254784
4081684941074971136
10284626102315653120
18166584122706706432
12365878487997839360
6913603065054459904
4746408399325342720
5747700288111678464
17437543210387204096
17242856645637519360
4329043282361003008
3928382851826243072
7692099395866390528
5767788227379268608
11650541982966349824
5673732307109479424
6605928698930337792
2249351336100119040
1304898817459721216
8936226643498097664
4519872731553573376
9539660958253770752
4886905487196374016
15521379035200802816
16766056336794652672
3385380464098983424
6984623671233513472
3492778549090277376
17301768920225769472
17767493756796317696
6612289525961905152
16914250571261061120
12975985337520420864
2538488095461401088
399632725334237056
11010725727990036480
12056524444978585600
4514415931957361152
4588900149758609408
294541043649531520
1011497032624178816
13643638041599965184
11333423150395910144
9975378084410914816
3268304447984354816
2833793743009025024
11067821994998251520
14311922217758574592
13324816612680187904
11884961936055529472
18171823132923904000
17772375227414867968
15948702835311816704
7956324231776271360
3194456231880547328
15102629737901608960
16817052408343982080
10236067479828242432
13632632134266933248
15787376756905132032
3010484499035450880
4685298972234094592
14131252639696238592
15306781817709604864
11727615968789198848
17704518229670778880
18127157579758827520
6329729158609872896
7122112976554302464
1261784145094489856
8640324125796188160
7005708099103685632
1768054469791221248
5803334357583708160
1173479046687992576
17446187942232764416
5598071135857414144
17807842068452802560
1950636649200750080
11683120103192535040
8812244357101237248
11406000649974847488
2530769700893805056
15675411849651867648
2771272335221471744
4949858811848039424
8726711428903115776
5454606417747539968
13700481438284384256
805965405706987392
18266199136292325376
12711457281379127296
4152425926003518464
11563723229604182016
17535085541182089216
1157920447466231296
14901347578580678656
4680260091884139520
3778242996415516672
4542126338786787328
3062561790195640320
3390004834864289792
16105811937782030336
4049392451557071360
7019057787096623104
1297566368512139520
8267155667534717952
12278220848814360576
9436544632955645952
1077990721387464576
17770307254687557632
9730405694985666560
15267752872768876544
1648956947615050496
17365595093626816512
71220437361345248
7946834240044985344
8358572723956900864
15409383355584587776
1271840598189639680
7348441436473043968
15633058225581006848
3204257428081129984
3483244762842889216
8958212614091192320
6636402976225323008
1657090680833902336
15411711057065648128
5673819041781448704
16601628642910156800
11878669561705365504
10663824921555724288
8531693629192299520
561278894116275456
5930995427821367296
17219992070481928192
10078046948508583936
7928821209467772928
12413223890822244352
18027430097215244288
4301520876729969664
16402664908563771392
7247564391615278080
11458069427307896832
13820281876834893824
2287719902829970688
14478894799241123840
15670073410531612672
2227224767099237376
968334339375379712
14450451835017646080
15807833254021605376
16571007548114130944
1738265858303082752
2769226482302781952
18391268013962899456
15003155714249629696
3211825642442398720
4470404621127251968
2684136660463623680
2530111968490497536
5606998543193491456
5144859545219655680
12723504667447937024
2971297019399172096
7175705483781048320
9675737706746245120
1050122764656026752
16276904696127805440
12011702675827841024
5394177687521980416
8926526842192534528
11794871500752195584
2369786025435356672
17913939026446184448
13496188463480784896
7006594774806069248
11033091638542286848
14837105726536321024
16702327063918157824
3459512344667708416
10491793016721694720
8659321061962178560
11361680962236190720
7975501870176837632
14208526066842585088
79573916957927696
13355488026979661824
16129614469587109888
10099786798213896192
14418467191929561088
16472741537797470208
7963052736086154240
11187732225114793984
1924271642481389824
5195011021512845312
14428381299284393984
14827100247996450816
15326654685502095360
16149450146815086592
4917996967453487104
12048983532822798336
10893247647858184192
17323614475082090496
4689801765028659200
16338292939118194688
10655165470768717824
9135282262248650752
11458814365489049600
6356957868860249088
9413392640750084096
6964219514576306176
9242406306856865792
17530077782087856128
5866687757494999040
12635045188027252736
15634524381040766976
7952584388454979584
7713615239234960384
9187261416053902336
10088188172827398144
6089812445828519936
10476395522853941248
4518766140503942144
5862475245095333888
15188786438325043200
2914628418175452672
10468961980261079040
4863743429331433472
17922531194814062592
14700757977149652992
15365353273553262592
3851942741505957888
5134779579731648512
4983974350987040768
12154023952292618240
3570578885110834176
4966752007711568896
15704956794712610816
11888187811807539200
3946373716924331520
2867500460950756864
4024351395933280256
233616222432812288
368939696859327552
2521712482015927296
7629865926351078400
17631528338830262272
2632450025837549056
3349529246963415040
3423097539829622784
5694713745174889472
15754583146815594496
2348854836499718656
13301528190530529280
3111445338729595392
18376689348113152000
13568829338183997440
6257004663514600448
15671227670533892096
10730932625959180288
2121935493533558016
8713267392638469120
18390194104723931136
7943120784846431232
2729520350381890560
13116985027086925824
3066264908417775616
10577569868230664192
9281800480434108416
11159143218606260224
9715856330150983680
115665076808813088
10685554648862134272
13853841905743863808
6257217511959676928
6303630660751811584
7929289864336647168
2235732954110595328
17426862418727364608
9241651821189314560
1790953028171286784
6461276595897544704
1517440394313014016
4093331706635460096
12280336439833303040
11212265070802800640
3307665290929847296
2511004778625855488
3936691957897106944
9561194584692185088
11515413469206159360
14755626490433495040
5264506194263137280
15158110507542208512
15484268698203533312
13557520555442835456
8432741651608069120
18112299228912361472
6352961547621095424
13432437605964402688
15745452672505270272
8455996920459245568
13252232093300258816
2306889827436481536
7618372698947863552
12227886929413199872
5392538193751358464
14417368024830162944
7149760837481696256
14758710891652759552
69488877394007248
726065427462204032
14825810590644615168
9962858346478741504
18082832045789478912
11938099069227673600
5417054508285838336
17533069844400826368
4742750245709819904
15161040371028275200
38373750659610720
12010146796725710848
2047342379063777536
14259973970841184256
5407068855375108096
5077881945967205376
9726855336577101824
8025194413072708608
7748951652263324672
6855340391991523328
13295272092895377408
4278684080375122432
12634892257242578944
7154189488020398080
6670464289778365440
18032401142619289600
10824722871951745024
13594695535703240704
3005426923582133760
10842257379547893760
2614645603059662848
18288656318461511680
1269248229917337088
10899237868385609728
10937519910057492
18179468496062320640
5827222559293616128
5928105649699928064
8227025984944722944
13368217894299697152
6255494027551351808
3210309365026466816
14952149296652212224
927083017821644928
8460576029348883456
14438259391014162432
6415794264764639232
3581219364934699008
1896457141806584832
6009871598667325440
3508979508451637760
18423283911826733056
5814744830818656256
13802350162135945216
11447121083057203200
17035832094562316288
5337975308506719232
7388952612039649280
131530780344784768
1051901891818842624
16087215144971143168
4949488551148454912
2366030940025956864
17656545693763995648
1842519262462095104
2984469203460407808
7701753693948920832
3830837527570909696
13341261871079229440
11577414943556229120
3296520892899469824
14256001579184306176
5999609014743364608
17327400218473945088
11878129895826712576
8513910088970448896
10525816158202099712
7704273393002945536
14742948039311069184
11313345544312070144
7723371773311672320
16968352070107525120
3372760418655508992
9675377484073684992
15804441924479969280
16633307095209279488
2830318909084500992
3761603685571044864
15156687575645366272
170603287114563104
4013409906361008128
7981500055876239360
3284341237154337792
9293954230387372032
7229493743292295168
9495450942091403264
10107524294401861632
8475999665873093632
11712218988907489280
14388121850546149376
7303342654185904128
6981022333314353152
3982470304773187072
13406142392807708672
453398454198668544
449532809489175744
4188513524258264064
545333589809059648
1922523312732641280
3058484294086364672
12945691526014263296
15100163183861282816
5326434353792829440
5704456855800287232
11531053660176506880
14253750904159209472
5856809565028962304
16794744420867426304
6081714217778817024
4558343974718915072
14455755360758622208
3981174486798297088
1312463225755205632
2682480604929667584
153889467382633472
10812477962652459008
7333752066120745984
10617840690905708544
3695420191291703808
7421190592494397440
12725376658382989312
9516574372372547584
511902240699705216
12278004860884791296
1268099389134636544
1600836355324300032
14131437961611401216
5493960764753532928
16608455238938722304
15425613263451699200
6843366426294479872
15487492852244396032
4636148754034519040
13682305840442179584
17983581731644368896
12767417260353626112
1065117155220992384
4365574794498654208
3887865667684929024
2054807099828693760
1540096743699923968
9626244900132085760
12813515398003709952
1517448525762041856
7274452106751520768
14469448353713739776
13199832123736795136
12827745152014043136
7215559561515854848
1956458441163819008
11376206155429496832
12592259976332029952
3012266149790274048
9235598958454798336
14580697060178143232
575656919964963520
350200995297857152
13993328366511865856
10094189016371634176
465250266871820416
15772353943903371264
1650242209212333824
11460561544763068416
11784966609959872512
11512446019618164736
7628050254859120640
12523574519364923392
169910787314853312
10821892826300143616
10309059613466818560
7533153464730093568
4625322510386701312
1139486124115400704
577290848040988160
5674427940992540672
16712329526409019392
15508506934403770368
15297332705213153280
9878670280126101504
7414307755260861440
17023954377075326976
7000523192265116672
1227895078196726016
26861204646254604
8861313244914731008
9629867518769256448
11874631030638157824
1573441414104030976
2009615569750809600
8125856175250668544
9677464413600679936
730332531293180288
13873994471609071616
1225828378278988544
4240153723135451648
5804090626985946112
3298752025462249472
18334246134631047168
8072609326048777216
10293644217405931520
14861599785250023424
7058733033780475904
13410837097008338944
12192688152838803456
7980570555929734144
16162405553368219648
8805440315428762624
1093541945092431872
5955078005761509376
17797400659593959424
16750413249490337792
11072554996835422208
718413477176020096
17710946565165092864
9321417213648586752
17334422788900573184
16853845173445208064
16344438625181040640
10047224508681848832
17746516937683392512
13157438553995933696
10351064765714137088
17181215554882797568
11489165563048542208
1360062333094939136
12200396859186122752
13969533157871740928
2913519815351039488
4277817315029248000
6530428791914780672
13006556552470040576
10489510935682160640
13611945883370745856
8501126145541834752
9466616484946870272
7916943644864073728
2333688124729590784
10182562689300658176
16530125190799185920
1670096682327138816
11242276648271949824
11548298119411755008
14645145145033564160
1583456186122574592
1410326749778126848
6831019592115531776
15632266428421462016
4242095217634355200
966029151389159296
13129283335178170368
5553997267863604224
4526511178591433728
6205884331518803968
5580627580713535488
1563501526803366912
15195329519168747520
16038449379265085440
1582277127691369216
1927514807696771840
7918209227089685504
6224547194393203712
6633402288052154368
6056752277356780544
16331396932057362432
2519336367040257536
18229415479867435008
943079742641262976
15195424012535463936
12896549139088472064
10718838576607776768
10732861874611814400
9412922080396599296
7780457414564410368
7748585405451840512
1996406125801167872
10202501547848343552
15475608099905980416
1512951665515981568
17190585527032877056
1218772771696637440
8692338354773196800
1144035450680725376
14382407251877070848
4317007557648458752
13184574361029545984
501162639299270912
3299844537381100032
3263236476446470656
1493561435188164096
14953218678156552192
14829147896112250880
17762728446421295104
887316134493192576
3220949778592394752
11089416286734979072
8598720849945835520
15037431498895777792
9735762367843993600
1798301449189592320
11578853478963632128
9167848081550973952
4852455117568859136
1194974494715856128
14528614963801751552
15927206664370847744
13165016920321417216
18090256865496920064
2102039675586234880
7773777334877066240
4746425786980574208
17231844067232663552
9798132047994411008
3177087669770406400
17144256521874862080
18324996328555948032
13803855922421231616
14086164435097364480
2279113205048158464
16253440127943688192
2032989994600130560
11462128721085526016
7052508649070036992
15029164105242650624
13768048195096983552
5046894330603088896
7836757139825907712
8506429022658779136
3068779764345213952
15088206848239898624
8744695617914938368
15286021882415937536
18375176004774287360
17790192246694797312
16663364284699318272
7399235260611028992
15602284132398276608
7752009849958463488
2308037582678911488
1354797213339185152
6950402192463464448
3561255388443338240
12392929351591938048
5838873241294197760
1260840188303388416
1084473641193672960
12596622393650628608
11818109210377895936
16419073522829678592
4615606539922927616
8271893126438595584
10022855235481264128
13329725144891074560
3801233048421926912
4150862428754884096
3742451399043127296
18151292959072339968
10402316228151160832
5738766666386621440
13738821854532665344
12570703368888596480
4877371517107582976
14125407629943957504
601500059870827776
15572755408731754496
17813719729105876992
6193131909197058048
18298328359590346752
3128471908520574976
7306587553310141440
14120601407363201024
979633360301532672
15118460564721078272
12959979509924188160
10893539290214055936
18122703196520171520
11304322181667729408
2307260366628186624
8083288134685342720
2964879233201842688
12905139143912052736
4504085100646040064
4580457658397135360
9088106998343147520
1944839949741134848
8310421323528950784
10523344227078733824
11851689660000892928
14378396380981977088
513783984411298944
3401522032731600896
8896923025907640320
7701821235286374400
396943570953582912
12987499589662470144
11021342181703260160
7788786179550431232
12460576057052946432
12371687784370688000
12622162453840693248
13018254907439853568
5555515699590578176
12990128315685556224
17753216553946447872
12161109921138841600
14679493637973168128
2746743329866543616
14695722085575311360
1197979174789639424
3848540394908328448
3383507244905733632
2117772914712152320
16713938736279572480
13999818343884957696
7805250337951070208
14117058436449005568
5826199449804722176
3373040098083527168
10870701686540589056
6422305886889101312
6973839988906056704
12024897535139758080
