3623830297729117184
15041282708740648960
16958659099323078656
8643166148532477952
5561413499036564480
3686149155702627328
18446023045237358592
15698127821132382208
10411419645314736128
14280121062559850496
17839777714093236224
9022883166112375808
7454389075264028672
4159667974981719552
4828359867413402624
2363679809092429312
5130816732289640448
7089162589926178816
468903008150193024
1389371726159314944
11732909403415173120
14004887536876689408
17089013376498290688
860985676006080768
4815370271978558464
17180992499041282048
3187510557584852480
10114339027272806400
11061002750034397184
5054458243933677568
6466258366357735424
8436485104970090496
2376142689293790720
11979430836962881536
12693324924739966976
14669270032884985856
665965767778161920
16474023264342544384
12229487689110601728
8949230705771536384
8026114146405708800
10638040106191958016
4867144637744500736
15612311604525967360
14269510835070765056
18104601090266845184
7014658482835901440
10760216847843006464
1128694059382188544
109311895327861936
297868555242653120
9417764947973632000
7220740321054184448
6204950887823946752
14513075037340424192
2194304850795246080
6412937341184948224
2770869750123857408
12013732036165781504
13571000818988652544
726534303920554368
16698788226648479744
11026109567405258752
17303109543056009216
15059201591729620992
6064630923306731520
14797323567153178624
17683452952026351616
15847679034741698560
13650541033534953472
10804559511428534272
2504124690339189760
10190892413749942272
13562824213616386048
3629104881766470656
12435504512096999424
8681250336416044032
13961548052116897792
11574587809627658240
6275911472282850304
9188254498033529856
13957542120634337280
610881399361590528
14639763005505652736
4987167867765453824
12378352605395548160
8639786563827932160
900942105186874240
8067999518164979712
4250224703449156608
1527756996662257408
107668792059858224
8084587785170201600
6608132637615790080
15372690905821564928
15007876724845047808
5949619821556546560
10344066665338146816
3322831094092206592
2923871053437862400
3649800227240934400
13287167978046128128
13037433886921828352
7750257227504289792
11644724530400696320
5617249496058223616
17487215388817895424
2605935776458337792
7713324587064369152
10431903889210382336
16135431081866524672
3090020372303245312
7350051804696999936
449672069818653952
10006543099066673152
8331082054999375872
11857451905513590784
12959014527238129664
464978808613907840
2317547839876185600
16005897397208784896
6881993744365887488
13411937776698568704
69468506761317920
2880372018965639680
13933451567898826752
14879184372657401856
12683755158982694912
10238539469936390144
5641831322838580224
8250836834092892160
4821228282864373760
7059090674204252
15567035845619163136
14087538449314377728
15138845389673730048
18058910682738155520
13941428757519355904
17387043306527150080
6594196463163567104
1397045962140132608
15241782037440948224
11328581286204190720
5733011531498077184
11420312783083542528
10384760701321885696
8923681434523778048
2391910405775743488
17673985392667887616
16776051859894515712
5850422355438949376
16127247314428018688
11317111905863057408
15561281141586501632
5752979647315417088
8912309733624613888
15537959884608628736
14411105635455055872
2218810938943615744
5279662968449592320
18344292768417116160
13901874052186556416
14083502495559872512
17580884094410057728
14949993675792838656
11257717133704366080
5121734610531049472
15433445118780348416
8697221706894637056
3932721517778562048
17425025408743251968
16085018230426707968
5681784127206236160
15981390894712281088
16530606735857010688
11043085858975436800
15138698704652959744
7400887763113648128
16838232319849218048
17325157849071675392
16528924141060384768
5178056386115330048
1805035996688352768
17087824140472893440
1159621222932216320
10012984264528744448
13951644083043655680
6213592817552118784
8929126251609800704
3306069692900286464
6724521272848459776
279528040875753600
12037792216721211392
928907824130486272
8020732963137010688
5547182862203755520
489888695282217600
11454524923965020160
5291927288060365824
16937149811242461184
699091325580185216
519514642122134080
11979192065893101568
9770581020417134592
12711375893181020160
10428619796914192384
16544866044665921536
10696487889086623744
9580096758687666176
11026121110513315840
12623054835264696320
13140201352038060032
3859565516852274688
17432337549030266880
11251638223111163904
10066016820090908672
11874500816280047616
17552229490964742144
14125698283872878592
16707204650965477376
9460092508155271168
7456039255899242496
15576866857278316544
5586307171997180928
2059288784898933760
425825014397266560
1202416441013750016
2588976034403406336
14251827230129336320
6144784623545048064
6893635414508609536
16450935273648941056
14188152128488370176
2603334841277076992
8201100988023833600
1758129849823117824
8534882564713196544
5533376462774848512
2096547137724523008
14343825816513208320
9187372846527989760
16068016571337093120
14356606426420916224
15951842314791362560
6901493756176827392
11672549039033309184
553807609234388480
17494458303183869952
2994138992075547136
18272387936880584704
14200175615701837824
10885592392201248768
4232152870855130624
16592364060233535488
15713251119805822976
15982704437229256704
10674472493036709888
12466775925717405696
10521340252841345024
3996026245607874560
3859888290768276480
12149401045380868096
5790324974489926656
1930282255400112640
6634797369538733056
14398875898164275200
14988550439848255488
16124099881450500096
16717306698711863296
6468826477480794112
10882155620122511360
4361301098762188288
10923867673077141504
14468364448419565568
14066166072270866432
4737953017462241280
4975801993538320384
9040965660776056832
12362811066592733184
14680067897556621312
10029600612515080192
4019293707471091712
3878468802459392512
10321826349232660480
5503574039503042560
3836139972257353216
3595990883172515328
10228002349277849600
10596363168789796864
18163888003457325056
16776909634915028992
11928672627847962624
10512416889799784448
13353193158471536640
11584381787829327872
13365707082120970240
16253273688116951040
6163317831388263424
1902236413340376832
5726190916189288448
12961361471659538432
750971067792419584
18156749516093272064
11165271693323612160
16299153992386260992
5149583090544302080
7140669097665536000
1948560425958929664
2234595495507152128
3288560926510102016
13439278345798725632
11507697060602202112
1585808652522030336
9721868698944755712
18020850690859776
16779399925465894912
8280605175880003584
148290674453717696
13723415640822063104
11862377027591262208
479169971574290112
13045202123666503680
6161995383301993472
1875678389840943872
9281240604483686400
1153765819026558720
12912177551061045248
15035621463706976256
6802758655994312704
18077994691293192192
2946471358153793536
411626311303004864
18400494724596299776
656694875349488128
1551193997039375360
16778594596605657088
7157483042052952064
12526694855226716160
16579620219131131904
7346399969676570624
6576260201254045696
3430315515366434304
3884520788997222912
15696759282714798080
3039385298859741184
14745035433585924096
16914463546057084928
6620125427495179264
3569421562301407232
12238132174526535680
7712831026137001984
13442969859208929280
2555915004874268160
12188598372326342656
10192504902346467328
160802589671129504
17663729229740087296
9590434400403959808
4713608836496983040
3162602797770176000
12459134710970138624
6792322213119639552
10961567236127021056
13410376272868395008
8793770398980554752
15022201248253691904
1878395720192543488
6107337639540644864
14593513993157742592
1627676172441262336
4862318255974884352
16185157383923458048
13995428741628135424
1237035683126210048
11831105233076809728
3370263357874232320
17152981452137656320
10197928470610991104
15926399324012427264
12313361898785886208
12492474356375130112
1307397625197856512
1387246108231763968
11876659447038748672
12121536531099154432
12878799497845200896
13460073948469403648
14795033568606556160
18187993520684945408
17013682093021048832
238716732192035712
8116706605209515008
2004373104483295744
610256423677987712
4253534646571873280
8893004446853577728
10034177960593092608
15533284622801604608
15545702626142521344
1070069838038434432
7994936686417239040
8896598499747012608
11987089729179449344
3147865603241083904
15026675026165372928
6294546452455618560
7033996756712497152
18308561138291075072
9149173921643602944
2742176701685550080
18109058255930183680
6586298122699531264
8498440870828292096
1185945786097963776
9001922135034586112
12527036808340926464
4427279854464851968
7604967777088382976
12291510582110089216
2149500264359597568
6013476557433997312
2182200072864024832
186544710751022080
3857531534136379392
3662208564738104832
3967199881528208896
829037295355602
5529035129451054080
1823146522643985408
15487297014677735424
7010319875986209792
7007462469036134400
780344849043020160
430644876015333504
9580839204776312832
3081093873534149632
2529136116733892608
3873041335603086336
1898829092905608192
3067361331448052736
12577735128775905280
6792668684981332992
5549710674738445312
4338930899208642560
17385237314049124352
12457832811408592896
7987898797874895872
16286107530770960384
844887723700653952
8201898953495899136
7761955460953990144
7120927070912609280
7951341759183751168
687627793795495296
2821367108962491904
7711740661055862784
8272991201759891456
18160876356092684288
11490015048504369152
13532735996591501312
1449635802336485376
3490519155315216896
940993688850317952
11078067739273689088
4381412353864473600
13680277673746040832
13981838505484797952
9306308588210290688
6009112406585453568
5284646723803580416
18283699029265043456
2865851196729482240
10011385385458327552
5089506166634003456
14985641294465615872
5488507557252888576
7759141583079820288
1413711899358874624
12856872701498927104
13872988296913055744
10724382816668418048
2782052038674609664
15844870460770353152
7262591664080236544
14943213419410534400
5531662931579892736
2296838844099457280
14764274606583392256
5256403948154506240
6243027595203634176
14484140819382063104
5006415465447794688
9651369419635210240
18194723790288920576
5019423917008440320
9635024892033517568
318594905086718528
15286892853470035968
1031154504977113728
16976350882129649664
9702269138397331456
585677293107424000
6998178724238879744
2469424464707148800
158373558893063552
9091739385358453760
2844327852798935040
17846678010916249600
14418330652624951296
3498556858237596160
8147728674018733056
12411424590325854208
9087324869343886336
746865877515780224
2988664141318217728
430992758082424192
1607825469414949376
10869568306569164800
2666530495414625792
4016109668904396800
3899806882995636736
10426945720135954432
4055793770572513280
5297711307688678400
3185552616438219264
14773343602796822528
5313109126501426176
16564623359976534016
2501562698426940416
13689898622874841088
2686359430742038016
1764260947931700480
6344323695241564160
9508928158023458816
3853653395099353088
16989597647920228352
6173058725065136128
1946684863459950080
4289941136774891008
17951477095465256960
10841061662102951936
8081588288399648768
5289352241456883712
17331583193923534848
13750506115114141696
11542129688788357120
17334461627671721984
14604315675323152384
6143677010811317248
14238854549744302080
17420794314319003648
13316452005182337024
9357143775403796480
10771592349525630976
4875176811425703936
7570691054781645824
4869440492796840960
1500345305324804864
14538075292430157824
223932543433541920
8597749786752406528
10613927973566001152
788960939855583488
11823393865503401984
8968625362083166208
4943930769157302272
3581048268141850624
1317840906301227264
7054705521547556864
13705518644025425920
16266523108461903872
9564344274761330688
14516670241684916224
9530320103410972672
4620632763286236160
5160424155294008320
2535786782384815104
6597648880361133056
346067937272597696
10224043854784962560
3357421817735312384
12653055185242894336
15259392770016940032
12566324063771697152
2281404839611465216
6776524398394692608
17074078744946685952
6269431015688011776
14970657151402072064
6971266720725506048
11311650824612624384
8900004714251693056
5486854762345013248
12402272659710210048
5645569358232409088
5896984548215668736
8096306258100092928
15337802365062776832
5301698323556529152
8751926795334220800
10580713518001313792
10563734949958887424
16509573082574467072
13024869694248525824
17131055885741123584
17669625813357324288
13961307800717047808
12481469056141785088
2663478061178707456
13677495805071751168
1321479780573758208
3456992818892499456
16676447553326426112
2674237641072142848
10105356324394295296
4515432819915238400
14218218644976369664
10300093285563205632
5348463452948157440
16161259376190881792
8266925609161655296
6533839899126666240
3893342544076024320
4499112509206497792
14926884202778912768
3257607800638348800
14456721888580743168
1852617702048613632
12204160208952059904
2072127387260762368
18347999745769873408
13448070621144320000
12955658476146384896
12091396193132935168
4960536036614616064
17386378329051232256
2167090278816709120
13394374751984398336
18392949155671318528
472419890573224256
17428057906799546368
15510762094998628352
4058723051549264896
6838906793549506560
11457971553836165120
17700459982022508544
2921810264327275520
16965671229895669760
5382929202922521600
5054765252830550016
18393565842308603904
2483254463224702976
14113026499176462336
10982075214687850496
9110243795534927872
18123521379747399680
16143511380943796224
4986702727807414272
4076003646293605888
8002291923577655296
3717464527431966720
881001564272408832
17733953835883888640
1715062213617111552
17927648605699393536
15274247844823517184
1675572839212582144
14443229717261262848
9780092912350621696
9603455266405730304
15988494052001763328
6011748037540123648
12674101465364240384
13510344737292105728
4113807734811270144
2885968862564895744
10769238701705590784
13389834581699651584
2720195875232196096
1388077376613590016
9429458215497918464
13758046288776263680
12906264991825330176
10045228045170137088
2070135103589180160
12959653428988921856
12156613414144006144
4705398641725596672
7918492500680944640
8965457269677292544
1296721709184676352
6716834491004023808
7696275196148107264
5718973701817606144
13157460985134200832
460042638506444480
8403465902773347328
12981855100443996160
8326316761270378496
8458767275000847360
18178596107364028416
1120018367395691520
13040456227449681920
8343363487458855936
12362154776561129472
1040742710627978112
5578996593552784384
9133243822232121344
12232310415912525824
4921397385656226816
2781198644118806016
2208797585158590976
5023945846570333184
5025528990461259776
3575729310058585088
16211874504490708992
4080897094438637056
12239899549607489536
2323129855314935808
2907392947465623552
14599832532626325504
13974438769636177920
7190310404632143872
7403946606226551808
7878660696041918464
16792690283878637568
11382777747527884800
16395359130404503552
8317085398854858752
17418808444983269376
4914585934151394304
9481756275190333440
7989343974890577920
4517619778252328448
745778612174080128
15016081399206225920
5022250283534420992
16684556249269909504
7663604821002748928
2423791117795404288
16602942055811311616
15668884894098827264
1769783304405565184
3442326361779840000
2043578073467449856
1885349414300478464
2956349907635821056
839477117014619264
811845437189324672
13684848260146421760
816929884933176192
10529689749219153920
15812054881810550784
1033825863802083200
11440612367592355840
15084268216011063296
15570922775524943872
9918889452378177536
15645489942540066816
3096541394294675968
16995618130139119616
991710002697439232
9315066116351850496
6882405418389208064
2465433887480175104
18157230055630848000
11474667949455632384
7548668427880036352
8706583564411483136
5599387670035663872
2873624163170177024
10832459916048275456
3278479192020151808
13332779413982490624
7067910105501559808
9766202712858519552
328119197090061632
12582930037072371712
10414697678439755776
12409824732846258176
2453614595716966400
10335358717685803008
14575571898587797504
3413062654973118464
5167492162383815680
8998622924294342656
5987940464908115968
15777687955601909760
17807826207262003200
9349552121901596672
10560354010350966784
10901974897015904256
5268931934425720832
4008331115753757184
1838991973163848960
3687252155002525696
15285619116524378112
3931091589452681728
1446801963852618496
4227457029327323648
8171214998001217536
3523020362830182912
11205240645588819968
669752182655979776
12257936078678290432
39979988350036184
336468437051409728
6275612404964766720
689769472726297344
3795129850596784640
54146648549007360
10125570480154552320
11345943169771347968
12534709748496197632
17738565423175761920
6394598079717493760
3887002953078610944
1367104140028260608
17780370469123360768
9701310818425085952
15668729006154018816
203147345836897504
742215506662805120
14506867060806684672
17403873873344329728
15300867676481576960
7666729935552814080
13326659645320771584
5692251045467131904
142588108822585648
1123659097084882432
10944631748807630848
11621287729387608064
5522363809756958720
6777276799289021440
7383085073354615808
1547602284412201728
15511393784323563520
2514977173080503808
7859065453204000768
16653518021608316928
463306851165064832
17174559758263519232
17393624963196170240
1778403798759310336
975903044643773056
15261259497588004864
9594143402612580352
4349454016222212608
583722432408397056
1753073483122010368
18113871036787507200
8408312273453732864
10221926191206244352
15918832454872061952
6956046870885159936
3258399697898394112
4863931610702988288
17188746250990651392
5567209695773998080
3504615599247788032
2627110174322663936
7992371402560994304
12604095844132423680
8031057434717589504
2271253479836601600
10502159030971586560
9752497107855759360
5834397870576325632
14363890121018400768
541585671846934848
320135258268730624
13578366998013378560
3678803124943260672
10027063085944442880
3217344917284659200
12224154536984653824
207662178023469504
14764062517168556032
2219510665980555776
15334362701318848512
9736911941678630912
14441375765107517440
13646249710956791808
14175833666781943808
4347794928304795648
12247798796443398144
13613980153009838080
1985386195839039488
17516262149964230656
7669289498554606592
12254552834051282944
6349655473619217408
1737627971029697536
13288873878457284608
11071652056021884928
6355862348380735488
5722253426358203392
693237450883356288
8938751110481409024
17733641176948994048
17247267035682895872
15238478148828614656
11830834344237780992
13079380553917589504
13167298852290844672
13542949186070323200
5479965722684088320
2472884215925528064
16768872273998903296
12118200422144776192
9759286066041503744
13395641515793670144
5220451683285494784
3403694875600313856
8359490572159624192
14647737203215925248
8996719382603835392
3806006141595807232
991573574396157312
4475521324492686336
86577965613620240
763650710603574656
7881460385658439680
17932172519695489024
6360121280178107392
4836724233235040256
6663811933923798016
14281445710550034432
16282695233243082752
1090219377119269376
15797746160139026432
17886177302300989440
3965395516215744000
2051175588263772160
3823451147243527168
11787938305082873856
8787038369241430016
4860582784989046784
7197589009050086400
8604492152621062144
16937480551024130048
2378501618476272128
7730710532224685056
3395260286000318976
6567412807459891200
14291306881818683392
15843090141041577984
3814675281716563456
12423827816047998976
9425275542335432704
9970577478721992704
957288218255473792
6028203232278813696
4377837128286214144
15622866618272012288
4235309278281710592
9223958870007633920
1594616986747288576
6667070012417210368
7000784051181792256
6865381448821543936
15141512008782698496
11280335608896909312
13320945868086706176
8892225739652228096
8047839292355136512
3573151984283674112
16078389462540443648
15142934451218704384
2088329045444769792
779910692958550400
135064671748583632
466944491026603136
6451675579387832320
6235706679781325824
8835275333759594496
6339296481222645760
7174939363876058112
9809455191997831168
846180863377494784
14102604702673963008
6112515373794296832
6522554316279627776
10202955982279819264
9092868934008964096
16695703211581050880
1415913653768950272
17256256193771974656
12660006398916327424
3445074573810153472
18107050342682773504
6330888637289926656
11164110524173795328
8959021063244992512
766904545315180544
7781017848494836736
12319248268137379840
681974057720518016
9526286985279856640
