4218773091308553728
8681046557240823808
16163078240698179584
6549907191345784832
14354772526742794240
3665518213501399552
16538725021376555008
15789090313716049920
1664367192097603328
7080611710728804352
7300501125709660160
4139499830571183104
4873203584466132992
359149408238361408
17223598383691157504
14243391575012360192
10443951435591104512
14886840548838205440
16237983024477693952
12780016937170227200
18071467819650719744
981869498457919872
10623433924145811456
12814607688712706048
17933582967979298816
6516945882975232000
8550912030737161216
17855570891952369664
11371243102604812288
16820499020744816640
7381093003315809280
13337842319996993536
2981087218449973248
658593867374611072
6853733557901050880
5837162310478171136
8363063346571962368
2157604540770147840
9432520000097130496
10617044182880813056
88301005109371856
16009403171363198976
10781568022379380736
15307758150614431744
10819962735031666688
2178214105849613312
7071715848037938176
16950310400572801024
2786940280521366528
332328559735137472
18080871619638026240
15085829910549995520
1876365971479406336
6969071951560303616
85504370629109392
14529610689143035904
12476191228781064192
884672912894638080
7332504317868933120
317520338083812736
2641218508302740480
7614135278850865152
2960060833844206592
10141454513843099648
15672204466889805824
4949568778212545536
4788077250687531008
17445723710866716672
16586477591088472064
1461454168673323008
15181459242538567680
7307656997922116608
12670083384434028544
10434321070054670336
12693776793354420224
10029725620217550848
10899282328681144320
4072889914679326720
16456960947569158144
2159635492282319104
3076051029428266496
3595731814843635712
12498857433520269312
3706468154714860032
8582140746957595648
14725713083439265792
7458125497369143296
12548088312762712064
4677493311496844288
1126150636149101952
10432462410720854016
17952428056969906176
13932407341369677824
18105831718512715776
16988912641830051840
4794348573926238208
6050501046008826880
2852175104690899968
14596663911174658048
9814683869357248512
18165334176981954560
9315894873361635328
17647812409794693120
11464303072126439424
3508823332508897792
8914506774744722432
12201995509481695232
5599933974061144064
18425603409571932160
9766196666092646400
11474865438285754368
1444783947182984192
1385631369784054784
2194907449789263616
11623213862335256576
3986666379411537408
13173552690903384064
17677873916300513280
11524714842421788672
2937868433798786048
13593172490661101568
8808646962079493120
3570725505546768896
6342485044139045888
3038472769616316928
13407773614047584256
1429750345840606976
9646180518650034176
125449571198206816
9740627953947850752
4258831294368194048
8972491059369874432
18308744702680274944
12914294919917582336
3199019278054097408
3762335642372194816
13473059005893351424
12464665713562009600
17293565343385245696
13299912925291984896
4859415783336499200
12538814553485414400
12496553274978191360
9854403355319640064
4350982086926572032
11579753564975284224
9187463898572814336
12585630757344659456
7705492240197722112
729940666174487296
9413641248303038464
5477456599417655296
12675732039463530496
16815388536110092288
17914450630470983680
18300884873676347392
17257366222611714048
5221383881270290432
653814512900345856
11709823095424012288
16104920352735066112
10285111643606190080
17982281646991720448
15731669218025801728
6287966270744590336
3934900018615027200
8983308331362367488
9405886883973779456
9455481958756093952
811148381745057792
18346003933578936320
413885108112400384
6759782153484450816
3462472803318347776
15101737228686905344
2624973037725776896
14556719438633148416
17042284353671632896
8713022849600200704
13518363923367931904
10839055348037775360
11134472157951838208
5267338455405008896
1102472570556931072
9237650287715403776
7839683347543792640
18249506952562450432
16637874734261528576
2314284752726828544
5655317675851406336
522872197582035968
5641607779402627072
572480220809795584
3954049902791713792
10447890056932448256
17266446915442882560
9565233150347857920
15582613633897414656
14799466153270620160
4691533197984999424
12369291551754885120
6407021968814556160
5540671470899993600
17867073707818399744
8782418426102235136
14521668971151345664
9642529367043244032
17899974127983872000
9657456075476135936
8483051746142330880
16585474511002853376
18373808874157672448
13165911778565672960
17065798175889197056
9819832397264156672
4211171431958854144
15281584697998039040
8798782576158398464
13977589270934292480
7968190461420107776
9261491160264249344
9924759583998365696
14217061225253165056
11085043145513289728
2831669302400353792
7238651699077438464
639579404921739264
11984560750885249024
10911611496714678272
5621975817448985600
17997486930703968256
9516002351027927040
11425209187504203776
4914844972358121472
208090614022543552
3522023923555193344
12230446452622405632
9431791858797727744
3373344415397607424
10215045609000583168
8942370873199019
15300997563592034304
5894294582997991424
10823161689176743936
4985848869972895744
12349984732624474112
10590134178332114944
8576978911163124736
6512142625067512832
11003098628056104960
14403363647560847360
1964260675878404864
1771772733242922496
5869355091875876864
7612871474815048704
12685204466611433472
15332678151339204608
10244311234152478720
11146522838328096768
17667867922905528320
378418542883705472
14651765564050804736
17857472956528609280
7054199039557989376
3430814332779315712
14374829438501052416
11100126340144830464
7479595230806368256
12231012145247295488
10807959240862560256
6865605433651371008
3444313915962482688
1566384164020333056
14453506500586680320
8900491378585194496
18252927723372644352
17799271601582444544
10588429185869279232
15208121028491210752
7362005957844000768
16924707797564393472
3583092824783185920
10830037961765926912
11386817628474398720
12300600140187516928
4493825550886764544
6885318521594172416
16520497845366992896
12496099904996882432
14467025987364014080
32243773910269656
2993102739121261056
9057575487717545984
3854825399468874752
13279704592749791232
17602553585710071808
6148216730849431552
14933928683492485120
7046542325518835712
15418389889715658752
1548225392980890112
9267333052190363648
4875300213812994048
6279755249013452800
13090901737906116608
13370687292633088000
5248836462821170176
7888131070606466048
1334402916238439424
3892459431438425600
14315095744902936576
5818436789719961600
3159722616972753408
18190207917239525376
1043363300396382848
10548846089581647872
8980373633963223040
1711768242816392192
9984383390444367872
4453523126834919424
8960177871420904448
6943599578230272000
6207142787791851520
3648459263857777152
8489668548888806400
17025626420336982016
6464263737139385344
2353281295545104896
15437404436967555072
4501524527521367552
3309117688041470464
13676702666176428032
17767702185732542464
814689864147606400
7101420870756925440
15462822262339301376
10284274005869977600
18195668926150598656
9542797683647612928
17312172736524886016
3147909950623937024
15432344340068618240
14531564432872689664
7198772853253306368
2730193610771012608
18221097846402732032
6213360594505700352
12455049244916127744
2180216366276734976
1221132081672844288
8456711294305798144
16927923321906839552
2310559150579003904
7531980425549093888
15758668102691888
4421656047858343936
638254031213798272
78494135672493120
16449402542654627840
5216031361226652672
11653309489672466432
10278497559319074816
2065610783476204544
14948566225013618688
7978004897676522496
8130403932044363776
14037775552892901376
5515803540364522496
3164257092356959232
7318416672451849216
16378629743414945792
6815374520496318464
17777858088074827776
11838446629313753088
1374538206591230720
7116036792141116416
3110841274727534592
17520784229669060608
9625154100579780608
15471719402195781632
6394226567709018112
2502841089461412352
9113546237762040832
9495359080159500288
1791540544562912768
17684590461407672320
14284550567961847808
15257549425511909376
7436754983562599424
8603922020074982400
327290379966949760
2474813028962840576
2695068932483672064
14376217482253967360
14048340088561860608
5352880199875093504
6985379868981800960
18399547128001329152
15288063996379727872
13484006572392966144
1590239977353616384
11788673054489864192
18105613697009711104
6895903338145971200
12322752611678091264
5420185863785929728
8520445698887141376
3490091155935080960
7392815774439334912
12058096547708606464
2552169317867057152
12648406220930824192
1817146753807318272
6109486075491798016
8276748199867210752
8977712815896139776
3941676796116319232
4225872315432513536
7129792842155402240
14394493258127810560
1675062654782658304
18268472805822937088
9815607689088092160
11866067902938988544
13487295791653494784
15866694184362745856
10738044098333227008
13025936626085732352
10592240869830479872
13038578571679111168
11100702990776426496
7604485324764968960
11168213587630448640
3669669390080817664
4047345827195299328
8044008049194519552
3139270513004058112
13969382140379738112
1489016038626637312
9639868235516868608
9224988615722524672
14326443494992799744
12802364686449149952
12238977440880427008
2048334189377540608
17380875972073310208
3471129408510773760
7111675147881613312
1989079238741681408
5654049454179020800
10095179386228785152
12190975017534011392
16367186923472934912
14364341531198849024
2651830101606082048
5392324560928839680
3806824400275654656
3697829097917725696
1142106560388382336
8937487708231707648
3094029715684148736
15028305730062344192
372976154244220352
5517795119374109696
4899198796762051584
5348979161607528448
299807885214679296
6029705046758121472
9766737261146951680
16048273842747265024
10187295676233840640
11294474383547236352
9217166556225107968
8642650048794437632
6444052843803539456
1395822314787176192
7986074201244221440
3282222181462896640
167028005096254976
14453045270984128512
13239477905686988800
10099193873048637440
2803408642807483904
13612343752575322112
5676496117903870976
6709738977836200960
10522435554957627392
16317613136673751040
13086866851955187712
10757292012780697600
9898242854151882752
1367613265694690304
7428606250135502848
14354927524109756416
2254709276871640064
3013984002783634432
15265336521314686976
11884165454006634496
6128629763658712064
11287564455891238912
2378215619416849408
3031508608553854464
2483345805879909888
16779634208929284096
3498267339041311744
7945307581554878464
9343975505265815552
15696211142212204544
9617941205446696960
15504040872568770560
6688987424778477568
9450098308401139712
5999663839083829248
5823159980136311808
8384214100669007872
12524935520255784960
7430946147624624128
9590391741213499392
51914134549673808
16209680980836691968
15305330358523457536
6024815140939597824
1643712347106134016
11165239525161590784
1566413095160686080
12716277805492760576
7336243653965983744
1923955807844233472
2680299161732038656
101718321879133920
6268949628588261376
5957530379027815424
14657407628132079616
16730661405768316928
12234935758842181632
12662633537683533824
9757189568603873280
17875255412133163008
11134566176406050816
6769380209867111424
15291714895500793856
11292633958776147968
1482399568983411968
13341719088876001280
12868451466602582016
10749837498306197504
16236231240991801344
3727962396749320704
12712329365047877632
16680944562194593792
14428373451657162752
4068006763571538944
2150730303247196416
152179270368022048
786351363415768704
18206938871744339968
4312980001391106560
184129838295282176
10734121563085279232
14397946443964889088
7294141449244274688
16194915015158661120
8245530877218512896
10078597280812208128
16468764365674141696
9811556395653525504
9319310118847381504
15710637186680213504
18183574171739975680
364778692338572096
3614637385211259392
10680719743409209344
14705527952824606720
15285896949253763072
7059897552907268096
7072506389353576448
5547911355813808128
7092471422965044224
16106589265284075520
9228711076737658880
11667591766909683712
16669419888057792512
12492223505702656000
10612689385522661376
17969586307469160448
2248243317450378240
690121131763465600
18281557911024693248
1284969999749890816
11371440319456043008
11541939441823496192
9605037504819992576
8978317601256327168
5286022761656487936
701410566854226432
11854392364390096896
10046397343307753472
14001558621700659200
15306415922098604032
3656015251112334848
8806062923991947264
3422371201982858752
17786661267298981888
1233893388814180608
9175771573313192960
5001994431272438784
11871766155892316160
13230445753265909760
16513989289777033216
7566524653467552768
5454015652034591744
16804443236159774720
6322677380918205440
13342503206677215232
4329037481500418560
13040753230516774912
16268335513727356928
14910244969330972672
16272579755273136128
1493397108083814400
17471186915768164352
10857893728061548544
518547272615155008
5856348579847178240
1951441643599311616
13124733565989464064
17820916224007467008
14325671442036549632
4074756691239860736
17161072111724623872
11052971250066233344
9355430846604271616
3766499047671980032
9453621147559733248
12372115462396764160
15788329154308974592
4879047877406354432
16862533534749442048
249085195215717632
3309561741472626176
6037034061899356160
14962886145617485824
7395694926523642880
13611135696755322880
7255794085515537408
16526168779149836288
9426196478213183488
3728191465402783232
18013456562642941952
14372975709187434496
1405050890923398144
9173277916581780480
14927437621255227392
5958197266914768896
13933711771821506560
3207176237418451456
4667241045006495744
8603764619345141760
9498479395833587712
168211450124691072
1798954215534699776
1100421007080312832
15462521612520624128
9826417868675688448
5389042539883237376
17345483132646381568
5686273708807421952
3958035255174134272
15956148790709907456
16376055463231836160
7617318175753126912
8647906890809633792
3765453524222167040
18021336255572590592
18073299603239217152
391796032923372992
7483603363374532608
4304414895274661888
17556232467544733696
6836227546070167552
5724530056411509760
6770924523613735936
10635698279421917184
5527637682909445120
6514139119811511296
891611897316255744
17147328033069139968
12264529637997027328
9317755357054846976
14018550551737573376
1572369539904603648
16206272564924338176
15701094635689158656
13782951544442855424
17738217964270340096
12517593344877150208
1783165796377771264
8623595936578940928
10925729966739226624
12867715806214748160
10237664472404969472
17237488786958598144
10039848119104458752
17615094008295462912
9498660793880350720
16030594940358129664
13597185765682067456
15469529203449044992
13145981624164313088
5254168810642567168
17282666504983269376
12485286704596776960
9315711792085295104
15722239732964677632
2233179023235357184
9706289800502093824
4077982403969379328
11829059578056820736
5827014559007035392
14546344175196211200
15541348244862062592
7063072128352343040
13369178101391966208
3350900166650674176
14002757366695036928
17802901563036696576
12688404328615434240
13981660517830131712
12796691140654585856
1210589992761013248
10795425830109708288
14600559304745295872
7022120838158059520
9616301750397777920
11155955199416942592
7086004090175760384
2206674038282226688
15621019528329107456
15043048008671217664
18305491920303886336
6705748033033724928
7075471226195328000
7687775197876708352
8101106256296440832
13591169644608778240
7034780749577006080
17257412124892567552
12364914536558118912
8313843969777741824
9458493901944442880
54423744617964992
1421873769756295424
2552206538912019968
1284396847405286144
6781278755991350272
12721196085073188864
10486194865476526080
9896773487755370496
12590910585273348096
3058838036117833216
12894615440963356672
2038799523421800960
4604346107304853504
7284259910195294208
6475978335456077824
18052740272475762688
6953437664023818240
16590316300673007616
7552079938721965056
9954892024147656704
15287548827571326976
142539978561800992
16692583868636940288
3206450437334238720
4801148798526903296
5942814063664030720
348124013641789888
16968476717785247744
11155627358514399232
17455848148539064320
14701760884546590720
3453927317101755904
16429177699788470272
4864872606180378624
1085912261839123712
10539257364492916736
6400860614771641344
15098252524946096128
3950347608563129856
2934108688193187840
8441805398109578240
7658813966128480256
16931253519720544256
14071932356865869824
4437144833726673408
9883462175458371584
14646560934962546688
4479188804220127744
17043731116202977280
15096019753781194752
6826808872306104320
12993919835546449920
16045065968901935104
7339951290066323456
10207355377504157696
13818409544065437696
17517138122059247616
17058390896683601920
3562085827181481472
3726369211778987520
11363565791270420480
13546479214664552448
7244383379136104448
12399943606746996736
15322869083175944192
12259905140641533952
13124568392687841280
15096410779543500800
11636792467657052160
1458516857949895168
11182060910556635136
7723976070918813696
15894431276790114304
10537573323145699328
15080299664290893824
9740073914773182464
7130435579475380224
11896824398476537856
6845256790619282432
16131969057591709696
8993200496712003584
10418688787994068992
10307959859607283712
14598509120003932160
10335352804271677440
5547697702337920000
12881994533989031936
4368740746026711040
9612305320180277248
4095382992585593856
16897615746146351104
9728849003768541184
13208875672038023168
13993023973797373952
16844377461618464768
2488647731954004480
4916511727702363136
8996497491477019648
8818736575473031168
12171577220601303040
2935283876005366784
1869741233865807872
4640234830127707136
9972485979958339584
5043583298523976704
611094648255624832
680757780740887296
5037293355875379200
14259506573293705216
9794444838141214720
14482322090301097984
10691431976304199680
1218232586062779904
15236318005755355136
17196266942838181888
4221535067978380800
6943572608775107584
2135534069464707584
17599105137249259520
11100369860612921344
14815319814139975680
45720569838950072
1970301900567091456
6539826778433759232
16019295289635090432
6883127823241186304
4092354196793763840
7020529832749963264
14724793233249673216
13170301919011287040
2490619584350584320
9668707281488678912
15503449217296789504
6947898054408440832
1866198268035809536
15027929295548499968
13318323196780615680
13580709821642151936
8154989478635227136
7652943023667998720
3592149691503235072
6425324072344504320
9222847890055635968
17737946731856695296
17795356490457092096
15210071202974820352
7938780368896807936
13333477342427588608
3024231304115480576
2052103446627850752
1858005589005749504
14877429468294270976
2318395514100217344
12504809204521164800
17832224178056495104
4073324969071030272
17185253470158643200
4977067941937830912
13221422908090595328
1544989535701634304
17625542810875731968
13001303988763850752
5596319417796220928
4638936475545633792
17148883570328950784
9027744956328537088
16558843885979105280
5028606345149485056
3622757069361446912
7446073821676895232
16099800996179421184
15903001434738769920
7902392212354186240
17687931807799062528
1424047442121135872
5643852562163784704
15089300495475681280
1773424223009757696
14154643292118665216
2906297200161562624
1015794627910638080
930512668553350016
9565833213159110656
4488967776001072
9515461369495261184
13490333506803451904
16928255639563020288
4649020066529310720
40667698309856288
15148770506128058368
16330211450477934592
2917848058435781632
3422163987255546880
6026021162272061440
6411882680323591168
4148721074558491136
13664693091240501248
10236870336635510784
7729987664057206784
1827175100289570048
16189798070371962880
11706774274342313984
17566666445244473344
18337117767706550272
2977722071240119296
8576996064384056320
15300743148058454016
11870194253491617792
5250448927871217664
1070295333992815616
9506180683465107456
9783534092153882624
17796693428079505408
7414153578995308544
4910980689512650752
18115827489884778496
4809247714887910400
14412400736906528768
16961847195973660672
11257195910937255936
2110035950253977600
13261260014862229504
2599820837835103744
12198315820742742016
17834955455774668800
6983233039979708416
10059960242460325888
4123561988185306624
7542139799824201728
11007032581608937472
9638474082712985600
857526268268944896
5236449254606594048
7837061993311983616
5181975730504882176
11994854520000557056
14632614953125261312
1085404698118643200
1674194434569522688
12268954658138411008
3260149694668759552
3221085317072025088
7578894025066354688
7768983390025693184
11145965426522464256
7160451856501907456
3054660261508334080
15761143296486940672
2586316923845847040
4354952695993989632
