10965495973075726336
1438744198715446016
11616595436831092736
6345946505585369088
12684171597424037888
14902357328193323008
13478532683665743872
6820307742491195392
18427640075159836672
7959071614609611776
132873057686754736
11152098188337166336
15158929847969994752
6341723032436618240
4686551740716869632
15151714370823702528
2649591657116206592
247350917633437440
15231413039765590016
1876594975713849344
2556859102676055040
8040211410409421824
12955027974451312640
6768412823692733440
977669391632085760
1572550884851952896
12712687883195353088
54699071171295064
15057972275699480576
5364587466563918848
17960307410351290368
5561186638115758080
6104207874924845056
12795943272088647680
4634933812030420992
9332970556971020288
13646972361288038400
559009594128734656
6640731590118516736
2674530602565343744
8274068658715351040
14108147806413592576
9183797588656105472
1128054791043234816
5622391361261375488
12125834786095276032
11285256347958697984
7253279886236727296
17021591511884152832
6272874649122728960
8932210114797102080
10349942415860875264
14816262265762631680
9291088231720978432
3119595233663165952
15951356471969624064
3381469109193583616
3516118933741116928
11555633531526227968
6049974055065596928
8335489269105341440
10621726520012742656
15654385927345035264
5570609800657677312
16552066601409359872
9715134369537347584
5464906814247520256
7779482134062960640
14200674185172338688
13765225843406139392
197652718811374368
10123617943184414720
17314955561641121792
13900646502266804224
5110109482662529024
16707977968929427456
11624454347277481984
1272423871418265344
10700294779120461824
7691145641672596480
969484639235223168
16919138985481877504
16750285881089667072
4739985933813768192
2453352568431322112
16182429707477170176
9918136980997419008
8346117331523043328
3826025234157963264
14306757546378205184
12933064858756182016
8543288890097330176
10200168498932543488
5279774213260343296
5422798832473341952
9171454779088741376
5040936945975063552
6226428003568592896
9507297419933280256
13110387987951771648
3158519077068140544
16867664243771523072
1513199962895533312
5321525611829102592
5941117420571811840
15566990096128102400
9772219688959827968
7150521507140273152
14880611898063798272
1881078367663109888
13167921488664244224
10293818825719056384
9620129382728771584
9091483761610352640
8379404393810982912
7357182015226642432
6191892828944470016
1639104699210101248
219388113870926272
526377417320013184
17399649631059249152
4328285189899714560
9514405453012822016
3120520626519297024
2017764245010886656
2590789636769891840
11430530533478100992
8641728995300815872
6753722888501582848
1905502945613934592
1714232539512882176
2201981879585357568
9677351680388284416
16137766574698588160
9113429400807393280
14689301122765441024
12510573611100585984
14701633343820687360
14496573056064077824
4683278981541776384
10453523373756893184
6511711777647466496
16701920715792824320
18371289955893800960
5605724239055960064
9595950136043233280
5625480311618369536
7732654490111579136
4876804839362074624
11634965523803561984
1457644716381144576
2459498591320278528
74313416685901904
6627559189328901120
1841679614579933952
5285808882521992192
3919178741215923712
4267257963930884096
16188473473376575488
8774420982818682880
1313748951973555968
2863875630061330432
11960030712095141888
15438298802594254848
11364686035354251264
5004766791522813952
16667725147031799808
11979173881302327296
7392716433194802176
4527161466794083840
13571954436546105344
11411884647726911488
16095483582005514240
14297415390214029312
9314326201409789952
1719411484072138496
6356892779672071168
16622493726605719552
4351816060877319168
6259792111517347840
14480823161791723520
17838400958052169728
1384458504968600320
18049894438812786688
6576002353999754240
4639191670817461248
2697484794584527360
13994756491896215552
5508996573271902208
10090163263617243136
6556632648727187456
17316399249044117504
17651342871688380416
6030592806562535424
17301197991494963200
18012832880880553984
14129803310770855936
8629895747978164224
12315320890090117120
7442063254439650304
5561618015680524288
4630571215791593472
6874273685055709184
340524262642947200
12088456526056337408
16635384959938342912
3350669498681633280
3305109535442968576
8408642714713195520
11125039486667186176
17301958704841779200
14486686582825093120
8418188810312148992
14165188291522150400
2006048712270159360
8743620245453051904
17266626519495000064
7613556357199290368
1110082029372306176
8122227288336358400
14992365981797740544
5096154868533545984
8033779076299917312
10410716215466850304
9961228558002659328
12176312468456521728
9721528981210945536
458311350269665600
7722643415037533184
5202581328752818176
5096962262375913472
18144513944526000128
7179779209943458816
8330257405212559360
1123779224975115008
7316814391817699328
9141724432116545536
17065429219272521728
16768829292280829952
13172164629553985536
14072785368965271552
1444469991314467840
3356695504563532800
17646104419996983296
9226469717416855552
6052140191212105728
12662104517854599168
8500622869377078272
16328682994413053952
6239932649728978944
3835863365045064704
13394503051892873216
15086540135748616192
6719871684785949696
10005798055053109248
17030995577753225216
15056482664519827456
6327971531927412736
16088669400878825472
9457390731625050112
1040320748765779968
2904669984085663744
12532387222520958976
10235176996138256384
16926208341582444544
7727455616436409344
1814201562131348992
2270486770831950080
5756405374320936960
4170935280730882560
9241769050731366400
10250979233098924032
9434237871832350720
9071786676311979008
10183087527550910464
14585467248163385344
7931516887848896512
8632132947829062656
12840469353396637696
13396817706930767872
5898479248858584064
16218637587958609920
5682242214170847232
11412482926905776128
1833204608641241088
13182793864646899712
1499371546382646528
12217449407674443776
15889198753326893056
6408741659859746816
9390775106655762432
304866152624936576
278521610471716416
2264753164147093248
7213815159426412544
2582240267618674688
5344949570940027904
9327686419375314944
10207570324427583488
8252510139233064960
13194420919675461632
1855662478598244864
13289448768232501248
6500859954177664000
10561312913554423808
9365345197229867008
7469940492134990848
14984310919601070080
17494501350809149440
10782383191171192832
4928807315359898624
10833568919742806016
2893112716041588224
14162695512931610624
672232923228358016
11014033414128578560
17796590952212791296
17761353687012876288
4389315825636993024
10803976401441648640
1160148973527130368
6565046289118573568
6627552745357399040
6409483681202824192
8986401692140093440
226118603893119232
11283494748695922688
4243091163841057280
2908606349492276736
9634687064213866496
2047845451729535744
4513583508803932672
10368327356855470080
2511667866230260224
5807467079270471680
16721329536872923136
5877828696445089792
16503043355088027648
8102477390882867200
16145309738329518080
9550276955063599104
14032656297940283392
13744565420556754944
7851806777009912832
1549932776092600064
2275308598746336256
17477787742423781376
13151635580818176000
11990537480276412416
18420309472509995008
340946396094281600
3330155795088660480
16918857277885220864
18225691006180857856
7475013436388636672
3942066291760775168
9331375430006489088
3548269045633979392
10699400857059782656
6899118014457522176
3201401945221612544
11417091331829833728
11141557680241258496
14215649421728233472
3728905759393223680
4263980295605835264
15886167971195568128
16516304627158439936
7211223990029255680
557703528987277376
4860568661388314624
11590146530348935168
16202421654022201344
8937962425916124160
15455918877217355776
8491505168201803776
14733914799315558400
15575941163023503360
9741512197052340224
14928140215341404160
13377457670720319488
9844632955226034176
11435694195379019776
9195114865546636288
4880663854367299584
10430265230838257664
15472460337156759552
6261946533146500096
917661062174901376
270966452990056832
13106147794868482048
5108367654730017792
9552238186706898944
6116429924235698176
16370910509041008640
17218175426001965056
1080783056525538944
4513253396902408704
7360753864383033344
309868456986081344
10963929166033448960
3773932605038460928
17304749331056146432
6219853696184281088
8585127821758239744
18287455023590100992
14893800431059030016
10213472992854908928
10850864532502859776
2887453336018413568
12368777553199472640
12846031595441985536
4907805637577304064
16111282294909497344
18404019310266038272
13139104605570777088
16762113571652788224
8161247214693058560
9716658222915635200
12566245513905422336
5611592680530238464
17192970823493941248
1032014897319329024
7316499694050255872
6472718891626525696
5215360807762867200
13352325148708012032
6330157146242493440
2680679050143544832
12412059811363287040
10159901854988748800
10468129606689605632
12314091417677973504
3948269761168797184
4810327891620818944
9903553364554663936
2835634639275149312
6795963615113209856
5807931272023144448
4084387314541173760
7269029392830328832
191651347131544992
7561238789473762304
11309330156785741824
13119500783951847424
11817175662684878848
11400379960457617408
5772505418854091776
971233488717819264
16143345289833969664
12683093806515781632
11114271716943532032
17577344939902451712
3280637400256207360
6122241940785683456
16220961260195407872
6587652696020275200
9911873477900476416
15011647617939902464
9273686689259814912
39276893795886368
6435949915929741312
414380304336640128
5697329632638603264
5340214341116572672
2291612654619922176
13809782255742402560
14979213513051633664
741793384874999424
12355343703113867264
13117006992084631552
18020403061103097856
18287965270424449024
2700571115164295680
12130194956854448128
13514357704226240512
379696498767721920
6686644697159749632
9981026886088183808
9615982838287980544
18138071493080129536
4085347798608074240
14489016244014102528
17447724324613187584
9766845571718189056
6836660490677838848
17340828045176606720
15472219206894514176
8132218181837718528
5549627076535825408
13463281909977022464
9621013267665027072
10183693768533012480
10512977558975436800
8386058589696668672
9678107905732720640
10301234229242880000
15671108098276716544
3348914745128722944
4800244867569501184
13679972712407398400
17416950820318173184
1911666147620675584
3925043795899130368
6070657400474738688
6492287282062324736
8452360184814802944
9078554175985019904
16439016236317304832
4589391040093192192
9364098671294377984
1772208907754062848
11109268064701540352
367647067482527232
9580822223380645888
1544046976789968384
8413432224142559232
1884642357475508224
4550927382109464064
980069725708886272
14622968074535739392
154463025204120192
2848718513758883840
18051828549670799360
15701995425037019136
15884624130803804160
7508700050893550592
2154141196720899072
14558688996657436672
17935016845092194304
17068696379147628544
13631181032772470784
15567662365066104832
8475472551664510976
14693393682321729536
15799534394808262656
7415643751702283264
1152188927412661632
14521787994253363200
1870365760006919936
2665738856334739456
368129343359163648
5140737955034561536
15278169471670663168
4580187564815420928
6528753630245155840
6019669203034366976
9712413503383975936
8689873833145927680
11587598579949248512
13966589346533117952
1165679215598620416
184980044767322976
18441781611949285376
6327963492263229440
15078077719744133120
6707667309762252800
12681675052627183616
5476359013646527488
11182607691305816064
11366030539089166336
7381955200065667072
2652449274202098176
13025518046695723008
18407160382352623616
13653977811272652800
13344598250228422656
1627515876392301568
3514733467069187072
1357521123799862016
2712149902372093440
14235302426985766912
6563669066642490368
690182018258929664
5814963031462797312
12705975231914496000
11906801830689740800
4144909042930076672
7936640442277778432
1111009647237846016
14143733953407006720
18250943481814755328
8910270168774371328
5164991922999791616
15041614456783210496
8053801104102877184
631059655658932992
14927884238769676288
10510450214240225280
14428755983138932736
8157874927271965696
16293132759462909952
7947342233155346432
10464159036236302336
13949340253626435584
3950150140119704064
2793513768527254528
2131458923459941120
5970104728841364480
15793540424002119680
13319870717321056256
9060180105938209792
11403390170344347648
2664141411581914112
4619018961016151040
12516073532883564544
170252440682479712
5068369299783025664
16375464046516449280
11210999377769547776
6468895422270876672
7998431558980109312
16038808907081881600
12472432260196556800
16685996247919824896
5133012943691590656
9204692164650108928
17667744430668603392
4786231019153063936
5924839519236752384
8661165575997447168
7420821537282118656
8260764276829993984
13844367597626863616
3689390441765806592
12237001672731717632
16894365655624601600
5223840159038791680
9313586100510509056
10418069919904729088
3328563513161060352
19114595385241912
5330777394371815424
12638104215363438592
14802478222146390016
3884596857815580672
4037081938887232512
18147041570741473280
15976326502088312832
10730215883133876224
17407610125235783680
329215459565999744
3396845619464194560
7228023997732150272
1867484231125391616
9723240918880088064
4626950602618780672
4713982424563030016
16509165502763307008
5635390153035758592
11948927469556930560
13702448416962471936
11647512542436829184
16354066969454370816
8384389533625554944
6381169446364439552
82150567350100288
3729744258832493056
12018756518265782272
16671102815936811008
8888734245204028416
9543604177930096640
17320324332701222912
14750151353977446400
3334415761344382976
1086251598821942400
9067606384100417536
15620159674447562752
13786712147477972992
13726960677767346176
9625403470595846144
14872559132474001408
15240575228441120768
16265811333636599808
3621602201084087296
8434776825184310272
6718153503106025472
5788067990047609856
2536146820229014528
11712561941892225024
12405051137103945728
12258336222447417344
11487092583692984320
15178000455906252800
4512402175560377344
15327542937964806144
9921364637731629056
17275247901205508096
3945189525277461504
1154597413533206784
15554482064067846144
15467461468519507968
663120394786805888
16751394669684985856
2061007840968357632
17268708154632994816
2930483738397628416
14588214028100065280
10007456620164423680
4218144928402010624
7339680940423780352
6438755879794263040
9777224401326493696
4729717143858931712
4257442746585831936
7386603005238832128
6178657309970034688
14504981257062023168
12235844415356962816
3775877228121344000
1813079507600690176
4530586440518826496
16734970721538408448
3235561934491337728
15867525574882486272
4916621182087953408
10134960209031583744
17081437399556866048
17902400832297146368
3647312534682890240
1106663635093789568
11943519702482481152
732985690369552128
4344946230538142720
9375907865987194880
4350897357251891712
5978493584903187456
1572583475006734592
53822042153085360
14574631187527380992
9161117885739193344
177109870367664128
8865732115373494272
5148858001087299584
4498138237823988736
8604417249794708480
10310294001276932096
13253158976479512576
13797037758823170048
17389103255889932288
5756440842513144832
18225857719210412032
10318631043395207168
4776510169413559296
2029926028414007040
12573123281132670976
8807544533009902592
4843447081616732160
714199760809618048
2379525345141130240
16118497607826208768
11470222774067947520
16717416990845155328
18026131156726777856
17272288315984455680
4337306966589852160
15524533278706487296
6199168075899684864
14151605271766353920
9726066660531724288
5890737594883410944
5367814997172470784
14297966346109499392
11302970401517307904
12623390145820346368
14632322892967022592
3926330700530973184
14255611159866368
5054352799021079552
3111135617728471040
13260541468020178944
16013863514810486784
5628014048021576704
15557525471115020288
11156149317693612032
11529158658680616960
1270889407280249344
13863855804522364928
17442037877979197440
7147566881541440512
40607933276741744
13975668634162536448
17180253598568933376
13550472142393006080
2231885289523520768
2150177995224215808
10854735537106999296
3247825779510332416
10048713371033800704
1537958288972290048
500137151601918144
7500732259381407744
14090383844329177088
2573142990579355648
12382206365499899904
8650020912985431040
8460288131820103680
13246064277180674048
7840251684897417216
11824023834033244160
10619709910882613248
13858632411076206592
400885302225053952
9845577149217064960
4961027702195477504
3111971109971567104
8792389751383843840
11876793468146417664
7157459073214032896
9369224542041395200
14834052216186750976
18152123429115105280
18149446830754711552
15590018437888198656
17456051358674372608
7826827274253370368
1719390491068190464
391208440031799488
17388112123498184704
14442662404988657664
3207817703851102208
15107830651162212352
7312552920290849792
13622130457532022784
8660447255048315904
15275563662394734592
4862385774537138176
11642283335732348928
5098100611206014976
15273049207259891712
14009414849666246656
3294332854045408256
8284455907893889024
8382843232343844864
17120475990269126656
16526722355182493696
17637702652587489280
15637785986007146496
10638359990309818368
10944756589124331520
1063365117195833600
5336818778936986624
6543214471269190656
18195378775027548160
15751046785791895552
4560962202688990720
11299255914287699968
7828584319176092672
9865746652316866560
5347346370814195712
604317607433869312
4542825198082419712
15184890655426957312
4536761619505345536
8214818051313038336
14482549068069632000
8541175805662303232
10634822441085720576
2316184614158982656
12460619317721339904
15743647826284478464
7942516406529430528
17241640716246824960
7358013398097040384
491333745366594432
3881151109684083200
11542252637483556864
2436839363491234304
6966228597551316992
14998241120291059712
11486448702234904576
6437796823679563776
7728382414930808832
1749354171998693120
13309215684223586304
13927893379986089984
3161741929762852352
7542640500220395520
14389754343710140416
18110782371239393280
16335537688653891584
8918382667845556224
11384811382823301120
12875194380831221760
4019097809894269440
6589299132342191104
16938897629861509120
8624287194831389696
12989014945147559936
5676814347167912960
13560796654967533568
14091880867435401216
6431517692664514560
12448971313105328128
196251597582867616
16526280196426829824
4558315276876192256
18265370592036169728
5458023379938947072
6380759008895695872
9152610380661350400
12860810651374159872
5452981565948302336
205666121502470368
16220902196733472768
12838126658414860288
8899653705579656192
8196460461317690368
13558293736351162368
2317156618506251264
11175458162211217408
439066891299270976
2489001342769845248
4288743807806998016
6598690345781708800
11265665360240881664
13255517126376062976
7889977235959020544
14935152246095101952
2529559219743482880
546290049190390784
7992913447000433664
10653630716673523712
8247254725666671616
2681397512812467712
11642365810226098176
14555390544765671424
11571915907243739136
17837689228182396928
2819063246203936256
2955912813028135936
9304276395389165568
13575517280949956608
10567746223546394624
707348006853987712
189474519823011264
15646599608749414400
3068734174281576960
15732090985698181120
16675895479964123136
5942388116697324544
5113051465720369152
5696568572040132608
3628241229638964224
6401557287461843968
6770399739930224640
2607897937464060416
4670134367728013312
2168555328333592320
15644105002675562496
15273111654402791424
4821594464163879936
17020663445534375936
5350587657363688448
7290154234276119552
13923355155826178048
12808971740193630208
6864784587097609216
17126045990319439872
14049733491160885248
1923377551485449472
13628010754312873984
5549016394842467328
13469481889075091456
5917557876232268800
8862674418429067264
10617405129222748160
3743530407102658560
16286733470894338048
6291025136755456000
1526028401071036160
5151251699108475904
509750909681977088
1640280827007161088
14863685466730004480
7084498065818314752
2698612230255750144
5490183143356904448
10060454254860120064
18367724349024133120
15130062585062688768
3337128955366518784
14735571650443372544
6967848804224280576
9432536247197968384
12981082551361005568
12616776637854001152
8698330016144653312
15229062483947192320
17859338033852483584
11295964188562964480
5496277919868401664
11571983691178983424
1991040206524777472
8970317997931021312
12276560576361785344
4371612538149596672
18408621502351448064
8043972245783851008
16012899156808939520
