13519564398804961280
18145964475338766336
17614538190933323776
10722604047106488320
7831270280893427712
1992723328416552448
2176343726766378496
9290170636494376960
8103115852918746112
3305816716090450944
5653997672307280896
31515658977125664
9289062430861475840
10130640970232393728
12407428886747000832
12658006705075449856
388610387617668544
4147027649022838784
12982668408535965696
3195955295030471168
3987143574938477568
15501952480718180352
9768487509114259456
7137064502520996864
8895597207812082688
18437720974558029824
9433552259089000448
4657253373591347200
17207940212274472960
6780297970467885056
5339661135709988864
17138542783029520384
9790414021760354304
1340523895746291968
17778579051216885760
7428075485928034304
11333707956549003264
16733396873772163072
1410196035330643968
16954751776145111040
13128429878411542528
6573070100027931648
9960890291806406656
2828824104489393664
2189956941453137152
13502208683015108608
13706643935995908096
11903516247662426112
4824950834687538176
7277167065995413504
11894334086937034752
10810650728250642432
13204810420412262400
14480306521589594112
558751675269703552
15701438139438000128
2915436942305708544
840118343279203200
10350424277475768320
15835750477167732736
12433519404366645248
9297673837619232768
7566858510767299584
16664770866983911424
9569239598923102208
1198396235723523840
6284883406979995648
14835740104963405824
11441809039790688256
10114893076369559552
3764902497883063296
4186605542164858368
16932159897604071424
304289128144328832
8883150381103351808
14782392848016465920
754375202434783872
12205346040334522368
246813870039875296
1063649231933689216
14362731497984313344
3471444004943771136
13930717567640154112
6574887407625769984
17832690239562430464
14242206349207664640
9241424355568689152
5042338768185544704
13189577287809837056
8892180593564535808
15397914592757049344
673925155885163520
1392267451864554240
3118202551358032896
4810904032531440640
4179422350826316288
8354981934609742848
7384249648864445440
4301895052631845376
18419867908682805248
13189543412872476672
7428730636496738304
8821812482694631424
5429346924291385344
5067881802193114112
3985258567925445632
15062219788361191424
17165638864181264384
14235589796727545856
791156389694481792
2597733219659387904
6433388466119283712
6824982716988771328
10064257697289439232
17009431709617178624
6863218528570566656
17371256498728925184
8347088763179230208
9438125409469054976
12298285834759970816
18440488059041220608
4461439436095564800
15131245146888972288
4632740192107085824
7272036461261501440
8531642621131976704
1965035042953258240
11200163761391570944
5355601357785842688
15110655682516127744
15034970418314866688
242341864286351488
12183051469304799232
9853871349901950976
4245735094763812352
12104951705603772416
13320538297954734080
13769150599799330816
11502356306731192320
809789692317592192
11653941240688246784
5087649828752308224
6859988535972915200
8870024862846059520
10727598228455968768
1449604652507742976
13538208669237975040
11201524631760293888
5607925199755860992
17248303874286571520
8553440351990914048
11435802219885805568
3395127158440502784
16663734706749065216
7012917307724930048
1599491602537253632
15628240617813999616
11523005722200477696
13309775455059484672
6263096122625167360
288602149649836992
9743563770916190208
7560902955031447552
16482857483398836224
14011609106442100736
3161782540072997888
17754360341245374464
4660898985246946304
15665155866126184448
9483057776944891904
3830675857947708928
693561392490066048
3250681763029655552
12764381698567729152
6509998188064371712
10773641225041031168
17892802033060900864
2574489024277001216
14656407887149152256
13173355491514822656
9620956512394121216
685705124216874496
5510122979144369152
15833729885772662784
10687897719223672832
2107232985110526976
13132749578229504000
17440643490213552128
4582410731682188800
15287518988618997760
13034777876159539200
7583183050947914752
9875128821601968128
9387944621014624256
17586208106033457152
14101607394871031808
4917152076306119680
17398352108758585344
11102254180227631104
14692933883839172608
619813734154804480
11217621437175470080
10733361838283741184
14984342031788163072
1078057147162873984
6281189559898607616
17802977352185991168
5532908108440142848
15927858334116612096
12128167672780277760
997039944038021120
11843480893159913472
13666782230492737536
9651070864638550016
3765276034844496384
11464629174542520320
9136839695822394368
9172653672619630592
12006309031081256960
8900896675408886784
12384022854603714560
5586674963357223936
7028630786246502400
17232062400407062528
8959431007132636160
11469880995159523328
3239507030620328960
10032008079589345280
1756898813133385472
1946185704529635840
12216168336200142848
6827390710600406016
2054785757599006464
10272954653833771008
6520886782400460800
4839279956822329344
14079238756641402880
1202870483314856192
16009038119349098496
241317540614955072
18112078846124136448
8785225036145826816
3087202007989180416
17816493238669203456
5014428278505185280
17658875750874019840
4798359069923792896
13483701048944789504
18431800554027587584
344078958123425664
3472951978679848960
1245078280585730816
2261362493845264384
1538717630215137024
1264462198278631424
2509739402037488128
9388925752855537664
12210498539793459200
7636348998505419776
1754012651750881536
6895284216932826112
15637171126587156480
15948443032870068224
12043183305215074304
8856824755432608768
536148117746666688
6180258556657179648
4062053161379986432
13817454596405192704
14580396105368397824
16673935976424361984
11670676737264474112
856616316587361664
10722040608390574080
16053148218891804672
5789372279727931392
2267946831809170944
1608145352168421888
489844006163602176
248707709291066848
719184227887518976
10230849485784365056
10328831323405207552
14886942208940396544
6769867247680536576
11558948471668363264
3976810271198744064
10041283626627237888
17437885844434774016
8958860165040940032
1147308896919998720
7182556483277470720
16737928915767554048
10053485238812325888
11841936812040984576
18107673321411033088
3910192291074365440
14828473013242507264
9455138810754826240
7226754795470035968
15231920644396120064
13527756798796679168
4391571851218423296
16507014028420386816
6078966980489458688
2536602608714841600
10155443200698114048
14808291533629392896
8925805288067853312
8147604073016839168
15192998479910432768
14738865555896571904
3387888907246652416
9445197047457947648
5224114678221846528
13114368451962406912
7543243852768646144
5617355961344406528
9167424619229425664
1354531917221077248
16516542167555348480
15001647192087644160
11460048992749367296
15002352939394009088
8820268427148825600
9201173497549948928
9479203000916602880
13191679982742104064
11698100068212537344
8268069064578393088
16455557696113156096
13245001508897015808
13108713081420613632
1671685262197989376
13194568267358672896
14444621795945498624
17137038682761426944
13506419812002902016
16124841461216034816
2557249253787482624
14957348785611200512
13020024257688182784
14568260059335131136
7594761829889258496
17517466382314442752
9492718821137391616
18288036025843425280
16124353894601629696
5461561839445665792
3138274199473468928
14987655471004968960
16941592363839447040
18131019469870192640
11006973782030848000
16422157464664016896
7082655969095802880
8024823188411550720
11968627505746477056
14422649765841088512
12813287396213528576
10384000555278284800
12885736596402669568
16015035048899952640
12865807321453428736
8381244318617564160
16139535109773807616
3310585929419282432
18333785664573767680
710221897313196032
7734260970485318656
9971954619387342848
9280589092560877568
6212538869189153792
469122633889096064
12868382984608952320
12281969300209481728
13530724428381040640
18295739895508445184
15775049389847728128
13612466894162167808
9518218620982362112
9508580704840214528
5077837694778769408
3480706951676791296
8664461992472475648
6897021641453642752
17536781403597756416
12170185324498638848
15583965023376869376
8297772818693577728
12516257248186257408
6565371367041330176
4540377642196116480
13961857041449996288
12990378858147551232
13059320479177039872
15391065596721846272
2699719966001150976
14863311284779087872
943565066676554368
9515232118785071104
17343516260790484992
2960100149939974656
42925810512817736
6731822287817938944
611656941663298048
11394893266046808064
7479073092275789824
5682295434446612480
5547853897145247744
1894448965006731264
13623067776287258624
7022647459920749568
13507767923567282176
6749948476320417792
12361533756901615616
8761805036464156672
16769880858660270080
16006559987952449536
14823592328512462848
13740991699555702784
11142040413874120704
13312381744399347712
7517002613491035136
5467557203634355200
17156161831097372672
18333773763773655040
11636498569806968832
1882243161270352896
6523013130878080000
8443550694318734336
17843853309729347584
10706588388414199808
5092066232595420160
14348000630592925696
6228875897377624064
8052897301795938304
13393127407356516352
456104863294571840
8371618841505695744
2959814599429621760
11447870901804304384
17291220987355936768
12691946221542098944
9558387182526773248
17693571591933360128
576701041173510784
16322297530567026688
2656016081985031680
12954312900215005184
8584083601040393216
17467806252298258432
1816704204449481472
16806095059989776384
11836931959609251840
2085644580656360704
12764046412865148928
16715270433275387904
2159012850689227008
11030836968557144064
468504879475641536
12193687221615970304
1504631898400031488
17263321558603526144
6898781605755938816
17527651026192109568
15034944571220959232
5591353188726307840
17011821184758769664
9815944402413680640
16047180094069288960
1255262263244236800
13144275216690081792
5211235404020190208
5243924267510293504
3555971099471833088
3796849448811133440
7604974156566902784
251120712023328000
178328908561295648
18304080937057593344
17289179493828849664
8801371155055045632
12132241403279398912
3893797573790612480
6354052791688141824
8201135651853427712
1166735021180406016
10238767477318604800
5534755172233303040
7858925895279815680
5871402526202598400
13474488418778894336
1471798946570064896
1973843841593408000
15022274341280264192
11191801308038588416
6194386562716465152
2107493115469263872
1364281362082550784
1054682533772679296
6501283920742375424
10718201381086918656
15811738492828250112
136232663504523424
16479189542759778304
13037685088359458816
10344883331781408768
16597311093119744000
16843701166918758400
14556981272997328896
13819838675945164800
13098546112032520192
13379175414631802880
5483852600655459328
18070443424285065216
1801724531354141184
9419451386593650688
3912529081640543232
4283087529526837760
3245282684279286784
7625168624409276416
2636777299066506240
15333998948063821824
8298373019552144384
10639245189873395712
2939583891934525952
14050906573145534464
15783194152422371328
2869625401228492800
2843065388143982080
16699256878147018752
538315275625317760
12630656341101015040
15840936183950039040
13631109075187173376
11685640079234283520
17352312083666663424
4534358703153503232
4610259457599180288
3640017041907044864
12885332135511146496
9702107291726501888
6124345829318257664
4766596994418451456
11739098769237590016
3508823788323562496
5750527179547992064
14956606538070151168
16171745453353420800
4629908984328031232
14015860553904703488
17337446166786359296
1200379901730181632
10862836313894832128
15333865266813607936
5875080476676006912
2908151855399799296
11759330434371753984
2388380435181328896
4610021862164703744
12405031969490835456
10678521775158380544
9834188003454627840
13981973205614252032
2452806445918891520
7622005914123303936
8336203948483067904
4511328228000084480
5315970192026954752
13130104091461855232
18399533318924496896
17745119569803184128
17874598054431522816
8179655616651988992
7741109327076536320
4753886757535568896
327063228022513344
6961380541436722176
1608342650325219328
5666096365792549888
18056367657793126400
14148857926846382080
12757641331485671424
16605122683037425664
12246583181831981056
9333928878336217088
16632691870869524480
9508003581035304960
10380782358208692224
3617365575794112512
12859590349945415680
18133302584798525440
11967053154180521984
4032501128450760192
16212527954347161600
3571821609590512128
2476073734667392000
17244872191302524928
4013682490587759104
4400192642812711936
8978958469796116480
2653681299932505088
7115024284458827776
4264531878846030336
2761885610910862848
7415742299458357248
17440950841543397376
9667305219605567488
3687162014553906176
13418348736572168192
11339888135342180352
3775000724780817408
1930697995928040192
1689576585633600512
1404251573013442048
18005361146240833536
6406277275235755008
14888823095401670656
17021347829330206720
12659963558983432192
5145301351696066560
6661156723767083008
3615148011689690624
11995183880890992640
16795987687204528128
1194404565721743616
11185021485692127232
12015853491119652864
416731168006181760
6080798473129001984
7951126868422333440
5808502458188634
14797097898339770368
8114006465549388800
16001286130608343040
3343176848569432064
3190020460537955328
9769459829167446016
10066990025036005376
9352807191014508544
10126075153547030528
12108173998675791872
16132947135420858368
1249250047403561216
15580144722390865920
8018461782416378880
15559143139548942336
14121191807921487872
1618477991150650368
4656366319492898816
8595498780799838208
14346762330353315840
18286662598307794944
1601697720321147648
2957472864459149312
251436782857302720
13708301967670431744
11191708638216587264
12215339845201991680
9333697560532273152
11428803021024088064
3131424797826782208
10684454986288590848
15849193360802476032
6876103509655621632
15074203138705946624
13536740710720571392
15405446146753722368
9340634253837428736
3490213137080965632
1470993678423500288
2346919885817540608
12283804715808628736
15630486940799569920
8425177874330707968
5211802845124336640
2566158573380042752
9425961463858141184
1303338318672396288
11200169026304448512
3899993611009851904
10255971503347111936
10786731565915303936
5858953897977096192
13620477842953990144
13440827022890307584
14704296114159843328
13415962382824878080
1523184940725167616
10185072363954731008
15867077930997622784
12335485071693377536
12391335843657951232
9131868460947229696
2309770850362078208
2023069221165860096
17686501556695777280
11709695404778192896
13174242758896551936
13902094192115914752
12230079178275809280
8853018259395273728
15675305838870042624
4313484257612129792
10609233504479602688
10096932525096968192
15330304977537140736
14923808529574172672
15829338654177048576
16159872620862472192
989418222423411200
17023328863149291520
13925275133692854272
13256177301261195264
14817271234457989120
5860279221557659648
16907750285955770368
4362544567366712832
6183332530812005376
8598667088299630592
9385428192530253824
1307562170623423744
15574967804510113792
16834135175905296384
5408759541745040384
16952539427971733504
2161316342409449472
2274513154987419904
17788431776316571648
12345937100469798912
2906605207605942784
4134102140994937344
4333762657746637312
6280300688747298816
9822173987496835072
7311488575977751552
5820965513469582336
13863793829436248064
11319151975849164800
5309394383336934400
1146206327074788608
2433987045773580288
8981763794478324736
7721258530116799488
9532188681893703680
14955466612417239040
2913141952524360704
803960191060211712
7069267948171199488
4198096143400840192
8523321647024578560
6553072670181172224
11695188268117233664
17676277397885741056
12524910798266886144
5353922032508676096
16715331575839668224
3891855489998188032
238372618473199520
8487357614009125888
15026821730459293696
3186340452400644608
13473700123136755712
15940418884537649152
7141047186883483648
3330768907519765504
4668237232466112512
5768150907850201088
249567228720432672
13151626838191032320
3378116660093661696
6606984343902139392
14850901855192715264
5792491902433169408
4470588615718226432
14357838110911901696
4497230909766248448
2792254747209712640
9718973834204145664
8779278458919497728
3791535148170010112
3575206557367096320
17532792798170476544
9029075027488583680
3970453643158012416
10696591654921779200
11554320692083679232
7566532325589409792
6867066056148100096
17637788405125873664
14594193120761188352
6056299333262279680
7436499855806566400
11967578221594787840
15628179880117008384
15177816176996067328
9458635534546259968
10552889388553011200
13732471335670951936
4483418066520621568
11658101412181512192
11902729301365051392
2514200938965038080
7239952135304779776
6847111135705364480
3606206150049019392
11363007125985013760
14508924103425816576
7106170085656158208
1354265600704923648
3790308500471694336
7176705518907936768
6690256752456752128
2962683052219464192
6580513005402778624
13572365978540787712
3621532852572378112
4580635623856152576
8234498627378834432
5518832633485519872
8364624312540317696
4448919232235404288
16675439358052980736
17731217649135669248
8814797322054949888
15175600288818671616
2949786978734510080
2045804158684813824
11363580342494160896
9166427192775735296
11699632966024183808
17651676364350169088
1299161520678348800
16298694054047989760
2820043675885456896
8854549653977510912
7113400070471890944
12899254870583855104
2256898481366592512
9705722428470206464
5731250868008445952
14819220613267556352
435221549775303552
1558311952326600192
13106511221789048832
17243294379917342720
2659174284463856640
2380226105737606656
14698845662341138432
12732527201504632832
4924200493431585792
14984817010328987648
8573529673550121984
11446926820048824320
14881736366323290112
7342202237790741504
2913445140778830848
10728640473202348032
5201043021341161472
691225820524168192
6046677288300699648
11525385317181351936
17157851350742003712
6386654042081956864
17776241986920470528
6915487354437495808
3121215492115788288
1843104015922804992
15271175111967406
17025823046622001152
7304514483394081792
18010947719160494080
900556916877860608
1470653522009354496
7618392819085231104
2395081928207006720
17441424406096384000
10129967768434317312
12765440117146533888
16340232216283066368
13762245779146209280
8693245098858184704
14015800467419404288
16774357307679987712
5467117581402825728
9932808341614436352
17640005032705964032
3854157390612535808
12457308097780877312
16462157764728035328
15671320428522061824
13276730983932858368
15344699399139414016
13701106987435104256
8953311618676128768
6071603097107180544
14550369916457177088
7617147087828125696
2419874817992402944
3467657951912130048
9712527235673909248
15413890800971608064
13036305917406844928
3314994036754497024
4625576075284885504
2856153945095774208
16606840090200950784
10990931806115788800
15535035280661149696
13016656017410146304
13948649658446641152
1704290729860032768
13893334128575313920
16245554225521043456
7893257661046721536
12563072153985593344
9426407319819710464
8896292724461423616
16864895765863966720
13597891093554767872
9145184147778387968
1870746648189744384
1257597116795685632
10300713921427302400
5385266283035743232
1322546048167887360
15748069432901734400
6620886507422593024
4834015044749820928
17443814695420612608
12709796801817466880
4687744772122268672
2789834948789395968
386540161443139328
15293062177202419712
15764390579677734912
13547854439408013312
6005835052969594880
7304665170077321216
14981569244563773440
15345445492728944640
12673717901319124992
14022340995158145024
3908005707023162368
18251802928986419200
3809908415837069312
12933738121158848512
4440202013852641792
727320906010473600
11342072964681146368
18343377369665939456
6438617807929241600
7744176972341395456
15748784188863473664
18110657071197614080
15932484500345006080
11942085550769844224
6779690585653871616
13450386526419236864
8345131550600725504
5308289619266049024
14638786386976399360
14033090307364048896
435044756031080000
4064209383401917952
14482448588549263360
2947566871850199040
8771440520777713664
4186690493850442240
16431031536093487104
5041578647984481280
15246499126404829184
3430228662732357120
5357292360905667584
12489633172298590208
6627345687872742400
10940075305658634240
11812579379492861952
16646490177411174400
793346061165760640
13433209925865328640
10592300661678837760
2471575542629234176
12302837336344821760
18329453633394026496
2858352666276455424
11368765722036938752
6724074335521078272
14487076378123788288
8980401030777146368
16091366607545278464
11575413810620745728
601552712973086720
6952697093477148672
17976610222283059200
15198197207547604992
7753579076036002816
4564796167903123968
7808181330559477760
