10309135167659751424
15295471272304947200
14560329905767094272
6179433587958537216
14431453392375494656
866657178425079424
10600447499392462848
17643261166145118208
6367046676640730112
7472232146689539072
6850221019094648832
13885055880212996096
8792642335595927552
8945734283034142720
2824946665730818048
12234507130309373952
13462851648293785600
8329667955972470784
1125876943294894592
16861780225244121088
15004178960940615680
7281867546205862912
17287477406106562560
5282439789150675968
5357338434831523840
5904340887471116288
13483277548454100992
14220540731175380992
4236150798675993600
9502335383514206208
4342034052352045056
15134775657317257216
12117195619415881728
10139605827649660928
17340166182449500160
6333710100287458304
9671769373279154176
15489274463011612672
18424655388931708928
7795688242624014336
11669971242587521024
11612944085751666688
1979489879277361664
9208710550231901184
1506361617811284480
15159782637429542912
5994175524908773376
16157981558835761152
2251877042467314432
9077048721562212352
14869949418133321728
9289009051353470976
3751259594616571392
13014909738996619264
867167975756505600
8656339443650913280
7932854690462238720
16619038082713391104
16943134825884698624
17158171754730018816
69164021370074416
11007483180818470912
9108033814266447872
15928243858410409984
4643814393675325440
9631246892056803328
17508032989454901248
6735177681856615424
8695056136390417408
11003131827853467648
8749199340042101760
13342779158137421824
11430080767781668864
9635496456212213760
13485057699111424000
1749486224614154496
16200937942145202176
7963780501883070464
16768030706201829376
10070611859935762432
8313014683884251136
5444130125686889472
6702002281250967552
12192895273484521472
5935674316184230912
12618099312065134592
9916993966665195520
18194800768697466880
16501141154246008832
8812338361521538048
8803528703316285440
18239087641466093568
9261349252109481984
8403007106907565056
1841622162613878016
10075441074291589120
8442309285117317120
12282562831877292032
6138072544138986496
16794672626979336192
10346857757383870464
2708966818815234048
12954510492241958912
284335031194902816
6984582088672292864
14275563020779345920
9451261404489586688
11538677790713249792
9457057063689193472
15988377816680321024
2501137601741078528
8041205336359259136
13968805248843823104
3312662207298653184
4073756048204129280
2704835686389750272
4680767222873246720
11156363901824647168
14668934010832338944
17391309765061474304
16161342457382840320
3083022222637166592
14155880095237832704
83929811608530240
8761420161425696768
12310118315430264832
12150984643123621888
12214277467296671744
3334026663485678080
7368354414595254272
11127970061802885120
4451212858253884928
15619709771555864576
8629801358985988096
11291843939249047552
1761034187284267776
16311947976083183616
15146704293032329216
4720111334282969088
4278089133912323072
5248409687836013568
4622772176846722048
11047096333433243648
13100589617102090240
7856865893446767616
17287903969694361600
18121429647805229056
3911948187110812160
6869362408987203584
12936513534382391296
12332322537544513536
6752342342469695488
9797290487106641920
12619586098562111488
12815673617866510336
12310907576730253312
18164921095321800704
8018789348838745088
6401510413893584896
14242345140439881728
1971337209505576192
10054901416314497024
1052923804981461632
11767848911399567360
15290578270400284672
4847238190577357824
1089563979185743616
5411375387404888064
8549471578173046784
11654960295538006016
10643131749281417216
16341116866839142400
4357234950404584960
262113344645091296
8293625507868480512
4803195111734079488
16381567910437640192
4843703403032926208
3743016321967382528
930539724936958592
15057653308846452736
7856591281055381504
18186624946371657728
10764172705609865216
12949733709164693504
6039873354035034112
17293928222876323840
9379707949231826944
13370305011426580480
1565446290773272576
15997582609496092672
6053123240708335616
12544197938209271808
15698124990685499392
907819858001120896
4251891856376515072
12561109779202355200
6900130453493940224
2574304280188099072
14314180951270774784
8835481434320434176
3391999792429127680
2928351905433826816
2147865651955892992
11713403253682292736
9491580890229286912
12550018288281690112
5089475522306362368
8311667691445878784
13112487901760000000
9447055763133227008
1699258668967172864
14949825934317680640
1843368921045891328
4106054333107915776
3939385247695610880
14357234347106127872
5107813121175490560
16946747265117515776
6325099982404066304
17996353064901756928
6738145404546366464
13616381066687723520
14499772092286789632
5728732918943724544
12216812524524163072
13620738027170088960
12893478967735234560
14026495817792126976
15574396885418332160
8400923733549000704
6675021260133515264
13643897922418309120
10626854784094666752
14760735449998802944
14195781456501522432
12959752552568508416
9982073268654725120
7345656946945572864
13920875975435448320
5060014992890328064
18193563390899243008
4444366496402964992
10173562762220105728
2287902780806102784
12457285055810504704
2781421683617374720
8241843222748443648
7924222407011934208
3271570813508768256
12159938054329577472
13078734282602516480
1542647577949774848
5756886655600120832
2773490035849558528
3651521006646681088
11826837684281915392
9351383698466455552
7583406256136429568
18138920823329849344
13190712162679046144
2669382129063601664
15416510416206876672
1494333942612807936
8568428057709275136
17996756561139193856
10245218441472200704
15571067745410592768
9148917871232360448
3969967931035347456
18183220702361503744
18154964660089780224
2644791867199566336
11170546354867935232
4896584367556337664
14254638687427618816
16442104850924800000
11865800881717868544
17961842229758830592
17191558191734200320
490336668830474368
295116360148478208
17436815763549646848
9205219348329630720
5777687308585518080
1810230842328668160
8963198017601251328
8325816241467413504
205071440160387872
12921243185056454656
17033044619888721920
1871993257291528960
7097427019007536128
6595338469854855168
4518710783105274880
4164738004889846784
14061958785178060800
3969203001935642112
17127404610363383808
17698259495929188352
12291016980921851904
8178217817133642752
13676768568400046080
8168321327751996416
7808603524486064128
6358140358134843392
17883754068149489664
12879079758246066176
871991812740165248
13167422615173058560
8971797648363670528
18298150602977105920
7881656607670035456
14278006188980899840
7630141468182665216
17354618427435085824
18205075258438948864
17817689798805598208
143970262113857136
18006679242489608192
98878210077715808
13801965060875759616
9070378997964838912
10675644944874014720
4086864211147847168
15360218901695107072
10449853576306423808
5682245289975304192
16224685923896440832
8484645345877260288
3476766780025457152
5804066973509312512
2696281830158515712
4796112939135488000
17275848554338336768
119946242422345168
6590590658110635008
8481783827161395200
2186757004583845120
14976178551477219328
2633527813300676608
10331380061035503616
7806517871659767808
15135438301343131648
15127113884093388800
8052927422176671744
9129521121711495168
11611848958526664704
5687360181484067840
7314985607145449472
926912633683873152
16961872206483097600
10747092807727710208
2089365090025199104
15302918518613540864
9506478866692714496
10850496833513977856
144359273655962176
17564553653555271680
1056764122156287232
5861037921385902080
8137925875601611776
11776134275251427328
1227251009867604736
17029703857601183744
6631976881442686976
8517125693884449792
2638667123190876160
9289241955661320192
14857246510191521792
10262858491459055616
14906423249059543040
18139611407657799680
1599121651643776768
3317926405024465920
4900180204970129408
10629004194337179648
373009435255895424
7029807809674706944
17562569810073499648
13252001030209445888
13188374718402926592
2359761113044842496
11662449281561362432
864789788660357888
18278461756718923776
2143390134360583424
16462408676581943296
13840026328850055168
12796147592094767104
254036796096019904
15992093241403252736
16916563460158052352
4348931569365750272
2827344398357625856
8241511193071955968
2939269123782706688
2704135298608059904
2736871865425443840
10487959410832119808
4502501685428262400
11821209365509134336
16917327468568463360
2941766510906329600
14500532255290372096
10475266327594301440
4217515992911361536
10038662059711281152
2924313329617158656
4385736635406145024
9981035245766227968
17629560865208811520
13504036906081466368
16021615352160997376
973907295736240128
419996100575756864
16716764842105778176
1836660385934395392
5263969513211422720
17981638492738947072
2446569799825473024
11227838712467464192
18143930238883389440
1346074229254073088
9900591502646597632
14256691528250675200
12490063135557945344
562398320962960000
5411921695657901056
13192853634399434752
6220373809267147776
5361965311644320768
13714277944605872128
7704165141952216064
12422149352866228224
17585056086102587392
3422763278011183104
14826413614734870528
11234535080338669568
16151064079683938304
12721388464335167488
2016241226229976064
1697768311182772480
11647409259730931712
17950534741381945344
9758495228699035648
3691153542127277568
16283676289881217024
7087801216507024384
5486292167821400064
16352116103424704512
6155469806459599872
2848285779700778496
17853262082823313408
7200194060046878720
6784620812150458368
12608499341567592448
11933794971723257856
109977034247313360
98381675358683744
9795744917651386368
13462580053955559424
4923711342594996224
12727334315518984192
6557760613512360960
10011768117575364608
8289580557788582912
15212522829071665152
13685955849326786560
10985237538024693760
15192127192924145664
5541929630612810752
5179722146788304896
12371641839274055680
340028455943024320
16065498827537944576
16800200081289103360
10306321854317615104
5767709456253458432
1038583613653811328
6482351892093158400
11877531679501940736
12771364367040299008
4337817839432328192
4587878274045119488
15406343142399789056
13006790255811823616
1385950461295643904
2289597776937400064
796629125786022912
16392195150713378816
8791206629662389248
14993000318717675520
14309006461940600832
8859755345251719168
976073273331795840
305439042902006464
15810212322813165568
17336830984342147072
7757610224116936704
13815182625040975872
13891134964571023360
8094484805699660800
16393291539524276224
1293153321287031808
12489125223121872896
6998129837974417408
533259551672347904
11595714962844717056
14878277523218900992
9737908261821083648
18137292825194153984
3820807384688293888
3802368004063874048
5880547234009701376
13071771995238277120
2556060938499082752
6014183550188160000
12755245137756397568
10781103458760132608
18100493784064169984
17369333951798177792
4795384412251620352
17001254019725754368
288981742911917952
4894931740863609856
17985168514632204288
7224525748812918784
17839561409526806528
17276668633102866432
12698632712617545728
12322953252913141760
5712090018755499008
2945153123403900416
3577410481269084160
17422840760014596096
16620658127410255872
5289919280521531392
5569843169698408448
8487313502942374912
6667864784301541376
1339923405805843456
5817853346033576960
3433634004127117312
3209369799176112128
12070224880884879360
10295960038558752768
9200183728006532096
4908230324672516096
16730045978203504640
1499412732746765056
13585414545400428544
661355099307942784
1627138775948574464
16826712149458335744
3618213084646364160
16927836355847784448
3770126864643424256
1077139107084509824
16589871214639347712
7200590252837840896
9760217676200099840
13318600490013622272
8609952473415672832
18148242422977435648
14074401677628190720
5322855841996300288
6895354582124950528
18389748051382171648
176423862005143168
4184696495654680064
12924762675630491648
12516087426881818624
1431675898913461248
6961173219408926720
6881653150484546560
15552771201749927936
1058650215146899072
2445808370375579136
10986937375629881344
17747104918082633728
4006492254609957376
4080371323776712704
17179128839552964608
15025118861084088320
13590428197081161728
1724777365045518080
12211047758361882624
11523797660670291968
1350556225002770944
4490099184043453952
7110100626279688192
7358875520061034496
15221481007816396800
10871122700657991680
791396101316467456
8528246525800148992
9047992079574185984
10779541014480482304
8939873941504294912
7100901646352152576
9050116428071006208
596470248839254016
1062194944958680576
9365943161673433088
1068597084733101184
16972668656310837248
11521979086104469504
3772343198704749568
13718121172443103232
7205907456909902848
8831973442644290560
16241679300225767424
10763355354071367680
7894741511081009152
8409401910083112960
11899860495704301568
6682647166535946240
14580260846177587200
11966103656906850304
10409167502834925568
11959084407600236544
16303193427158673408
11101966804763799552
1530335183173354752
9384439601735698432
9027524646984202240
4543975990520178176
13175242246840680448
18415049183328460800
5488994288594558976
1562260629556672512
2413682597401638912
5915951573284427776
5955118656464955392
12651487346672441344
1912682391858071552
2089242583836419328
13036859775261175808
17623152170517315584
16826593796762726400
9710259855888508928
3270159179517796352
1085750841691291904
2996294316523219968
4064623461792814592
10633799923306043392
8528432202657845248
10572286223839793152
16882910793531582464
10295971051760697344
7142854603082048512
2573914667509776896
12634966743279464448
10471920809300301824
8849465365276516352
12134144659880069120
1801617989786427392
17214827848492576768
3306376017810827264
11152205623647631360
15029878443904458752
6223030912946436096
1201410264848736512
16293955156730638336
1838970448867366656
8869982402690108416
4181655151121627648
6513439201571564544
2150978601110780672
14651914811541258240
15523771269994141696
4652526694146569216
8164980979211139072
14581368411526621184
11361788485729361920
16434283210119426048
13845168952120866816
12190833369647562752
12904453321561059328
8492351136251220992
7181961577518698496
11751750648717064192
8237314932478499840
403491338558522048
16950914111074394112
423196927729704896
11292776389687197696
713636369078575872
2292320916001124352
1336650630364766720
12224284582652612608
319483077290931520
13343712066828789760
14037668311468603392
14824897951553476608
9678207577506295808
10194115741279848448
8746878415982365696
13880467396071782400
9369436601644142592
6949091109368532992
17719820402336256000
6738599135757140992
14563834972413769728
11196551865657673728
5191850946285832192
2228565017958041088
17716378416146808832
8919130497241413632
12482911472799502336
13991694074224101376
5051326719580536832
9796170217444038656
1060923720056333440
7454269389277448192
3206075054712249344
5049996990279123968
4053502498597872128
1349644543967988224
3006409049894732288
9354019917360349184
12983562895680649216
16316594298632785920
9208953094544083968
17359646003245494272
8226098764366120960
8250487725216036864
3335789274037490176
4154238254940897792
2851661902327030272
12282863177936816128
2717985642335326720
13284173217171931136
14348126248925749248
5963039016850493440
10846668769041942528
2289611789800243456
10439594136196239360
9352122374230784000
8009055178777905152
16944720108363515904
17016256813959888896
3281164090700441600
13292297626748534784
9847819927515291648
17409758213939730432
16661306537801402368
8426987450215869440
12768960213496147968
17006999075867420672
8638396458964683776
18350432704682235904
7140330293977330688
16094223148361316352
11514297298338820096
15811151215297505280
3726646117676314112
17785749138173550592
1403651620129506304
13096341186431401984
6842760334661095424
16711979131624478720
6813216186440337408
15560622588272936960
10158195217243797504
18410475928985137152
6498774559322476544
16230795436655947776
6300823307721571328
6097587698056544256
16985204648094668800
8454011714585124864
4519578516128402944
3321397271352163840
12040134385894400000
17583515901481019392
8734539565089094656
8476876738901194752
9140861185074830336
3740099668251892224
6317921144831002624
5535323749825149952
2757870124562903040
16459762527241623552
3750320257870401024
9256708996693170176
2942413248036314624
905871824549795072
9120396055602504704
9469846144243947520
12086744606243493888
13561747097532936192
2069913591648895232
2000718090186949120
5439583522958203904
17945778491637544960
14876331039874897920
10276651142653345792
1376478918971959808
2025533080416934144
12878863698783551488
13692846000153077760
17761340233932316672
1482114671018018560
3174162451622295552
8658380547276936192
16077535051885211648
5039706383712287744
1233006039006597120
14282490506495031296
9110936980498454528
16539574119146762240
2389508220830912000
5058740072587606016
1842378464379945216
802608236193804544
16983439178320498688
8816923277432571904
5457294462474164224
9336500495981584384
4031921218241713664
2062521084653201152
7464398152176071680
4042604845873079808
11608415938668853248
6426069258695398400
7479812145067631616
9466124277099823104
3912263972790950912
8726987723176384512
14325525935119749120
10279706234717343744
4043595579013167104
3816725543616774144
1562180045719662080
11769199044844761088
16634912117788766208
3650587415994053120
11880163271956862976
14485436932931317760
2672400534280567296
11334211488657358848
8755608359282316288
6121100681818023936
18418188403909246976
3381449391793811968
10202754159901292544
2472209548693264896
3232483666880292864
10580895828188057600
1484737241227112448
4097143798994091520
7175898831447337984
18303030139071473664
5028604671068603392
9039916528008739840
9346386629238083584
8767282146792795136
11123410608538275840
5512212510306436096
17240443194580658176
7155246244781874176
16433361487309815808
2694772047364839424
7626298590975079424
14470730267369353216
13128472101503010816
4745898261969287168
4677546607780703232
11894078879479277568
4885085832478701568
12358388258028648448
17354946276271321088
17232621091987331072
74209947378335584
10004081114191947776
493885138262478400
2829195629835233792
14408526406511212544
16377210748730890240
12764315113713305600
12487107488977127424
15959295887911858176
6760680289169792000
2022898947634771968
10435982187566839808
6701154511351688192
14251805067330736128
6972408233751780352
17066689560640374784
5261449219636912128
16755238378657138688
4882999968049348608
1431165332508480512
394326284000422592
2615746070860795904
6314569775178936320
1798083462995464448
460864519630392960
349625745230727232
4914414047260940288
17221772965186103296
4669795097843738624
3899287257503274496
3771809633312549888
7788362420215177216
18169860400490356736
5448797216936052736
13444665345682493440
86034902595438080
11130029787613276160
7729791748569354240
13461617339017285632
15814407548324532224
13590714303822118912
9327167469816320000
11628072696518871040
7366828166152066048
17526322010211928064
9337622517243535360
12755845357079343104
13335591530829225984
5871869456880946176
11058747686824142848
18289861054017452032
1683661810145847808
12240734712320550912
4908634210099402752
3270931121422766080
5117684499758132224
2821510335425610752
13178741628728975360
2802090020244995072
17701602268226179072
12420246177803259904
324742570178573632
10331965789882722304
3243177761385748992
817068270473829248
11078627888597567488
17374260190614067200
4130745964159329792
12720569728293040128
1499583333224607744
8794602820773176320
12496434966630895616
15464857473638866944
13838293955774570496
7741390211116040192
1423191600784312320
6768898954611266560
12080508748326809600
8059170822661456896
124375109619048944
4607395324326368256
9152381957502430208
13007183884015499264
7706181152168371200
16089747798613342208
5541367329729236992
15406751173788268544
16645475704362917888
17776480099947036672
5142632640876514304
7288208313647063040
3686760326638810624
11309335247131820032
7364118967244813312
6778401954963673088
11600486336458489856
5072461435704282112
14957952564641744896
13657696806389856256
11373663715495194624
5010495830139742208
16688032817290688512
1718672932414811136
10261971900737775616
15269258780529651712
6279262095998773248
7221000999415136256
12319352587333079040
3588482710342901248
9979764842463977472
8530862242812665856
1063722739014142976
9335475239607676928
10871365300730523648
8643280791801877504
10028023033870149632
13382412614886500352
14586599670776942592
1172099810542965504
1911423732863831808
8991601103158504448
7921094494350584832
8570090909288353792
174110791048372576
16734753129726924800
