16813476059261069312
3740873969713253376
6442448312141346816
18253202824045426688
6905126935071314944
1654668475657652224
1780116263357111040
16843703784929044480
2781860074452808704
709921211588805632
15633514383030429696
10186490159319959552
14431050719169726464
1120399235889332480
12644179916825841664
4427812737850816000
10554739470294659072
9876235140644061184
2155050408783764992
9007112274875833344
1463457632421544704
4636580056632071168
13993847724997249024
7635635053970435072
738820979135167104
6543378990567763968
15427611493285425152
14485535157271838720
12303712248003774464
11487605874495172608
2247681758832658176
3412716697679051264
8724647768902616064
6284786499970560000
14652642053241616384
250867407800044288
12304506008637437952
14933818605643311104
8855088491270923264
3284552254182291968
10536156555002589184
4889981340621501440
7068370538548334592
13718283986695569408
13888628985773574144
7539862296389510144
15721969814775343104
14843456397887232000
5740886177649070080
8643927450384947200
12704582035701012480
12322032618802495488
2680967836476853248
2462505751367587840
3340808315248955392
8179149758919666688
11957177665829810176
1540732381733002496
18291202736112025600
7558491743735162880
6899136009789398016
13199023619991003136
3497909378477137920
5849726864640775168
2793920318460983808
11139940318150383616
8623309200102686720
4950408150696515584
12982936921755334656
13030439372055797760
4608291206884636160
10490620758057484288
222685256075961760
6231401951664531456
12775147557657966592
1237635805846721792
5020354848347127808
8370440989985905664
10716934101661999104
7081295073291496448
11744154798824902656
18180567945576968192
11419035297078558720
15603312821795289088
12533212954288070656
3057814877455229952
16682435137623179264
12518333691825483776
12462339260087961600
2550052150577321984
18397785529408878592
8539033201216784384
1079463246727005440
3320917816093757440
13137820730027231232
13412360470448467968
17957628356189761536
12361189776360804352
7614700905381065728
8257077292542042112
16932371724786929664
1460396770269586432
8685878219142923264
3727380888967768064
1834161753725082880
2468408536550798848
13288076194124961792
10535397281468579840
6311840278160984064
7208622056783579136
2743123890409208832
6068505593485172736
2861666359115746304
8729756216518000640
3610582850132820480
16860859384117807104
7133424583253665792
4709187803802144768
15640188147177316352
15119497716730847232
8232238842743316480
4718011217461795840
4445225500381556736
1916126301566565120
8428858095520574464
10490837211943446528
10499931664738451456
2032093909200967680
8081011280095201280
11367626189602523136
8411424598914866176
6604932820540734464
4505352803456125440
3398758361956707840
63290285168012520
1569912722276758016
16994272453279350784
1955973190336663296
3087678675142379008
12017846539090898944
14249110232070690816
7943966303146876928
4445446800517551104
6245731117946937344
18218525319534962688
1838842430388618496
13274722360729106432
10811369989543340032
11402571531178692608
10680438714739851264
17569024323322234880
14482137232671264768
13511974694385782784
17306558928177827840
577705159634958976
11357860095342893056
6096702098303056896
6628112999216677888
10952970178536212480
187037642461918016
4535764294953764864
8209578457947570176
10724439144045017088
8722413596716064768
9547317063240562688
13919367186852225024
10938255441479907328
5322835931629682688
958506200377516928
11671809893383464960
12928205422120945664
7847907261706054656
2332411635586487808
10300181576347299840
18199842227975911424
12617858937312978944
1617743417756480000
9645532021076029440
10696290580370206720
10407868595295340544
8332627151438638080
5831440281400254464
2346244429653024768
16776542963885445120
8000974892066916352
975376164169827200
5011365188887443456
3165634929061245952
12485834565357682688
7512275889356712960
5798011469509178368
2966892319031259136
3701527863229875200
5610051002345547776
18376062816391616512
14225716275612198912
6623739163889428480
10884287504596146176
14645268586653591552
17517166983795625984
11709324355789529088
6893090272847130624
10221100396297783296
12694037935588507648
15642172774255679488
1002553759989403520
4043868057729751040
6817141187061387264
3342545580447517696
9919121678508943360
11940775142339479552
13062906755855001600
12001994765942702080
13944802810623084544
11787607684958873600
11995464585551433728
17521310314916655104
9003309596375380992
16152374987920904192
9806868926089756672
11307102206350682112
9851908097622777856
3999693167066112512
13874452325884194816
14606078676866828288
14480760320734789632
4738220610785734656
2010059043429144832
14070809415949225984
12032330862710224896
476956379282144448
9355623083461091328
1962182240756542720
9072127896560669696
8680732269305869312
12847807563444262912
18104569873084334080
13834181271763838976
1497409760620976896
12157096817463011328
15087510553705052160
10660257730785064960
17281552885067280384
1940489120626853120
7985664474458353664
11497796398162862080
318799887042079552
8767884005236769792
16866551837104076800
661296897687981056
17358116249572210688
2591983267929603584
7180726942741036032
2903407606683079168
18093420184546072576
14802657359600889856
13579631461995161600
8610055264548580352
7137070789478041600
4393310454355870208
6250449694439579648
8451731462734863360
17711564834289719296
2044386544005389312
2698937131752039424
7339995551180647424
1409769295097616128
11781611673671925760
2354864770745344000
4138108198895651840
4007008748615526912
7122151925801100288
6938761055413780480
6841881732408587264
9042340314159989760
12115002178386548736
5660527444982972416
11257934933557729280
4999408631112233984
5849450265459019776
9725064226526652416
9537411868667377664
1792697154350620416
7349262130850498560
11294078714671278080
12273195606139992064
18439810061490923520
14871788615380557824
9715900810483494912
3124451114974305280
7844943329529267200
17069351057271216128
13945196853629851648
15827124626023688192
9725218600865732608
7398945184334425088
13432982868421330944
5403180486485892096
10100136966697160704
17472408746530664448
3078574192038538752
3100731470796692992
1316445938207030528
345556194700771712
5419574717813335040
15362320715946717184
8747657365438240768
13984444683196073984
14399767851308474368
17326722922514305024
1792770996567435264
13068227325892493312
9694283542722191360
10909497544553025536
17297150115898793984
79771658546307648
10252283699550578688
17733005082237923328
10901385213566144512
10580147210509287424
14151147052160163840
3712626610949205504
2418187096881085952
3219936764064404992
5637932245336539136
680475397283576064
2571576647032514048
13121506340399652864
2511243838887987712
17854619251403667456
18250653190245058560
15556638406751983616
7607793213392393216
9455509598033616896
16060449743330734080
5696182671250593792
6549549898350086144
4954868402663191552
17317775658165856256
12466198028399284224
13760417491571163136
3484924814879263232
8993354563549635584
1001791784935836800
8792022802002087936
8207472094097586176
16810006487455076352
2495622041467623936
12199489277564942336
9950618282722500608
2831011846402969600
14921032827817480192
2163648680858874624
12956816914543796224
9648874894529585152
12836324799589435392
2987280413006016512
2979381656629450752
9448879014228922368
12663095031459596288
13765891837307920384
15606076658299660288
9278100445991983104
7814661525679724544
4093010085851472896
13597710102944950272
17029980256398434304
2598604012091348480
14045427693040359424
3601375147198331904
11683179910203015168
9088990908921891840
16863883767431342080
17709186511823339520
14041698302569900032
10234998990679861248
7775134848054495232
2458074826973947904
11572689792600875008
1780672499129435392
12858880234438756352
1560029403154964480
12593321292738783232
5007686583823519744
7695939828821571584
660920353285285120
2550863581538501120
8000432800433755136
3872867256142078976
4159635080973426688
4618366418574674944
16101180626065393664
16190641051248631808
3886586143619619840
1374145702563489024
2835486261877956096
14289866672929826816
15152533529226139648
9849272581286645760
501653909286990912
9970457007321565184
4820532692273953792
15542699982417754112
3147290247345030144
9804856142967144448
10918405182358099968
16947561402440904704
3204049717452046336
4921425805917788160
10657363732147355648
1700189081929630976
11914759156551438336
5099170913098919936
6847893317978443776
13582985103257473024
18357448774889721856
4159661408672272896
964609872524302848
3528934135568053760
16325584634937241600
13778512937813581824
15873440919586924544
8936426232271139840
8546888566131211264
366932512777508544
6181971721644182528
15139120771641069568
1707882451978093824
12890965004373020672
5570497073494026240
17259361508540968960
14067983528979038208
7265759581319507968
14999526522222006272
12848309029361152000
16128700381087643648
6015648184456163328
5098520234069373952
14158942404547788800
10810342331807997952
13916120306658738176
9317109821066827776
11206218800317202432
7888964952687745024
15456229035250008064
10442856474890643456
1541187912070045184
6129497252044787712
5904834949349539840
8490338105995468800
2399112463672330240
6123728617231773696
8167926543394142208
9650424092312406016
13644549308848515072
18096002406192328704
9027771818359988224
16257892514683310080
3657185517103118848
10587332579422818304
12492237800124905472
10400641339913881600
111175019498838800
17772219807673954304
7894151885156739072
13078222315403325440
17815207175548340224
7247362702287923200
8601505280712598528
13265282381694560256
18341156681101760512
1884845677007995136
6344209654665966592
12863259761331507200
1928546064761095680
1554451321920404224
11250304084133244928
2146170378000595200
15646396394839269376
14300469333288468480
2028303989134853376
12047676887389564928
14066209946688759808
377574068647662336
7698628572098556
6024694401526841344
16465296575924340736
7160824711223208960
1091391144130206208
7432772112018810880
2302577276081919232
3067303359723231744
4502965288621675008
8190418888689054720
2854847711563947008
3729074427744518656
8113096424507237376
12974650433860921344
10074961461270542336
12310842597910603776
16081911963641927680
10081360073312534528
12480260250077294592
10078001951536642048
147981110330832224
1723382438182997248
16271916528149618688
12498700623323531264
6701859396082600960
4375404290604786688
6966214290339800064
14467455821447745536
2552290035237855744
3105856650198512640
9555628343729788928
3503766396731109376
14397002632717066240
10579922151867080704
9433218833576175616
16131624932930924544
8779260536188434432
6381343307303398400
14500091517688115200
716987362903913472
8700102718789398528
8632061529590765568
16201800956921274368
3243764475089683456
10978711285001463808
14769697980526850048
10953918784669421568
4080843925084565504
12673807701884579840
2911890424918519296
4372556078560567808
17656478009945722880
11699796275322257408
6529911563686226944
11385818217464025088
10571650398006427648
13770384694886275072
8654305522209568768
16171815000289998848
17472645736353474560
7620872463943088128
1602320440021499648
16344662275240609792
15412573104059531264
13475766903540195328
7085815581474001920
10797634650416148480
7872533804763150336
784632747927771392
15713315857898612736
15745147151445485568
2633005961622896640
1281569235798519040
6562921890981877760
3660814800004396032
2443450852147777536
15713216176641146880
3006834394299706880
4443023065919203840
13803375021818228736
2714131495106222080
1442893806060787968
12546278696548335616
18211657815123015680
8171285852650860544
1565831678318115840
1036122297380468608
16401347597292232704
17768979436303364096
6405192730073775104
5169987715223201792
10694204951630157824
227772601156021536
3417690843276323840
15433644132402440192
16716365447343806464
1709376559355921408
4788035391591657472
6161818822446072832
10682798633382137856
4710359016055552000
11427830236644812800
12239500624058419200
12533513828029620224
4395083392592390144
14115378101590921216
14384708605726535680
4529593982311379968
5810979799102568448
13532918115191834624
16256392003358236672
9568445153588326400
319237442631946368
12339160619110152192
3842171717342765568
980965660801383168
16024784468527853568
11603379002233604096
14310570047063605248
4600407506003426816
5663896602412061696
3749875533719824384
11797417100652998656
2071828664710020096
14655134246454751232
14493058968506533888
16493135454605426688
17174775792938430464
15498929063095574528
10451422078900373504
17568473283877038080
4632755648589478912
9433542326085031936
5119004375602635776
4717544756521665536
16857331690227974144
6926145401752486912
10252102968555759616
11997449777605453824
2965847550241220608
16522405070407886848
927396149114576896
3027148181660172800
8298699766087900160
14899645545452775424
10420719326334765056
10462204198173286400
5888453557911258112
8157486599307816960
14508301333955831808
9007330578039324672
18182161843852392448
17037541905792980992
13117690459579738112
2124963828187543552
12867286179979716608
8055229310012706816
10494784456252686336
4467091966577892864
11367870050756708352
15966987403470364672
17345777619972935680
10887903083554674688
4148779919033929728
13815108749823571968
18314509336407281664
6106197644147894272
16634672501929723904
2165677459668873216
10789684361765548032
8115034132844023808
5349289496274163712
1139643887687595648
2083030393657523200
7561851568388669440
18150309081181755392
70039805069903416
18224193472369899520
2315958809538689536
16014282584413599744
2214166322464291584
3858238802449833984
9939607837372102656
17120289381589121024
9569320895617155072
8068707488433549312
12014310299241684992
17498216263742853120
9886822748521304064
11629159627322202112
10777651015217692672
5754655796391344128
5153092289527666688
16623206197752776704
2328006385525327360
17424560178035105792
17686818896470530048
6534109757283827712
332152790540399872
8430927527322427392
6752774464033607680
13294638357586669568
8629943730879995904
15392965837656764416
5507630781653496832
6970721642378785792
15185009662074075136
10831340268760129536
16692266963033722880
2002630424848704256
13878890848705988608
7604778218800194560
4689170542985158656
8815483466304288768
17304405510274791424
13741886522917605376
12302946483288508416
14093662318031542272
2352719166569938944
13784242243402983424
16230283928578787328
15684677586782609408
8806434611315837952
15911193074790279168
16489405861052485632
3787796764068935680
2162673356076658432
9927390192777820160
12167385864410226688
13752141031962380288
3517917817906267648
16809037915666841600
16421092738853185536
13352559764481284096
10466058782114457600
9625394486755624960
16597176184792877056
7297891647250363392
3083762544782317568
6735017484931607552
13436844130374103040
9306766714695819264
13779926999751563264
2693014944518290944
11019689511711674368
18041745395691962368
4084823693053237760
2896349271202326016
8171277475045010432
16013443959117543424
11612176829430566912
11616232098982846464
4464684623049896448
11683117094383669248
6029790602802672640
11307969751117756416
7720999438604608512
7466057565266580480
5934011414619040768
13472400010801678336
11947468179908007936
12148915582900899840
3663202578648344576
11533565550627776512
15810617498927214592
10663949667609567232
13236154383619317760
14045644130639788032
239021844945013376
13091965792957595648
112862447700096960
4096618626704758784
18336151850163068928
4282299066844569600
16175256115144587264
1574882534088945152
1430326269443258880
12364234737200175104
10589994461306994688
13017067876798545920
7332392176237795328
8995961135286468608
8465873654531692544
10256410955506153472
4893856911880899584
11240797516087875584
91885652998579184
5274278203981988864
2131381481919783936
14881069246407172096
14865900483273428992
9300988127972438016
10121050228729344000
3588591997150422016
1110017681171818880
14801715792539025408
10652902396779560960
1942033825067760640
17373308342420234240
6648774265205431296
4049843813844187648
15569371671338270720
3980664327541803008
5266495745122257920
6556197338633491456
15019076608065462272
15648762622492012544
8144169862777862144
8313557934320894976
10965507088638019584
4945643207282188288
8508803443483333632
9472383465857257472
13744831308351688704
14184117842909534208
18265732985063012352
4587287188027960832
7016652626947854336
3798883384045879296
12579582179405500416
2766767689208453120
2412856632984947200
15393500659340595200
7931066014750901248
14730655008679294976
4588651306850551296
4387268626359846912
1981357054303883776
7739179393663880192
1276328868426761216
10549724360508082176
1668245178874606592
7260734363346391040
7176291928136993792
14072335201791021056
3181884799689597952
14803656056119523328
6431815657813659648
8475931616199621632
3057148178888281088
32156235615984280
1636363636321581312
3257684852490251776
9220125292426540032
6593804663298314240
1850773898167067904
10800867573449211904
18217853166028044288
11180532964990423040
683088281281799296
11914689704458256384
2359773906855718912
9301136349398241280
7812897790214697984
8787270815094421504
10105519954784024576
3966907948544034816
865677237430579968
17598821903315734528
5434016255473652736
16292309778984888320
13812142588217577472
2979167554609601024
9489759564978812928
12963032616168058880
17391242484708497408
3703699290665329664
15080992336306135040
18138555348106188800
13252222471852662784
7050420629863879680
17725938689826615296
7857836247651604480
17762243447845328896
12078192833713281024
2160243857916859648
17144435260501610496
8753796411119959040
15861194265245034496
10775876567429212160
9669448272510482432
15855147816906237952
5807722221755884544
2657708818351309824
6924447476944628736
7673600188564768768
7667997562225826816
14984919034027606016
1642343625437294592
13733474632371355648
5088386486013666304
1901568962110606336
3610602457424512512
13556634090596067328
5254971983897921536
14225113787059109888
7789516357676690432
7455106493891614720
9047954089521716224
14319839882833401856
5402925467985305600
15870660147928983552
8341883626209207296
9878765036449996800
8350450643284425728
15498624650492078080
3664554058471856128
2672890896715320320
12066548963421491200
7205013512178415616
154053463776827904
7257859056960235520
2296113733423978752
5617815247558607872
3157013594562006016
426147840698865984
14911469704135813120
5560958176014979072
2400236065441967104
8877102845546691584
4772461541802121216
7422177801954117632
3127105115929247744
15154555330906324992
5950964385016756224
1600221121963201792
14806880445827049472
11297786233441628160
7296282440014991360
9646759727137288192
4870415678873225216
4993200907640486912
11119227199688097792
2467079652583169536
11790318720507392000
11199134867828516864
11138053739406708736
1856684355287187456
11422241229355335680
12407184206665267200
2303898807067442944
12735464979189686272
9957836147452022784
8328112881572767744
570352738094373376
7512745419737895936
13563070048436750336
7567088849230612480
3353646752395476480
1037829169205890304
15995537823771822080
231451377247515840
12790714202222098432
7149224715474377728
4451177803847721472
3413953356348647936
17728597946473695232
9803004425766959104
10142733087656701952
4717527912340032512
15834412820197576704
6465526449426561024
14521973048272244736
7673382083441592320
9191748177633584128
11591883307715897344
5581510085928371200
9618557013805012992
12110537371796353024
5365472301036810240
2639710335307590656
16713242258402676736
12415871612992372736
14190220627311015936
11440992933676513280
7960940886142835712
6780536523036324864
2564378786787959296
15446642147602528256
2035425957511565312
1596249174048046080
14102334719563821056
9978541830054133760
17586311309971505152
12054629496229935104
13714694539207348224
16442460052212324352
11979097171677992960
10021650971552948224
18083410416357685248
10321940593908715520
7326152838469715968
3587876193705136128
14669480913557764096
1629634404909583616
8628654246141338624
15611573865453170688
714575882226778624
12829430834102120448
16234241023079667712
6949131560188991488
7069624817549701120
14846909420560603136
11303262420933644288
15215004896896407552
9113334321598843904
13570779772176003072
6436217962024941568
12685541827503640576
8373191841122252800
16661121951207540736
16591651284886921216
972658610958839936
4522140427998484480
15653910450429304832
11327178477385359360
