14731560100256794624
15518969573042442240
5288627725413948416
16837739604975788032
5945027186637209600
17626429652546226176
16841694761696987136
2406173989433789440
5535159955488901120
2862850206721641472
12112210981549285376
8116736279085252608
12189440775865944064
12385303020847566848
4124474999985244672
18361870549428842496
15144888208033167360
824905813658083456
5304773698449627136
16300619620498378752
17611445271880792064
16051299085122625536
1011062340168335488
7514837630397001728
9917929721786179584
3264946845865778176
13383017657249353728
14697456791623481344
4063652114509328384
13683792875251939328
3992411457536529920
8419350244632894464
1750188531882343168
8205529206925218816
15484258711861678080
1888713816819206400
13148628578244759552
18406711590983806976
2488654059333517312
2218080879425389824
6187162549458656256
10674047679972954112
12880030933535705088
3364849489532018176
9822189090777008128
8784407005699901440
601959779024047616
3637425080530155008
15168318659763073024
668658071216083200
11852411215753996288
1631960312159912960
11126360368368697344
13099449227684399104
17789297574671884288
4942672374775166976
3658106827409547776
17941798549681541120
15595915525467215872
12952768022841108480
3928544633633417728
2322238035110787584
11086195673777502208
1163525945395591680
4011643651239072768
928945906715227264
9513219553957926912
10681897722942732288
643112663006506240
4709901640372400128
13171005086647803904
6917512530534867968
3821512591541944832
12913441574579660800
10419030122105065472
18119691359652085760
3344786481324417536
1892839091208150528
8546274719351728128
11331848402323326976
11639443114890498048
11085558528947245056
3157651324539020800
8007462074066256896
17855248355063185408
15625682478469765120
3881700294854205440
11123570744150454272
2023202771500492544
15031070363223191552
17280953185426153472
9254067840724596736
10288699230466873344
12632620548113229824
18080718972324024320
5239804770639642624
4029481980430763520
6794293708385661952
15970796832009814016
11301507130987812864
12957596826565328896
9080127531731376128
15426576748322250752
4860411215725336576
5291480570750164992
2026270967849314560
1442133562440314112
5525859991774497792
16393147720387215360
11055791104305147904
7946774501565299712
4217221212809043968
16949249914148388864
911616816569960192
3142672151974285312
8243839385978898432
10383461583592376320
5570105003930893312
7752817653744280576
7807369642758249472
9408964136962957312
666146943310798976
8714554106628649984
13478864164357744640
17116797071243163648
7793969290145579008
15215337362767347712
893819856230782336
16933491840310130688
8957787274662649856
16958569550755219456
13417596688065103872
14183305439121614848
11489135016475717632
1794166626762932736
15563364759310684160
6272267272167340032
5292518613028552704
5805508915652887552
2689467626637540352
6058287511225998336
11331942647566155776
1328628830898922752
10313116426211371008
15158464929149384704
15699628880421257216
1993065131501155840
2354232127329374208
10823217855899506688
3391496088022188544
15164371158012160000
13661899844579704832
9557284903207487488
4354297742102161920
1310463092848564224
6921988990462909440
17910430439332993024
12690873597131403264
2406190079921470464
4997022992978066432
13733409392008933376
6437381195185347584
14291917007792177152
3094127989315342336
4097735111162493440
1861410857389392384
4220539820539456000
1573497716579156992
9473917120151123968
7713189700535495680
12092566800946726912
4177537830981455872
3660408321909513728
3060735265050535936
3991149589029563392
10910946194013628416
1359616211112042240
11366057529941131264
16990767192602640384
15082531626641170432
2537072102990242304
10730622601278461952
6703408510506883072
7291113923311832064
17964896889772496896
7914080474049218560
6197347257345950720
6505758600331868160
16221395602752612352
15295102996479485952
4893639632754836480
8939731791895934976
14851103163029843968
142130543825758192
2270335965243356928
7794103702702987264
12268456824010012672
17308606589017774080
756981420993228160
9339828515081484288
16062706703217682432
11348739854853267456
7197237756390210560
12500782912536258560
17964757437785477120
14405176121650515968
18179871012465428480
10434805555414243328
5514755499499017216
10813744574834524160
5678330219212971008
3904007155861915136
17439246871331385344
13348761922018680832
9488771659232385024
8775171340272475136
811439454099757696
10255658670942793728
16313060800381775872
9214661841510086656
16274287320234029056
9961679489601040384
6996593635398097920
9128795848999095296
9115779414722860032
18187507395825620992
13223552256073771008
6594437161201349632
17245762359841701888
3479683180427053056
7838188559974055936
11351176405134055424
5062593362779884544
8248314840745691136
11231815666026584064
2788023859125678080
4158836627222276608
2588073124420987904
2198790197934295296
5736539607398615040
6468392488699011072
14628200006751940608
11558037840024225792
4304428115609546240
9921977970417940480
7016273403664957440
12377015348213032960
180501199259721728
12251983351053565952
5560682864939283456
706041254185908096
17536667085848403968
3461658688323547648
5816543821487192064
4112030326071112192
6843814114189591552
2930862123813918208
769583635407996416
13452549127544827904
1554083797161765632
17426206302929362944
9793747159326697472
12561232326565578752
16936763454419789824
13121626073774659584
13931308966286022656
14111779598730094592
4435940796823915008
15747387633811705856
17201723771491332096
17959257324623685632
16893141775370313728
11023466744339888128
574381103870496320
12137335733240690688
821422500548016768
15967405437318283264
7710898649508208640
8066544741357138944
10432995285349984256
8883928415436301312
16502167031672819712
6243508712153201664
1311357733203195136
3554765224631575552
15560256994688552960
2372518132905489408
4380035372306256384
6301992288296006656
12706438197439709184
4440310200917502976
8528849908900243456
10960424912533266432
10394357718892593152
14167066025515960320
14708281345582559232
3689755891088236544
13319504180043409408
5307943264328397824
15066152489197537280
6914568918403409920
4790115299334582272
6096262478137632768
14798948599671142400
16407858222171934720
17818801013957394432
6591529264844766208
7199799053485711360
661215408878454272
1923114725599446016
13204100641775251456
7352276717574624256
8172028322220485632
11376708306342778880
15060061607594035200
16374164022095020032
5133895532181851136
6364084223805926400
7990291214274224128
596526275069093504
1880946074445975296
7762120796708284416
17261589170189223936
5916541511077532672
9996750624144076
15174480119435552768
17188842989828585472
2868552917404205568
7333891541603080192
4017941881741332992
9562806262064211968
13040912723348527104
5710971372783370240
10577647166881265664
806180448043836544
4666569429635297280
4755437825694128128
1605605462377087488
16035548963322777600
10653875418051647488
9538704442916556800
648687454625270144
4094226931064046592
6976302852003558400
16707269548866971648
5938647173235647488
5472199213659014144
10479083837640165376
12057696984732307456
8578164163973369856
6691279118576954368
13547099104918902784
1820969059041294080
18243048001935931392
4339036786332587008
11475299794813173760
3012870860483490816
9374756742376783872
16321120507220041728
1426046887674225920
16234352137465532416
11666170803979587584
12508461235199066112
17374975874446407680
2458858768285038592
13144667609325408256
3088992650214963712
3570560323778412544
15452675034764177408
15073307618108297216
11365878129249265664
10409950971294580736
10869995397378187264
3982838895186631168
14569684067682449408
9824503335346325504
13939128101235611648
8668765290994997248
2296573257736880128
15177108183188592640
12369389002088658944
13818130386779801600
4957191612741821440
52569615523369216
691958670594901632
15475881779407849472
12662782710601093120
4708480818067235840
2869891299490244608
11301219287243225088
2619852650304065536
1454529916396329216
7759304636278132736
4867829559576866816
15863216210457788416
7905235596302034944
6904502380969379840
16819646004173639680
12519015843093114880
16539578956680574976
8592459409688540160
15767684020723808256
8744555391177178112
18230603073881532416
9781147325380294656
4488439782401496576
17910118143188711424
9274744269373739008
573004161638591104
17789842810645448704
14468644049481023488
9486271352038891520
5499375741780499456
16528661459890305024
16162080691923724288
12209601988878127104
9895940085520574464
4755131492827820032
4363267533206051840
10853993084484644864
15992802302670428160
2814989732181094912
15034800150871777280
11963686678246180864
17079279440341514240
2979656505330050560
11898037388460623872
1004650520192978816
7473086393250911232
18382020249446406144
10592464633330915328
9272886845393403904
4781409211451965440
15398458678179284992
16340282659424890880
5590126145692723200
16741332522936139776
15999366865624838144
12783009738811770880
3325193583656803840
10514623302701549568
10175495746647212032
9162824132380907520
7014877190809069568
2929935852602166272
18428868252110362624
10164767729387833344
1410660310733588480
14962010862849640448
6906201219755324416
8148075559351772160
17806357981426712576
14806940941446328320
4512383653255780864
1856111465022132224
4529393492129025024
8388601716938307584
15908105081402320896
4051413919894279168
8706368609665692672
14541996073351178240
14490238707679735808
14047321459495649280
935533467640127616
8922294357771798528
11988664291355123712
16465222185888221184
9157770672558997504
10681420551001358336
3524606911341914112
9498585387505981440
5261768169297954816
11207430854294298624
770457786493115392
4197836589022694400
16628795762057138176
8869395441717995520
13624362492661497856
16633348533391482880
4328382223706893824
12473802626590887936
17226008190593644544
16525013950130425856
6632504675856737280
17283473460970835968
14062706752903178240
631448585998835840
3480365288281253888
509004085404199104
18191037364595105792
2180772715477582336
2622416308204164096
5921277396595579904
3652078075371480064
1353033517027156992
18362292396053979136
4811382064217134080
14261682031031085056
507800693136455104
653091337190856064
11490006271776593920
6839847080602782720
14347937089510324224
17992191967653300224
10392644477831348224
7710594402310044672
10456241327227068416
4898899593057829888
9364949619628810240
15703090878908643328
16499265999953274880
13396422150222620672
16989365895649085440
14949975205381548032
4794590095406806016
46045910908867592
5358207258666890240
3091820818813513216
4773390796589099008
8878121180363278336
14090351408010962944
5560557141436789760
1881571585748501760
10626108079781253120
2191720586313969152
9099792740093903872
203575247502430144
5817573201914818560
10359779832779575296
4569364737557770240
6479564481857342464
10478900905849024512
8141730424814233600
14489620591032225792
5994081526163431424
6587272608552648704
12229020459084552192
8962768362863504384
17789541210115137536
15842489758677166080
17696298190438590464
2055396419684390912
4778424668134122496
3567773563529110528
18398529207065411584
16551797808261349376
11688948812696522752
8138180357740520448
3656946618279366656
432203918950982080
11549600009313875968
1372715104253164288
16406102195320459264
6469553354611917824
13527254600712347648
6317586005178467328
6745087328854122496
984840106698398080
15133369682078535680
16721060320473815040
10558380709970331648
11402670986929616896
13716944443788052480
7537322811484034048
7579281870318010368
13769539589158862848
10453399934675081216
15634939798194612224
15343793986153641984
11169357758020890624
9059603270614330368
18171934281377595392
133654431340030704
8271025224904629248
17256153186432081920
12496931331701422080
9180826536689297408
6802617723781653504
5106981836470452224
7397858085292463104
9758707555108382720
17261263702454214656
15742781083554406400
10405312942554624000
8718519545114634240
2754710523905229312
12725457815009495040
317889783829612224
11875398813995243520
8093941604370485248
4704796689998977024
4822700587389206528
4499698801321481728
10457754491718113280
9416729592751720448
10688335647627087872
17175514079830630400
1412820122639816448
5827912779802505216
2852789140985993216
18392996910648500224
6951790666796157952
12823250306502307840
2129723629376283648
9782161247137847296
6732101767875713024
9384342039183036416
12857091758778060800
5733160683044377600
6556945833056187392
6340855362571138048
7661156800151742464
2577931725460488704
3598646387203036672
12939291909449560064
5767641204323459072
16654855473136711680
12830034910990086144
10321539332014653440
3297452903255696384
9142759809731502080
5634523254452659200
1985658518619562752
2688883918622731264
16087864542543640576
9569089276607188992
15087302207478695936
4920280557080205312
5551577131447393280
5929674915821619200
14539734392781484032
10394390078942824
6443955496830686208
847719867042277376
12165607424283885568
8420505378792640512
875001822393215616
17604366481453062144
4017497583572358656
1495593056793377280
1612049457671128576
7337433838600274944
2987919100816856064
726216353969194240
5535406077908278272
3412348489410971136
9435267646599036928
16283952148425299968
16440818791974944768
16567681965852041216
8849723887943696384
14581215008706832384
9417711558411327488
5389174706653700096
13096764246096750592
3899151481650652672
15523893532344295424
4112964522981345280
13238669412451338240
8122483747486654464
1262775350316428032
15143917698978676736
14643740578847240192
4157397727273120256
6618753189965740032
7528697863643965440
10683050077628706816
6503860159032109056
5959124798084371456
252429576061195744
1172248161527983872
3450522442767485952
13525430801579098112
532336737420041728
6524477605689882624
10194240347773497344
17973625350672515072
15267614829578303488
13790650515955441664
5211287589892857856
16757123816806813696
10731963586838042624
12075936065140154368
5926346738717558784
11621983488478210048
8084315018268125184
3676310637880935936
4594314315258244608
11917522920023201792
10755025716433754112
18103431857070120960
1090758924443883776
35344943394801840
7954997610788322304
13160265733370882048
10334211420510318592
17354213409308016640
2768592968257041920
6763938974122391552
3928318716742849536
5077203946462228480
14662016152435998720
6073866282240822272
15832977365076473856
15746033782291193856
12930931185505888256
17749943197103132672
16110822769405968384
10676065043041992704
11090810247286630400
17761278552856619008
15909041311589359616
3895106790727593984
9966432163380205568
12551096352284577792
4811491525947839488
6499608668213060608
7164811987243362304
2478287355741506560
1531747635443092992
10434445420105048064
12155204504107460608
14868893161945430016
1956828109112819968
6770778010824257536
7507724292858397696
390152073568415424
16827653418877806592
9559135671105140736
706181601696609920
8080649039969504256
918397222344586752
4780341884936307712
13982350217881600000
8388128019602402304
4144841316815600640
16044419543769030656
8406797649816884224
5208260142291984384
5075741627302984704
13036660173311997952
17916598174149074944
16519614801982777344
1186009486315105024
661324955531361024
16775478811390687232
15022079389831473152
8132674761413616640
7902337957630640128
10115307482836525056
2772202822446736896
8061921111549756416
18423140473775362048
589796851948545408
3214188340619055616
11626544683566000128
7669125446507786240
18367928750297841664
16000569278658054144
10990485911098400768
9822214148540538880
6312056416026831872
11028425626426396672
7243875411193797632
6705536953605412864
14722805440729139200
13783988944393455616
191459877975880896
887651212893029376
5612845190237283328
14259993923208241152
18387029282299490304
8712723000821515264
9618146753094932480
11140443803114113024
14710914965117088
16396850198235305984
10050328678488713216
14847196529552701440
14965980512459284480
9152266501570184192
1862393255444422144
14786938354857879552
16519194413930262528
13064696894964746240
11331685494872342528
13183891395968626688
11420493077104936960
1470043608938248192
4004777953465818112
13518686933712560128
956426206458319104
17542062187554615296
9963776847475429376
17597258706853472256
7786812160227079168
6677307260005552128
11762353195977445376
14865862643582646272
501886121441288000
13860820231127859200
7027809180453768192
1704080900372691712
10909899085122232320
14238145920614258688
9821108528449693696
6559495798730791936
7144952413581195264
10473249608862597120
9415525419035242496
563963672967544320
17184986333392224256
8404950761752312832
9097896276468165632
1874019392353864960
10798889125191630848
4346244078645730816
12729813408483649536
13740632241651693568
12526563347395366912
9225982880084944896
1443389486987803648
6597129437918428160
15781720866205097984
2835654308552037376
18214036688162734080
8474594363504214016
12976137239895986176
16676497524081414144
9313589710962257920
13957143202851432448
10949680432556609536
13033357302405705728
17869281573564137472
8584902953344023552
16240119054749450240
16158521070408529920
8537060905141318656
6543211828981102592
16034867880804644864
12532035271567161344
16077817638179762176
1997521767876435456
13405476482069962752
4397775095658312192
6385603583030115328
8738331049257113600
16476934062715052032
1299257300761873664
16767421077950152704
3432483566247789568
6833028239072775168
17310832161200119808
10754411207996717056
2325919266716930560
16235443191331749888
4789907073231021056
12941950544606124032
9455303783196841984
11391602828345182208
323202109006312128
3773501451646736896
5529673819637600256
3076660542381429248
7921908563781190656
7857503325884529664
18396485507817263104
16612369871070128128
16932179112215263232
688644875633484416
12331020932833720320
12884370715684845568
12946875949882339328
7829613699898368000
10706974825296848896
17616256864268683264
4531878192819038720
9453476785095278592
15834989768729907200
3767626710377232896
14717125317954459648
4552935086140861440
18021010493573990400
16454336021892171776
16013070796618217472
12516670863490910208
7954945700194315264
4813750501360722944
13335626810496276480
7615348421362798592
16375544234751813632
3368631669295387648
7875885200804340736
1685982727432092928
11047316301483565056
11280710515894120448
18367788472183171072
6476757713128332288
11188681151971082240
578411891129544576
14303779056607016960
12333238093879244800
4056414134940079104
6698690866181396480
118647491046639328
15787783160886894592
12594070697725161472
2032837783260078592
13016011481607436288
17882638264162383872
16427621786363232256
6005181235475449856
15644080008873560064
2481168439985606144
6580851924227927040
11899962236930007040
17391499495429656576
6111211148791300096
17116785260626724864
2546972377336946176
12286274151675006976
11799086609557411840
15627352293308366848
4443994026147345920
5574236301541734400
8023877469247831040
178569303700798784
17328813822124259328
12202590248320061440
14957325387971700736
4380010422294278144
897522920207397120
9492781632539518976
15146635632937369600
2470298829742022144
14074669885259507712
11961084653340653568
13362969179468232704
15298759949293670400
13920582613011609600
17119251858453479424
13571039173769533440
9351693948838873088
6234062786943719424
16303808713918078976
3515290731413202944
2665760230073968128
7332413057994259456
14861739976847388672
11715254224670785536
1696159453329246208
13135547621192732672
6738821499817709568
15586000236329893888
7876558587847887872
6954890793998611456
14794049048414894080
16262019282780782592
1672411677704803584
3971980397332488704
8960432279432603648
2876378752351906816
11147554006621132800
8249198001795782656
17989475754480420864
14812389016970846208
3489188737144560128
13753733173820631040
7597157514887970816
11138066141233844224
3990187810477038592
3446359982071640064
14436159368933525504
8122001649983454208
952592064086884992
3040759909326237184
8499486813438191616
1179178701473896192
12789854203571267584
14112522596770330624
14766015930569762816
17127770339261511680
16011198066786441216
6804608621766250496
2527586234604415488
7090602332848548864
8781621621910210560
4405966432596272640
17578680492463456256
16456895621862656000
15323764287229607936
498457345532044800
7436735385155349504
3060686283581534720
4816321151254596608
8839077738103145472
15327532792395819008
9300208231637176320
5423156105476141056
4064909633023012352
