2015319031714299648
5535914856194159616
3454439622064957440
11048429683780511744
1736735088990270720
3594407973327869952
1211093469277473792
4517535687452357120
15384397900885526528
4306773066853583872
18038139651030026240
7933702467597225984
8517986128753377280
697628511474269568
7050380597692368896
5220937183337708544
13892225171583381504
16655240668477573120
488258117647824448
6974118995192352768
6468074363878680576
11560458653785077760
11517135883493040128
5973937529934695424
9434269023111548928
13044433362041225216
17780542426690715648
13924579700917000192
15253681464911482880
17968372238030557184
59007232895969952
14638803328989939712
8852606995547342848
769547155108585984
16974781357168795648
1428403060160600320
7295012878639446016
1249191731242682624
7547429103127677952
6248407964662132736
1655764883828111872
560172436844234624
6679710818705849344
11811754775912933376
7629775231704051712
6903084538993097728
2581187488179829248
16463858248024952832
7811433899562772480
3868955110970575872
6921117968544882688
15589190572517818368
17207272799161149440
2033106975048538880
11921762800917489664
6977468502575404032
4126071961458072576
11602277028957843456
3768099541713298432
6676208280188378112
1709079213499410944
6908789735910460416
17972088874230659072
682804481556820096
13961284160272584704
10699610969220857856
1404031615965526784
17368203910069471232
5713279520555626496
13126379223401721856
7937633491024059392
14175197432146417664
4324395163703377408
5889647087504486400
18126441841070598144
671608310256390656
9085015181064035328
9949078524721983488
4551231157191474688
4244954501940503552
14560738015035840512
14355143565901568000
2496677249709971968
13600529706896826368
13673151877980891136
2397517122898158592
17404075528296986624
14920636029338107904
4340873214335444480
8866592534688000000
2255743173408374272
9301057032228759552
6407860666108697600
4869210642967665664
4237409578054984704
4294554992260365312
6122576780629102592
3122496973618369024
7469896433111163904
17501337743657029632
6955739194704855040
9268696989319129088
9241967611177664
16945497517270898688
6198263257308597248
7411192111808118784
4652950712344251392
18427190292916430848
62170040429875264
13372013479821570048
8726473809867364352
15525036761008406528
2369866726182692352
2437538626313757184
2564259695400650240
10488090451579346944
10085118742205001728
9864025330129266688
2830897749115440128
14008767779045881856
15502556951706740736
16811023325988739072
4595255856428187136
10039237558981218304
3820311318499031552
12719777089617045504
17142279682325078016
8196669233395123200
6858594473243265024
4252266008107491328
17011425225381468160
1129955763569230208
14117875710493126656
14649508424519559168
12189647566498043904
18363782421205051392
18292402505083699200
17467597223311554560
10694618738506747904
6647753518371915776
17560524534842636288
14772496260603707392
13754635657209556992
16935877473814640640
10813364889094610944
15556909091789746176
872331309611510272
2469911407441018880
4821864371432339456
14342143894637107200
7192406789047766016
15364244593559996416
6010216209806507008
10102348505944727552
13505399051041036288
5619603581838928896
9371997383210504192
5438553310650607616
6828407403448052736
1700511182991532288
12645473429343096832
8242035827813610496
10723550367050909696
8426680047457711104
112054322913579024
704244094708278400
17878677231704619008
15467644362612822016
14831068014300149760
18021184076308662272
17015048229293453312
5231578947237672960
16578695037034035200
13095027542390302720
14027913539671230464
10269825584689018880
8370656319658215424
9581574622708436992
15806917962670043136
10271598098796161024
7449446231177997312
7211623570635455488
9557120595538104320
9268412913185304576
14829039637021722624
8140843918147311616
3604653695584358400
5484445880279265280
9082559680589331456
9788940396667011072
1880674945508960000
3186333002448198656
4203927668067291648
10810050892845934592
8633967866623480832
7452210695706970112
17973298611509487616
15577928943790505984
5563139957200686080
724745067778200448
7007273782731253760
139225336244255632
17506217971669628928
13421326127034822656
17676901753328144384
8170203066645265408
11980715123517683712
924198820171107072
16124102585137897472
11379987359697410048
6381881872015853568
992147899028802304
782001583205510144
7750538304508710912
15039464450323077120
1811650801412255488
384249270848771328
17390519998253459456
15897841624796872704
5571886190436465664
18110617397724088320
10676948559241619456
13966340139510425600
284901530103666560
11341181046818908160
10746161856337166336
15872269759321724928
3480680298381560320
14937097008495247360
10483550603921631232
13682441585919100928
11312941903671629824
8561430786803782656
4455172182339391488
7295065660116362240
10456965944288595968
3397678380210092544
11730683813279944704
13620558668356933632
7395418488843021312
18293190632954398720
17132483712791752704
15215760122505492480
7845080243072964608
7951030763270359040
396022392383709120
10221581793241499648
8199230696301038592
3255985826440669184
605988376754552704
9860049060356112384
4136522313845460992
882629584621047808
6184426161604084736
799798626627756416
11842769224896593920
2978177995386068480
8963496250832553984
12513598213664800768
13997669958079016960
3317244792954701312
12606133380363659264
824503325804468224
2862250203336745472
12511492843488813056
17116543792394108928
3947975441289428992
11561875328136124416
12635667551822438400
14293107207442954240
17612419475995009024
7320450718345995264
15890670156096600064
11868342283219994624
17826596819251683328
6336244350715919360
11874212673157357568
8213325593668828160
4865399435737695232
12422741720922009600
5917840671591832576
13820392559774046208
15873780531984467968
7579296017041984512
2438071195310628352
8949597414208095232
7160582890305720320
12814263368279566336
6921226076536717312
10308777644770969600
5856828134115257344
8465795421607711744
4705313966152639488
633880533707071616
8340758502896441344
1565437045169313024
10293446693766060032
17510396370500065280
5162488453840657408
16021761757785485312
15382826982481315840
1991086405442895360
4436068264243263488
9364573793664929792
11515850599843147776
12113525791316127744
11717181408168419328
11594209871026313216
7281536799022442496
9451559510638792704
8636208178545297408
1042189784748732416
15929975408088150016
14353686667361302528
6536625220011371520
17574251359699171328
9170903211731481600
10845273237142018048
5682439424019705856
6515241795751194624
2416191807714846720
12740099537172455424
124428491056211424
9317359870935617536
12949364322820218880
11100871358638065664
6664808465238365184
608671551998606848
14480146098769721344
1054260192282221312
18188726199470008320
4800547051940007936
18027973089259798528
18351142458733455360
3294398938696907264
12120636894433368064
14727594671509927936
6104323092231434240
18228704153425141760
10039350120084013056
13688561579879761920
10764171153054652416
6056159926617296896
15649622948151255040
10097716951338657792
13311344094398105600
2172780624813501952
10533554742323359744
7944734688418771968
5526444148014790656
6479304918626948096
13312665899282505728
15757093995371730944
5779272438147452928
5046403415345471488
18139874875398330368
15245750195138277376
5990934075467587584
15847658052134862848
6747417997691051008
4547672275356720128
4251981111224980992
17858162770565810176
2747691858258879488
3796411875107813888
18340403626640928768
17606164054654828544
16802885577615112192
12536682657123192832
9451026052809682944
12057714521521410048
4229672574277011456
16409330601985583104
17452212153084866560
2335176480692316672
10940398512014401536
7837562872376690688
8434197980163801088
16951192126008727552
8945145794854407168
6162147344467766272
14435191607546388480
9693944951419072512
13696798942699130880
14235419640839229440
18430711623379879936
4934446026077772800
12813530675612323840
15148795784247777280
10870312848186726400
2178201330120705280
5565273055362546688
13823566325092536320
5960280757742806016
7194792756375146496
15133087531403442176
13341234983159787520
16122957772516454400
14404242190381578240
17991223271330611200
882566424393697536
12766855615937394688
6538483672386797568
10967525293332834304
990124573693834880
1970150908783085312
4378041852811085824
2758098013657947136
12827696783214249984
10125155098119006208
17247359771317954560
10790192086835904512
16715491463298840576
8219148513389129728
16279485854671210496
17980926101441423360
3063353407717986304
13324689341466527744
9201380725145670656
3070031464172567552
139982068348286240
7496526464458243072
16943531869950853120
10906299504823914496
2542659929220027392
2908691712110784000
3706935981491695616
255728827337882784
11178170524430292992
1008408145206852608
1995925202493168896
982130354994673408
4261444206352926720
14734989330921035776
4416135007616792576
15024775585130971136
7584378476349093888
16205217391739252736
768384952896267904
7909061159372995584
7134635322164233216
12620300839948767232
13040975211121192960
4066038155773227520
4910822213019528192
8364415075788098560
13116151526449235968
15958424600652734464
4796521995645303808
3034490003837959168
588906640822034944
17104172565587587072
14927984787868817408
10821157349497581568
16397376926532526080
13023279228391849984
13603229008801323008
700672653787555072
13670420465763055616
11021297691327889408
17979978060065816576
12299723986067202048
5059744338105315328
4812159528640539648
8161469697122715648
475328538667482176
9609167046286520320
368491820642633024
9240939036646529024
707863757915329280
12264346501460099072
14490623171389405184
8417634392459357184
4755330755311209472
12688276285252354048
13285488628520423424
3378108795958944256
12945426723371649024
10789623055406387200
1469420223999998976
8710458161471427584
7905799549597644800
16995406408327217152
10742836754667849728
2831396578650889216
15835991989536008192
16187218167787728896
9267203559807633408
9104714263380293632
898049647677116928
13156009853118132224
13723154098830471168
14809672209287759872
16077922350153676800
14038913600933441536
12645051955163181056
1681328272332045568
15407909793747808256
6761621253772298240
2759563021610988544
2020406463149352960
6973443161827008512
9336218085673459712
17430786057182412800
6473011405084100608
7242318758281062400
15617406673296332800
4797756475782382592
3048219359709196288
11824200752963854336
7436979344541565952
2377961650746547200
8316770076185540608
3689828809043634176
9939892641437276160
16921923835154984960
15793500522066468864
5399300497387497472
6066823052901270528
17135760578964078592
4511073260705273344
4984061872904339456
11353350573678626816
382001813209760320
11118543786011428864
5246136619093639168
10884941209852456960
1198191131254020608
12529045333267709952
6026897893874135040
6857976739960419328
13217698946848509952
7985361597133541376
12714910838407219200
9956142164115810304
9322390249824892928
1069185063338544512
6019262168329059328
3727340035212566016
2000912494464057088
545776843719069248
17736587805640153088
2668107721216519680
14490843056236572672
10786013769292445696
5079870295844975616
6610374889503020032
12967268242098798592
6994458456809575424
510733953238363200
18372968067579334656
8034356755001511936
1166293649073529600
1670319326862616832
3832622680826906624
15077918621266685952
14271108606621143040
1514761811914372608
13323299978927515648
9685698358605060096
8839496561240773632
3712341528094122496
4434039126011997184
10835192800520138752
2642760813701153280
7707047543694594048
394886537621595200
6967429042484390912
3402616936125163008
11260343816358232064
8494207242437673984
808832412495130880
9745629911218708480
2291212995656612352
10806869824244643840
4653902813875625984
4104577291178346496
1431558140266841088
14415655019946952704
603645498497010432
8444036353236609024
2420646558895771648
9861691920194412544
16450313015464835072
11788060534529500
7618974636438377472
379253065162312896
394604692098355520
32024633588402560
3742399537352994304
4669588192127032320
15314652862504505344
13614786000011616256
8124960240554809344
14790225467738275840
14154779090320392192
14761275911106789376
7656162215234670592
16668579972278214656
14651111219931150336
5839360727485260800
18028871917589360640
17648293282577315840
952532137935210112
14154557447271614464
11772136121797963776
10571028510716620800
1207628442753013248
11302655903830636544
13055733079622199296
15478944282494910464
12170709464150345728
8574403070582059008
17967699068868005888
7971697369506487296
15916894779133880320
9570718794335062016
9591095545951346688
15063987810078910464
4369358426383127040
17310122309133475840
789942186291367680
5588772910364550144
11774658058284552192
15370619878101323776
4505958722902470144
14353333695578169344
612624659294361472
13975162169390366720
10135434818514333696
18318873241939136512
3425060301329583616
14788659021292271616
11190117416887773184
9096903751317074944
11553507925365088256
6549761505900933120
7286968968842138624
7055048531018331136
6754021696724808704
6874720110708414464
15168175002053361664
3243304015656425984
10590550379431976960
10611502585256484864
11621004663253579776
16771491977439295488
11745561340225796096
2176329855118210816
12123654792184868864
13610888767662962688
5494178793722184704
1583320417098791424
7402578290993911808
17223682182693210112
12381716413414332416
7290711646325558272
11364187719742222336
4607036351881629696
10915962238184611840
4007361402918137856
5042675847530514432
2339837220965880832
15486560352825901056
2174296081859963904
11830256289427873792
6128586315272324096
10185372801419487232
7374780024939073536
16961283143520413696
3914936011729571328
14756165011022192640
3020474691426834432
13814280013970804736
1427373870693913600
1547007048676094208
7103857752472145920
10404925990080325632
13185297414038687744
5880721609076001792
1999695120456043264
8050381878425047040
3305776277744425472
16342527305281912832
17713041799105865728
17109490582557839360
15731804625836492800
1979615345626027776
6105906549773465600
12826158888079626240
8373489762248241152
5207126302448201728
14896303885578082304
15733225212481214464
58092469848792992
10841516492823289856
13839104472239159296
8775454288666762240
4158719948951204352
14781000781756372992
12739885908242475008
17600776891427934208
4448237040656424448
14856443189178636288
2339874925603268608
901801498304566912
15595402005581119488
12868073705147299840
13718390113199962112
10855507795728191488
15909053560955959296
15638662407913928704
16637955071286482944
3464023774336995328
6480601434339731456
16468763980507697152
4822414477740380160
17010614254543409152
11929039226719410176
16450458884426883072
3367666321422682624
6117124051420160000
8965110926456027136
1253377761274442752
8674679133398619136
15681814219792640000
962119218456429056
7990816243489361920
2807195801097841664
14376245771906408448
1113603554950889856
4293173304677904384
5442997028889021440
3998097480318302208
763113150125539456
15131749406693877760
12476071588780496896
16136880791538726912
14426911126665330688
18372994354283278336
6051182727316086784
16815797249266737152
8673359472319698944
14881484027281371136
8661887166071337984
5241400511016076288
16912374975388442624
10585755765541775360
14062194031503251456
10620029637961865216
2963492316809032704
11781470469582667776
8717966515186865152
4448162560912358400
939067453944070912
2623496284346287104
5486641797000390656
2784129719960764416
13425151746552793088
17024815752668162048
6073564260929836032
6962242190004675584
6426772106390510592
8310565128685473792
16799370106374553600
649981852435180672
4342849680201102848
3320548295005442048
7904987171810127872
8537579392915465216
10621141003680591872
16155802826621329408
13174553767287803904
4289490482443021312
5079127421830771712
10545828288613787648
16063828978412009472
2428664411311561216
10682260265348505600
11860643074144219136
13536674313974620160
4305213495799382016
11751059920063832064
11851769084763518976
382917898004650368
17578037553657135104
5613030822133033984
747532952420744064
6616682956288439296
13599148503386144768
9418894732988891136
1291467620436464640
17307546172234924032
17995955776991952896
12653433221095469056
15967423887185784832
7031328566230937600
3099339022384409088
13890987340201078784
10648958993002557440
15510015512069267456
18345185291178856448
15401377456046225408
8158964757735987200
5521845582247764992
11717192652792705024
15842284880057403392
5509200593337285632
14175949010018383872
909891182689200128
3399080674063871
12089868588969164800
1026832498104057216
13691664196653342720
1253234486055348736
13144138434815981568
5711025991692605440
7772170207444127744
7785151185527380992
59675344676505048
4157062176713746944
6366679868774765568
11394920864931430400
242386012360174080
8908430702451357696
17849075288710213632
1685176370937551616
11093556956296802304
12057798442662043648
16397031775982350336
5052177846546654208
16950616107565764608
2895821584579388928
10229120371564118016
9438767899492476928
9986399078460315648
1885749285939389696
1419887488210746880
11082563417870557184
9640029553498159104
5259299639489563648
11612425912722786304
1243843223964557824
8222394486894447616
15229318033565503488
6962463821590886400
10661661768579571712
11999022918201677824
13399644372816846848
8179450411670318080
316205908110368384
17546331566410006528
6934879501422071808
16428997548448522240
983084784358294656
8984536860667554816
2242498094512016384
8928313833944932352
5024281653573641216
10066930162502828032
16212032537710944256
9878885333715886080
5528203183066076160
1870665673947024896
8699933500897175552
3538489263603371008
9049011668538173440
8310299492562335744
8696496692122294272
1538673743414775552
12651459343514058752
7520967108126289920
4570289380114435584
10314171340637220864
13552569572749592576
12085484640223662080
15133987432421728256
10434347196333539328
6651178025731825664
17832379907447439360
5901519923817051136
16754650107155869696
14586501671247079424
3243297241210207744
5814868656786708480
9414368034935455744
8435546468794820608
11254646485189605376
17703813857458556928
9189699172224682
7940682686239521792
13480966269736161280
15384737212087388160
16926419152271646720
15370317788316223488
16282421540425969664
5139356328474163200
9630689311312345088
2024470713225781760
9469062355184343040
12222002018516731904
15604359679456589824
750365314344835968
8034674170099543040
12520869655906893824
5495809306687856640
13672078819106967552
16356854693518774272
2455960835191152640
5875232063376927744
2684594751032310784
2572736197944401920
14780319466617051136
11602113708047642624
6258324440531459072
11994281268128972800
8167305955019795456
17584852250111176704
41148823445646240
17190434269049661440
541686685643705600
13001108494893088768
16749327246895030272
6726733034098323456
2121718897494531328
15600215190470844416
4338399125672986112
1101835016179907456
17583777195407212544
3617552996173622272
15590532008290586624
18023576249363472384
17946433094605750272
14693155455566712832
7535177263790830592
12882828853818648576
14775124826244571136
4441162386703977984
816335704425501568
16013009230577776640
18441849080430850048
4275821061474927616
13187071300452110336
936890329490549504
18131783093286084608
10541745764540643328
2951216028980524544
5844153552657668096
9727615925808128000
2882339108728289280
17264636854308857856
3149166275069767168
2891836378158229504
10781829294308071424
14983316485479106560
15390868532605419520
3322638952653363712
6894863217468695552
10920978560632092672
12269531891263981568
17542054157400819712
5952772171359121408
9368586253563944960
10910298353968318464
8666568992320026624
6457682522379985920
3735820277077682176
15902416488307980288
5945034589046494208
12452801194037514240
6065324417480748032
15302217619244277760
15719586352471138304
6267151329471364096
1815761151138735104
13427864147636828160
8601031318154601472
2675529878456615936
11455864799672449024
7871268230866525184
2077383308866014464
11982434106275575808
18203934002350331904
13771940567967631360
3970488109889305600
275630160177901728
1142175588800977536
69962207900673224
12119023202174377984
10238496529282740224
8887973455158670336
16636591468017831936
7596338806543320064
14467407632729489408
2943692064854828032
13846834407984441344
16977703663207505920
15907747216570929152
17883299320425410560
14603642524185513984
