15890421040929050624
13903047387468419072
1873559005077780480
8077182484796184576
17543972779655243776
11858425989762050048
7114791144548837376
13919483723537244160
8816476908908551168
53905383514131992
18442339068339202048
17174660220033435648
48751416857010920
16054587686764335104
3134873450895644160
4845504046885697536
16606671855389151232
12241806647901624320
10094849018038239232
12715472267754516480
5071927068621276160
5909355620703550464
4292017313581240320
7333954113560102912
17231274470086567936
12112057076510283776
10739758431875403776
9694193539056420864
2578975998842288128
11658016272025481216
18005879172687116288
5123520125858197504
2903446377336044544
2855639723450777600
2471591041868117504
6276208765172508672
16664413108057427968
14820323782881867776
3941793544390664192
8006995188310307840
16164835354170212352
17805717004697389056
14966761542505295872
9974299240267294720
16335688634589362176
7530842454339655680
16218820961739628544
2786880461830977536
14029449420420823040
1496448327423685120
17815288588267259904
13246677929575884800
4701755810439181312
6495324228617318400
15884000838703202304
5115897215740491776
11196051392914155520
11082911412340850688
8831929224697270272
3751406343156434944
7308456669992437760
18252844155399815168
17665613393942806528
12656098095620628480
16708593348795664384
1126498050871101440
9716228154705539072
14505104913077100544
7864922403245250560
8878228248398749696
10960951849129668608
17640093736769011712
9849341576962371584
7217582622406590464
15339493465386928128
14483572361995563008
8163527395510076416
10447120647420549120
9494645825252759552
8872099835055823872
8578691437553085440
1586908981800848128
4053944837571671552
325029152205366144
1464573262358512896
17823199762817146880
5571824822472800256
14299023368637612032
10545192923171325952
13733042170013222912
12769990755716655104
12807226232449806336
6791719154684023808
5194724207956172800
3030361333150556672
16210512438028716032
10345564535539378176
14020103925119477760
1866986760048976128
1410984742056282880
6942172125663006720
1000329354046744576
14364843799242848256
18280202676848953344
8866450174867225600
547501829869019200
13913761914759258112
10119407659798878208
8281039808260634624
2431222555849605632
2874132820807519232
12983052762716995584
12984082114529019904
7286720074178580480
7447369320211400704
1394956533261756928
13000895204164888576
3736959536293711872
15360308600081313792
11744057507980107776
13085132221300314112
8762008715325274112
9093034664197437440
3410613764251899904
3504351670685260800
16614029207813654528
12860942752762990592
6736140164075532288
4084925427839710208
11299807260527538176
15253832364316706816
617471637592519936
10928174623925575680
1801149704305986816
5014807819946805248
15656613167965609984
8716320551922139136
8296463718520636416
2616354056234635264
6444883666752536576
6618690484557698048
17761434680488294400
1174851338465776128
9551688200402190336
867436575973910272
4386060799383725056
3174400028660059648
16842658464035940352
1637864188367825408
4748052482648415232
17327445855034417152
12813530435808139264
11599432632546244608
1758141637883168000
13012830913535723520
14013146767611209728
4108155662866284544
5600649875109830656
17101295014070960128
17277725034892533760
17525724939997179904
693359009888134144
9415564441609039872
11403748402497292288
11184545945957330944
534275413207701760
13692413135016816640
176913395159598432
11395011559058442240
8918468211856093184
16572835725941094400
28132345970173440
8586617289098344448
11863248046447691776
16092541636577597440
14124487322155839488
12149950226113099776
14506758287255300096
12095048926725185536
15588118842515050496
5661509950904548352
636326546197553792
15758823843458359296
15219740424683436032
9177359527786811392
12599727168602755072
3164062419529769472
14281640543707193344
10878417667643459584
9962583230947399680
2211548234036913920
8538732783818949632
7383953838306372608
5610692252194660352
14737259071356485632
16437266141613203456
1590067458606850304
12340359768790437888
16833278510909952000
4413312675592809984
1057640061763773568
13629174926035900416
202925148416359072
2234877504333757952
15997101202987243520
9102068420863114240
14098177171787999232
13386739520674004992
4026277647496680448
5957104888678820864
18291569344338464768
11589192074131146752
16306932831601281024
12679362196744939520
6790759471255784448
7342819840565172224
4973859585988697088
4089519286849114112
7839711176005561344
11339149226247985152
16593459826153668608
4789053851193545728
17751302126230573056
559465245990442112
5884739226256126976
5870505206043974656
11114881622378741760
14443807909318064128
14826636269620228096
13592688372306769920
4922626175621101568
8334208057066244096
15910870134707138560
3215216347641393152
351850657201877952
1688304958929081088
8897101735583902720
16811381830881087488
13367933922472800256
2840163516849475584
16396050747791513600
2449580911192289280
9644228327724951552
9038014886183401472
2260661026629694208
9948534403812601856
1782402395529626624
2775025438177394176
17346673035538245632
16967556990363738112
1942700921358940928
7114011360131224576
15173461239470217216
7133495433831265280
6013021052360121344
4795650311420797952
4007113222951920640
15731220710811424768
12377343441924532224
13955209253299845120
3866412110401294336
3057313892515955712
15365468260630824960
7676777163088400384
15720632968344926208
475629569603478656
9292780708563171328
16525968724464019456
11047421489419988992
14366732988949608448
2292868699013205504
5354180032689324032
7594435761787896832
14171790856471984128
12627846845477918720
15658467991988037632
16020659343299813376
314941381157487040
4568888616305434112
14140444455422009344
7871695927479223296
5114784322417948672
1869634967354871296
7483165444361917440
4096047188993792000
7215189800804529152
4650404395631716352
13469234028102236160
12009449241946316800
4312112914235434496
11383755527973892096
3065116338103732736
813327303931033088
18063382363985328128
10492253029746114560
11896893510094727168
865899395219803904
7816720150317327360
1810403232302146816
6752767711118624768
12234367647593678848
3225277147695520256
515439389660957824
6454428908573258752
6725960329196670976
892369598790305792
3217991223111830016
5805551332459199488
6617875642846565376
9190968527687297024
3734429875373049856
17658923708645306368
8786182353739599872
9073106893873246208
10509688821800058880
1580350243056283392
11907778690628663296
16100730501759141888
11352853169929965568
1767160020804626176
9149173885906784256
133651879615917056
12435511696203812864
8230951164376664064
1093410038150816384
7162644452249303040
16878135922605238272
13598960174394009600
8864122363291845632
9147181429226096640
2835603761171274240
3589339094138913792
2055950714316849408
17569574596699994112
10854519822988994560
14024473852609155072
17871945958753443840
11581007520847468544
2857668816637062144
9580730746976530432
2579611966366828032
12063926216786194432
5529771691503429632
6599845676225502208
3122007066328832512
8175675734530362368
18115306398691186688
16529996285356183552
661388319137739776
5320503397488707584
17393599184942915584
5987368346258878464
219988189856496416
16204241342540756992
8762571249592074240
45676673452667368
4216675162813081600
16420995476385660928
5067758094006475776
2355265676877666816
12523837991082772480
3292274679134598144
13546145580838037504
13807252186346395648
1435757831672873216
10484208618330937344
14038391362781966336
10178905800758247424
14369588511277740032
922692567230716032
3336011974905737728
14790660728143437824
13629091759556192256
1019842041813921792
14304847264804167680
14556287876765937664
16909992199049037824
8319442663921113088
16544879316210452480
1833594992505065984
16769550847642877952
2305715462997403904
8921425591656606720
9170079322881263616
4465915370120774144
11108892287692120064
8456692188751996928
4343021133996370432
8663537053168566272
11171559116793526272
5659672200359662592
7556031879351770112
469805531218472384
8818697711823469568
10715488388056598528
223964004601011712
871144711703033728
8620773226560357376
7933136494926383104
6215751243259790336
12487326787114166272
7296455612232373248
7801453829437775872
16092241139896043520
921125013445839232
1800638363112334592
12160127873045884928
3064190310022601728
237155713185060544
15624241473440759808
5736653386354886656
11162189328335450112
14391364154715197440
8525191184327662592
14247867752916310016
10463737925833148416
16627425262746198016
12809341098772873216
9295710794045003776
3690442983906697728
3639606623794788352
14228563120251172864
4568048887902836736
13449601575753400320
7940013510954899456
18109469475213594624
11550457044633042944
17961174822495105024
366957159487766464
15282740850081419264
11695571690782853120
11531723442942621696
11220337367154569216
4423950235676801536
15214663318143948800
9680316752771397632
16995317906492872704
8200134541415428096
5952057391255762944
1126241728999343360
8029154699935950848
18230815399378696192
2292332917316920064
10482283246941763584
17505400110907879424
8690971286060372992
11655116400005992448
11382301873345730560
9727159586206322688
5628680111024558080
4131174454744995840
14311593453050038272
4961353293582326784
7419226009703391232
10192108952036581376
8430973422210458624
5951957681038846976
4193684056571130880
5199007660574978048
10158644891420370944
14425504076289259520
12599268625345992704
8368822111596645376
8272717826484928512
10651644969947252736
8609985789093221376
6899489235525221376
11741738192066211840
10688259526888587264
5149498522284993536
11335775259779858432
12562582939480606720
2084239287298351872
12930558586427150336
8508501093563398144
18267590890558625792
9987356021777651712
12952216949968875520
5575088138948690944
4074279545033987584
24135213572670912
7129276704479331328
11487005011410933760
8842963353229663232
18426297039884525568
13840802528226435072
14684959247118919680
6329896161738205184
15131391841948168192
17785166834680397824
9620039184241010688
18065890476873785344
18361337863512041472
2075913550905832192
10587049684808550400
14193178293725179904
7757558799369114624
7764538141043632128
17660744801253263360
11172860855556886528
10958912711134304256
18059423248276692992
1814257639786037504
382471880616340416
4733352062548518912
7583241882518945792
5820639243948000256
15110435091563544576
10177937063735439360
9124448510726713344
10215688534876350464
3266045962070882816
17254652957974347776
7713048683480838144
14881634248133658624
7869515257082059776
18144348286170429440
4374062514086483968
4596733976276782592
8088337653854718976
17677077386325321728
9330891559573002240
3740668014421388800
8840996631053703168
6129474140314348544
16361238178165585920
5060839596026877952
18440680035188580352
15485769416100550656
17616895986676609024
8855683370431609856
2587053406355313152
10612775727096762368
10501723309549541376
16374488841564182528
1612470631728682752
13155027508749524992
1538728684036604672
7618329729116106752
11623176620581644288
16605543625529620480
6695190074713463808
2801181620784955392
1140965124754678912
17739285484997404672
7478579445835430912
11027450441990963200
4427902707415427072
7118604470157167616
16687926348068409344
3771622470843015680
14168063694437416960
17726808620435271680
16080631279426766848
14673709373161003008
12457463165833891840
5354650776868830208
4374402046077171712
12470063799318849536
14124492310461657088
6186655710496818176
13412710904886990848
3073361336041907200
14074384731417378816
3645819645450749440
12958165877586792448
1087233344817771648
2731722335785440768
9134449227111543808
14088701690074466304
15833157874326163456
11674196292290086912
15507877181658679296
4373138340809932800
7727146391300620288
14298632809790433280
16662481812632942592
9464277134710892544
4929634189377492992
1988407313000528896
1280918087739990016
12838161600693565440
5055789456553565184
315061646282385472
11711729275095681024
13677727669886521344
855334606544921088
6039443732460234752
14112169709531064320
12013164366333026304
85909908767945696
5892886996563391488
12151386598276487168
2260531698986530560
12917427169210306560
12037257374696361984
1993515070298078464
7649743852191152128
4345569096698258944
9969881213662375936
5665202575474076672
13749809704325652480
6313679169102339072
1638716139761440256
13581879601463179264
12856036797093353472
5610519303756533760
545808343756349248
4406304130493153792
14275638106218055680
4067473491953113600
4183556300449832960
15261221749538232320
10526488156239140864
10133209106918426624
11111201547860410368
17474421995156144128
13727394848341360640
14451332715636512768
292895692614724672
5653196262095447040
10909346795403806720
7287910390543886336
18073532308995540992
1744986759956606720
3737005584058010624
5765349661275324416
5271486013631305728
2026422414146762496
912810863989395840
13908545485042550784
10018976976847126528
4232605500791042048
17748360136918988800
9640180202968213504
2660029834241030656
956978268956491648
18059239595010783232
11577384356289961984
177826376879997248
18047490691391328256
4121213216847526912
13799567749729161216
11159513372133076992
5603559895348265984
8988968058375882752
14915803344917635072
2363648557383363072
9540529201740470272
3677963318019147264
2135800385730665472
7445468485296649216
1765424634209619968
2116617293924643840
2509688614896228352
7121666710343356416
13352665484335370240
5666137422721287168
8572670463998695424
12838921291557160960
9761767505338165248
9296215566055819264
2497654494960772608
15519604321503524864
1568522926097798912
6337841563579107328
14514411360466704384
2934239180205629440
3668612584303017984
16983011847527388
7003874504357684224
6917074010729414656
15658799176152070144
6872621726041333760
13999294073226590208
11161090921258354688
1515272205161176576
14471433940274628608
12419692626246424576
16684800062740563968
1796990633112721920
1260842544022307840
13941673493889085440
8491035658544590848
11792013095973380096
3516924826678923776
6664012401060094976
2622919159397139968
10644357858598434816
891790282707591552
7107837826101027840
4226859706963661312
16706787026355308544
18153223573346467840
3292966513363180032
7496528104495182848
12098898430484486144
10234606787843508224
1287122657239375104
9436599050013908992
12035639063310845952
2528778272149840384
1201649066039750400
17713658066407456768
11166880654718361600
7708521455170962432
11229008231162654720
9758965463450871808
11281713727256633344
3457779795671131136
9498039578023184384
3433993143887439872
7359760338525273088
4524926698799736832
7045098005630294016
16831481838858496000
5466102321991047168
9986920440376375296
14042323459627704320
16150890681516107776
6280953914235132928
13655090513567629312
1771723569317745408
13350462762683154432
5445319444486924288
561807311106647680
5598742073620762624
14922090148895180800
18252745386587924480
15815260951074099200
16666372792962011136
17193501838298933248
10369954910043518976
10316645508086798336
8903892256759150592
17445134670686328832
3365450542540902912
12031298826502578176
16178405080785803264
18213049612436283392
263724056206565
7698876932866678784
18383424185461985280
16797580123980138496
6520748396224717824
16662845132655294464
16094094250677958656
1082356893385250816
13981660920494565376
3289092512331597824
9156186661345220608
16657140428308973568
18125926872773586944
18214524406243147776
8275889591943776256
8182863868400778240
12612663410971287552
15845147479421665280
6606121039229911040
16109459969872095232
10914136933020348416
12025387357771249664
16568179811407353856
7020855828534487040
7546411139943680000
6852883039031960576
12939118592777050112
10527175075848001536
6821567470853677056
14904296298402893824
5588280504771402752
9267227025581164544
241372252202979200
11192906820961654784
16908471678512302080
3828172864226685952
5136351867088789504
8990409388785845248
14373680628851685376
4096662465532534272
7341233109610123264
8870845586131078144
10504360379598694400
14083057579664822272
14113587329439315968
17894845369140660224
15847216183304964096
10376578180047540224
9067579634479824896
17085872366386794496
3137392420065320448
684753677701686912
4887453633884304384
13578434394561024000
7317829857696776192
6684149847683324928
956893096179369600
716414695658235904
1805614865704062208
1446968547964027136
1012633395594498176
10344637653774157824
10519334246755266560
15836903497683668992
731721915535985024
4144399541859613184
14997906509643646976
13905620128152850432
10211630977693485056
9768995142661052416
14634432772875581440
12093901995992348672
13514134782385817600
3406394909351450624
844019912543905792
18162843611206744064
18429654605335621632
210643795846580992
14196643751486769152
10763402990262138880
4828310809228222464
14827783837610086400
14226582654013296640
3793638706796953088
15876470437316255744
2528077896068446208
9435195089678008320
16906679078091249664
7364222218821783552
12446293484799780864
11199254107613282304
18442529206276800512
14720233788491624448
2383305814398008320
15479721348388401152
836782794667491712
4764081337035327488
4605918041344869376
16354877013689307136
8093477069291766784
14821889995711895552
4365320181621066240
17900593186189944832
13614212125267562496
11517975339639463936
14367844553691217920
11232985459916367872
6969788191619221504
6450102753190919168
10442929442611671040
2625018357645483520
10148341859053719552
1234574565318701568
7642093462056430592
2060868782707980032
11895967534598346752
1775075642947286784
14151116230718244864
7995627625218984960
1958754372225990400
14097992970897197056
10125038685583093760
6338437182494478336
18138226587618908160
12871788693571284992
17333978201425162240
7807353246747823104
2336019506948874752
580431998545798144
6625382241103693824
12939829657481005056
1469715779510070784
14440762578395222016
9755588118040643584
1979985228037491968
5377693835312539648
11493821277190801408
18213298224529876992
13704412444154236928
9099623220086208512
2706437626709319168
15261854221868838912
12156211203282098176
8232715265073946624
10731720811840319488
1540520508325223168
9622450765256192000
1308749769414438400
2759857101112793600
4233425799722283520
8404614115144422400
10154637090594099200
1158891067263318528
10134284315267698688
17002714751865798656
13005764333133336576
14196562614291912704
14005058908540960768
5514643505062588416
15406656753326974976
9996179395284736000
14597967114976626688
9423377965952618496
9727153434921895936
4581259416721720832
12385295704247523328
4911628567826829312
6479595163123937280
5880869269751007232
15922107699290808320
2698587376407353344
4016290243538224128
13103149166361159680
6865002517248600064
14033610636346847232
10202725947610597376
14737266200155312128
6472425628337253376
16062461010005960704
13899051720964024320
5599538340521047040
12201150170186977280
15021985902183170048
7815002885310338048
15945132018726195200
9928034679092283392
12271334255069294592
15529643671269904384
15415376980556539904
13048394680307400704
3274574460530469376
9438102482975930368
3911122678580101632
5403386660051700736
9351445268156162048
8732050704247777280
1304560946133214720
8339634119583475712
4699911865415943168
8072868899309804544
18224866069015166976
9300924676395931648
9430806072677892096
5195206454256655360
14532271714979919872
11284520239121168384
14291464229782251520
6643721571094951936
10556572948915361792
18101753163819927552
9260079336110512128
5955280631911306240
622231874197500800
6816624273517736960
13764314255952056320
4835736627252256768
13272208191606446080
13365929931807600640
475188878245728768
3317036044744557568
11519863200956243968
7694347993173771264
14267184426419380224
8551350268892260352
9840001649546524672
9440369092790990848
5743712774348312576
15755413502898259968
12611530667037566976
12883770303898220544
16465813241692477440
12340521067799080960
3872610535132747264
10446723944119058432
12701585792699412480
1855823520961126912
410080922824644864
14943099939792642048
7617327410807666688
15659818841158715392
12003735650169540608
10229023450931755008
6284494601513919488
5142071845120589824
6406832701715857408
16979128373411592192
12006240212839931904
10497558574782103552
5990464230737157120
3208631968860492800
730169105705964416
4222169917403542528
15853028254578102272
10228315796790949888
8339958488626955264
12548039094482886656
3062119546101813760
10409685426132436992
9439535172294369280
4967689338067504128
