4277516482926691328
3548205119773068288
15573618468500244480
12501607853015461888
15881316500693217280
17512893161485979648
11363281129713776640
16884858102121627648
2121218031755192064
7281201078270375936
4850966513673884672
5268137742853268480
10666094245204908032
11935481905567406080
1175584351688974592
9806693500873404416
13555796090984292352
9693125605440802816
15543515288577449984
11486723607263492096
2091141446892213760
5040515226298135552
4129681358612227072
16433952960768399360
5233579524259892224
15021409467940775936
2667783302364455936
3299083923358824960
10444834407199756288
900188841211955968
12023279576385671168
3622079012214398976
6478819534842489856
7484333315760191488
15983643256999022592
13678115052522934272
1697755493420625408
4854756295036644352
15712898548370796544
10849073051856367616
2470164681891825152
4651636346737033216
5782347489854070784
1567177555632835328
9281176928413642752
6281533030246266880
5070139670915912704
14164598120287768576
3425598957395494912
8292184615709369344
9350355180006979584
4639188917415207936
14693907733097404416
9686478840581619712
4850705896085654528
16007103863670157312
10063811906911430656
10068137767687108608
11498747505532594176
12079775227973554176
17257770750917427200
11508512553961654272
12452142082899216384
11066816989561030656
6657428554035450880
4911182860349325312
4281661211064187392
7973083149534766080
10304542966908944384
15553539966609266688
15833210695608508416
7255350798429907968
12437759839073255424
1731787700462037248
12061478593581451264
11732367472422977536
5961383645181945856
1739857055862845696
13999797374750861312
7752720951374742528
2587072131173248000
9058198171044965376
11314033230306598912
7255827023882770432
11329685860982016000
1758592628588062976
372709249039757184
12588426800585588736
14489742019694508032
14494663787222214656
15169449657344776192
18361737051457607680
17939832288693297152
9926404586625650688
202677160830771520
16668978365034098688
14967554175538028544
1715565345318167808
9403468466904801280
2171402059389396224
12808620402156406784
1009519649147667328
15091898767140265984
16362944163469383680
11024453177054836736
18404948954922041344
554324415530665216
5401956815500188672
1663903695012096768
3053640639467531776
13903015684373383168
14994578704190640128
3678903906992717824
7029224022000378880
10860235353536681984
8120688648178661376
6528622663576900608
2802739196308246528
5315038984501227520
12802721208482623488
11827514088712712192
741596874473081216
11536560959088392192
17293305906870913024
16619430970040645632
15641424823767789568
13858400458964054016
9913673609409484800
2060579095886935296
5884147766931684352
15868216223494111232
1965276977324842496
5805509047335746560
4518737096960898048
17994759141992540160
2830699580492938752
10882238225901934592
7618257741302099968
13823023855793563648
7013194596053499904
9547784880456808448
14468042694900695040
1787163571374155264
12010179276031006720
190477852155147744
3698230410497838080
17497976847926130688
6747477214327132160
13417660783905548288
5359561922908206080
11370326254761732096
12523361100743690240
10628010453055107072
2421125931074296320
8669622937601550336
11792855429156378624
13195765856381657088
4470810508079055872
11670417193641947136
8606129537480719360
1197777605422752512
8217210744723798016
3156719798595358720
11801869242831001600
13522174020384808960
619104855928339712
3411748078974021120
2057300767710690816
7262955606403558400
841781578617802752
13831241695983206400
17827892929503305728
7098207690391697408
5811154244419378176
10536584297627971584
6302942678710020096
584570498325638400
4721826591896471552
1831671517328215296
4603212101965321728
5327783955956521984
13787429572379625472
2625699428653420032
16552399072569673728
7716059320253821952
16491146379517503488
3822470163643301888
10080885250297360384
6135321764335215616
16428680821877313536
2104376178637694976
3226846489895652864
7169462496572346368
17422333987589595136
17227283065211654144
3393852518944006656
9011304544168081408
1348242149175647744
15234331002702309376
4851364819322855424
6910251930531038208
9802669590642823168
17292671318083835904
13221224686929965056
11571438457278722048
9972398358809911296
6572047263546056704
16317761971845601280
4577664668779215360
2964644237451898368
12847001603581138944
13196651551773782016
17181239616750485504
3826510296226548736
3222886628634670592
18273667371960805376
17503867350848571392
11971542734785427456
15350879970389923840
620396709128713472
2513878796874175488
2741311914432135168
4625587746166226944
8663507917271822336
2733746859108855296
1064266813902436096
2476852240215248384
2660469692720850944
4852726981063915520
2206459304604659968
8458495453404760064
17995761052652054528
14967842597610741760
90326393721880784
639867317542192640
4991145002742409216
16306135678457055232
9671349829280481280
9708065740243021824
14243959380316975104
3786235292535196160
13526539534630653952
14273512012218693632
8297191188958114816
4271481770289851904
14364796328325957632
12306075714979921920
17723282453907519488
2912110698933279232
6255955632451833856
11266273918957338624
1078689561888737152
16907443478991104000
6177586096389975040
16596131697263503360
1860307342301232384
7905596886277363712
17989126598776635392
12632470820757764096
10383178856538146816
10061143204318980096
4554591474218557952
11723849553287874560
4942889988396483584
2200751585377943552
5319377667381061632
14945902440604704768
12576911212072249344
10546483766384384000
4040327447845146624
15485772364139694080
6427607377996731392
4486720474772860928
4767467638121590784
13467412163744473088
724967032770543488
2111451171466174208
14389333025913735168
5197381695467125760
6176789530264848384
6905319354340523008
5684514525282247680
11572855940315373568
9087692145414754304
12688394199103465472
10787269280671924224
11994110339767590912
11175661773857751040
4586340647218463232
9847683440957702144
3483550469756800512
6895105593448519680
4000975988215181824
11767959222411184128
10091455185074132992
2345271224321828352
3151538270772850688
6222126215239053312
509338058346130752
10326938556403709952
4260915382392082432
6113008865064403968
715814641569703680
17018183376795611136
12125021635823382528
8554287721127905280
15894321236891965440
18185631153498028032
9633532450030419968
17860980939684005888
4046004108146532864
9882653418482165760
3046453768400113664
13897148830685833216
15171963671071440
1370417689690825472
16401780582847985664
792786974856669312
8152106662218051584
2593555930241146880
704188329812039936
16894807991150434304
18183522544020353024
17312145891637596160
3687087429870745600
7665082999762382848
13414578508060839936
15288198037693251584
2152360834014456832
3473451305043219456
15539964919943405568
868399370223949056
7898793429522249728
3214052435692796928
1958054280419360256
8479347831687160832
17921731399397875712
2975369187923152896
2253465574165799424
13013847341299599360
6655291759944019968
10619853640590012416
3687604240745143296
9054879799460745216
8768168712798464000
18366248230939674624
8079870801584058368
16582621532449943552
3988062933648255488
12270167279327158272
18195441967243755520
6945998457325221888
1383950513969485824
604632583770326400
3427472875343135232
4555507149596039680
1028034273605233408
16393019153605976064
7542355468697348096
14099100264965199872
9026787280593767424
17008488028045449216
4008668248469772800
18104456248376780800
10933558696248586240
1393387496065523712
4417408320063263744
122219786448309920
3507616794541266432
8949268239549504512
8453480095699943424
7718114697882695680
2523123234163245056
9228195066241978368
3962717759863314944
4588252323367140352
412496331965497536
2135718256039464192
9014870382197830656
5061632856249694208
11959850046369730560
6874322215879139328
16408270871162296320
6350751349730095104
11646696382012856320
18261067668890560512
7598935011567327232
15232798463973662720
7623262625259968512
8638776129809716224
5470396076434933760
4037075869727129088
9055631365576698880
12422102110206971904
14804351199617742848
16669114456046477312
9909553680783456256
16719129682920771584
936925240624116608
2241695181221030144
13220738441259290624
4734666104288688128
4848617474836117504
11449579922030225408
16342237547522177024
13388515623344056320
14166227815887525888
7138290689234134016
16378183152193191936
1670283996395696640
10689556637243412480
9718312660984692736
2237731430523501824
7648219337322955776
17591763749805199360
15921427476119873536
3691171437472079360
8501420897796082688
9600761327532851200
13601927919517177856
4030417782627589632
4382620375992515584
8723967634743649280
1886396363531357952
16944147558420666368
7704966246351647744
8540093390358500352
14372399554337712128
4264043922536772608
7347260328270083072
16230926342669707264
10187868343340998656
16059614770971027456
15422694653320908800
13879243301936818176
6945011272021017600
16791529776415930368
14689248860722954240
15284750018458005504
14825365614701373440
4729387574836300800
16623546147199023104
10969489123023706112
13027910726756216832
11096631053750405120
5136960104699862016
16556691499987935232
13011777958406553600
10716917890349287424
593092670795594496
16287048519701532672
8405878495924629504
10006669821783853056
14158867650764312576
5305204645718640640
11436240081863426048
4112683580762678784
11106352478117976064
14630215027378499584
17735515551267997696
2885119912714484736
17571265237837971456
13403694409673936896
5833707700308534272
11293654288762417152
14246378353050750976
2529623615002343424
17263823615347990528
3789383225029709312
13109689971352506368
13855625791937849344
4202925878967694848
3322623454030654464
14723588838600138752
8257535554164769792
11195496123315894272
16075637171163209728
145903100721956320
18179776243580147712
11816440760262322176
9628190997846597632
16202269759704909824
11961643684586969088
15306003883589629952
2704158087406743040
275570080594121312
11935905860919373824
17819116580202985472
14016685691060066304
8252882917759964160
13033638516556007424
9607138272791646208
2399707789289734144
12378875424898605056
4083370860860266496
11960455379542228992
9883718337394102272
6964837974450394112
8026272408057692160
14968730690898925568
6264009158663256064
5814806934882907136
5767936822811522048
9848798468711407616
4971377852326627328
4632524460245288960
9850395709399326720
15436760982646296576
5336455227614170112
7785323502494947328
11409136435308982272
16405015092236451840
8152573778300355584
7597040948009830400
2462652521757316608
16922889320494931968
14746204421783570432
9034979506161837056
17372109719300882432
11576691605567092736
5592230387826083840
4292281264211615744
17708619921388193792
12584490096420087808
10826932101292226560
14125903589571643392
1606834565248679424
12689874167230302208
17884723228568946688
18155197496210911232
9584366645497673728
12086091598819368960
17680241377700200448
18437796895666231296
1724548049930961664
11626171692291559424
10313005487839864832
9771733050688757760
9236889312975867904
14337455950997295104
14153502594438496256
282401225177691808
5212330316171325440
1232540271228292864
9376095562822447104
17725404199195037696
9838841414441123840
15427602498049046528
6976509468367598592
5084078555025162240
1815672059818153984
11730554816021094400
6829384674015321088
3099545687565192704
8882235260749196288
15119474269358002176
3461716917482609152
14202477755505559552
13525610281880229888
10374029677746659328
17186186836374736896
11103652443825688576
13772714489913716736
3204582551841754624
16331747323039873024
17052035200046419968
15614788582086803456
5758941188269155328
9588847792356614144
4193370942498082816
1042993801918763648
8959398872327078912
14223350624654942208
3689437101085127680
16411690732513282048
6209923704321460224
1975228620470984704
3409295754760746496
8584502063345416192
395802781688510656
1292274636043002368
1757588311131380224
7758296619142344704
12671954161833316352
11768971454191038464
15393720358292619264
15945031568922875904
15291827541349019648
3885596006477611520
1835615019319745280
2426603905940611072
16805322319430465536
2581962283953613312
9589854723327621120
4545080294665553920
613895545414726400
925210002778008064
3667145128246169600
16280832608981508096
7559644417183467520
950468609238375424
4855892204651085824
18015544532868806656
8189891102427490304
589292472874593152
10110566581367083008
16445753442056001536
17005607349869578240
1723272624276092160
16627639953906778112
14175264721993431040
9485798454476341248
7380283638963056640
15587702752812156928
2865308905495411712
13005799899194292224
9110050663649398784
8685399167041629184
7577846593920709632
12824596775155658752
8816698086019305472
18154294930939031552
12581299688942972928
14442231366208630784
3929075279013536768
10530784251147448320
627667918289142528
12161827703982278656
15781443482269937664
17860347193824239616
10577163411605446656
10557833971165501440
10307234585210003456
1382896163348629248
2178820856753021952
17135076028119367680
8187106466128988160
5593746843176027136
11135131983040081920
9418733567013380096
10731049340291856384
1654349531972882944
4809882030582405120
7411546745985443840
1839838591408634112
251217415022469280
15968818934814994432
18361859122314332160
1352784590543258368
10662306981314508800
12861382384449245184
5902471432465280000
16351972674040858624
5235669882824819712
5103949636947351552
12239331818926895104
10951307812326152192
4689397874222855168
11123036377806655488
15206892913752074240
18266949435449038848
10339970408571985920
9378160361928835072
11906083246606374912
1239644495034235136
12921602514597816320
4738422638145203200
9365517908808896512
3299015658538723328
16450298281703936000
15928267799539703808
968506576073717504
15685745673305192448
14625368695034787840
10194435600188884992
11554111497660069888
11265290686952366080
17383101954347292672
4570698785907317248
15997967059150680064
2124429778740553472
2388811077348635136
9573935623009787904
2021213923715390976
12611626037935785984
1721505627106846464
5704404552325800960
8295305718899278848
10096698095505625088
8879603120640460800
10851499164736249856
9880926232591276032
6527517733299776512
9040056923674549248
13416647270699112448
10814607296173414400
4083373677208193536
4741745081759852544
6348846986763549696
8653387015624971264
11146098897301219328
7288373351745152000
6900887121495051264
3475678464046797312
166302416085048832
11808648222882281472
12414108249541365760
9108235170058034176
17682319244689111040
12305613131223076864
14713510222006964224
2180867643942314240
7867600470410272768
13083077523813257216
5306132330783881216
5414843615521076224
12952295532732811264
7199789063998127104
2983251147038794752
15693557880620181504
12607377518202626048
14172513756037900288
13425169167886032896
8522742015688189952
17354093144855527424
10040604607670032384
1557363194381659904
15945240795936950272
620641293686770048
17167625678769451008
11852116432994056192
1890404359800290304
14348054332904925184
14053717775673866240
15590930584198135808
1188354626350536960
16086725008675688448
9336114403998803968
8734249048738020352
12639790540836911104
9889067863803795456
8766462113217252352
17626005577061003264
3128289155710939136
16574880107026749440
10759143331342786560
2469587214913371648
5548596301039704064
6925326775721900032
8079419681567299584
9051453205267621888
11344670161560207360
9991589721012688896
11192410447231117312
8603364892331884544
5730242749015117824
11745836919590897664
12667987657469648896
16036811035052421120
5777081786184901632
12197219840832143360
13280451390938243072
14517427873232717824
3256022546765349376
14850422023629682
11158905544586377216
11135624345671079936
14759549752519606272
11385425087758055424
5493140636633010176
3278975150355552768
169544586639023808
7503507364654660608
2915025104872100352
12674264913747822592
3480130315033746432
9776623601454438400
16364074318016077824
772716085847307520
2606292273430529024
10292413883735695360
12754049450503596032
9811449598041925632
12064450494312136704
7022691100476568576
9873116972145649664
6693422391985278976
16950640749447270400
7349270590602217472
12064390629525196800
5483331724241896448
17032577797707909120
6409809805077317632
15403931000674836480
12129857849281120256
10259823603225954304
4382071789382304768
11032739157790390272
16123899201025120256
6253691477160470528
8678805754137474048
13605519599825070080
9959127984340410368
8425540392111754240
4715780778460250112
14229057288499484672
5376316647446114304
9090853478242367488
14335526395099863040
1918973940209763584
1986894983949741824
5485672357201106944
866961509608454784
9163594238204450816
5774644783284692992
17443261543135506432
7445658959411545088
828560543377896064
15693969550983419904
3846260822326339584
6270665514089203712
375739379888193152
1976575155926037760
7040300218893219840
6412674094657653760
13275718092483485696
8057244385899456512
6314018308291215360
346082570318986560
6897068653314298880
11926503116018092032
13378421154437457920
10974716912410503168
13239035097384257536
16370887614085865472
1095092784285311104
17184041350775795712
14068274128166649856
2656890987975342080
5554169315416125440
5204067991935604736
6003942502676167680
6765033545431942144
8141255682254729216
11262723318261757952
2272464704136349440
1077733781975191040
12494719807534247936
3440435897362249728
7673296391339876352
12161592525912340480
13221838383651078144
15602116311233800192
8666890675051458560
14299163465007081472
7108221103052709888
5275813824406240256
16559137014669172736
5561422808690531328
7600886084250546176
11962583315142492160
17496395586136854528
2073833903649168384
16885719611184478208
16690609127046602752
593378041046100224
3901070888843542528
4016986010791959552
9088892487875112960
6046046034878210048
13705558219861489664
16716689701327599616
13043850028799713280
5096023608494946304
9726859046101612544
8027866182604613632
7648563816200806400
6582016941607492608
17190737919704162304
4915398552975367168
8811219627165307904
17197344423017662464
4270517879623153664
2474758342871768576
8560718948474423296
982350983521896832
1769775843795809024
12188592613141524480
16624800996900091904
7211707599945322496
14170891079004811264
11200175546894211072
18337471810636713984
11783862768232144896
10158795719922890752
433419752739803904
11053059877210380288
11152963735700236288
9230737014052435968
16789739306129229824
1519915628499316992
2119159234792600320
4687853328073345024
10484831681864419328
5083254094454602752
11214295268112570368
10313920434806239232
853221612772558848
5815076051926865920
7936117608072880128
9481606912472659968
15639214370246019072
11932638416876961792
18227090668433123328
18388703863675396096
11667719754132518912
5248289064148020224
9527635383934726144
936084770796070784
7497170515386151936
15901883131105316864
1699939774656157952
4568400556591272960
17860283223672406016
8170941451674360832
8062251462586131456
17625261616201261056
3130585643222146560
1291964286340191488
12905102891297515520
14433512633263912960
3212137894735720448
2235869792358227200
4872710401148701696
6195181297071012864
11891069064667992064
11238811877147703296
12047516721274591232
6594470843004084224
9448469315477813248
10834999606874843136
12484278206903080960
3341480196113351680
752704452259038208
3460771248145520640
10626666804877611008
119216394354644720
15461261613257213952
7590563009145420800
5267190299009674240
14003600877684756480
2298414202498080000
5480323432345502720
13068707501379780608
14204643981706977280
420959984811044864
15502091452554366976
3232106289046116864
8797099772822176768
7860107560699675648
15677597677316505600
4213360587156724224
13192469856206759936
9198474404364929024
3835722710949584896
13359903122200690688
14443427502831458304
5210602666274859008
14501017696552065024
2249228826489703424
14068313111656935424
15050204875033573376
1499226685107731968
14555448056276926464
13886800571505950720
14893173149809424384
15596164969154039808
2279891247228668416
8509811375713745920
1729700640498235648
4360041032016415744
7398261824939619328
4597519624912494592
2277151889342635264
8157805740529334272
3561442181890575360
1421336349992603136
14147344765034723328
3492826105412452352
1904509781185863936
4867365304917614592
454589183970688320
9900681534876893184
18110746641115369472
2630359463233826816
7442007128170884096
13187039829669163008
11217773927712079872
11767005420437889024
17571828752527470592
