14383888064893358080
2231615329342904832
4271969030073436672
15871811510210975744
13602037232785565696
9174972000012189696
14327454147332065280
1645204152795601152
6488899898826928128
8354399515934303232
13756503201342140416
10710252053118420992
16078626534053562368
4402067291677713920
10316194094118111232
1504033209380492032
475183063596378432
10743379847580856320
16502394695813984256
4327080468949672960
217850254213477472
16167713147218595840
9904632127073689600
13753692027848001536
18229199264044019712
9380564525891966976
17590487409069455360
936009348069392896
7815612516947452928
10796951506285717504
10109613529209968640
15299094505463789568
2599153131786804224
6981763437870315520
16464577902503780352
13734946942013917184
2719846184238003200
15713264406822219776
16765077044482162688
1933799714933137664
13231753920602927104
7318983535675062272
9213898855425028096
3031733762746637824
8199436041471507456
2154235155219387392
437951494515677760
14822047493718138880
16911242983092602880
17466418864559431680
12673850382452742144
15017694443300163584
16914933663790598144
7440228397462484992
7379022442972654592
9520154338251358208
17431839271611387904
14167749500123492352
828193981780199808
14749766540419801088
6035536854051018752
1087730327445007104
2317573174546785280
6583784672807030784
17513689650341662720
899988172118416384
11895802416928915456
8197512932671659008
1026860976213138432
2877105421540734464
17048613256828227584
14726505458956380160
2808830269629712896
10327814078998788096
9369200715106152448
13856433010323486720
15332345724610170880
13269280565730455552
2508072236549242880
11136054182537400320
15435240110304897024
6572111568043773952
15893397306804543488
4316998835935967232
8706299045783103488
12953486501336578048
7008014435140229120
17785300375186171904
6141233802828221440
6889987497958420480
11379972057227124736
13198776092145479680
5211947022034694144
12242415540238016512
17432624884869109760
9911328497569177600
8445605136529132544
8057012549243954176
11590893006326663168
10728313737408036864
9594383940249339904
8641846460897208320
3664608924751472640
14566909608681527296
8025776812948861952
17542789327945365504
4043688606971719168
1437028240968885760
10677068808576976896
10913890384954820608
11493646416611743744
5324281226336192512
7596849672356706304
17216095132847554560
15151229919942080512
11669489554586462208
11626783709255571456
8053202360052551680
2188418368080174592
13587353520123588608
17017812713795528704
17896117077590902784
13019273553447610368
11071066509085315072
11349479272195233792
2610395174880545792
17394734049688965120
10432242703848613888
12591387551836993536
8425487136074949632
16943945273803487232
6474134384852031488
7601393195609993216
10823342102214969344
1825016175911123456
2998833498448960000
10431619934229413888
18423396565750237184
4640326713639811072
16476565043653378048
7575131775518331904
9826976761489645568
13449042699222333440
12248650373634637824
3319090044852022784
16261639099047309312
1396931095019625472
7990422206752241664
14468562740191811584
652722558640545280
6497376037428077568
1136074003654051712
18027354011067107328
16421175904536975360
6484810959290639360
7537542543138092032
15093517221173032960
7421792466554579968
3876466849479146496
1427693908078353920
12536218890178783232
5308927765245101056
8841829155476930560
8850355871211587584
9425163758360051712
13860692288327352320
9537645030773665792
208693893508494656
11794312431080521728
8939364530492905472
13133717219186823168
2948604105272224256
1704417151432978688
15831021835286437888
14052888343111018496
17183749733270794240
2878671022021056000
11041192364932689920
17167541216238678016
9749022622727399424
18241322189400162304
17231596706747361280
16228119138288580608
10180717867858561024
4693759720670197760
10571105709778735104
14380942432585725952
4809894954849299456
8648695913551812608
9604148372537239552
11795498494865702912
9711880570982848512
7438228509757550592
10277708561049911296
6070214907090013184
8697183879141773312
18427884196519669760
2784853711883033088
14069858425992636416
7377340413356792832
11654710961973858304
14606517120162902016
15225670704227137536
14275402571777896448
10242818406120224768
10911907741310431232
12538335862450006016
5090390478236114944
9880999081711052800
17107997908028176384
16238376568601157632
2843595148825778176
14329151069012359168
15613303870111580160
14441395762890293248
3376616771463697408
2567086537569272320
15321184380287498240
15460433455297331200
9737827873567907840
9293056063419439104
10473577443817068544
16388213513790013440
18177933677150228480
3220539715484289024
7308842883459588096
2267041423090128640
15754018517185243136
10409787619244113920
18112880668246564864
18436667925077962752
14845836322840649728
1374632105877895680
7049282760063822848
148494121540519520
5085654336489464832
9630398397727510528
9084309740051093504
12597590440479723520
14043533323030550528
6205032314382643200
12363225031081744384
9487344772338118656
11256327664137844736
1774502121785882368
12582380199854907392
16615612615531479040
4077194686333076992
8839716255912390656
1997778044895253760
9411188811135457280
11189615364087914496
2451263167663478272
10985937874415654912
14162510615088652288
10087580267909363712
12989572029835468800
3140037124517109248
6061962991132868608
17629678653029734400
1751410050006357504
1697930778337212416
17419044902692345856
10537507488964300800
6353638479854587904
1709091004034489344
3145092203369135616
15663518827493036032
4163876223268289536
7311818989330507776
1772335165478624768
15218325470213093376
4413613779188324352
7006631299852153856
15544036696573505536
8210553016413637632
1290602728405520384
16185303177033375744
15804463164206741504
1951143778694855680
2780238177741602304
243621772774612480
1313546495783846656
9246227775616913408
7732074395305242624
6804319999175323648
2673108553132213248
14506690594145153024
3072973763510902272
11099380631787567104
18238347412665153536
18403336499683723264
17470735104313565184
2508043149797962240
6363527485332561920
9935312152457627648
11990036122426128384
11984825081300752384
13788636733679308800
13221814530549557248
9785718958316488704
17488429943147438080
2201537606845621504
14826791396972679168
7399876496116872192
9027567854674058240
6950308122024317952
17630093570340728832
11933815361572401152
11244626447141888000
16553055796794261504
4435663798588898816
15692770019300231168
11384028387914051584
11488037956604170240
23547820276823560
14879713842293485568
6974628538071752704
11047841922218815488
12453916448710946816
374522586614181376
13366542467316697088
4007725285595610624
18046630415661946880
2965051822610825728
13777894987850997760
8530826316053528576
14258684810053111808
8220481225552152576
18216240455460937728
12187054742975434752
17547265244415569920
15571066324744970240
1391100644858602752
16331652096836268032
1262050560046248704
5451252812312534016
13250535124237293568
9473926861561241600
17661860665282011136
7383236723441772544
6531834462654260224
12458416905854425088
5305737412636493824
12464825325133062144
17597797946287986688
17451660427806234624
14180225289354846208
6483759369527603200
1075813731489141120
10808377981686358016
11322134334067144704
9858368630520580096
1233201147758563328
1068810206644076800
15419446416210409472
1609048166945551872
15807445706796181504
17319593463820331008
2626113986068180992
10007527635301115904
5435654460460183552
15647759699097548800
16811062413380079616
2315859791363600896
6464906239156987904
5953931638849768448
5715296739710461952
212785982945590848
16180463375378003968
3562574067197705728
11915500225505873920
1895975007806611456
7597577248122258432
114730655088225648
17121247013758941184
11794574752260243456
4977311999078166528
12874687037576529920
9205178344718643200
17104762226479226880
711460390981200384
18347866887795890176
13712976256137238528
4422998903629018624
9562541491214340096
15945997961449641984
16747490954083518464
12903640256080046080
13394739345304254464
8902161685213809664
13684902915258548224
1013725734870799488
16692314207168180224
17759804086218420224
9578688056473653248
16485890633152591872
3739232438984926208
9842651686054223872
9545619378545620992
18310564939327612928
2773820915344196608
11606398518367002624
17598410708363335680
11666300793744594944
1372408426183735296
11867200884673757184
10898803972006019072
2569647687962217984
16922689693222072320
860448418006181376
7164891836813180928
1923971581059480064
12591430893445777408
13440966670534371328
2229430727929760256
14134188770892597248
16500048735790487552
6163351582657292288
1510856642833961728
16227153723718172672
17396582631495092224
3352302401819752960
9504054457237915648
8207504295957045248
17843904519739019264
3475413080638438912
1578623169601388032
14190362177761193984
15307837050004865024
12983340867152734208
11854200964859465728
10538960690793412608
4112365981882318848
9153666329763555328
15298845653415567360
14101916534350440448
476027226735879616
2027432157836004352
8567396427118767104
5265484818304238592
17641611992230737920
7958496696833589248
15737518675304058880
16898411084750505984
9870247499160823808
10426067755618357248
10180758791417931776
4146696081134355456
9677831189116207104
1984181106695201024
1164010785378556416
8288541696269394944
14212293308022048768
3413975328212572672
4401992431315416576
15161938801205542912
16600811763569408000
10694889108706746368
947621282520335104
12830637531763187712
14748117773462169600
13352425747955906560
4139842026187381760
9251457457721622528
4655326781630849024
5919353052705178624
10133801524004915200
2041977390575191552
97109510896960944
14267477804519577600
697612334965370496
8894118703776528384
8700397859348024320
5913409760524493824
12357353956071636992
16996686180130181120
8992507057361683456
1011232776483195008
5718068407736493056
12922782962821953536
54675971951127528
10751826722734215168
9218627087137064960
219702931430978720
10218110514789474304
5644852299422419968
2989585096767674368
1788428746191037184
6584043668718341120
1100696203867107456
387659053239520000
11781471118165567488
13148865120913797120
18409561716822036480
5412599771030207488
2591636635112937984
9206555291228324864
15423751765969295360
5279598397500329984
3954254184197693952
9029378413049838592
14588108988725940224
98693155917689648
12253918037020082176
16955888724172105728
3780040894018945024
3246862442884390400
6656301708796552192
571258179300731776
12866714862509846528
1040509352097723776
14652842273720725504
9723352223753144320
106615799584106528
9543343166154696704
3747427366977851392
16096047027563851776
16462486750134890496
11254446815630966784
3429648153999936000
4880319640192230400
6890034550622155776
6838086046753419264
8131928955461694464
14395658398924681216
8116635602102939648
3661054249028101120
10316546968186736640
6623365496894562304
16506286806882869248
7967934682705687552
12749400771027617792
15048397766150287360
6467171927337428992
842313196799207040
982467424105420800
11326226384010745856
6459849984538053632
4148972832980790784
8395141532931438592
12569826767528857600
16485585482679322624
5173691553803826176
9478724041085511680
4879403393300216832
10924834974117105664
13033431882638307328
15453355749898979328
1112503770277266944
1933797254419267840
6645724191954973696
5102255146539812864
3409573490207095808
3911033947119036416
15225329383575060480
9694097287232745472
14700217675787876352
17155079828881428480
440973457653161536
6101956627813582848
10879244399416788992
11124550150281357312
3544258317738031104
7786116396833529856
3439903299663127552
2862954682348854272
6556006474769527808
12625187392359284736
12422397584704423936
12863743052666963968
12415323230060163072
3406814975173811712
8215509073965629440
11315803418468001792
15708506760176500736
3966733357179146752
12047821875343020032
4823201281278654464
9224442622156081152
3891389087747341312
7919040401583181824
11332859391813873664
9767951072549650432
10030746755043137536
13120425821615216640
8187945602878704640
6756744240936507392
7547144396645025792
6157963917408903168
15943038794095366144
17838070042880165888
18207011517658400768
12329765969621745664
14576160532149030912
7657335070017774592
6842033990375299072
12887676984078407680
10573230116309385216
5663855236854749184
16325834165659842560
13329317604104280064
1406489738428077312
16214295887106242560
13165553499850074112
5506184948099134464
3850187426666262528
9725628800675010560
18071066797651638272
4752554713775462400
13728889212707567616
4354702298409364992
8701344217737071616
2384244567472286720
7289383832328827904
3548735730371700736
1823205991334644736
2118695218502085888
9690154340453066752
7348707025459307520
2528698699606703104
14891668110229583872
9824513092956325888
501052661320297024
9282403949523038208
3690688059801875456
4345053261146955776
15360096334009399296
17126024706079946752
6046476026058411008
11643377810858688512
14295334722604605440
9567460534249748480
14393423676002443264
12368670759825645568
8619980325462606848
2663969468656291328
4120616837685716992
1053737009563531904
14845512152523126784
6205861624999142400
3045682081350052864
17178164209838219264
15624797743206422528
9288959762342111232
9610900517413111808
17664870405977761792
15257549343787104256
1863998014651166720
4375358723029675520
10536653127466815488
3093747354354797568
10527359606898362368
10741225589661255680
5061482853461997568
14514088867806896128
14941546585678563328
2309334814223679488
2256343452552561664
9414493694845483008
12186788836886093824
6064450292871831552
13492811890387005440
16773924443183958016
3387740063484198400
11712770735614212096
1001634252888216448
5585352843654674432
1168212504689830144
3705245069032978432
15050186566626723840
1356511296982913280
15604685599863425024
9458860983766347776
5747702719759499264
14095179343735107584
5945943556325230592
13905435693743245312
12247020173392852992
4480185384195498496
11138441586439383040
11624014659822485504
3603655109014670848
10694819190371229696
10853699236776030208
7277233918093824000
13910485496247298048
11525209478549690368
13782293526515894272
613876999089092864
4836563186131554304
10492478838406377472
11254079468101986304
15925518648207409152
5417915194781806592
1379589695459951616
11469643839069704192
13273458935935645696
610575566669196544
18385027489221492736
9186522898661923840
3897564271311424000
11378779516338530304
1103145479908473088
11168401076696590336
13690179342328547328
739388083827141376
17354082388843749376
4566171520084323840
7912994211201873920
9189892090014525440
10030842338318743552
4425962391934160384
3999069009208275456
9958067827539881984
12748682877183234048
17743735055730231296
1579477885033400064
5475509802176345088
5975591764209144832
16214720830488494080
14021404001052721152
14358219473845538816
5440670975794653184
16474744696223645696
10474250351396870144
16596052080297744384
13576670265847072768
4194581111562147328
10378703136185753600
15700885355156623360
7882699598600568832
16384127094309664768
9576668435552636928
1078112977156027136
15293212147230246912
14802353717689446400
10217153314895017984
16039564295105658880
14315086443125862400
10346623478976628736
11555157022172198912
17630393108506435584
13710912264236972032
15789401358042380288
4811878880278872064
5022661839549386752
17213128016368889856
17170499955057139712
7449838703996267520
5907505768942272512
3446032294707358208
56123624198956632
4313319031559937536
13237015105723037696
16454676254863771648
3424912487972930048
12215587889461700608
7055909252127229952
14935752175025506304
10629269910449979392
9715850510088216576
17564712667788474368
18270056435634225152
7333964625121609728
15551507447403155456
7645432901243828224
3072484163760215552
5255937205981436928
17079989565842046976
9647880045578831872
16520068770515445760
1601239507874619648
15980044284339281920
15211629500259520512
10039484125079359488
3112100002094314496
3599267675160577024
13078583917339205632
11227532691219380224
14918328282991831040
6208661696344196096
14473723663632910336
17289329156981305344
6500534500630576128
11766364829858973696
2475651153808743424
9215046784382059520
16821654852884094976
18232322677255688192
6079456261948764160
14559096677716822016
4154569525854900224
7505128964671040512
12796739483236167680
9787857237160785920
18137075742073966592
16601004781098592256
16572978289213966336
9996192487900497920
15338368389250603008
11071919277843550208
1956336954232882688
12664895296395202560
13636610170319302656
1636848347636168192
2657062313729416192
3800288767085124608
15634982120431128576
3253174684408728576
5247917510775037952
8200998723962134528
14116249669513238528
13150332571002353664
16387258531118794752
14956403795674540032
10578962027948460032
11564642167791855616
17095047783283701760
2232484652844165888
2738565852039316992
5850172233075971072
16804802314014541824
11546227774811205632
18384532634653169664
11352700272805494784
5966240932449642496
4668154600484501504
5537001435789362176
16654936430540179456
17397475279050186752
13792990968878305280
14912031047132022784
17805319930854744064
9398945253227694080
8574635325475650560
13183681981177253888
412190603163722944
14514458164509073408
10255800410432749568
12860383536053219328
9313266231400275968
5271313320353134592
7939204505110727680
9830681374767069184
8991816548102714368
4719318984867259392
13825267174282188800
8023152882637031424
12533182167052621824
10859274104156194816
15071697329072476160
5065341520946208768
12377801859499802624
9968283872432560128
6847047305108625408
17885765674981220352
8090086900746492928
15618328032957171712
10894230209648089088
10854128776199843840
3473338964754720768
7135812559930764288
6012175576462230528
6896519225984089088
11942330318203039744
6009604486577586176
11543113376273469440
6960952688915165184
13192799172012503040
12214368500592658432
14112101083441047552
2870026001829576704
3064776444554649088
10421303874381731840
5151629350835287040
17690370973482192896
2788067517070123008
3115441762275328000
543788691010042624
6804473536221029376
17624054023303254016
6237459764164489216
1654361494783144448
8580441607745544192
7889642534361251
5842930371623390208
12810368277159542784
17297830074805911552
9911911137672351744
2575228652924942336
16698859265004025856
8025863611251016704
14741024059283953664
15316646764692910080
3370887926886044672
7333459857321067520
12881898304274425856
8582862064437157888
1805734057445187328
8169166224038339584
15166841913522778112
13325222619196438528
5349305972298245120
3224772518428874752
4952319761345050624
459939386577039680
7561960460774808576
7350082055615969280
12200419445691723776
9369781211049367552
13637056707690104832
9598984880435433472
2688526194557071872
5568931357576139776
2641912648379851776
2921584361262036480
7210966224368087040
359941786545196416
9897894374686283776
3947891385297055744
7592497222866640896
1799801744222126592
18308972748405020672
10556127521359316992
8631511475220232192
13643418298002151424
4743068589964624896
18214992946500945920
16751144756756824064
17243665357221683200
7175946396874076160
17705707366573942784
16482249745019052032
8744378178922785792
6575461372467099648
2751642795515600896
6040127352085539840
8903629049572870144
18380371092463286272
5231756115492082688
12118779102869436416
5625685200172677120
9163389733711985664
3209522018467594240
9596745892166533120
13864989759822960640
14329036143424124928
5936753372679271424
14221675467428251648
6861623272678135808
10690600108475295744
5743478858593318912
10401289918037393408
5804877611004528640
15987204721722517504
962978596715351552
2355503050848268288
4516687432903753728
12730367565868691456
3274209382803055616
5202165326762918912
1952348940773331712
10076807508450490368
14001124648571396096
15960482983988158464
17777875957175433216
17309693460035233792
16157773073261574144
6207194514374217728
7224277719381900288
8283138938804328448
15845230452834578432
1154001602652141824
15746019396200601600
5747665826906577920
18321867885245648896
5353508772462704640
13778027606880593920
14429773570423539712
3730393036479812096
6074637763502410752
11943278726610130944
15120373581431072768
6992740601589301248
14661234574793166848
17493371317881464832
8430691691577964544
15853645811704457216
1326617881688333056
14474507771019442176
15100047171684229120
15618654763952410624
156171847623659872
3458314169686142464
6874275055401274368
11390978493585881088
15109156367148177408
14115343968761085952
16900711609803603968
