17296506111628498944
2616440359951680512
5024583280375256064
3589397184178793472
6818637498699134976
817009757399431680
12748811941472184320
7534870326688834560
15676271977957357568
14019306306818324480
12959890403724173312
16954287763468562432
9694322632901738496
8638311516284297216
4813555095152441344
2521661185594605568
4093123922650949120
6993060940400737280
11053320810870636544
2012536445409142016
2810703467654233600
6458141130374760448
14818937324760662016
5904633304120252416
17444529908752799744
7185904959286566912
10249458203804166144
13275767356952489984
4806259273150218240
2982279884041665024
3575271700953595904
12750170187803686912
6501708747553794048
7845485329154202624
3721485144678906880
15714169548694224896
11268623451667613696
7582658230824059904
11633432963236632576
3478540556259684352
2344191871492659712
17176511923177302016
13539476110326036480
6134976279343020032
15762921499116810240
1348898393478277632
15398051444363126784
9108896776079243264
8778409927991135232
8871238090791702528
10519948543584747520
12435095657755570176
5956521335034746880
5603067274976581632
3916335270124177920
10500826496031105024
16319980447603595264
3841719110159306752
14184483153574883328
16094722817508470784
6948796375571808256
14628812881431928832
6776027019169889280
14239439491618627584
7085117925740516352
5075013106865072128
9618511496057223168
4452227824954724352
11209217783707662336
7202211956745495552
8841595065723979776
17112956729471848448
15212688293345824768
3950737470729965056
14460419449338083328
7842830316383581184
8677363992803713024
8306176103642511360
12777506998762878976
11337351544866699264
16546000360747986944
9958925089723774976
18330043773956880384
177146953022427808
18408544079633348608
8094324187053431808
4569522290940752384
2330851186607803392
9104687537811345408
2433187640028715520
3767671516328919040
17514726277950754816
14891124892158705664
10460871480162070528
1232028250682067968
17151552293445785600
179302406315718464
18037577566654244864
15654552996354533376
7992966175490967552
2657088216751301632
13475776584453660672
7102632827159897088
7941329597581187072
18436154119798280192
11920672881131866112
4991576053246738432
2063404147808424192
14354584178500974592
10640106903734960128
7106596114805251072
1165195124783041280
10564673310955362304
16338379965823778816
5399613882474019840
17289605019324241920
12782281658921777152
11405200543761326080
10031395083022348288
15300631203694530560
5434468456370704384
1405038071584719616
7960414980217038848
13509425201348089856
14658104037631156224
5526094116994925568
13053338479861692416
12096758311239946240
835434050251430144
3561599391382793728
7930517453665624064
9802011334930552832
7884541809601010688
7769044437163708416
6646581900772570112
13195878020490995712
16542747483060305920
17212061295604172800
11272905879370151936
772373275988562176
10880120035762096128
14485726766904440832
10228554195469658112
13342439463681183744
16342747891206836224
7565354612662643712
16553521307893551104
6925206296426001408
2853579005090448384
2522082099485681152
826380338227136512
16025233187043739648
16518264181867792384
6436017066308929536
364941766410151680
18279717189851492352
2027183224979401728
9014293138922172416
2098211569477318400
13932657400269989888
12179510596841113600
13878735708535986176
8477630998991673344
6190865256597237760
7392289587109457920
1115955133603376512
8710437137363565568
1257360716244021760
338860586257876608
3836716233838510080
4779005367421484032
6194808738292007936
7463520178594847744
15353611160629114880
11756553933620727808
18393580728634449920
13588767640371101696
4313223858894954496
8264201428089154560
1928420253519699200
4975730355253168128
8189322346286405632
11555894703058550784
3945882946274802688
8242891047015624704
6820512933253467136
11987681093077825536
6830825565149235200
6061998311069495296
2282821821451336704
5616637904273316864
17963152729288712192
1278717500699979520
4940446771989939200
2679145792898484736
16664578365335363584
4621336960857151488
16863252245013387264
12551357894875344896
15486636495679670272
11213768557695752192
1312106910683971584
15617201166320861184
8083781153768718336
16436215516265750528
4677097142995494912
1131622904840432256
4769596120964292608
17319361506568224768
12138070273619058688
2308082197314994688
3460218482348892672
12728847132288714752
4070444812067950080
8462989782391422976
9449507141329760256
16254256501598386176
1876367254788486656
4125686888192161280
11279350939485446144
5949996511101872128
9365198332912316416
4247817858569059328
14884838224092964864
8325921600176803840
12853784708049782784
4320847912541554176
16177474152554199040
18406916187481493504
2182211593230028544
4572027717000798208
3426082807433060864
16762022809731561472
1689099833850297856
18137012707340197888
5566098293939720192
3191946561289282560
9923055698952069120
10541532229207508992
11349849722694397952
4920679903356652544
12512134571125047296
7991690953896736768
14857304203918919680
866867711828054656
9115660464465986560
10859294898078140416
17824654535465326592
5155051715349888000
9002949254583811072
18224945724379049984
10484257799513862144
15413368481371910144
12267845007137093632
1702889815706783232
2851392543428329472
10647007009609646080
12930218928779077632
9209173950285916160
17794965947111692288
73868803188482208
17293327007835348992
13513723165546809344
12922831549917184000
16618616278842355712
1414632274943640320
12604801833967419392
1982207325505049600
14352588219760721920
10604327264294572032
9516096300900173824
10649548805018974208
3262909942770350080
8745576241430277120
2012869689529581056
12545723015684696064
7110224271240924160
18343786729442539520
6480067195763996672
7416877645840816128
668922220146492032
1063669275453593216
17103993972041179136
18326597931863601152
11069629573509574656
1739196824552274176
2995981681585148416
506743245200335424
9363618556057368576
10787893982707539968
18006899613182726144
2216422392529145344
16107217062161424384
9001906039336432640
4409016748738097152
10943574860423860224
15712816334827735040
11786946352663896064
106549927711899872
2827249802007416320
10584792990524243968
14863552076442720256
7001249666643641344
11042259491331393536
13315905374445090816
13462451553092358144
936098578940112256
17105257041773348864
5757255752307762176
14238330168104173568
1016488575433805184
3685953298968843264
7782536875264513024
3420392469357037568
866113942250597504
5865970928624780288
5873054019279057920
7106098936504101888
12648577839086424064
18237293123286491136
8675442928336658432
17099970669974722560
2762632031120398848
10193408146876971008
11480730152332230656
1090700306547385984
13614535453283690496
9824514384603262976
15780481246543230976
8221655004641182720
17343450770645080064
16260238957029079040
46770791119809200
14085332716853960704
15246463106130618368
987191571358151040
7040616062655009792
15475125287028754432
8203947480085072896
8201209755219309568
13108646931092359168
8796512364821746688
12140932114922919936
8218132068758747136
15714490282519818240
2143515053174614272
12271320589050847232
14099223491950110720
11034224819449999360
1608175842422746368
16778858364650434560
7224379269231610880
10039375388082638848
4732111876644206592
2387112372495777792
14161954324839049216
17305580459382761472
4582532373118881280
17191536350508597248
16973934597691170816
8486946790974626816
15938117495893198848
10609211599635007488
3669845589155181056
7165533326917781504
13579909976489140224
16776391104309903360
14057038447890636800
10062903695582928896
12219348218600151040
1224497766853631488
12515702119225092096
1852528130065496832
2957845913474980352
13291746986029234176
15294625770014068736
16103957855174924288
12700604256300218368
5296047669444638720
715690127293649024
9536272196067434496
9714559367445381120
982104734810926592
2389940407876205056
9666326272033142784
108843174513855856
15470442201571825664
8220053984395328512
11284837291680888832
7075599808327062528
12545265033256683520
8354105914174331904
3557196840219985408
13637242440616048640
9041186102910612480
12070461131232634880
4514001499743899648
14496292794894379008
7663454531431685120
13380677299851530240
2091936278957408512
3480081475394640896
15100625026166706176
14378015463633573888
12072367060609179648
12883484113682053120
16774148462392926208
13392744596683753472
17673315740581701632
16291736335331115008
17760817915624589312
5768756097645993984
6440592751452357632
15735178143244615680
12781133047989872640
14092399714931138560
4051262710738509312
7211278923679794176
6324342628924180480
2507741280561373696
3235755481540776960
11626237225594925056
4369988076907894784
5044436383920146432
17293209051482912768
4909184744685285376
10658390118606534656
14175808574425161728
3464531132084202496
17361981127595687936
3787322148192417792
3696568643520173568
563597717719915392
14947572464894791680
17332718165823684608
1496090170341265920
9277189852700858368
9438860853481367552
10887209171063308288
13189175575796297728
1428316787169143040
10255242990398578688
1905930300920933120
6220858876763046912
681552328956045184
13130469383443673088
5517589114277067776
4929165230769332224
6509777431093914624
12206332497427335168
5262818649463385088
4136507331230148096
4418015288741569536
8565518898303365120
16430388643305512960
6682360921744643072
14481104132447125504
6831874720835830784
10401091415342700544
1460172064763450880
17814706855005794304
3321348053193355264
3649686907669284352
5864011915562961920
5822506602331108352
13019247680647608320
11151326007675228160
6492515935325629440
5080850888778940416
6206046113574265856
1463560435583622656
7560271801245290496
18306627887739303936
8342532800287751168
10185265593460451328
11459565957445169152
17519980310429337600
768692910113368960
1721475666377133056
9428452383948994560
2553565365143019520
7545855727157790720
16926922582456088576
12646981303444944896
11985487626933221376
7758155665410755584
14034106708208564224
11839118262376599552
6760401135903053824
7926045884719227904
3910955439249006080
1169783451453966592
382877153693791744
5742057427601600512
986375792723083776
17403955064459587584
5407573101318818816
1267347905268322048
13659597023315656704
9225253369039140864
1498763869908875520
16119504656527566848
13288163947923058688
17632037790767783936
9666539592270706688
10806870352920788992
17815837128512061440
6183229292163279872
6667948796504919040
1389885499158531584
6721188448919630848
12458140144626573312
7758962302213291008
16622338069770981376
14571090129575124992
15952975825493747712
11269922211373522944
5890977000311547904
17397308006112731136
3381643987694334976
8123096221947501568
11669280868686458880
17348226648784435200
15068031948055021568
14053835896813266944
15865598975020570624
12760968594391889920
15477390526143586304
7608836642027390976
12701806684167675904
8398085556634688512
8109339221181903872
16464286091038781440
11082953919342252032
982769338610700672
5319193147982704640
1064572524668115328
12012983073354444800
7248675852855160832
10487370804702363648
10381485927522224128
4461331519300758016
15933446139224717312
6963685713270671360
16385252611568652288
13023273291904669696
6169657870311699456
7090029136256184320
11867251602221926400
8218176524147806208
6780928644842850304
7914271129144209408
5798326943786540032
17333155612235169792
8953804005936087040
3131694680486659072
4431200161631357952
1193399053562334464
2700321621037455872
13263936038769819648
16809286494347448320
4966969126313939968
3178798169283903488
17518359674294290432
17086044196559501312
13090152958521989120
11066056529297410048
4752339032955366400
5410011045658465280
10398020404544897024
15533848948780001280
3999169135116282880
7183048837701599232
16950608095988772864
5860492280899185664
9887566685844545536
6548410149226014720
11064878518511527936
14574122553218013184
9640492188638963712
5031638668793917440
16033851661177376768
10619497050248605696
1231268839567762944
11078913428668721152
12980632451712129024
9033500633010910208
2426796348865748992
16747276353397209088
2988725826598430208
8342386546075661312
11338822784900050944
3460618974385090048
3479327669749821952
1899161286444265984
15102191296387616768
8824291296481160192
13656910158383626240
4793857587409002496
3904342766295591424
16058846483704698880
9019193823788322816
14241491343624859648
15373330153245329408
5286664115026822144
7031060280220648448
6313640924051753984
12212674182809825280
11525433466003546112
13716355698974464000
16459166320696309760
9528583543208980480
8534510241077993472
9135175629635778560
10879917815844374528
7797522863976009728
12296543908814434304
2727206127324895744
5870456640756876288
12414883596739063808
4173922895951182336
6706245525561835520
8273546221998259200
2366822574303951360
3229397485589917696
9537862692647596032
10143875839099791360
12264606331048138752
496910191543723008
8390742889829757952
7176143693258033152
2954619332074090496
2837608801824737792
6527041684087005184
16790394914251739136
2282738894598245632
12005734186576257024
3454889159062013952
7698011558830514176
10991439545412661248
4935387270532853760
6228548463807835136
12755584846271057920
14570873773514684416
3315834563677785088
13417026574219372544
6016625360913153024
3426952499158775808
9527164461249169408
17794871304350167040
15834788780110493696
9683248552674371584
9744713111041144832
16936854573836996608
3819005091786311680
9267963960680316928
7382212757225303040
5093055849655995392
1453938903670863616
3265006928963438080
7397911855301002240
6289674917627770880
5758124380433175552
7455229614041528320
10540198451196276736
10063201562452989952
16734935097515157504
12422518691433252864
9292699796223473664
13808607418130259968
2442042331735845888
16916448716500934656
10882468054640003072
13655401352541982720
8220816243888086016
2471797406602180096
11149362836142686208
16923627002749442048
13243692703771893760
1851335001799675392
18211403313588189184
4532187618649041920
14350182101635457024
18025583848629463040
6308926668691346432
4405362707020364288
43014904216586808
5110970776399949824
13611530196815085568
14207699911300294656
15173486114771036160
9023317761470500864
13479174634169313280
4481254996282718720
3243539399849680896
15888824336860628992
10827050646505857024
17488012494980247552
10651392621857855488
9032006439062553600
16618445841706696704
15994698254528763904
8765338312444538880
14337431900744126464
4445842989440443904
11139178225225666560
10915884898557200384
2416361831286983168
15079733869778141184
16350535703691352064
12064313507719038976
10645474180759281664
10218695421221189632
824628294054234240
9884119315245875200
3570052727161476096
4276705173677084160
12408887017494740992
18358961659903188992
12765394477707972608
3044533248121136128
8005685696923987968
11173319819718957056
3794217576312562688
16293291746027341824
3525491374975948288
4656235866206786560
15436082189521541120
16903097644910661632
7724305992706861056
5690645207065780224
1241710461506188800
6508191072808734720
16511423494055827456
14244650884597243904
14015978334148958208
14183835017124274176
7254314616462577664
16301903986074679296
6461164460948506624
6439682143415599104
4068647422337436672
1586201009814870528
6427699430395099136
17916797074837338112
3517212727644435968
6312538807357798400
4141316412656961536
8006515509482702848
2251576107768702208
17712379051677032448
3073054591371849216
3622391150145341440
8856032817441904640
16875321502284484608
2455815486959432704
5751026090969281536
7597031019498443776
11404069943288188928
7244184936688846848
13602591817836507136
11613955556629477376
15997557619960150016
5016818497758364672
39750498834980408
3822409718473421824
10819365901905065984
4114382133848110592
11210337087640733696
3875892926618775552
9142163153632774144
10598009299895152640
15103270114728994816
16750019223216470016
13573312056487329792
843483667102075776
1969370562170586624
1145505715905844992
12966064253272043520
18209407066602401792
17641822734179059712
12524952397183127552
15934066039936028672
12618990319397482496
6581004015208307712
111689920488689728
11121407423522816000
15294550466138013696
17261444844485195776
657609051551086336
8718368558890557440
1038293256825142016
15766614932649705472
10875246489050673152
3694162750124472320
1375195838696797696
2716356894438555648
10146252179567204352
10594307195364352000
13352088016765814784
10950927806233092096
17331913912403865600
6071398895363382272
15966002767053053952
8438856072224826368
16589532064354654208
13007597370045736960
6129248645735955456
13210045488756860928
10836227600091121664
13971169223055798272
8172289781480670208
15789226605007157248
1399903790195777280
14078718702850961408
5165206080849981440
4845119021743755264
6666634320948401152
9414951683551242240
12224146083522492416
4456765048558477312
2701562253798967296
17180873545760415744
13540869747446302720
17800057963156144128
9707293464614457344
3243025624835685376
1218154708146091008
17296925212523845632
10238982472655861760
5537945622239473664
3713645825087341056
3170912839290552320
11915659311647008768
17325721798260428800
14392213232582516736
1785261009893943296
11245109445092427776
16239291867084759040
9796925972193974272
15059751667738529792
1447203508584420864
2783637012905471488
13953017151855751168
13349850937650534400
17025391732074727424
15798814648600518656
18336258432088252416
7479732803591438336
18277298595111383040
6064320465678160896
6176854169853913088
1848828658348275968
16496338795870754816
4256070561518682624
5573327809503633408
4831151237345418240
10437771627455315968
8874400746911828992
8069049826202162176
11673820532320315392
12794135568448241664
17500282023384971264
10061079236674744320
14285487404047591424
2266205561605118208
14633629018602567680
14975044344967876608
17562114464398176256
14579269892702640128
5832573123844510720
9967214605259147264
7816602997069216768
11834969909489829888
11130252138428708864
14678246305682046976
7182592055173358592
2455203695400251904
9202456098589230080
16422292529814499328
1726040833151288576
3489985820888621568
14780182097014532096
109171972542427744
16819110005359722496
768694522510171008
18114166246182500352
14267367130912843776
17664824775170772992
11520266050157756416
18257727655839094784
7181539236783602688
9804729753461815296
12685322608302635008
6072313935994378240
7436988536214178816
17403016967473817600
7564080606322960384
14657202474180421632
8630914262470835200
6584141185129852928
1400359979236057344
7041128550906186752
12793706094533347328
17549143192362756096
1485634082295465984
2580814270491060736
1083877865372156800
18061519555638499328
9116464697332461568
13195030799616559104
11055332878186473472
2514787256245126656
18349316185572122624
3538561039662322176
3211487350117127168
7240177309884426240
5398130060147871744
7660225620426763264
16547646278905593856
4012903284189938176
8185020811702921216
17580784418312091648
3200062447780474880
6288789135352786944
12757415057015429120
3078789497685340672
15557363730991101952
2328122947779475968
8494615407908957184
6231342147231965184
16552968641839599616
5598024670023049216
1979392954527337984
8731788927310130176
8425908333161873408
16430032358206859264
17673997668184428544
12416193792456321024
4609122557474585600
10753653314545543168
17453754623461109760
17653197544204918784
5151711904332039168
5753770705269421056
4274068387018765824
9921839691621292032
10174948025744384000
10471756507526305792
14125296836813991936
13768619713179541504
8030562601804570624
9964292595789381632
1809653343992256768
13528723280886241280
8549960719366704128
2553673718111107072
10838871543933784064
6778525581698617344
4905747413879583744
2555592312786848256
16161500713589344256
461831253091230272
1443644023060260608
5168283810224652288
4063104556419591680
3752660565011082240
511221370803297664
10406434249190494208
15068648310067947520
6451384093427312640
15869606432064686080
5805763523647928320
15332324419543500800
11466410747063687168
1352365746833304832
15351038935478073344
17824735148250679296
16593442853968140288
16162131178906574848
1251858581587088384
3263897149043426304
7887813587167650816
15923667030503888896
2734931270739409920
17727567711829016576
15923980485636298752
9692889357046204416
13117036195252340736
8126156319614971904
1452530950839897088
1407826165263242496
8764828160015039488
3170845761061050880
7208565436937432064
11636241522773133312
9892943870646261760
28921062518773712
1698040518532653824
9471788533965807616
