10844913998793209856
154418795893516256
17298490774136150016
16892573000243427328
14496687620415281152
2062280178458235904
13565248508559747072
12605553462086762496
4570990814289213440
5036653132333452288
8645814122731790336
6424463327742075904
16998585148486709248
14603375255286517760
1349623104696201472
10907245277355544576
7327926458826772480
8019032061454303232
1849089215026124800
12923927795425687552
12312586187723925504
3206532189922966016
6349033949014241280
3438551605710785536
5649913844850350080
4825866029947734016
16412145357014767616
8670313370508426240
12997963468201357312
12167575986378217472
6281848485936813056
825414989153955840
3714642147537810432
999202012277424128
12847646520280403968
3898801304917868544
1145586030164358528
11029804018102085632
13551835718764605440
2975283320510302720
5019504717250360320
9980219054130456576
11689156051926994944
10547350412580149248
6796532208130568192
14583562515132129280
13228685897792925696
5902156348362540032
15119504202178580480
10923427590869061632
2981102508641755136
7239318430402801664
15539591353870499840
5470780066114057216
3935183256592917504
11259543346154383360
12021102575771238400
14526511168260648960
6131139718105875456
6361698421130550272
484539613347382208
9981224593643954176
13555224214158559232
8352612538695614464
5606685561303591936
6520971702267712512
3147569459805199360
3061052276871300608
6521134324777735168
11572016118377433088
15953779956077021184
2369780527723909120
14395700066486214656
8409651251988080640
12700542012522782720
902023049059772800
1950043049755686400
3796708843144297984
16435223246789226496
15076649972060819456
12308704671126863872
14673024625916274688
15234109436573046784
10346718248978378752
7541714125036787712
1181989337865116160
9556952627618430976
16129875168213680128
10884284559422619648
8012636522678951936
2395646825532787200
6562626335775688704
15786121143246284800
3656312104192880640
17361909686153705472
8553779746120776704
10456003808508114944
9443772141386412032
8949013143634397184
9627281886509846528
12314564086553989120
425058642851639488
3779639651693114880
7056882086367044608
16218481683258937344
15359426840031006720
17122995568290215936
4057108301329973760
947651501134649472
2818079162732045824
108893440483114736
8775620883050366976
18318486235436683264
9941814051982426112
10001647640764796928
11766994771593635840
18373912849932806144
8285751994598913024
7917230326249712640
9215002041313345536
5440352019912691712
11625771016743913472
1747902745330019840
5895770280599691264
7978273248472494080
13729160046860179456
4884590523375996928
18207768360582078464
14171591372549494784
18045659234362384384
15704757633123608576
4566489785725638144
7486629471834344448
6781339477204771840
10413500405322285056
17543859283879704576
3230701650676145664
16057652765905156096
11114360007427551232
13670899933969166336
1436580461902168832
17113124065412333568
489337873129340096
15461393575580727296
2361240649267162624
11911478886596093952
14832565573256677376
10465682143140120576
17043996299438180352
3093860956989664256
6801129986488095744
9823659404960061440
13730265199342352384
15021172764598491136
5546391360590288896
2387242614503454720
5636244724195572736
17407076295865331712
14898263715236204544
13496859855277236224
2352608422377556992
7563677345774684160
324223635333742720
5438427344358918144
10672865543489341440
5594864241685259264
10104303546967595008
16854479838578419712
6996244573161337856
12989723056407224320
6926048236660703232
15912405663029426176
11492003732618563584
154260968934238112
6991969050158089216
13357993836154150912
5542340130355645440
3183440763413154304
16623801767565291520
190474591757175936
4537064807892002304
13609839011141060608
2087910319565543424
15262439030620090368
6523042313596439552
10311065153067868160
10653920191702616064
1083558714030996480
9993057081332482048
10692354654027130880
6136762843491961856
2038461861817275136
12587196970961098752
10317017250239397888
7115497370832028672
6996736069988586496
557428635624844608
16253223839394260992
5305464322480746496
10414650513459851264
9412590273844758528
17103766266904723456
11254492549015793664
7240391618488680448
6048644650473152512
7398304634752043008
9949872630926962688
6288235298004833280
1201608986779255552
92513752456794112
7152308717324710912
14291231056000624640
1448649123859049472
11868954620514404352
10934205709972563968
15148653918106509312
15927625006556907520
4603503536597012992
17192088639459555328
5833191325320941568
10605382457548906496
11410504077678286848
15069783358210990080
1492666610711521024
2115693108926695424
15029498352788781056
17456279694333847552
8107115575562900480
11889179616200126464
9521353552792506368
12487013441020645376
18011892699059775488
10834886349937479680
8254135571379445760
6021054302933370880
8365860274556595200
6347961102622988288
13918409424706381824
10491692054388699136
4776369841081756672
16589567481068537856
4534046354354379264
9857265274906200064
9105528309369064448
14363998387960074240
17374579518278002688
7616563176700353536
2116771064999885056
10985166953385740288
7396818954319647744
3513405249106231296
16359365686945900544
3574291424421313536
8812711379948099584
2743092167201181184
10693079788961548288
9871789757971896320
17444937206549102592
8878874128211649536
10951182780549246976
14809831587319941120
15380165263941427200
8967082224907849728
15991242229930354
7617795329972038656
18436862470688247808
17909244821971380224
15775754551580000256
8467844941037244416
2512126712685132288
18390509316611846144
5695495347909306368
12717710777708077056
9655834144944347136
8757197715925536768
2595008495463527424
15507093926445623296
14167307876407552000
9734275681268092928
4881540046958077952
312855743363152384
4396685191549278208
9822728159040505856
13205199489666637824
4526383197182209024
11342867648714696704
2708558018959514624
3467345262079987200
1681433397604666368
2471886137383135232
10083237372936822784
5726471160359635968
16664002445705031680
16035002835261880320
329037191647404480
13449988860927033344
10093285389655169024
14533492109204514816
13521099093726861312
2652474793658294272
16252750631588792320
15267941118457210880
10448619196682354688
13105508438059995136
2612592364836619264
8458914993745838080
4824086291482161152
11721659709360119808
8733213324307236864
4686221339807666176
11480387595742058496
526483315144225984
14731120718521841664
12743224248078626816
9414727798093254656
16460607705355472896
15274913009092284416
16986876467749566464
18019569449969846272
5307610938545960960
96553548558719248
3225551672802713088
12698201667299778560
11310021049236975616
18388159375958863872
7805303219716029440
13572932441965340672
8201937858267452416
15321928693642096640
9985682722583572480
17767144500709072896
2132368896616503808
16814964771442450432
7368677507476860928
179204989471431200
12663819589464227840
17582657158585731072
13250501068912171008
4952745789792245760
17240657415132200960
12070531819128420352
9774399339694954496
15974044632374929408
15149800907590076416
9990173364129902592
2322145991547506176
16596810234466633728
4316282346610274304
14482897861937911808
9055432817224658944
11989424940800278528
3661982277911585280
4019697977027559936
12417372874534481920
15756827359599171584
8403835524541645824
10471393229084368896
12081837494313005056
16419397773630087168
14325161238481504256
17490808415643066368
2580594585604552704
15535111278956740608
742825074088716032
15458634886234001408
10623849362331762688
9157622833968198656
5111766294069379072
11952538740755345408
14861607428189026304
4791253456796806144
14062384510641739776
11866698152426889216
7328308214006095872
7950536790969852928
4975604813664119808
8694569772891929600
14515763616039002112
4669957936355952640
14220451341319362560
4998436630011459584
15803198142766854144
15805031988668217344
16761059481339127808
8601306792069202944
1363432235327327232
1013659733648873728
16843943629365712896
13065717855842045952
11583159245422174208
10498997813161883648
3170816227391516672
10934888236436879360
7489765271349907456
17635904467176853504
12211378092139739136
9947660674282637312
8919837605622940672
9001843298367864832
10107994147780280320
5460541804750802944
16741949004868995072
14802287395161800704
5061360564793059328
14058686506538807296
4164681485740221952
2237151694177992192
8586318618869946368
13106030037204219904
9294609821200496640
17608753617256456192
16748220629618601984
2631275813481507840
7184506948053040128
3807881062525172736
11849518548974233600
15665037764726016000
4055872881308311040
18375104422213814272
11285512510676598784
9010503405988315136
18275582762345629696
10122004106267170816
11970921188574695424
4063588693421010432
3968533957569790976
8612786316928268288
1384767933317485312
11100387846449627136
2247767891715314944
17381146666345570304
10775447805037537280
11314386619385858048
17928896825238136832
2503072621464298496
5826724411847370752
2667831175101688832
12607298369229070336
6109142662445940736
12597630376765263872
2259299989925867008
12676512582144378880
17021381101831780352
13804977814170042368
6112840244894871552
15515196115815921664
18434350061999849472
13298725561773389824
11507787612423788544
2956570386049762304
16627902429365725184
11054148911526250496
12264396144571707392
9816140044119281664
10537646666700963840
15939336898053292032
15868401355204435968
6373440568250982400
10717632182754371584
7681672236459248640
847614862291115136
15732725829223737344
4665782044941028352
8717163049978387456
3947703772503131136
5919015008990089216
9478739079162564608
603112854831869184
11961381973136166912
18154924145083889664
6566528913334806528
8752514975069676544
6592239650390097920
13156854841110505472
16211727180805496832
11294069870977353728
557333669232097408
2673619309132948992
2880072683036034048
13017737007973339136
12701998097911298048
8667060876047981568
2570468524539996160
2420887556141647872
12266942376936507392
17714043885757351936
3886249460461315072
9279921983015219200
9857274347687925760
373294543818744256
608045408961053952
5540437971320236032
9823920130845997056
445659697018356160
2588604647561603072
953229918777033600
12823238827396626432
15851854488709007360
2758183845691883008
13637822432559740928
16495923990833250304
5792103575675556864
2088248961799211776
4743698255646300160
3676595277077184512
3885230311682200064
13557570904790638592
8862105231636371456
2506900548288431104
4459079612654872576
17981926883565729792
8416084937300779008
7014950887195833344
2841114752987413504
12272437047753844736
8421940811283683328
17971191421822232576
1890321251896493824
9548866785469411328
16249429121644462080
3537836880425768448
2447108027452871680
1489768614859858176
7836011620622777344
7920433700553201664
15331351930519820288
10847193836178704384
15899669636654520320
17311047632374884352
16143379136237627392
10344436908702984192
4048500567050290688
17516308007715287040
18177413816971724800
5295458703536718848
17684258809334335488
7015140069222454272
13977540515272491008
1528482318955885312
3884331109362088448
13057292775689433088
13357400852161660928
4476477173385313792
7951441513563483136
14915021186940246016
14960684035271294976
7847522567320751104
7204863717576795136
11681115322857281536
15144772515817312256
13109166154749423616
8693668343066464256
10754304968419188736
13148149109102786560
2974630522995152384
121010887723188256
14052439799612129280
2207366452033259520
6948625230782449664
77649549768166144
7310467103484044288
17160611541436610560
9798791014743246848
6575107671599391744
11810731810686113792
4789423294421188608
1409140852150157312
3423276550771559936
12392533604140404736
13240592961855199232
17806461100462182400
5577047727075461120
4146842928144221184
10976050395990380544
10000473859545221120
17022349274179379200
4823522144278089728
9396717195592192000
17934799600037820416
5687709522096351232
5607470302753188864
9042816782460110848
15992107837186914304
9270208907522119680
13190800763430291456
9449782602452287488
1129883806704088064
6425703554396928000
11578204738394773504
9931380955074801664
4985599219302595584
288283505279421120
13861945729874644992
9784867787337754624
13423536846115278848
5776892989623467008
16528424174979983360
5294056292848942080
9970539127823917056
4499718660157115904
13412290490617014272
5871064351866681344
4892905674246678528
8256598301043995648
8995863791644095488
18270554070171654144
16835337359285352448
128148297924470224
6440791921219907584
11122411020227639296
5510924249213475840
12386063275867041792
13763289017163610112
13821763737124974592
3046487964955980800
1848741438125052928
7366111529255929856
11075857691772260352
9228170497401774080
7945478948799952896
13277131845028540416
14865468318006169600
7604240529040845824
10195802719519258624
10067818613072621568
2741189485156149760
12662179251286806528
16959540266168418304
17048041119183491072
17023076437831311360
17130290882523623424
17684718883396237312
13362610507283038208
87208574797303664
9746423888345636864
540263976749591488
8820469413753615360
13311038260855478272
2264877982900379904
11605474732755486720
15660764711462324224
17442153435630540800
12328505109073651712
2322750223549656576
17382517046958614528
17598110471024500736
9623555980027631616
12234275671681087488
16937795289521061888
11807120866646601728
16146137935893798912
864850548914643072
17537881240535689216
14104999732994488320
9928600095639353344
3180694354416519168
17223537495041824768
6302515827402160128
10011556893344925696
13746834090766891008
15693060310803380224
15831000184267210752
11187355685227245568
339783961248013056
13051519575192199168
5813253763091487744
16694344362780043264
6121449657337998336
15172412235043629056
2763886002081089024
8734999478970404864
7963054004379744256
2298871261734215168
17919140749531228160
12515627057976545280
10594001335514509312
1254210971404055552
9688498936501393408
6254449376272241664
3500422676640910336
2742648950677761536
3594792190986568192
16650098784842385408
4415835957921762304
15575566140725026816
555203901622014720
8515994374505289728
8506249908184804352
5875535353891107840
9818117212364791808
1764598294681945600
3576824093314864128
14849831051452069888
7227837518796161024
3218723150975399424
558270099793968704
18223731807485853696
12922987828456394752
14778080652441759744
17237002789438726144
5723324556802899968
7506631720798906368
1498343557272698112
5155395901295134720
501323153343016896
9574368693729886208
7222947111234223104
12727136006114426880
15262016393354940416
16866268495130263552
9382415268568641536
4917057232491724800
16621316397745387520
15341045080740939776
9889354176246980608
9455742365327087616
1293540207272991232
6088400727934574592
1076566434965546112
12135753688192886784
12265937493416536064
15278315211009933312
13053079504409679872
12854191123639851008
8870951580628721664
945597603796636928
14306204096399179776
16845437424196120576
5624560566471750656
1470957704454928896
8421758218252892160
395967381584553792
9720606855840583680
15306651401722628096
18220576285671354368
18271278497186514944
15720670516089841664
7026916645226769408
11430930495232833536
18153458706895308800
1019709355430112768
13184970686002391040
6645887613091488768
17895687992396726272
6509234772057678848
6412933143571887104
13266889462762801152
4809703603860970496
6821851507602172928
8620696270264427520
17323551795011528704
1036317539505114752
996665053906221824
15678321910765441024
9021721783695977472
12963534695095558144
17188688262796726272
13805722419368998912
17089723647374098432
4775600638840677376
9273711531204786176
14357677616805992448
4052118429063723008
3289271795107721216
11656193485859385344
11689928877862918144
13984924620264458240
15516357055487246336
9699703869221416960
1794115051805556736
5779847121171279872
7108649056439649280
8691510676106958848
15569515619497093120
10391279916673488896
4608448464880515584
11430175878114105344
15287001738682771456
5216811632094255104
2617049472504272896
3546619314240116224
126737252450143936
13426180357367431168
2196176576890760448
10839945797628551168
15310516675188051968
10179412208731717632
9457125432988524544
14760454695203528704
6306382412618620928
3286866432895066112
6291846996324372480
10546634360575113216
16263153178915788800
10619851926039199744
17181547915314991104
6856886785603187712
16014786169812697088
10527611848723513344
11502449258441232384
6313217654554873856
9626745954742845440
14435203307538534400
1838696260001759488
11050797876438358016
12186547552873795584
5596359502104451072
3506646955868630016
3860948386176650752
6948305038711172096
1668611877710438144
7890829477019870208
2811177751259394048
10732993319153321984
16784494499048523776
14776700168879620096
8027482336946525184
4985574830841931776
17615895958660657152
10819267744484651008
2188362000662496000
314962909650367872
10365756041531615232
10336934525319598080
17122958961135454208
13042785123666782208
14743869320923406336
10041009410960474112
11820809346471393280
11045589950393821184
7277369549847670784
4461926490979259904
13257939446475687936
17565776853696909312
8485944985920693248
16461811583661604864
16034694749384538112
7283358937904541696
7144575654704815104
17205314462955751424
14172115474134124544
1219327965397318656
16686647035308208128
16365968295484481536
2648412507420149248
11318911203273013248
17103220844414605312
1786697141633316864
12193716628293851136
8085722873548387328
17440222766867410944
6643807666937932800
7853367635184851968
4433946165747140608
11034634265980704768
1886342377820097024
1159764006385706752
13204162881529214976
18006194461077596160
12549006266956220416
17615556898372057088
3104950810927839232
13720301034077730816
16608826493115926528
4450089743792924160
3321768660959922176
3827155185276870656
7240997808502412288
3306080821897254400
16094256778187288576
15959677781220392960
2717766207282732544
12934510097094557696
15614424874573148160
10018589004642709504
2796516065305964032
102748966995607152
5681258774844737536
1957730214993360640
7526940174652294144
1036829253066344192
18411916534977929216
14434686086044248064
1178827069755126016
4196952867057706496
14057322313019996160
2154230914934203904
11234570845890101248
4426544858729531904
18293223412094611456
9640188897056956416
6492184651421611008
1749955528494507776
14577233106123075584
1772211542948482304
16332306087932024832
10899298674948308992
5584937056152510464
9965346133086062592
17296059840349644800
7690635550595676160
2087512985929155072
2018095447616919296
13915341262049327104
6111769543423946752
2059939548676862976
224693310537229248
2872454432285118976
17129986365794422784
10263772842769188864
11799111229360066560
7768744979698604032
8060889704094261248
2450777965836715520
10740098343810082816
5103940223629529088
12494515137803737088
13917076840267843584
2214244252707980544
3367776819667417088
3476116777800843776
3403869781416596992
1938620787134432256
7443049432946067456
6070153710640824320
9491362463076298752
11481312360311742464
3679671998001087488
17824147602530238464
17005466028474384384
2256097655410989824
9142081829647588352
14075586939443859456
10179251927128190976
17260857571072743424
7954565079852490752
1680513605173931008
12409124353663004672
9543670794139850752
6440874904133239808
14648058054934018048
12874888667033391104
6922048392641315840
10589053833200869376
3711895896522498560
3472029176622356992
11106913344078354432
16520641266449545216
17748577708652138496
3146452769018510336
12048774003421757440
8787855529624785920
13778455144048203776
5318408520872005632
3223613118593451520
6745515578525719552
5573687850130942976
33083232037025256
10803868339289856000
16049617986371340288
14618258428572389376
5209980281544633344
13878494895484336128
16067623946371530752
7332468432820234240
1549435996460430080
18018654821322266624
8258607939390947328
7676289252491441152
15404989661383866368
820109513715146368
220379105979367232
14635446563325530112
9250184505726695424
6750683396220500992
11696872724823324672
2193249128162435328
7237276205135992832
17221692083745509376
13064495836938979328
16216888210510845952
5492034503236622336
7563274088012522496
6655415050091450368
14944389859337398272
9570417290508331008
6797396059867933696
17239049464845543424
642487288104900608
15893217759444854784
4307631287653516800
11983443926282866688
3968736040365390848
15866763785036058624
17487233844918446080
5981231211321025536
7011174273873381376
235844776054108864
18345709886737618944
14437204045968166912
