18060253341353971712
10668852756636012544
4197750477699042304
7861821300340478976
15019451547977979904
9400241756944349184
18175855790951567360
3237049474118375424
9153611799626945536
6196931244158467072
7058628942732661760
10487492165983506432
3756481590792854016
40516129724847144
10146701227736909824
7303970634872269824
512421790088031168
5622655961583375360
2697786361723094016
10523308152449679360
18349381961871560704
1571289936210999808
14304897882828122112
7772403993322291200
8032052830205945856
11475005175732279296
208598243301675904
16458527791352438784
10408583113013805056
341919181199121536
4997830408230173696
11494394199509311488
14968345472932311040
5122537426657541120
10572452535203233792
6495551923814327296
7637198350485481472
14079848322547951616
5640554695416626176
8550922719941871616
3133796600045166080
16433094233972387840
7152131648128854016
9452376424935845888
3514202462932246016
3634937054858490368
13608263066982846464
3931904910688227840
238284277673073024
18047936010877399040
1946402203907038464
12786035310791700480
3173229633998837248
13775390409206263808
9919221247052578816
345252693190235072
12229403566960910336
605172361215562368
1062762893138397312
15494699226100436992
8466983561244690432
6719358621017704448
2510500960374040576
18164434943592058880
6732262614242259968
4441054008132761088
6686087480346528768
5055250860841894912
3532008298657040896
2237715244831527424
18364799601138747392
4148550965990459904
18100387519287826432
680704564483049984
1100406410376839040
3382446624695840768
16974845518343751680
10662016142626379776
14346392421707161600
2048037457513860352
11412293150395711488
17945921206348146688
5137329756537123840
13109567711181373440
16146335265608845312
5615307977745728512
15388597670819440640
6277727425374670848
7182265750893618176
5211510614107893760
8355901011506488320
3944344769720893952
14352167257322887168
8964343070492679168
11827432862433200128
14882648573556666368
12962804993645600768
8424652452453827584
13625156403994458112
17900650326663129088
9051157971753017344
8565301154131543040
13118904213605910528
6513768533992170496
10228272376697976832
4315226856196962816
11318929938777022464
12659748934231185408
204384684186323040
5501872888762233856
4642075502281405440
13109597375790336000
16169092498129620992
11882355424047052800
6745025560329337856
5229999192442912768
5360607167177468928
12757356651912597504
16261028570921967616
8804588440721455104
4998723590566751232
920695886607809536
9677761889581162496
2196986830735486720
4973448661048456192
5639536385567697920
3321384129899954176
12244708063047778304
8015789022281562112
16738203813371848704
11233613930118270976
12153021081849794560
3352961616601758720
10241683563430449152
4067801204060840960
17252996462517989376
2081080002891878912
11967966921857845248
1025325459275117184
14593053393626101760
6531460639018559488
10126572277757427712
8707022737874412544
4787970159995081728
15416462713757667328
7342945992480262144
6622927651255975936
14880559212678854656
6820484363820110848
13243160077848799232
12288210815768344576
13893035128454559744
8111397853497225216
6899810201522327552
10681049013043410944
17957270560460924928
8635710579356116992
16986873036757241856
2930542332156542464
3671865702426174464
472604284783902336
5020784343801844736
7650303661909967872
2791233447113351168
10430006840126357504
16475826742919856128
389455097374429376
13405033971478960128
13325026791841996800
15575391056821657600
14011034015208368128
11995952490449600512
16175118182974498816
16437003613317728256
14951114730834276352
1588440340401940736
16668975226823606272
17715376565070268416
6318204593440872448
13095463419951972352
16721910869666496512
11388730537590833152
14566885261907517440
4945280795581522944
1020094741885837824
1625731583459098624
15315341578350354432
614485321416423168
7751667543026246656
2685365555352632832
10300091961652621312
15163738963912464384
5912377457656594432
15389980326602582016
17509486522882957312
3897684467612029440
14519817197382846464
11019533238789992448
5903655459799719936
14986648529897822208
11109076901468219392
18190678936456796160
18102614785686675456
13803280807898617856
5307949149747384320
17541946114457806848
4401776453502385152
7056495751900999680
4765833079013138432
6361009076848847872
15039693666852814848
12873191903942836224
5043831061944546304
7264954636411794432
13832551491041568768
9572181077558738944
680186835340262272
16829583742037438464
14039601661736200192
10708002065465847808
17023501463054381056
7323348433248668672
2229247297144762368
15497091530876379136
14672882052998942720
4775545049406773248
13851349132924350464
5014518283364331520
10020975981183397888
7495810654680143872
10142533082507622400
1723545024367165184
12449921296990490624
9865424346305607680
4896158228488062976
12169587284755978240
7231920643959159808
10852371886460489728
2769835500249638400
13945585953572751360
3987254497553105920
3684955210714300416
5294475336394181632
3918761688702237696
17927432578849937408
10338571402921760768
11323646268639817728
17770353653156052992
1506434261450726400
17281554981865431040
9674084442856290304
7503355553834511360
13533310244047839232
14637286989117032448
8602935403174173696
6892018515487327232
1042661025053890304
17786896780484087808
16518164868899753984
5722664071571605504
3631317403969036288
6554248751292344320
17334087872162746368
15726912260303685632
4834456193330903040
2200695659959630080
3126593218486064128
4597603051931361792
3703466627992344576
3257410505018502656
13068831283356674048
13244226828584927232
14865746959439247360
12148543692045963264
8647209391293780992
15943261644425500672
4002893607318966784
345451817793129664
9153708772476753920
6061810080391068672
4078516161434075648
478958355462677632
16646727060535568384
9058780753028788224
1824429549105977600
3826636837917275648
12891573814881585152
6975842543408240640
17094716409447024640
7273427839090000896
875703939311106944
2887052996262552576
13979148929259517952
12940313857458278400
4644295242668457984
6613360735541161984
2399033352954422784
13565838976835915776
7724125533127702528
17736300908644397056
14832420877628080128
1031031484392239104
8051910985706260480
16767566882514288640
6821433974277065728
6181614401876702208
4120108927480729600
1456338926689220608
17577679289072803840
9018944925531534336
4121623862262126592
10313424699435468800
2410606646815115264
18336201512834021376
8720621742830247936
15420856427430604800
7708010541872412672
1454457603521885696
1144859440973256320
4862721706197285888
13401719711541463040
16875670484157016064
14831449793846228992
2403875216209140224
2757339277177561600
11411718124492781568
2042727830711806720
15073381263159310336
15563331582369945600
6060529369637422080
376518284890946752
10749321493843593216
1103763758895903104
3177881421489609728
10205824789549791232
16748882820878129152
11722736800774539264
9850762596630933504
6437333318929193984
830766516546510080
11125274994928805888
13912954259902973952
18094157953888051200
4104410141294967808
5258236998888181760
16343036963751290880
11504853582593323008
11161875915807856640
4115935027491251712
12801628980773470208
14931562696266575872
10955525953163599872
4923422675956806656
702412668138395392
3415369911659164672
6505982462359554048
4398636470329646080
6045484599560742912
18181606939479433216
9321365352204259328
15011362862342529024
4620360543185634304
15858409713648478208
11051084630175422464
1184251798289561344
12049708776246710272
9826114123857524736
7396696288799510528
697535818935021184
8050729705451242496
12798481912801019904
2618660901836684288
6138698362416505856
9813907685761695744
4986851561990441984
1614560569661747456
4472503343858074112
14298096312365598720
10585295326257254400
6494010580940739584
1819936857739027200
4049071003510348288
9959223316979755008
12172746976030453760
7494966453371124736
12865459608121935872
9234552189305815040
4219335856029913600
9509185456153487360
18371579954914805760
15154065260963778560
10848317573223737344
13298379686419875840
6132753737848608768
18125781511916582912
1895991902242790400
11153364133507817472
9794548408244195328
17744261853997778944
14626839576981755904
827608592483882368
11422126191283212288
14206106274362656768
9422720149834463232
6177278318312306688
11423561987624812544
6260203791741092864
15207338202279233536
16745338720985862144
13705217842312521728
13522090505396166656
16780336983871592448
15687730570751533056
16559289508841347072
514177672368640448
5009875066406178816
1338973636463546880
13807574299565993984
11431148310427144192
15707295769370978304
14515970615892434944
5742190837932355584
10866979642550892544
5752256544764510208
14733918207531956224
1169998282607992320
13669600448480155648
16180810379556718592
16976480666175221760
6206952740825992192
1947528910660245760
9738019801690935296
913829005322693632
7489355715871993856
16789918380390170624
8836960680581404672
413368436105767552
5278168309834226688
15982474576326078464
11252461098462502912
3497133623208161280
3665027143743928832
14050604644779098112
15836086808927381504
9612834284159977472
3033845247292805120
11036769706890512384
17877888939185074176
18419156149110984704
15412396729517111296
766268254311669120
3781521935937848320
1631968350068785920
2663494474064131584
12053526268099137536
5234140864565182464
12528880237661403136
16909128902875484160
9923707130968221696
12635824011401168896
636484275551962880
6398517336868942848
5153233446621341696
14068816930867783680
12260505127092512768
7765492744893664256
12515764738915258368
6463991849543056384
2754088358193308160
12787404170092312576
8689736155848772608
6436041995154829312
1448920471221865984
9358110544647135232
2524145860007504384
9894065787808485376
4607331393525243904
17256046955735302144
12765761583285100544
11018791375290785792
10305981276887762944
1288332856724312832
5983302180516121600
15884677381832718336
4881930651010964480
15244465386442999808
9461681415505825792
9761574339124434944
4383946494172901376
7817926016795181056
11108620257827946496
13027319224281417728
12026237048210257920
8784997107426387968
1728372417055668480
16170552437219543040
16314968105082798080
16182990027933274112
3607780768699317248
1322117050187961856
10381160788497494016
2152873937497870848
12273483231057254400
10385092530410358784
497781268458225344
10805811980852326400
15158299657387524096
10081540591615258624
12489464212700266496
6071471514770999296
2761293650003181568
12695233397538826240
6569510190460197888
6265574592463969280
17918120776349548544
14535192234212833280
12842351222174140416
11733122042126776320
1283893670315319552
4579714416967367168
5366139472457757696
8790491124503804928
17265185997555159040
15005912931367024640
13634280509597186048
1681337703911761920
4228021362673213952
8845366491013747712
10229902150524590080
13408646099936704512
12611730332813576192
3080987482247966720
18323040078626007040
9807145755773257728
1536563126086216448
13529950799472537600
10535691108077150208
17962525356045481984
13386202755559874560
12805098449985173504
11667723558407260160
17233267460488022016
13260562736420192256
8875526243134594048
16130130181559289856
2639032956783198720
4518944849067662848
16866300835872233472
8038604243707027456
6528487494124079104
5068107063281879040
17006853369118799872
13544375640246968320
2595706715299920896
6885626342547881984
7340797650938385408
8725575328310307840
14870738980689684480
162409028184808192
1260257905165107712
8819998106320495616
5737162412567231488
10562792259642396672
8097162723188411392
13624248376403091456
9301710891259738112
8426103459560952832
10917859506467084288
356248579706803904
15889606432847271936
5783458068976241664
16770652348277393408
15961131929671419904
9635828970715365376
1039446963527814784
17356135902872076288
5506540623676548096
15549056189281789952
18291540639290605568
13565060217997420544
2072553554103067136
8026918684034684928
16381657861360424960
13540575641173508096
12943190655956582400
6595833804372219904
13781285387044806656
4397390266667867648
15412391200194723840
4074310260430996992
213528885553170496
14277670018621949952
3434611959087435776
7674039903058530304
2525446086432025088
12794754787420452864
8512211091724428288
4925881443726548992
10397259948184309760
14850206915088414720
15460655703221000192
11503899993195929600
17925001898300303360
828736722915751168
10898868299706423296
3866600615507121664
4295063136703049216
6411460074357596160
1432242270236297472
5734990928903943168
12443127554556420096
16083819543346620416
17218377606329677824
11312348731624482816
9541716668898072576
17608901760006090752
2728577426979459584
14592165508931815424
4570172053031774720
16052124876005179392
8581616381165367296
15273581623208861696
6244714572611420160
5847032465710866432
4732733391963381760
17722752669926895616
5767113851842476032
3836981342823127040
7673327002121958400
7955574369405844480
10323196385043888128
4286027601777369600
14271301818326607872
13701004693229699072
8476797903504079872
10904024706389608448
5976472180977481728
10255093692071333888
901103942732681088
16888602133552359424
18157635326140440576
8659160388706088960
13697176977657401344
7671399447906531328
9902060714194501632
1380990366906301440
7820240048632564736
11998271447605866496
14505389615245752320
3636584571713472000
18065182670550001664
10266331918625646592
7134875634316032000
1607616117182909952
15760117675284221952
4313723453645322752
3665587323878976000
4481146637232398336
7575981624462898176
7411179642975151104
14710397648276047872
8822980041276953600
3988276089017086976
14287591290451888128
8010909569202693120
15459859542917617664
15971497611210049536
9090359172086355968
12173485905165897728
3778533484130461184
2041540513627451136
12834168191497973760
7499953904441612288
7846054332962883584
5234318693205624832
14594765762245814272
17766252007450677248
2914378350789363200
5178025921206154240
8416307298196741120
1116236695446590080
1982830095698676480
11863004092537065472
5128610175175943168
15066319631724431360
8936625155211582464
16824943770190759936
6572336528609355776
17906445009160314880
3119804666459866624
14215320735513042944
5903005759178567680
18098786396275517440
10694078710144729088
7047769860640358400
5390440950237325312
2436754223865381376
16482798178384371712
1028526701226737920
13712789195573780480
15095966573138460672
3869259014253420544
6914379994396301312
17542700334026782720
1216741220036368640
8460617608851551232
15448978442989144064
16621967328927043584
1944738498489931776
18372753065656170496
17702187468260982784
1027112528125392640
10595550843580532736
16468975383174977536
6022658049696917504
367344477959292992
6854240058765980672
18114283540694126592
10233095853662441472
15687407935152551936
1764703914817011456
6839159592892653568
9333372740238397440
3549487560461445120
17100695695552677888
2025802928570626816
18411650504699826176
9785725937496016896
16174201709541650432
8628738335831895040
5144736664955583488
1050258461652811520
1434443537950713088
1791191871928090880
3894637664483819520
15541070310385702912
11733813185617389568
9740855605044021248
4361267738767043072
15213090141630199808
4185630573646215680
16052012366538698752
3492676487433136640
13177040842141714432
6546242043927772160
13035689279671863296
17821287952971462656
701654176451044736
11861083568383096832
14136402659353311232
17541111821823557632
10902921892304773120
12685476415632588800
7918282106310085632
11962477255824648192
3420604839622652416
8445204414656928768
6129358444067936256
13958892643197249536
2758077930744212480
11701698951836674048
18016042997789607936
2520057484739300864
16803497472150452224
1485330931988070144
11326969931181410304
10289228227737980928
6036158705365866496
16876978269949865984
1486248986866470400
7393616954280199168
16800389954855260160
8798028017626781696
15784385193874108416
12214005056120598528
1251531427435369728
18282317381205555200
18252047354815105024
14501684850084235264
13739788436699078656
10302027080414918656
1027425047495498752
12453428159586291712
896190301980957056
11087087056825614336
2164408441997303808
5706113534773593088
18060402872959131648
8184372101263980544
13652887295754829824
17427786728998975488
17212472308409944064
3888259769885227520
14856736973140598784
10810429475080820736
392701441421890304
2197510827123332352
17621978579853707264
14077195046653278208
15929074299915515904
11420799972394029056
12435925741516269568
14058775256328642560
13279810556256499712
3670972299054965760
15260497537011154944
3713156640662204416
17209109036737507328
18225480010483752960
11041542209949876224
11571273118132484096
16104185990126966784
7647857456143049728
17380112686789822464
10458430797574451200
18004424811752400896
13529969547345696768
8355980171024852992
6030704752474225664
4779221959807324160
13872851940007942144
332904688274862528
5030046788979380224
11355306002334126080
5400170077300873216
3728006125321405440
9233449608358578176
5012673791894287360
15763224117404100608
1848051092300982528
10644910267455219712
15667164542176630784
9113163127968608256
13159547028852244480
5126595905300643840
16692082731145439232
10290754547426203648
12218605373009049600
15966734754592370688
10864204649168324608
12851055560443213824
11890954619158458368
16877508217659234304
8462564146109211648
7859475497419707392
10812663210649497600
5261635733311414272
7895369134642054144
4720388513945065472
8992979385891063808
13020975360152631296
13462837482379554816
16495180972052289536
11741659194263906304
3703042739045278208
5878330853884239872
1873158865977396736
2873247138319750144
6141092861997760512
17915293914976432128
13892736950933366784
9799527994442004480
7797520591466760192
4922217903416804352
10848658726315206656
16519875937546610688
7602231429515781120
14991991068351907840
3762871521776271872
16471028192246067200
17882738419163580416
907234177507464832
8095695591331692544
6310616806437286912
5615171919222263808
8753838512842753024
4936689977128876032
14958666735370045440
2674557174853317120
16067215520754262016
5363258263498653696
7506835233649659904
16570558329153220608
8010922530527858688
14673487690196480000
502837657281974592
8530767040431198208
2638076413250836992
1416583266956612608
17314313093349531648
11537171362214105088
2822417139905524736
14161933564424710144
15580737690820634624
4756481574544402432
6456830221510548480
15916006339103643648
11511687601359140864
17429752353063907328
12652318308619077632
2927315452597187072
14440114153285244928
4269318683233869824
3192831436326477824
18263597968479653888
3693560479629564928
51870707985760464
3885037210351951872
9193677770529067008
15918748701529835520
377653564393388608
8071892291092781056
17640919640979562496
7467494772929369088
3976287729495339520
2348842255964396544
4239442404009452544
16352106783177684992
18016125944527085568
4903358618264785920
18075351905594845184
11985233607282692096
4269469221550077440
8668473491972532224
14740603278792271872
592985825953339904
4098996017378206720
90501941639834976
7414876454182762496
10868211977725233152
15488344884049809408
8348438657064343552
12950504168964192256
3073463242439707648
9587284566844528640
12587040360149686272
3308752821298519040
10601754290076049408
7765307489543823360
16512988821174286336
14869187422252752896
686443793750510848
15780483608120889344
787409779859809664
8059535254427652096
4033987799972492288
7518512354047917056
17554037945319784448
11641729333038499840
18018884834416685056
8924580376977439744
16154553809360459776
9635166588737796096
11834208227693705216
2187128920683114752
5103668550086163456
15306630380993247232
4728292443405707264
1779179365931261696
10774101759109613568
3893583742527672832
2329076632345522688
1897085190586985984
9002622907904456704
14289000245393311744
6375561507060789248
12619001285994868736
11277334741547822
2364299563800588288
2182036911129688832
8906962506930408448
10766821474145828864
12457865877305255936
3376768763121763840
3039100086514724864
5430099092287078400
2103687327633282048
816592818528943104
16177842578953893888
10282097229449283584
10264238064787834880
6353215627094292480
4566061160730022400
3101736343266146304
16192037322515656704
1307635213369475072
13828077300026302464
3337872752924145152
15526029162275125248
13527845106930184192
12628655330350432256
5465712863221426176
7610926611953863680
1697111940702007808
3970355990932243456
356269545550636928
12222358451987587072
15782859102526447616
5443708669194654720
13031777770955919360
