17936962279267020800
2382575988076428800
13411803942764730368
18072968467182641152
4930689289790690304
3829432811048785920
8947263802448630784
31640937161899320
9749824060926478336
7333922728402051072
6567414620984089600
7333025025944141824
7042565734523668480
8490652470073064448
10773457461416130560
1611859599788266496
8054094950870304768
1222356656777394176
2550781296048403456
13255206738448293888
17833985221043869696
5320186735230303232
5272300720948248576
18322209816078491648
14192264715630870528
12081275906634412032
10241550855814248448
2873752384515921408
16228043544859869184
862781517486213504
8904861957356061696
11425112863164143616
11002020020834967552
16394636350691137536
4703434959404822528
5581338540592221184
2527201626119466496
10430294507038746624
14596103498868414464
2598041787254117888
13868266463209121792
7553445747855105024
7954555034854153216
2266303064613301504
11193758876611241984
17589727798816231424
16530487772450230272
12000824910421293056
15839156205027186688
6094197005273704448
2501435134564099584
15974772553145155584
203271356930488992
10582557668345905152
4135794613459316224
2332320694576187904
10459641765570217984
15648346226324867072
7852501802754030592
15814070772388259840
17968883363843057664
1917911490779469824
15869393365313476608
4511145718689178624
15368873375491962880
12226293643509559296
15825451087627476992
10258593778542917632
18260087632854917120
3506291569397748224
1877727049324227840
15755236621605603328
15796141269978572800
15096207195550644224
18230596887088381952
11947759319345627136
5074997780361660416
11780811798120820736
3394246308458572288
7217507724850316288
5086467153763301376
9590878305806481408
13950138743891220480
10774338871396964352
988906091804791168
8946137960210680832
13625196264762830848
9947947288144011264
8435042176483571712
15635884493123911680
18025515379500554240
975907134971378560
17607199228400410624
4616809723802767360
4828698262995712000
17068489432615858176
11506163833353228288
14463859940332877824
2723540269171452928
13796280173434566656
12387197965144899584
17684604681548945408
2893185533946511360
10479744230346301440
11141881442573815808
2711429965682101760
14460573954285465600
6807071996144893952
18380007604381278208
8141846507402624
11927882296581431296
15609343940990353408
2323915564062136320
1775066559230387456
18328287506407055360
9503519948555913216
17650985754500913152
7691733323812683776
18389296174519494656
8047699562718530560
6020113441407278080
11570955420140447744
6261298727125694464
7801586995773801472
12052221657002360832
6869065859534969856
12997828858356686848
5396560227013866496
18312232833507604480
8416574671692068864
17214480954439112704
1592887971535012864
10400520602142470144
980963787868464128
16659987501386987520
872133544993970048
6926141073606884352
8371255859401731072
10875028486801539072
8382923035760971776
5693812828875060224
10845071810262458368
2179599395184680960
16230463599685302272
13943492313073473536
4724974263283450880
14412018959730159616
2618215896189970432
16317540627475265536
2765281408184520704
9859483963147694080
6450680030740970496
10665465225441468416
10023634530461308928
9162129071353976832
8887972320386314240
9639189262503555072
4352830815403357184
12119284969708677120
17413968260245241856
10338938945864384512
6072487414258717696
1101958823272744576
18375463800646813696
14446817862202349568
13495496618077319168
8639023307442006016
11115867047575482368
11310923917780285440
9925498223799355392
5858443572133129216
17607986386838059008
6990912688384164864
5036048871276917760
11812428047884079104
18108962486632654848
12120470070353215488
764192384874599296
9670339538028769280
18378119746806179840
424382748456490048
14395567865057282048
1185272130730145024
16942318232584634368
12733014795284623360
1314939429062150656
2820699645992201728
7973390899524061184
4694179485122660352
14688437032672063488
79860685630057008
13870905041207937024
16614142600487991296
8273457447834014720
11907496091930040320
6047337990016124928
13697756810211454976
12362072612920272896
183445692595239360
11211837526062839808
13668293012181084160
13310512064108797952
8983071111147311104
6474306659331224576
10514752958158385152
4028242396394243072
17947679054549639168
15639326097925425152
17176452424651640832
4065626523984370176
4753314076056115200
13463113476388548608
11763983976296998912
922130969700733568
10385416000794351616
3127454070024728576
14919534177608142848
10278717145375107072
11529623022394951680
10907643373290831872
11124427461498175488
8442434160954005504
10565862176757239808
14962358844023314432
10942900602341285888
4382904655307157
834781472974691200
13922327621637142528
7198124716081486848
3629855965849665024
9469362069786822656
17953064181583009792
10768005122334400512
13038498985434073088
4702019052811489280
9583170497247594496
7831679317886541824
8300459997411911680
14434971745831755776
11915189755651452928
15665941698218600448
7298866679491431424
4995515474279158784
11940715125530128384
18318309986249977856
4661791399143632896
10993473282988800000
2966559340735856640
3202155179707174400
4527734781995522048
11198148181266677760
17280651806613325824
17601529289751091200
5923224958309829632
533508918801844160
4082143690323980800
9499399867456602112
15340639495646119936
2291832174190450688
4092742736838160384
14078000765241913344
8224333602779311104
3201496797700942848
6181181179872804864
18235038604011866112
10993501570466650112
14227921485310908416
3159436993615804416
8108428535524872192
14033290062387718144
7345854171577200640
6320865542947472384
17631857463188015104
998572026147399680
17111531444678201344
14304039220898086912
7793209613255284736
12387683826828351488
17863748847188189184
4279816330204604416
13095564192122869760
5442803383986280448
10529377455142330368
5184184499893737472
14786268498392547328
1885934934706057984
2843253625186058240
5866631657498871808
16504178142184691712
9230305472288026624
12723986113638506496
16475524305379618816
17601036706759817216
2229268879851974912
16455744472988708864
17878223443015647232
7948197699884677120
4007493357892047360
4559830769589816320
5309490433631200256
15357380709199429632
7965377985567639552
11887895212553697280
12037586726142162944
10166657433157523456
9198075062072270848
14164767991659905024
11779511827462371328
1380792387775008768
12967085048410482688
6635938602481590272
8254760027021062144
2324404251410244608
14224097198695290880
1781333810761290240
8814506051970371584
16747445498746193920
3015946127328962560
3291046929441978880
10333554240438018048
15733911767989458944
8636042153385153536
11277297671350056960
15865592917689253888
5605413518732320768
10317337783154628608
2414466282414152704
17776990742822461440
16411311576380987392
17579803663831552000
7080234517564034048
10213868028411121664
3251323144987303936
7493241889595320320
7612574750562387968
15362206873876281344
7711432812268506112
15280047033932529664
11306775000737228800
3016591016885060608
11150711411881146368
17810300397167624192
10881098686010316800
15758368160664813568
8933539631597116416
9299971448519663616
696141067055546496
1180273829572243456
16163633216008849408
13488422282275340288
470065283434798656
3123047455944455680
12805443240631236608
8296591010144280576
13310095216930523136
11165922163653928960
9193890743098315776
10925158445766144000
9661923712065617920
1023425056494573824
6715494049988343808
16210371933230260224
18130966632000241664
18263186539655229440
2325521849334033920
15618710541945610240
7346470132537293824
3369472513438639616
7635039097380375552
14426507873613062144
8699876812903808000
3807349385783634944
9325576695361351680
8870820374102285312
14900495514027145216
9769725868786106368
2139460255923816960
1611686424254900480
7401394052892325888
1929029062553638912
50936555843801880
13599602910036232192
48022003945462144
1695358820213993984
5462176565049636864
11264976138622973952
8639553521444769792
6331404056668693504
15249031917763059712
17654988115710466048
6012007070065211392
8235510058403006464
16555574692558757888
3535460501642792448
11217268294339493888
3895833818883429888
13051039070765731840
4416392835204741632
1706521388873424640
15867344664780910592
17698582855235420160
17177191169977346048
16723721093605003264
3576844061770909696
17217844947572236288
2127005297314061824
7601460830313836544
6251502559822817280
18294549022436194304
14546718259936696320
7421788744254741504
2476210625474448896
16311983697469345792
6993323276018435072
9922007184883128320
12732318218494644224
14147777460679501824
14641621827033970688
1493764820670688512
2894146216826595840
6763502685777286144
6947690505926418432
7315194674475208704
12308060227322486784
10469640322213195776
8055911490644583424
14959457027719999488
16712942127109826560
16511737943309606912
5159744433886036992
14121866177112410112
2665639021083346432
11879591955723161600
2446183216884942336
6907089367157516288
4211492014681667072
17556068008292247552
6330434602768927744
3633897010652683264
6839240411007370240
12078090536147845120
13279493512588716032
17408908889377097728
3927570992050520064
14967630266588069888
5378535387254254592
4054442266492345344
3692763377328544256
17141992023560675328
6246796406837412864
1003959816663908608
3474730752395951104
7896187882725773312
796122684208915456
17319884041059471360
50500392708626184
10239710908755750912
14261329632254623744
16504617879767255040
15427872955386890240
9266405156885557248
5204591569324425216
9787895181189660672
406077231257315840
13984528804623628288
11032319585414383616
6495612856301831168
17026589900866027520
10798013371213314048
10571229465577785344
17878696244515063808
11703704423952386048
17711292909419642880
3591878935884057088
3957757479583372800
9534040717284763648
8557173491906202624
2807564013880264704
14155683402571175936
11389352310760644608
10907630528618901504
10282874690923014144
13291527040083156992
3645639710532913664
7431593315872434176
13558310782177929216
1070131333424385280
4261130099460990976
16783381990196994048
10228649517888512000
16851870697377785856
3250907136363691520
13084514345730228224
10285248692988172288
15537057708008665088
2987222440457553408
4310653683221359104
995462947625484544
8748266449940914176
10358421111036878848
6240248752750964736
15369206522642685952
3390280735317253632
4023662123853343744
708121606989873920
3446787156126150144
10075150112587649024
18285902420142809088
14740862063796572160
3387071085654790656
13627647448508475392
15946999494160551936
7027270820011302912
9374572740053248000
1181120022424431872
13571104759905552384
3349852948787555840
16847368149608548352
7033172178073521152
143511287773182112
8751896380295355392
4339692316281553408
17860509147874316288
314424590121102464
2107619790636500736
10580372810712332288
11144017252917223424
7813602806359512064
4443825195799667712
9475255493618288640
11291874930045175808
905266807305004800
4966795174094637056
4621256741034049536
13804072129119811584
6783037086506609664
5764776019357864960
5638772620095184896
290804751235591040
15067011958894895104
5533392152315234304
14950020054062829568
6875996153367597056
14016329245912207360
17559197973333149696
10190186701581303808
14089905489025574912
11973658334212167680
16753644886344169472
12401217036611192832
3973267231519587328
9403721657731217408
15220360974156423168
15194889488500267008
3258462568023917568
9770250835542196224
8064172131165297664
6224640820275786752
17095369198365003776
1363747592104621568
12610250994360377344
13629778965855580160
15520392947250798592
7531201392852047872
8368178006192330752
2790253839075170816
17974908240052049920
16724912778628720640
9150174394395663360
13900005941560821760
10524776503745957888
5398825411915244544
8418190573418447872
12037726747881672704
12024279296064458752
14301515861501220864
6444853268332269568
1644372649018784512
5607548437903811584
2898482913558173184
10062303889931192320
8468700104922128384
9775573117085751296
6112234405200720896
6807858753143735296
5713100130185446400
9313351813893566464
18188052860304560128
11081090260764588032
14399912629669224448
8982698287229612032
9943105334985461760
8337098675912216576
10055167556700647424
15702422975661598720
6346596376721206272
8679911109032998912
15362884849431640064
16799477596190248960
6506081453680358400
2847375505446424064
15043323983812136960
5190842434638900224
10370393081624102912
15443083922130216960
7070651461394490368
2190558884330913792
11965997694104309760
12322796407823699968
4566584607755796992
10318892429240647680
8767454936077392896
4765985387075926016
15891532740565534720
10850456377582336000
9940915278649192448
8444502305406576640
3900528399865902592
12671919294158923776
6744649021854155776
1974671466275561216
7884591057134529536
10968878088220354560
3266941294633663488
12703555698008266752
5492134602703675392
12624108533931528192
5371444070630550528
15878325450233763840
12874998037981454336
1509935698637672192
787933684812121728
243967053061925696
10922041409415626752
10246885918019524608
2370969282870176256
14236213329057538048
15630106418472747008
1267920684801882368
17714353736506095616
8160805444742649856
8631699798759589888
912564792082657536
8304469433284273152
5920798179233149952
15752490648545832960
3362013336541680128
15953338010798286848
6688498205236096000
6085148481358389248
13743144287585751040
14936408610935377920
12018104241013213184
382890827193073024
9693610489599315968
3942266354483241984
16622203238497220608
12638398422774921216
236152378477338080
2831124327717661184
16573486956903202816
1468475958423405568
6747960932987699200
1608882643706849024
10291116555440269312
16676666679589058560
18124873219040317440
17454975322045097984
8595335779489526784
14216799884493400064
4590340015756063744
7262259007577231360
4588247539573260288
3343910143800798720
11704646331082170368
10294661859282135040
2944771396830685696
3370793902419197440
8585316322675868672
9294913361553106944
3849304427999400448
15596730959058022400
4565715413653014016
6944415042527673344
10510944952132282368
2629045213173516288
12491006884147345408
17873442277117054976
12444864189837864960
4986897272154773504
13461095730757873664
10879497714924537856
15919837471189622784
9869215100405307392
12612256475229474816
2909239356474640384
2795702814724032000
15605520593252558848
14295797291208910848
3875026487186831872
14276087795226345472
3808982911266819584
1393712857663107072
12483632356492029952
4892203444009598976
8705335360493998080
18423327610183530496
129882288036132176
1575561988702991360
10766558681456859136
7438952093601424384
7883033139064274944
16698517622999144448
9517673221596653568
13165284897530624000
3381560042574967296
9916856900831350784
18228137778667108352
4205593586056182784
11838778170201702400
8872132817809177600
9902125211512494080
18309292951434104832
16674957319734401024
17280363501527504896
8390024697214551040
10273562212151994368
14039426276431134720
15295735192721815552
12770572672282130432
8719471872485744640
9267874010416828416
16341861549825859584
4661126765030003712
13551748445847994368
45001198343579336
2657057412476803584
11946574544556046336
14452905979908562944
2693987475325186560
15314804292744689664
11223314069878171648
6293267070201637888
4766825354313290752
3206882027192914944
6700117707444354048
10491938237794031616
13746809605903276032
17256241243551592448
14266451500992374784
11722865365112111104
7677019877754027008
4412816640761164288
14209538411135019008
3929016177178106368
2831509989726512640
13747980601212616704
9908473747647696896
9764890063891785728
12187636187588487168
16659861298718330880
9186758335229769728
9472833079306430464
7849920138187866112
10188697313213593600
16940129625610555392
3755609724269547008
5060522377707716608
12721441613310783488
9855614789613578240
4177913676624972800
4041091634076404736
3590365877031354368
16589760519077754880
7664121048615721984
8099871559628807168
14396152009166280704
11908638117298921472
10476286644886974464
726127946123392384
3020523621518584320
6058320174196362240
8801490194516253696
1406367707865755136
6877607297600364544
5818247703781372928
11385996099150575616
15178969861466017792
7275090525503940608
12570713186786113536
6798061060059331584
14078455988980430848
8558611584414784512
2008947813711001856
1589665684244319744
2434610510061706240
6684761590651902976
7215015764452975616
5968693402640551936
11376204809826256896
3343351429546085888
9299670922593603584
385179642819197056
10327342045433415680
184156715245968096
16488307469734680576
13677576051311738880
17047771300731252736
2542148334202055680
896069493066795904
7544822029281383424
1721215692041316352
1822027026384758784
6398746178179564544
8482599378605243392
2080403252609807872
14410269783465099264
7842863934290934784
11278772630227503104
16925027364636286976
3175721705427832832
3733892789442513408
3423689911525999104
13387660482487871488
2536734509141283328
7416645603497209856
6665027565335635968
3488440432661682688
13341337419768971264
16461409117922478080
9045091871559944192
225251108227126848
13431680546051614720
5115806511417046016
1481499109070057472
16247552444057579520
2526482223270561792
13652303394531610624
109429292369788880
10141314187375880192
12732976162075459584
6123726268590919680
7754592510115283968
1387342911145339392
6507995981946023936
17606497388708409344
17524050932489840640
2883398385526788096
7560624042984856576
5965127935793891328
17196560231972360192
10955612650799765504
4263487796474002432
14435286503414396928
16215890551428358144
6986680628563991552
3826724682599616000
9645594036554706944
460797119416972992
3130670311107495936
2880525365471895040
5571260871007090688
5024029675380663296
17044144103734951936
11335385676385091584
12273485963539722240
3876249736381874176
13418587545051836416
15017198040147267584
17536816071683864576
9371051278594949120
17361645320084271104
2969241956433238528
8360928324675108864
7442514204500204544
3684556200154746880
6284880569458693120
9550675444241819648
16827408357562574848
10600604738933710848
14902994047573084160
4209442365410600448
14648284842363746304
10966245450221707264
16645218660629135360
16069990766146199552
5615327064702209024
9217214730803075072
10538067339873628160
2828737612752952832
8691768025970446336
14392408536376995840
8466640887651095552
12100762386787448832
17418583952149559296
3666838752411319808
4900011764936740864
16074656046513586176
16158777100486768640
518874727507534080
14534099821475883008
14744167097357930496
2181256938091888896
806612331932513152
9132960685381239808
7119605640544845824
454083137052297152
5990751308655831040
3198554802432896000
3800271249194872320
5938815440872888320
1880977271422412288
10660261025359464448
5761408283648047104
9643968409363888128
8753709789364245504
12401660445291974656
18053494791037675520
216795667929278144
14012509958258212864
9525590627061616640
10271561154680504320
14632907546104346624
18363496634522976256
12137874529504735232
6433816477921420288
8591216328975245312
1262707455142897920
17319882070579970048
6326468783246246912
8644141476346944512
17718091487802836992
7096227373101799424
12064243298309994496
788036016391552256
15009468158065426432
16879360544255569920
7838994998808747008
8154679345476227072
13411210917155055616
17757928724439005184
13187263053183416320
7352873277508768768
4852821646875355136
14453728326158266368
16127098685577500672
1025649074168734208
17472174236305795072
1376927783664847616
15718395040992196608
18259812390540197888
10009449891526965248
1623902299054830080
8050034929023199232
17105390347317200896
965872534197864448
12701822027948417024
599766718108507648
433158770805481280
9826270784250861568
4578769112309065728
2050239656975948288
10404570309667692544
11829668340107978752
13526899092231604224
7823756118553705472
4745570692058641408
7706968669096068096
8794842874883989504
6231147465397568512
809668041353964032
12105954246366050304
16898193759446769664
12200731889401255936
10059238766151671808
436310304947953984
18127272395510218752
623570823220509312
18353443788210354176
11727928143328094208
150537307355881856
16311532449648367616
2737080685729936384
9190375017785916416
10932661344730081280
9258865229468870656
12482608037373034496
12843385069698643968
14097387692941416448
2519155892232289792
236337073250989600
1710230955789891840
2308130880183012352
12601231433503975424
5625431884248939520
6282727781801634816
13235504842288275456
12993830737142272000
7084645471286831104
6404098054595678208
