13883917327925811200
7108014559168283648
3498948151519930880
8761429400848218112
18425862565996308480
14484781765671215104
8963615960676350976
12964994626078877696
282249927748956864
13264993111377872896
14278387459477145600
2905693234874777088
11865548822580656128
15116859149759717376
1010348444713179136
15731129669199796224
2551677436271694848
11882242863575670784
15295709292011757568
14193472503105634304
10042779785832425472
9098677068385383424
9045928212372536320
1854377764710933504
3832586758243995648
12915717010704271360
6511916711816178688
9763015954564564992
15928563628291395584
15548682320076566528
9438405739372034048
1912205286795384320
2737460569347536384
11484760900364705792
7536577429472655360
15310562787544430592
11022688785145399296
10993488401947254784
17679210450151768064
2227176569779101440
8841888395221669888
765443325083472512
7074456869866519552
13080612446676520960
1308636619248909568
17447477079408220160
17590560860231278592
10123097809524862976
10955662366830807040
17286233943299129344
11051726550047150080
7157758675219708928
13564912268308105216
7312242889002169344
4809379605528844288
13049941344266184704
2992652251395908608
15945021852515944448
4253360348518903808
13189445549481242624
15215908704450070528
2681147578236748288
12404289052411076608
14646575466287415296
13913894989486592000
13005777644535683072
10001356704814190592
17385878870797858816
8354131553288313856
18120348421297612800
8019526763078349824
17247907930851737600
4898940218610674688
3666559241965770752
1212739390177576960
12553259847214194688
14915163867333779456
8430231331186732032
9297909941601312768
7742349267097889792
16590517390429147136
10233200882705735680
6878589691924237312
1756380899944621312
6967717933293391872
18035254730401796096
16723741422517315584
11228271660677287936
17335238796500641792
7898225193697837056
8395732355842024448
1461138860007237120
5018996758689882112
8411530438766422016
13549435864419186688
18087905813167468544
8769907436025957376
5485784348822657024
16694441649413642240
15440164674943438848
6230587101384954880
10129589185417932800
11897120948155449344
6630521943449158656
7664605829568105472
14923780275750803456
17839626704937838592
13358671819377283072
17555112305591388160
17267239147410130944
1701441571481345792
8310364869950835712
11326157146531182592
16149437760016949248
2780526986742236672
7186991311696535552
14947223090430588928
6655381877022798848
11073611486161291264
1758105567067496704
12675346838417682432
13154135661157289984
15199236698848927744
13594776530465771520
9048218726629926912
1591655723380782336
6066247475410164736
17709794580202332160
10097217369552744448
6031782497167484928
16861193648065478656
2403677047343496192
15651620457013813248
471263691513919872
2362998429446960128
17624497675942053888
15265784414833582080
9267578136260200448
12618020067940694016
761018149683515136
7871859976980403200
11129631952350832640
16321969334943682560
12639270579491448832
8038132911479638016
12868749590550110208
17461597401913485312
17093812512656384000
11412272848806666240
7691532452269153280
72679020930725504
2199065291027559936
5802591369441216512
13238695649860968448
8941359119949260800
12660235900749766656
11166986641929977856
562745703546410112
13346315172328693760
10346948207693922304
8615339954026080256
1575213388328911360
13973055749657081856
8734941150287168512
10844638350564229120
4758949868733191168
1047986306008924928
7164441947462002688
15844357818821949440
15738087219697569792
7446097489931279360
9466951689058811904
17348937662688778240
9944899674054918144
12010471306803890176
2579705286929069568
14059756834183645184
12283955485560801280
15505255859776276480
15348354329715556352
15381204708589486080
3264385231943639040
411370457648526976
6662022512258277376
8193836691366495232
6906162436832540672
3492008035935981056
10389194521030797312
5089683776462447616
7143559974460868608
13349423127839832064
17016867070295093248
10884647885563072512
9134124021705532416
3226080214329013248
8343635738548373504
1180168473929031680
13410227797131802624
9958130123366762496
2173926931435996416
16447721877509601280
9889514685961936896
3335406995724689920
4099960293543336448
14828197808746819584
2075910969114417152
8318871541068198912
10687016372697149440
2139472014401731840
16367489419137878016
6622667230439598080
521344258982016448
5585369810560203776
2110408309450408192
10452811183756075008
13351131113201119232
1682047014685732608
2274421970955487744
17995770642320789504
14955964797254733824
12438321787110965248
9711437422275790848
7610988536456022016
10997780538636447744
15724333303373799424
6909641609995019264
4322252436098638848
3688728448744275456
8746589650328866816
5646371210926669824
5020987716796658688
2233817935568040960
6239352168318307328
15317113393668157440
4968298194696717312
13429950180690114560
8612237495321418752
1333666721478384128
10311497667270350848
15525288049747142656
5626229968177864704
9802982198848581632
8346935958974010368
2879919520242178560
18256666242735312896
2377523844727015424
2669705681096404992
751126443078854656
15685501062924554240
10676079157547540480
8770416725258889216
6320580378717154304
12022662049789476864
12199081452567392256
4034757264667204608
837106077369123456
15355766713273053184
4177673892506384384
16918404758577856512
8087919736872784896
6814729309110839296
14847813545515839488
12001382032882728960
7364740548392591360
17937382868765345792
2229582459013049344
12235283543826720768
4392870875210133504
16200086080510971904
5384289901169847296
7252391771761617920
776848690598445440
15403337334799788032
12877148648868921344
150526255617410944
6940927911518418
2583961051691407872
17464538806421352448
16976243911566497792
6249744935361370112
1193226969196670720
4783134902091145216
7688414454334198784
18055941938305470464
9708573301867581440
11810435375942412288
8853549302201276416
17956374383049723904
10756332349505167360
13804822359271976960
16922041160414437376
6578854921767673856
996906736401361152
18272663550306699264
9762267285935450112
5962469349666653184
8469568547179183104
13487830108618690560
2023964753144538624
10415836979501035520
7438090837596206080
17884553865576871936
564269210624773440
18174129563745613824
3775793919505129472
5592769951987746816
13302029499775180800
4543750355051756544
4053114033101351424
5424855306163446784
9719282451494576128
7802280042924499968
16127409134471030784
12698567705996515328
6450921025783394304
11669990523110785024
15617655912038225920
6079308502983075840
4443853657899604992
7227568843541102592
15523518917803769856
15712031920858568704
10782226545360144384
14599852850936299520
3383568762821964800
10031568900726286336
6754582034526464000
255184353813895008
16687632023826194432
408972895513990848
1800640016075283712
15069597265878448128
1789605295362425088
9728520018495135744
1640126862415178496
2047950672052759296
13802453198028808192
3571176545556896768
8925159140311414784
4729981701987535872
4168502391459700224
15602172188565383168
15697048361545775104
12535627351524126720
11712158540667838464
5365478065445857280
10695893336585404416
2268736622316914944
9127911724474895360
6019265522657853440
1888767894138489088
5260170573972462592
294463319017181824
14618264743434643456
17128388968588386304
580814913133394816
9161653453733613568
7305788477522871296
4810096557275092992
6873944327766369280
6439650592924064768
491466793511838848
11880946500656267264
8003692674688270336
3828673667047030784
10784806770008659968
15119325617019947008
5086256167533146112
14368531809615906816
15961331694285844480
16978598458798073856
10205541903072743424
8865557910960055296
758957246765172352
11355079327404519424
1693230775239361536
17487614428408633344
3143235677644984320
15639284159888545792
8720728573182457856
16770824534727147520
13764891487055943680
4958672951473740800
856009503166593024
16235879280148228096
14344295678608183296
7162391604950237184
2603538993972243456
15464096265153224704
12661596231809841152
3536765087603491328
7593350081498233856
14132132735404746752
7517491918164060160
18040033798992734208
10610863252059445248
3068148564824156160
9894654479710459904
7172279853091461120
5023646492350867456
9073946485266664448
11684936551174653952
2737175930236610048
14410541050708828160
1569081353306666496
18154693399973668864
14974571574770391040
15723029993612146688
9625533299072692224
9299196862020610048
15117788691220496384
8377763858352439296
7932256635234331648
7679049370194631680
212931767387553888
6612764145827329024
15046208860689817600
2830466695475885056
16764629410085875712
5904837358251288576
17729932798130704384
16106767915842584576
8099043696701694976
14222130446660003840
6629820279140520960
7456600493436081152
9788428247303751680
15022894585026013184
2643033065441024000
2448328406246940160
16413405462551607296
17551842248714092544
9378721543461498880
13047507907568609280
6181917830829440000
18392479525274476544
9700803165393283072
15008505671146704896
5282074235631378432
7298875302932498432
12585924459541886976
9327185629353332736
14476635791803975680
10483855444872943616
11689196683213590528
8787970517793081344
6362093112496442368
15776695231626258432
1127689143196326272
4770114745037614080
10628314024808374272
4945223169447123968
17594394278478940160
18438770256919152640
9183792497429458944
18277448032160079872
5486646194599634944
17013642435630376960
18273185527503636480
11270755857169078272
9292072305005131776
346411473291768512
13071795638358767616
7573680058718223360
18249945823717867520
7802161393435265024
11341842163309146112
463677399009760192
8187500898236777472
6871570630433944576
9234174261199040512
1686622277295202560
12033920818079037440
11306283968564291584
11104199326641090560
14039491813368444928
11836521565794263040
12869289650478913536
15405221560229361664
9712586706882756608
15002322234399928320
11872006719122919424
456795640981472128
5860104944337580032
9284872463095250944
9395358536567650304
4232693316937617920
11606429558960226304
5544135694309331968
13146915767907749888
7362249001116028928
11826201246349268992
746831224656850560
9353683986038503424
2992622449848198656
11387290576455378944
9215704874276069376
16232427168144984064
2556962341189288448
9853168516124006400
8463919597852820480
6309898017004375040
9926250641782427648
3460199332112676864
6463786158808314880
8990679981322258432
5122771693744179200
5373613117262930944
12012936050464729088
1548416937155453696
17997378501327069184
5110628227398705152
4317962697192891904
9102720210900763648
15567688049095880704
9717526175147556864
16123724869991917568
6490463607085897728
7144199495059536896
1497808075163768064
17586132537914007552
16853927163916402688
16796248882921766912
13558422445087006720
710286531415951872
14543245688977010688
17574351434613762048
5343083470660029440
3411050707934774784
11263807382321491968
8921759679086760960
16519406992570458112
13240413792305532928
15962142904385132544
1325174874218985984
8944237825045469184
9515438519137005568
6768654245801893888
8408496551547461632
15216392351331901440
4440805016585694720
7372942069636346880
1909782699321678080
15765697529028743168
463677589041846144
3244317373451098624
5733002586170046464
12702755457450868736
15247469854615934976
4548830709368187904
8757463742304260096
4424998188741809664
13027029246347732992
10296960065297745920
2312559348728222720
4889462409791234048
17187723859697840128
8394971147270710272
4793310094534489088
10020565076744708096
8259943371657102336
11684115865300590592
15730087106699171840
1813831477823153152
15723162932174063616
8219246193096940544
15696775698769817600
8478931037005432832
5225482136973713408
13661406996488849408
9035272782081994752
11765991210346622976
14400397999630708736
17971829037581146112
14304918833742174208
9736678189447071744
15434535600815984640
8779690005781451776
5538668582515041280
13109723907955060736
14755206534484129792
710657980312667648
5941778748760778752
6187332278892581888
15213714067570268160
108217852982976480
15066828821336039424
11662416751737679872
4896092705173120000
6490557806040348672
10977095009866176512
9824453643831982080
14941412335685214208
8879573014420064256
11857276875603073024
1312821791659705856
1752055970865270528
8635894974561187840
8248506245942140928
5330667589405883392
11009413964505915392
6808841856386494464
4625853741444923392
11192109199744028672
14944775060181159936
1768367116552096768
2010046548343994368
17753663022538475520
17480964712352434176
10258391802650105856
425058824126692416
2317526474523351552
10989653889298106368
11860826631094149120
5973067122292884480
10819295884262928384
14531632783602288640
15818742345155983360
6044554767350962176
15042594359416086528
7601593656414401536
487788534924694720
14720909354973106176
16937795161581645824
15881082452445755392
17628696360959563776
9510017802475335680
13617131556682629120
7854057809320599552
15176191275958749184
8830495958258489344
17729393739217479680
8912200657111354368
1306453382817673472
746547767676119040
3864167276393287680
16475812420791238656
11197289429373065216
7265524045305072640
16383934906731362304
13185544307701723136
181452633492059264
5720349451524066304
14775120588964618240
312695092999421504
10541279595165829120
5836847469703819264
5162124948857681920
18091972293073197056
1278788498468957952
6241311905777158144
16740765794725617664
9359185991831246848
6264861374814071808
10147406569451130880
17647320795381835776
17464661008766382080
6434372113842084864
17113190083595859968
18119791692767823872
14551292601813321728
10847500925879623680
12540116741335656448
3605615343493114368
175869739849347520
30436495430287948
16209492606821990400
15007994864381874176
6862120779616643072
6486671188044120064
16135985304601694208
13427906546729734144
5445135042074949632
6126236515454219264
3117356017370406400
2344174719111943168
12803146983838281728
16043152639294480384
4658372717672912896
9511887612061177856
2210930483400088320
2082524749021782784
6250922734456398848
62438034046985648
10782788059383484416
10274270874284529664
10816453365398708224
13592770389995012096
5870611769675025408
7997949891128815616
15523831572131231744
1225540221860463872
7304554409423035392
11715375835602878464
9397518391677925376
5356012033834335232
8032125569515752448
17195378788812142592
4803646369397424128
15302329092605585408
13068499160693473280
2292016811032216832
10142784628884645888
11801523930269270016
17586012231622295552
13326489143750518784
12472850524530186240
3536325739952122880
17254516807894728704
175107814322906976
10357398955062628352
18072742223304763392
17927142086753091584
9035094470221403136
12551814970430517248
13220582951431968768
9928167215980433408
10892054188197097472
2722223682284989952
8513798947428321280
9629243915965972480
10323192094905763840
13088112558966380544
16429184124180475904
1105770768864056192
3105948918359645184
7266555691327704064
12513762198879064064
15699095718695512064
5357286576947442688
2506103765683205120
12330402632825630720
18285092231518947328
16650435053382875136
7507584587928581120
18389221993446193152
3846522934484604928
17072942214558126080
5041353775312545792
9525584090285938688
18140894090254422016
7837736767488440320
7261660146964454400
13684249804998762496
17786130848788715520
13191896499106168832
2452131646547434496
10432120822385217536
13962060336657616896
6167284287594384384
9495478721817837568
6187294449738942464
2500603141928989184
13896207094927544320
12160563497261287424
7072833278827083776
4541443221993595904
16274436473670637568
14760698207738609664
13437009217214756864
4306459576824879616
18361513333613148160
3618026309615634432
5733863653429352448
1218005382196548864
16402165748999616512
3795101398503368704
10656030757824026624
18269985155633113088
11378622779009165312
2409144645966021120
5341647913263782912
7346152602240847872
17353777971764779008
7433673433486972928
12297653126528430080
3090123312473187328
8238517262978969600
16401413062988298240
11944717775276247040
12091214615612266496
18065581424148211712
14359356631884591104
5472762594016697344
162642600074926176
1190426189457417984
17271705674381563904
5247919645854134272
1168709078282564352
2660629314833602560
17427451525574508544
11283895091243505664
17748832827054837760
9781683873048465408
17688197924971155456
5814345257357275136
18300051156014254080
9769130453402642432
5714412878911237120
17180920074335750144
12044154071579183104
5711672389849423872
18416597392928362496
9572975989228494848
14911230444085424128
4936297687879464960
533651801981963136
12368020899745497088
1948855148406875648
16089694027727329280
6019830090224612352
15067453825636118528
11765500028992079872
10131636708605579264
3816982222065936896
1577043928308409344
16345924288884948992
10586651669516107776
15482633521773207552
2048810409035347456
8024212156226596864
7511181551106268160
1359840711901294848
15593296587096027136
17213655841076828160
15353985556148496384
9036399568030427136
14669200428481183744
4882193782401083392
8271320656950920192
2852156343743814656
7425660751619055616
16282093443387230208
12957957048660201472
5070107230621611008
612173737237488896
3533332923251876352
18251035862337028096
11967424743719311360
2444458693275318784
2911278740154087936
3349656004953184256
9566815594471806976
10790631043378036736
2042696107328171520
17169756958717925376
5299221858579311616
14217225915956893696
6531820637994896384
18132459873697130496
9521533324733685760
3293574041066734592
13925922617279428608
7376041840611589120
8904873130875828224
6025618421418117120
6042677415055772672
8757018873815760896
11586294716498235392
10423260320885235712
13128770407594686464
16126462051420819456
7819476629427267584
6440392868283678720
5790667310344424448
10993356172231649280
12499986077956364288
14091938989508163584
3982485881968539648
3386446032591003648
11666030916448552960
4165921026534056448
15959965235691882496
10141727509707571200
9312575880422533120
5564909966572133376
16116729809495474176
4725890700485780480
10447499720198961152
1968966739519581440
3406106668041996288
5975256618665202688
14388276716972638208
3923855585288873984
16832193559356289024
5825478683173813248
11272928580195213312
7829300367142671360
4035451813747352576
4941478510260706304
9615416660121081856
8243317075569741824
8664693249353436160
14443406212522303488
6221438988776644608
4192414468011473920
3505003404308219904
4560900992519137280
14052653462421325824
7226913234893359104
14521081965991473152
14608132154312611840
16998396856059314176
13394048254503079936
15223684869239937024
7586239630380911616
15876503373950523392
9479383782332905472
7640965163541363712
4786490663521512448
16269325522774767616
8284694041110989824
6317269672393561088
8696027353594417152
18407608755977203712
1215688499389843968
8345122335972597760
7946978129193688064
15069282248625979392
2963322784359198208
14842865265859549184
15302632349453737984
17576683243055644672
9563815707569825792
7730533118835129344
8399910959134021632
660650633883932928
10700126997675257856
4244689245385068032
10389088726674804736
12537268125225662464
411519319138354624
14942640131076661248
3638531646389377536
13528909595382171648
16739616847705239552
5881996601624511488
4230715550716913664
8316093437979103232
4278883141085763584
9316352395016556544
601845577938379904
9935907538181875712
4081937426984317440
8900826823102935040
8006893839529572352
4113047760743610880
15304882138739943424
12114916876975986688
2213309052755935744
106388255880970672
8730971726276769792
14049473334452695040
9162666017063598080
1692569022612495616
96176552210282272
10876219147330646016
9455736835289364480
2385519249670753792
11045808751366965248
10259015648370655232
15806348561910458368
2362556764843744768
9509596884401098752
12671358049863686144
959569873103439616
9694943037761554432
10788670821721167872
452335881561563840
18264706320569546752
2690325345067848704
74200856844296768
18058999921450622976
15513417901442764800
11262049679042414592
4939101560172624896
16198684727033274368
9285958697824399360
1687067452272390400
17661509342923038720
18285813602164176896
11575034648709132288
11785650331759947776
2657029983753124352
7585479659781456896
11454412744059305984
636183011357205248
5286735073297894400
6970396034127405056
13242466746060888064
16261145562851192832
6357019803363709952
3685355396663367168
5248385324547126272
14408266608477992960
9399618630842396672
11264268357579651072
173459435220074464
13705674230700783616
2412693666009428992
