9768140036691666944
3402005655759834624
1494414314323227392
12872278615473010688
5115363732744309760
12088562027459104768
2126801396138524416
14666213023097004032
12522855531925415936
17235455735253669888
11096087938031675392
14998187182565459968
9588818152410226688
16024057602933927936
12445907108199081984
9525171638754805760
7015056050331364352
2063798032407423488
797353450125200512
16178360357583347712
13194544862892019712
10521712586432090112
9139653906411133952
7336551245186713600
11627220096007886848
15776674590398763008
10668897517293293568
8799723055194891264
5254639930283522048
695218435688660992
11954840551193090048
1843806365879334912
10488586527402223616
23787022599106020
255042353298613344
10908477640592910336
13433824740017967104
16914237776379625472
15447259718086504448
9763796993941426176
11020638665082677248
14157592556273565696
10441463988763373568
2785510488874626048
9501848755604768768
15089468354638518272
1325564662494899456
13184636026872762368
7108428352001853440
4232760811887860736
16670796586854791168
6257799533753375744
617464601908228096
11157043002649151488
15278899724547133440
15372646143330301952
9332320477972158464
17428720477348272128
9038837359169399808
152624048571573280
3023664129001482752
18266319895308978176
14555173121067083776
11111194900672927744
18180798164727554048
13020007776010735616
4862440658281112576
11085539835935301632
13385059255447187456
1328728267339781376
4364926883741417472
8649518223908560896
10106318298259654656
4061163339208209920
5951212116625083392
8591983411730198528
2234057893349873408
6258377474030045184
16403297173199740928
7860227042655184896
12589961225740421120
4755504345049255936
4325071018093905920
10091340764570902528
3178445602416720384
2273297796983737856
10901367815886067712
2285602160497805824
11704670255292813312
10739663568175532032
4145226210391543808
2833332632541412864
1246734871098848256
8875372973367264256
18395709506250878976
11973081878853185536
17354224229007548416
4522415889230038528
7674630562041559040
5286626962402376704
4785108559024671744
18313029789429104640
12801386567268038656
5765004054798105600
9119322896025721856
17002383600108419072
10891870791411503104
14700338025578270720
9357781077571137536
2490389344163138560
17935867988514314240
8222552623957139456
6304161877909849088
5434315976355689472
1922757750084402944
17182641077634723840
9528176171985008640
13768616905293250560
2012253780214711296
5224098025446426624
7394783873303073792
8618673085802199040
13592894999199488000
7494048574176849920
17747362905265256448
2689530072740128768
6483341042156760064
1932785762131002880
15469224992713596928
2551852845429990912
3302490231414371328
84136275026168976
4044971503759886336
3785630791039391232
15082989706173749248
2256141734824475136
10557400048333434880
476666265101721088
969038456626493824
11384967571992786944
16777974263045920768
3857595668299443200
4247900104196879872
1416783004591782912
6295522849470566400
8798940302891991040
4503436724821361152
17774847120034721792
832859454635645184
3650794931887826432
4732585042018235392
9539970791589632000
17907780851616358400
3555182984038715392
11684353621773256704
17304401167475646464
12201965778449010688
16123119472542179328
10512125983511033856
17215118082873778176
17247315545517953024
5953388482253154304
7046611217809523712
11922507856419448832
16407850577310730240
220167887133233056
2532148951135885824
16568461394893103104
1023382643260353536
4530858208264864768
10747930801732147200
6143981993847677952
3405541747492370944
9960926995508256768
2355579708920016896
7386221076912415744
1312090573464602368
12019349967024447488
7903145987865850880
18322418160885020672
9067159219315302400
6778779744176115712
368324581315982976
7181511500585559040
7150664038438883328
14639964078216669184
5642929575263742976
372033748432299840
1438882823191877888
2703413991845405184
5261178031848908800
12907295212249196544
1821000711770758912
13608355844100622336
16358025992548474880
11272001925386397696
5314291389100392448
14835327795040976896
16330410070578198528
7568217185640214528
2782607319489977344
14598353055345014784
11194222815999791104
6622832538784022528
10693752680334712832
12326964792884232192
540924436616211520
10488629754682263552
3043587289288952320
13188795732861853696
15779116146556991488
15775902670700115968
14712788801777446912
4108777929805918208
12127903393205078016
4338656677747019264
3670143550188441600
13515730052460118016
424792658650597696
1353395214316980224
13140929751689365504
4660685298663421952
12486813898877001728
8537143068971675648
200409695683194496
14902999648260055040
879694480812107904
6566997619626225664
16195264650745673728
16840150693523847168
1139795811181588608
6303937476568584192
7484362558094604288
13017191143076458496
8788561084455736320
9393741988348182528
11370855020033890304
4212251058803769344
1126520966626851456
349682864817694272
17297456684332742656
12557894578668709888
4844905784437577728
1572102774624282368
7468379441884975104
8366281808948844544
5154224590705188864
15915770753892569088
16064860189426436096
4295523841886645248
13030088892903270400
12620027489386815488
5612373540688232448
2814848565903485440
13364898328957655040
13279014976297760768
15910577213098231808
8880714882001551360
3385779635335865856
6745774077257589760
13790055022996457472
15393094091062714368
13903298693950609408
14914790446127523840
11799599907241086976
15278797919490930688
15231880179283826688
4110366655447458816
3761905512879899136
12708116127684734976
280925466878806880
10200177450947520512
1678600909782741504
16664917271421802496
10640898229753233408
14231046838500601856
11036585539836055552
15462433443591022592
16256574836123510784
18153737795692453888
5837599869523170304
18145976952411453440
14847859792660426752
6486542784108534784
7480296831591801856
4346532469512840192
2124739629575851776
8337709904921413632
14805095231612606464
14075457050976919552
5640876797966804992
5352657746171069440
9098832646473374720
7895927555430909952
3106498838832584192
14350219910354829312
12902521911167893504
16017565462608797696
17456809216565567488
618117093690457728
9568553664501098496
17194111455232077824
638473971164911488
13061715143470843904
2418196904310487552
7124261512305175552
7074649674608396288
12325101258342780928
2341328725395195392
6107611780844920832
8931928990366905344
11420217514690015232
3544515780263286784
15475657437251422208
1395639778335931392
8232320652810220544
7548237496748237824
5859804479673979904
5133633209709410304
15776736487333050368
3326568910511789568
2905749546469998592
17353515116451883008
12742271670087051264
13434742729594021888
17428831604594698240
6371068037641806848
5567711729994238976
12206750090994284544
16499116505277413376
17530579447976105984
11566271305124718592
13559350891515408384
13180266080166633472
6097236958037314560
5810608124975973376
10222691606268833792
17694684011974903808
1739953561826467840
16662738580212707328
7616014511134264320
10280126567276107776
17478753645421651968
14828459893356711936
8238317175041941504
16660431558271750144
5856807720300463104
3115216294158511616
11493207940131573760
9287696803052836864
6693805035137267712
2826536226488299008
10515852697827471360
1741310213764016640
15752321499950919680
12874051332311298048
8853021373177922560
10728474471945596928
439501170723738560
97609694906138160
13275466911569844224
5598982498494343168
15790828521663467520
11683529387893958656
9917863914835304448
4255720254897027584
5230908005981255680
7075366844417642496
10779684955809884160
9796484513478823936
8165320681172649984
10084879530821652480
6734241048252322816
17146263194596089856
4567727010444996096
9407680508851822592
2491789326293182976
3406975208508728320
5133825339990873088
6254603920445711360
2761059316117153280
5452817806889281536
15996893881135640576
3350601602032503296
8104456488038521856
5276612684758425600
17969896234615875584
4694798904061117440
9672154313293144064
5612998203525552128
17076163507995320320
8892049538573224960
17461098639642126336
1896424530197792000
16322747726750078976
5759543502655174656
14278640289662812160
6793570681315840000
2319053842340285952
8895194546905589760
337720092767177344
12542112583931631616
6082493923944407040
1488770313588775936
9281717969867841536
15170776412585293824
17199051889794848768
8846079080757325824
4541577090183453184
16847426819251296256
16235081159332384768
16543961822041321472
16739912741563242496
8609099959578043392
14401272178230581248
506873595321639744
3680758154293350912
17444645921524240384
7201388654809341952
10535644456833542144
16183471019215622144
1918125284459727872
14965103705696464896
9139014119988654080
11012670903305689088
2985105594542006272
15740079322789369856
15892944265450237952
12396738736792684544
1494787330508141056
15114780693639643136
3959432681725216256
7405889407470609408
414338396929073024
13913337752038395904
1062185203285138944
1049373752420718336
13534178555864930304
7891179307051400192
12744255720592334848
11408658504927432704
13659017012872951808
7591032451990747136
17233835753910585344
474458612759065600
4693899404527075328
17127330793325490176
11825957592359927808
13788128620320653312
16918356202641455104
9115317266841871360
13262769840178798592
17564569535485102080
1134880349134265600
12261136983945930752
1184421223376956416
9396309321879803904
8375266748401684480
657474584249225344
13151015649594630144
15514675235573147648
4601779002120115200
7503996862744767488
9233841106397958144
2254414601165804288
9491534634817691648
8523685595705309184
14928587928165951488
8892681791429678080
13850902008181956608
5732794022392211456
2486008100443546624
13786598112538251264
1680098432456567808
4424182750260174848
197676129475858784
4688564897736070144
4396115745123311616
120272434658705056
3005071539805230592
15838882836892700672
7688272744350681088
9224066185306300416
5923887587670691840
1706504904365651456
2692466806511932928
8031601096215584768
17774202773699207168
2847408977062362624
11472059175577335808
6960590176870984704
13958887302485381120
6278414195750605824
12683958167998783488
4388498343501788160
9985325446428063744
14784937212155346944
17277676293689673728
4315760608454386688
11584526899475388416
8751462887096231936
17371150295987367936
13188761960761231360
5077247363060733952
6601719322996443136
11703632707862728704
16213469990492672000
3223098091931124224
13255051206709639168
14220874175529316352
5786838313043825664
5796662275319519232
11314514252274087936
14671252293140910080
7918103122899334144
7801077781973547008
431149750580886976
14220918645226045440
16509564237320591360
6073450648166492160
5124172547560160256
5349572252140959744
5358401234325974016
204433703738880480
82933606769609936
3513831806283630592
9184032893307402240
2789287933415795200
8270603415093753856
1456082998680933632
6393690071523538944
9133223363755505664
12434635840503103488
17062656774504421376
13632275322427250688
12754092402440216576
15131801805518307328
4547847888480616960
4416711320575632896
13206641564448567296
5255643802217500672
13922668130078763008
15093023096728883200
7084803209544470528
18025205941508214784
3675389435355595264
15494526131167991808
434898036692940352
4456348588462767616
3881106493755253760
190556951987349376
13435014070209304576
4335585572907693568
15747717667884146688
4978764184083036160
13611651998642810880
12011868177831819264
806563171105080064
8464326777689720832
3144434914050128384
3588787491183069696
13454607094971275264
17879471698754084864
14608670156646180864
5451103540642405376
6569957466453350400
12221594320514404352
13144165895048876032
12067707055406520320
7508279929049720832
12739937391677282304
1796927077670159616
9509526172420253696
17785586676220174336
11733113577183156224
4378125769561874944
8527685335725314048
10801070118788700160
6867292193434165248
6640440988973186048
14976655685516818432
14303972808513302528
6328588109677747200
13636515648378466304
7912491107164408832
2783881323538155008
15149807384037042176
2901374359651386368
8919053620753009664
4373665439010656768
4659767470599051264
3479768582530467328
15745001111795204096
16480053680296976384
4107536591830568960
13239575061126174720
8014394063589060608
2854169452644938752
4237647788888244736
5443560736556331008
4810765312160269312
14623613829215744000
10209750966299750400
16588773178718312448
2737745437024580096
5008464567522785280
7585335264702793728
15037592291527208960
4279966340209701888
857155121355893888
11037370795371231232
16036779346237956096
17580464466502989824
9580149100603068416
8376057689631502336
3929954300914424320
11093033179910469632
13675558333575505920
16544610508712321024
17013869642562398208
9349981327832619008
11478948934813411328
922790069703474944
14227694643348992000
16124867072077154304
2962636187794194432
11350232492938915840
12036131107416727552
2762841922959112704
9481395107959599104
7039683323130306560
18316339471595763712
17303063396396402688
6932302922077540352
7555393182642745344
8144220660251627520
18091038118691235840
3587318174579525120
10055228914970617856
942147552740297856
16036050142236620800
4375588534707616256
4723033416336672768
7166632242987908096
4868247504089365504
15513826248338556928
11344041501790558208
9984687687076694016
17706837481163466752
15145432570062415872
5234250340433548288
1581037237242387712
6001349247683483648
18081317688450121728
2367639316650998784
7209766737289250816
17187157498609457152
6416274173497344000
15451053423287547904
12064586003341139968
4934117636278804480
1332242276065874688
810087141721671808
15546412843160850432
13500788903675549696
14475551599996956672
13309250231946027008
5881173670596034560
12713615003407937536
6641436067753616384
2726599029183033856
6016331680185305088
13282722240104396800
15757604810858571776
6000126572697374720
666608025262246528
1791636151532797952
11524800469647777792
12985755461142423552
10488498899219472384
5471935184981198848
15596462389250226176
17028979299826944000
14976085925518077952
9718464436799973376
14529499332546768896
13791860644003731456
12466056672865714176
9131063927997292544
9849355788381882368
10630950563537780736
16646950474917122048
1231607505777213952
9735766777209288704
898807523232871808
4465469110986352128
18124920911537948672
720210211045531648
6864691801148985344
2520744039393688064
8255701363847904256
12040168758748045312
10751860357020762112
18132149403104339968
3984974370197652992
2817230366814618112
9417912474961367040
7671232135317556224
9540614696759060480
15742074346689615872
6882270094708231168
8673153700986848256
6513174132523798528
16683036958651592704
10963235076494977024
1158691224390251264
15493789491830280192
14967230143801733120
12946845483340961792
810671815333332096
6515956852240557056
6406109464427676672
9603036802240131072
3548128275228040704
11333660944001826816
5339154321014132736
10201337647097090048
5880782863172323328
13114915507346241536
14744206793100890112
15537529452285519872
15601703237559883776
8888077039033175040
16667204648137191424
8614731373842680832
7207822786606455808
1511488616040242176
12643387487767605248
7910183177633771520
7582388801187243008
5212117485551209472
1598777194415024640
17990327666861856768
8356568315059732480
16065368251810488320
10180750407554666496
16249744211654699008
1237277877101335040
13266124965845221376
11971605963697430528
10164928699482904576
15660861486343626752
5044377328952216576
11878244885044430848
13197719273755770880
17165374839560968192
4520043683544162304
3062915027284652032
3432028139297690112
10325628071459295232
16262031800838481920
4581525139660082688
2242008263720414976
13297303239980521472
7968152150872860672
14045385972111702016
7742012630688100352
3541510889768223232
8575223202523014144
10621832675490758656
1895486186705634816
12402513347250518016
12168827019911618560
8985280019112156160
17083345432793491456
13550920995577151488
5965254210196083712
2684348581776621056
15453285324683413504
8590747406545974272
13140796810117005312
13679944959201867776
14081263117628604416
16535184760540088320
10396480760386437120
18209988847624056832
2356326452601974784
8984499749219692544
6594300128380626944
2974735103056983040
1366022405264692736
13325400767090661376
8484486630035686400
11261062832799074304
6430942268897965056
10034876480564815872
1206630963492678144
7408159593743040512
10176750666858618880
4363518175324954624
6385975038067727360
8709875753514550272
4548964654124897280
3981279372427270656
4071485205371462656
16215108358084003840
2677786543387491328
1456402096726989312
2178716286917607168
4522746536772692992
3690245297726539776
9963436476389445632
5188925434520577024
9648340065151272960
7316704089864269824
1313589907630532096
15530679329865656320
14497340228744964096
10387423534551832576
5570694655020409856
14638209627564075008
8739835392409639936
12648503497227851776
15243076476142491648
15160268922320779264
3528861955377838592
6644845029057536000
18395018103924019200
16596514552154736640
6714189877350371328
6010352480260909056
10950360442304129024
14602274623992150016
14101213253146644480
14632991202060974080
5787308109120489472
1107750234970163968
9352069333401415680
3731967486356541952
18052174276079050752
2544834438435896832
563052892283387904
16657571936460636160
804301604140708736
12118373570484203520
11247222774443843584
6340101217275162624
14092880795765860352
632983512554130048
10576435635915204608
6644149875792442368
11859927734517919744
16482500561876129792
4557624663289188864
5254592539023310848
2024780628461945088
8437752086874268672
764259034085522304
6970502842821540864
8549391480492985344
6221356688488728576
703948551070290048
514196243592948608
1648099042464732160
1489219100193956608
2813509729826461696
5611950402791350272
16353656808618217472
13194557820267292672
7324628435258054656
14139414356623060992
12251783347851626496
17842418467780319232
8530777905066542080
2540385279708773376
17105134205037475840
6341647088370921472
17845458575002701824
1611017688633637632
10026031050138523648
62528135957944008
14642785865411106816
14467964890749306880
6966483246896649216
15252410542465333248
165663681708349184
13752828716995645440
15209560929917007872
4509691660199596544
18004278447790893056
4372433494401816064
9527004529927888896
615005680154308096
12853224867216656384
18119647452597587968
14312627116039872512
11249636091989651456
13916781318488977408
6832290323854519296
4155881619381743616
17939666415348232192
8668195938964410368
12744854448115996672
2920609168850527744
17705286622462808064
5177842700104399872
13409535837972168704
1624031339470357504
6878841073252469760
14494398463594635264
13246626688233701376
6235344059294274560
696981340882858240
11679144196796405760
16702028550120783872
11271413977825935360
207689258823730848
842530047662531840
837375749078347136
8217174720880906240
8575227989787878400
5868419616816778240
10928305410626607104
5107960852376793088
4778217008046182400
8225000933368261632
927758317907630208
12889695644375961600
10521770486873788416
9231627488513878016
2927228354489357824
9894288568005576704
13808742335773675520
2361949335503004672
14175021113119961088
10346320938676316160
3289237258639050752
4981345864626243584
9866617586696755200
2982648664619918336
16112194386220902400
8837430521024224256
4446337899384943104
17096061487676626944
7363789413261000704
8248857964853010432
18003861046378618880
15338889683534551040
16999565614599004160
12091116355851085824
6851072673699178496
12828313700606175232
6185848225160899584
6975246147619205120
9736746462664411136
16547367398650920960
7170061083841746944
1914509280396427264
7365531944974579712
6573392815749327872
16470802730852653056
7773466332688392192
7849737990055998464
4159674974887939584
5123218382698300416
15011330009550962688
14883169323223668736
8546308854147035136
12851516621866350592
14941174713874972672
17217995730636015616
373987097890019904
8231136705149952000
250306452488130560
13261355293063952384
16608790135988809728
8249403862893392896
12870404712521756672
11518364414315307008
14094221305986222080
16329072743862685696
17370030755568023552
17115994382724042752
18173028385886572544
13619813830438184960
8078598709368762368
10183417687655477248
12079839954625107968
12881826402698612736
6050910819918729216
3180463294439774720
13520673024591493120
9831700806210959360
16161426158012422144
17788058645268099072
11762403863218741248
17495818495821856768
4429895362673356288
17448584802189768704
2817201583282412544
