2231571927533500160
12473674920729290752
14890461434665687040
15774088189765040128
12083725419566456832
11495327205773504512
3083729740576046592
14789798234668861440
14149653229813391360
6055485868960297984
2471480790209473024
8472934745203514368
17848410024784695296
9528314070612422656
6806727969412644864
8915536968319057920
2559792600953131520
14037430323948476416
4287666142364016640
8266548079227569152
15127668339400384512
15818803398220206080
5053946820023201792
6242455589706317824
17036101741232023552
17361551682266884096
8225303628001725440
161672067897753152
13326669293557714944
10103791724047386624
12599985615035799552
11749392275255539712
16702004436102801408
18427596931378870272
11560272714140385280
2505565850312019456
14944481881822883840
15901622301240977408
11010301069936883712
14665068251301513216
8710252799570396160
17369345106508419072
6539984669019704320
3899343668106323456
3129828866635143168
15397074946587045888
15122415860775784448
5169637803658864640
12956325369247578112
1142365427842102784
16243847395206086656
5538868649014204416
6271190017396139008
9633635934185619456
8447586201806631936
3668117521134259712
13290873167447195648
11134770471365857280
1946144386379948800
15979921488492560384
7667120558821394432
15382697250608769024
12316571518718511104
9921754866326585344
12365534509910704128
16307351077391323136
14262270256655114240
2958904061310438400
12471834618376333312
7412279705011049472
7353535922366277632
11999429582727485440
10315430705085603840
14627919593664301056
13082269973952358400
6535149224323751936
13482006765326176256
2163305928171767552
8292802316560413696
16073786166812565504
5138033508060988416
14685776900205774848
6213369807527516160
6806903368774296576
12629356995942348800
18039938426634444800
9473337970187603968
16380164019584935936
2468290593859714560
9161969876169425920
14108370057714022400
11156534233339328512
12786466631857436672
17516138765035692032
3566808312641359872
8190718441765871616
9022089811714939904
10202460590028881920
8919024740213815296
12219034154970763264
5075357825597127680
56972641798858176
16922537409471643648
3747324516150357504
13874757006121965568
1295290397117987584
18218013108313092096
5784705425616335872
17861945433638467584
10821515102405326848
4328877139116789760
1132640698874507648
4982635047123331072
5724181057249289216
2888405808884373504
4520205231592023040
13787212467141269504
16161061346209628160
4784819836730422272
14970859734586449920
5714890812403384320
4932497107038177280
7657920751537176576
6795590194642051072
17474405730609666048
10921196023562586112
2263926092582715392
629063312305365760
1045590033518428288
7575518039053717504
15984779443001061376
14154981301639313408
1986458103301494272
7431194095886213120
13909768165814243328
2040677039768088320
9065004139612665856
8355085514491441152
13190715021034244096
8682023450100878336
15881789501782167552
15449047825561655296
3406293152604014592
177506772673400448
3194966443932157440
8340789972095060992
11242607540654082048
14791722398796623872
1920568992362027008
14087392922235441152
1617286961264635136
1342399897666144512
5916371838372427776
47864433338566440
15302498921937338368
12108530156095512576
2470417913042456576
4471399092154450432
14628330089817929728
13765109559447869440
3428795631446183424
16261052267314647040
10921209201177311232
14083528164742184960
2996684916886690304
15073617480127879168
2633781325348280320
6729492129180972032
17585773424387227648
11085309958457745408
6276683351034509312
7915380381845541888
14448687573186564096
14179069621327521792
13998267993311416320
8073306415693810688
9382244941690877952
9889134920751534080
11423123598009436160
8062789734608033792
15708961192845838336
10718611202202714112
8724563121241776128
9225671271515320320
7374017744582810624
17504028671121971200
7899380831409061888
9087882054922031104
11228229626229217280
11100059149292253184
12880896246809505792
9149953131473562624
16206684460137523200
1942239662906513408
8607642946378863616
9214065460698327040
5489897360557106176
8359127819363289088
552183279247760832
5470209309145337856
11334895109149808640
10188369080892135424
1970750986763061504
15879300996179902464
16748185363444365312
13371040689332043776
2223366192488235264
36949442600319200
9856564155102228480
4587049126412428288
7515755073667999744
6814661857701766144
16715729810731945984
8929245411495265280
991228068600113792
14166327586912780288
9656664833182586880
16795088775095126016
14996854531604457472
467929454395681920
3439810856434522624
17088200852796938240
16111525662360817664
12874189881471965184
14901686992611108864
9048552433047673856
3589432581200566784
10390853504425555968
8266218696254447616
8069316736233837568
7072355699988755456
11191160324127510528
6485055601947304960
134343081008114320
4443740889041331712
4692869210288819200
4339913584393422848
12173282807858890752
3780183893840640
14285897215580379136
15901153389741727744
9014414975413510144
4208384474743920640
4917503082456089600
11930297808721766400
17477586470364641280
15071098378102202368
6909520512404002816
16334513936121583616
12697237622103230464
2367702947261465088
14006343736707833856
3490055452830770176
7989946230262371328
9718416225686286336
7184031243467742208
10757530023151241216
3429375416267752448
12501632341169096704
15611411110857404416
6378906197231709184
14445222403443101696
17765358500279687168
4697140832304783360
70823163305014496
987003490989056000
8009117702620063744
10441860175043284992
10263919982925529088
2494470434024697856
579179358071525888
12733562243837331456
16793499436587159552
18399381613100228608
7574997024253735936
2789714015831704064
5235492570873470976
6778634753963720704
3744998384529765376
12527857002390976512
1296528425515577856
14484282753516939264
5778235650243945472
14666903501297989632
14677080388478627840
14981441654651480064
9603976188340211712
18008341478743199744
2585366922234711040
6100286415110121472
17761245138506784768
11652264060658073600
14646924522936909824
1997574633530969344
10612818392785577984
17217581377477144576
9300808684216672256
5766012419159724032
15865000796480735232
2727871390782069248
860409782652988160
13778596450817458176
11508559806598543360
13099497019010940928
15578762231293300736
10259340107480324096
13161724870506096640
10655237060611758080
6295277428225983488
17283626278755524608
11276220129454632960
4396483763433147392
258176318798574656
3006546788863341568
17104268525864011776
2156135658273643264
4768381103753961472
1142124658162018560
17312732083374372864
6143688390595274752
624392423728147584
436871555378977792
668146405170409728
3634599702641185280
14820432924430243840
16858395966364456960
2881109645014074880
589049467162606080
15124112928986695680
12758051776611268608
4702231380994812928
18100346320211175424
8171763710426036224
13161127650911496192
14160212644900157440
18402258350934253568
1323475247388423936
5891638948518316032
14612273638315763712
7639907139557964800
5657364618819955712
17909455098750396416
7481023158346833920
15588318394238633984
5344437852924364800
7709898717749420032
10182043133269327872
4046622836113412608
12067439375388573696
2935467069163140608
114136858296063952
15591440956054130688
2974470445401209344
13807164553992355840
2541730114584003584
13830989375214198784
13511063303872888832
8201164826144674816
806724246808097408
9573776918435274752
14130278642694217728
12304756660986132480
4760544556431597568
16656675856883410944
8127858429211368448
3665699033016109568
15827870708736688128
16080452783670145024
8003437318586483712
14531209862149857280
14959304301038778368
4838806321778528256
3441258728543138816
3275017255379693568
17755298445247801344
1304383444457071616
8067139164195006464
17328860530406604800
1136825269654844288
7569960111676503040
6130262333995653120
4265924598402728960
11091972602032955392
16765859360564795392
7009425642074516480
15340452664288387072
11200935938218528768
3627311022860423680
10748770865395415040
14174299970304872448
1096708952011973376
117652130965237328
97320239001191600
11449908098408761344
8737510315145976832
3692831920477294592
6263328270355192832
14011735139577458688
13629522437433749504
14945721134919477248
16642579006676242432
15419369949179355136
4943854021404439552
6508493428642153472
11199014122326644736
2721369999803767808
15740035114142318592
14722019012389386240
16095953972985446400
6201084137229516800
12761762015907198976
12882596603369756672
11648269499989311488
4031810061295653376
2156815927892350976
6661589755825494016
10305329267769239552
18168555237770883072
3228139695595869184
2328984049158219776
9239742768833812480
13114215098925819904
17589898286682886144
12442606211911532544
11980635143496843264
15808898003446259712
9019026183019475968
8584337499067960320
13408004205298421760
5045068410363491328
7211389748370929664
7616398271839716352
11091533800941334528
15938327631608512512
367565865020142912
8316830373869071360
10471723583214548992
2165897280561399040
5517616923588526080
10853562727570286592
5329427695326906368
16003854981535152128
5708096298261452800
15993465989434234880
12655584376552640512
9148038514463656960
10407625405604601856
3724413945632122368
11084170949746231296
2832988030943566848
3602219324962092032
16891338742281789440
7817587435972487168
6107450485915245568
6456185663450280960
65547358752512160
17118769235237756928
6483431004214116352
10822048635221000192
8490961730031011840
14914458144016007168
14151265832628803584
160373336944607744
8172066606117111808
9057731399269897216
9960691323531737088
8893076982165374976
16753225382246359040
7993454667358392320
5621284661991740416
7468304845283927040
5272021347742407680
4692924911202058240
13347635104485363712
8122892292941948928
7838892309328680960
83614024463642720
18357787460437975040
2079018672937643264
17986014463427311616
3963342893129712128
11299666963639203840
573306810183805056
4408205651271480832
10105262892654483456
790248581408443904
13632468006862346240
9072728498904543232
7117199610266472448
6956222897287568384
8770104329278105600
8104075039990542336
13786958104574787584
1963698132821091328
399271129507258816
12357659922134169600
11305344766752393216
4622575538809594880
17341674428230348800
11269185912548622336
16255523995017816064
12445167952527677440
15094300607780096000
947764668766703232
16166151095827937280
12225653185462102016
899141833030717952
6082443139368978432
489617778349528448
8597867061741120512
10992141288194267136
7411088329318991872
11572863760413650944
17781031816101584896
2367727168449089024
9729523879851532288
1917859308157879296
6570307254740795392
3956606846546569216
11312152796169652224
12726103551765651456
13400364420992346112
16257330480498608128
2297429205746750208
4742137390409490432
5603876849752783872
2013830906218852608
6283714181963169792
13578465453757018112
13132445412048834560
10000555160180506624
5770238898815154176
11180696894998767616
10973173985115848704
3056472365940480000
13994456784826664960
6641534866824580096
986147766849230080
11318724559211352064
14111037330353715200
3882948425073558528
3018727487589910528
10350638056186810368
9996622688414007296
11281018541504016384
2113202758203639808
11953626668910368768
16576558131698812928
7854793795951534080
877307670810544256
18065713783382857728
12195489360813737984
3845684870984650752
9114774623726439424
9071870422412316672
15839087056407828480
1260483233164606464
7085691710944676864
13912928083284068352
8736035496959955968
5283828723827030016
4652489933803842560
7960459099541024768
5513585947603639296
5878153841587772416
7302325571426178048
8527553310521579520
1756106474246799104
16225496908942006272
3980155028317622272
11402863183642521600
16572914416099563520
18367397401828575232
5876886223434260480
6401208619227701248
6215265802853384192
7831643514419307520
12188799697224445952
4319396433820704256
16391282835246168064
2454613869434132992
11524369969841780736
7682530442862513152
532059264963569472
13077372478937556992
16002315225731807232
12032938535455492096
14344511731352518656
12766143633013075968
8584056152467837952
18281640093116997632
12539376499271569408
6496724187633102848
13396212793049480
10645616355808595968
7046932652021408768
6002948971840631808
5427262638926385152
3421176290625353728
12315060762104326144
11470383631192840192
14069772248410140672
6246247372601245696
1986252690751233536
4733072685425893376
11777406573405224960
11274861474462595072
10966916605435781120
3641795192860809216
6032135104350292992
10551974725590628352
2933339411662915584
7571348967292034048
6934703821954478080
18088859559013070848
18300734601686484992
15955911521036517376
16159444864367280128
11265767875339474944
1956675943337793280
2274200113525963776
17561937829924016128
10054501695479076864
9278382804696258560
3770726268769410048
4246967629766592000
7933020184642194432
8720349458918097920
7793141091304675328
33284632943449492
6655610416299232256
12132473684634066944
17405365961770567680
11915709538055495680
16772359209322649600
6510014725164870656
8251010786618767360
754578277066825472
9705865806279802880
13157458606866817024
2685377456609708032
11349634291113824256
15653861664648855552
8796450283946523648
15570273546164705280
6930948659025154048
6862995673297481728
14655147439588249600
16272510609692811264
4001604465706286080
16932348595876022272
15274121981379659776
14799585205409361920
16746296637503991808
10667924274818060288
17728795632831346688
11457990224744163328
2260249482061613568
16162663189327960064
9624618540719794176
16428629709978234880
13774683183606028288
12591582196366688256
9249098243651016704
12697609791515131904
2230677337801401088
14160052600463093760
16957618909440372736
14539707721498419200
11482938074141253632
13400318250045919232
5826909087434099712
17346879842042798080
9615328886201219072
18214140788379934720
11843720194665603072
15565647687938424832
14448384346517110784
7052775696453276672
16781306530015145984
8319655061003256832
8500194745403867136
3419035995266937856
10499108291060844544
17216006062780297216
17634985977186248704
6295768485430072320
4391938523867826176
6298316820246805504
9857504577281437696
1915729169808173312
6213780646677210112
15406917579504289792
5538891654557278208
13096658796118757376
2386559179595873792
7845586920272164864
4279327847829948416
16788556485093689344
17865853202940852224
3359075413137812480
524227049856564288
8446310121873659904
10985229718089351168
15066366921186697216
16519489440091979776
6741621017630837760
4937591192338369536
13167223184834414592
4937741649087393792
4113576643890071552
5339804976413753344
13285843797247334400
16767086683620560896
8627032076341159936
3932643420576331776
15275374158142119936
5365269088596221952
5981531290535737344
56350681925484712
2888978780884621312
1196501570752439808
9748646940359239680
15852459037954373632
1371536987078215424
15867708918375925760
2193975970355723776
14842907549073037312
4975180617262301184
15679347570722007040
2709119684975555584
4656575728076528640
2365975740087940096
1987215812920143360
13433937826829924352
13665628300775178240
9673702484597202944
3032064337001288192
10332074752324155392
7575562102209469440
7514888739432972288
6142809281500029952
7869585291361703936
13514074739840475136
9933733716120989696
12093009383276691456
9740050815237756928
12715989564593416192
13116140047986675712
7752819437820478464
3227660889485155328
2844673901064543232
2362742457539693056
11903502248680265728
519398319956144896
4582567837128458752
12515184986015920128
6992909654847598592
2881436560113605632
10404594817233274880
14490965736330285056
7612372661547579392
2115060689274986496
5960501693757297664
13818359731372527616
1254959747026313472
12482760310706157568
3559783131457633792
1451362890683867648
5400126948977984512
3408501823128799232
9970091468694339584
16832441026915115008
15221383392366319616
17375472724315205632
2750541752772868096
2932512591419067392
955013118677418112
5384040002220229632
13495805921411100672
9508202327234686976
5701365586307992576
274694686854730048
11521811082112866304
3833416658368629248
17749586698914713600
1709634667833175552
13171292495464802304
8283604356621411328
15713132138751334400
9452728720277985280
1422944936264935680
13084225674328756224
16641683044612278272
7512626778851261440
9905035793814851584
13269808240805154816
4372407956662140416
5189251931343495168
9196750803773827072
31216595181575600
9311480989606866944
9620884752114599936
18438717261044176896
12674519296668497920
6043630492116524032
3770382905525529600
8028992484966351872
8143410638948404224
15964646996165009408
3612223861075341824
13431807700930590720
826792255099806592
9989749859242409984
9423856520886919168
9098821603193614336
4331637850949368320
7105086320556740608
12269889445919576064
15569921175751475200
10054452916680577024
9853497629577740288
1849020551652080128
7150623353103244288
865149821646492544
646010831489171712
2408554301354629632
16882076868983918592
17291687098590656512
7927937385407524864
13856751949934899200
6532427182083664896
8002870933174791168
11801939901353797632
15878911571087843328
8281929217066622976
5986534405952624640
1295413371746141184
16734115990356224000
10457293199006490624
7821358819771701248
12777187784235980800
1139214861969407488
965467541739183616
3681820388687082496
16434588134484178944
9233368493107879936
9305971008214706176
16940670900631822336
16839040058690328576
17511035644955494400
4686683470460933120
13638964984947763200
15721997884095164416
8425703438763024384
15669631823947329536
6009594384331672576
7855412040716827648
7833600117333445632
5894577497899618304
7761598197451417600
6222090908105402368
1553868539465615616
18382569868634281984
2718115759839437824
13839330989875832832
2754548549396145664
1772343105845707776
14542058547147431936
7684079835915447296
2531471863631818752
1028011563177531520
14310477416272685056
4139511047898708480
7702056044527240192
3783555653946079744
10508215967042217984
14052580070099992576
7409370212522339328
4413778882931565568
14068868118100604928
16439905997636083712
13939336775081259008
17466957909077788672
14287746706387091456
9378712972513781760
1405717127112220928
5679009937757724672
13281240914926149632
1693340907414894592
15003316763846701056
18193078303014891520
8142867842552553472
3027059725878059008
13793951083219054592
989123420424757632
931643724879268224
4411098583807547392
7758236386451034112
18036527456816289792
5801958363950732288
17470561339523661824
9339564724521267200
5815198678362064896
8150528728710629376
11755638473111635968
15731513450641508352
16360231483492747264
9810582454962626560
466299401229970752
17196364640887107584
12840795059002816512
7012029509228525568
2187006804504886528
16111609521213419520
2063880874379350016
6850107434442976256
11925557472678250496
13430493027339319296
6899905441346287616
10773969339666139136
18040721988626483200
3325388007162625536
18045541544573042688
12327731459122364416
4066413788278240768
2624770262501880320
2552386731377282048
7717579317683755008
5943100001477542912
11510528787988180992
4877413222599926784
9514786669681518592
1589824575536897536
13209698559880601600
12756420264120467456
15976877981508280320
13697590606120704000
15362704120990375936
780815513296642176
12482852192660160512
6344204222921632768
3829206037945219072
17693831688859248640
9971155899724877824
5510980760247692288
12037187183984060416
5643091839026417664
14657325025234634752
605614933479914240
13187394450979166208
698509268495182976
1095317117640211456
10429484255240146944
1639877000556805632
13215380189962104832
8984824015470765056
13878079903266635776
13634578177693466624
9602568355265009664
5555006066316661760
682207970213855744
3538121803130744832
11527127503715098624
14859823012040495104
4385905681655265792
14858480131439521792
3382732356155526144
7012927022830862336
7027626995844859904
267953679587433920
16594201554490839040
8979933240126277632
1585847347836797696
7716460610625026048
13420604186756597760
11748160121053667328
7636013762840669184
1750929137848235520
18031681527058245632
16929713912738516992
17102114671959523328
8199983943728314368
12703686368513910784
16223769331286931456
12028079589100400640
18379983673905883136
17683228396016244736
9565743738561540096
18018618592066691072
8701033917496690688
8838623630424183808
12323840167117918208
14382508097019922432
13868005701869604864
5849245604039259136
3740869553341655552
3184415875781686272
3141285883670222848
3458788988019675136
