6784895833665689600
10098627327094548480
4112692044297788416
2866839551071400960
15910935304170096640
4653960283472461824
7388943531940242432
16783291459245998080
9121103880567475200
6855270350582574080
12783266636791701504
5929847179000649728
891999837104307200
1406843036505433088
11022404192955963392
13245600565558093824
17377327721771282432
16013095174486837248
12577368795474595840
10586370098898782208
17802358916591710208
6969686856822967296
1242186928256206592
5850983990632811520
2835454107615749120
11638132115852423168
3241348481894205952
17139931993106511872
1254805617407952128
16344226549038757888
16927858277860917248
17536097298283202560
12339458490654846976
3967539902655884288
9578473180981084160
7976302229224751104
11200708174751586304
2143265755586973696
9778654470246176768
12321003858455683072
8106390023709912064
10078451157210003456
2577325856933852160
6778578137175623680
12464487232113190912
8489550534741738496
7895442251052642304
15474728641393514496
11021899972574756864
9101094178080471040
15920392763527092224
6818136065916731392
11125581453031278592
16145424505707253760
11090959707676645376
12176232567340255232
3282219678710282752
3552015629698987520
302163452026136320
255229660874242304
13136386642359580672
18092812684901165056
1281840031724409600
13155234979423944704
12495616601413453824
12963583827450675200
3609521478973708288
16908541983327932416
840056253530655232
11083428009050679296
13146928049837295616
17854189908612710400
8577834874782706688
17089809913921579008
12693130431450523648
10429484289398994944
3394170870936010240
14707045403076364288
13449633422832003072
17101207406187280384
15036989619466958848
13319108123095691264
16391159508211212288
7132985732662852608
4608483934042695168
15232573838050787328
373156833814972160
11112940452095639552
15281038247276167168
5873241971734472704
1901845592901811200
7886793976767984640
15943884765039423488
4440802994421834240
14304249149688270848
7729798109391043584
17453909390140635136
11618661988919805952
4651483547052840960
3643425660846703104
7427597355220585472
3066420074705959936
14405534954512058368
7472496530728848384
15729952651354200064
5660211149911482368
6672679578947127296
8137071108601029632
17526424667368622080
14816546909593643008
14938718303919693824
10475047621062074368
8225939874506594304
8570707664012966912
17245588811980130304
15822300563006121984
13353331998596780032
13822623382693367808
216944001159479936
13807669040486799360
10777310536033552384
6921650316947846144
395466707302853440
17082047645259239424
16480069474083565568
10620194490516699136
4344865613040937984
10144082135107878912
3169199992833427968
1351669713966103296
10819193903485851648
6026300972446705664
16937461700601104384
17426170743052414976
17981682626470346752
3011523240528614400
4636087010112678912
6268086728229517312
11694748459165169664
10045286848818663424
629200740387061248
8301608456028066816
17851143900741017600
3834972653610151424
12898972949354665984
8779126362308016128
9913291002718590976
3636214972569388032
3738337292041242112
4254795057352201216
10668819084052805632
2786727797493571072
7172341833217137664
12885702590380453888
5836351764992773120
7401593480071821312
12509204465800101888
6736564584985094144
15835219270571571200
5949309086262978560
17769300276002912256
2913717131134317568
5826067307064051712
15778780574608799744
13013676352160370688
7618622934268686336
12276833943036829696
9553515108944662528
10097443540080191488
1635827722671679232
7580378480627664896
12756265932374900736
9082266488744111104
14933041521964079104
11205758561306288128
12902589188298674176
10404642839507621888
8285064229355781120
11015815803491909632
10875117868796108800
16352304957030338560
12219245520207480832
309623451451006656
5829638531707933696
16778855532253376512
10314883957946535936
16678806012620193792
5705794235832426496
16810764732889593856
5824331693848564736
7249616157657259008
5682621343290311680
3891066952450091008
1508909297144422400
13001732406060836864
2177792808613950976
882560259665548544
5480429433456235520
14585633732889749504
12162315171477651456
18143307458833537024
2893803901649604096
8618387432683578368
18412214249075965952
5862858908125184000
10262784000383254528
17195607259900323840
997836702085048960
3753774467668526592
15310168837369925632
13092526712901265408
2575957196115476480
68273961075583776
11101002503854327808
6145167481483923456
12464484985528186880
11650634018766155776
16785240077655537664
14274640503838119936
8798832102387393536
2821538474613914624
11583986699919484928
3119543662547195392
17038367148923983872
9203531756833827840
3134451550019433472
5373004986962879488
4206004588298446848
12602451585677197312
1444014279267018240
14568071889845135360
10576750103616868352
8082384767047361536
5869205713954740224
2438731388744693760
1879037305804520448
3086979492346333696
6011304455210499072
14664419954561120256
10225758101331163136
958154539661831680
5843679599697410048
3640435180484371456
320473386705496192
10407884461058398208
3335219268575191552
11941935231006619648
16493031287070646272
6030835571996706816
10572782658927851520
15060479249772496896
1625654298465470720
15378548405500381184
3857047497972153344
8089400978655381504
17504123462020366336
3507240375850993152
15747699986993199104
2250994976493851136
11608778177159534592
15795879983936618496
14939276201431369728
17782849437623496704
6860450685873654784
1692221584835197440
670996644881872256
8022444316974008320
6040906784781475840
16927846376637087744
9172753674742906880
15761922902608048128
3907774786461358080
2461495991792433152
2103524895246492160
11523057352258154496
7620592720646675456
8289769776152945664
1150556178846082048
7271867182618514432
10305061446075521024
10156858360023889920
9788535735812968448
6806369038595277824
3659326744551661568
4178599789928269312
4696342164968483840
17298876230714640384
16034106363186579456
3350575562968300544
4707643156363522048
17433784255152541696
12637986906372165632
6153858817644066816
4707482169552404480
18424650982470152192
1080800086161034240
2782765828393559552
9129904145193591808
9582250286072545280
12391920723950460928
3386661532478223872
13230177234579888128
13481204315096481792
4266437641503435776
10206304176174639104
13435579163052384256
3458881875710832640
16690545979462045696
11473529181019422720
10214926942051661824
778203601859204224
5507660293002733568
14699784713566048256
7762843180031623168
8586693895740985344
3504696654000358400
4744863490874858496
9528492686435964928
4497231442651889152
7107605512903824384
14130099728589776896
1078634467828123520
8602972264927250432
17293642266027542528
17386634178580930560
15916749201064361984
2582661909661502976
14295285085042341888
11894674809495529472
3513947615515243008
17278207888126617600
11033435517348212736
804404236365872768
17970150429845798912
9428215906417412096
9171305160852556800
17262362036544499712
4004561173281554944
2215038625136685312
804050901064904064
6018619831306658816
12961354847383156736
15138227220344762368
7372638593847588864
12192986074914537472
2676454539114022400
11504655434950475776
10540128107287240704
7061235956944786432
7737179149197917184
2374083350285118464
113622456914084912
5890985012281050112
9986311957674862592
5136745130069224448
14127646825663100928
10932284425578520576
15540501604854470656
6884199458506318848
12293432359470200832
10080466916624279552
5096527628841182208
2493622613978609152
3489264797945025024
16617720002982424576
6991459647503996928
12048170353492201472
6111624051368123392
7517394348872754176
1434073314701758976
6907815839892007936
5614229136549626880
8027856286180592640
7092486174237418496
9189345064029117440
3191391808204532736
493430507302905728
16676599115508969472
14246821325428066304
17879421715381141504
8447891201400349696
6078881172378049536
11905088179776610304
1082364916285110016
5445156038498179072
15002824277652803584
17735525412413634560
13792810618517022720
9911222252313049088
9273108652312725504
7686789954159230976
8917491301240348672
8514146423022562304
7243945776341009408
2547194224348969472
17709145262178283520
1214401523557539584
6821934905501631488
11297420213623078912
16816875759380594688
11044718440678340608
10951406887485677568
10139046020910929920
2548755691269860352
13723051312590385152
15990412523505180672
9135894234730839040
9236687732842399744
2434473082131724288
14109355952851658752
12741578398401890304
8157778950313242624
7873212388370596864
15678908847139047424
3740269343219863552
7168063586476796928
15906186805190909952
8818419911215485952
18033685494058295296
15158930924137017344
7678037111378452480
4730510543858971648
703306719588467200
18262790854768447488
14351558427565477888
24506813317057888
10605032713891997696
13062101017894762496
4021588373069953024
8689199006785520640
5913018527272737792
795716268000734080
4200220482690671616
11496736273778165760
10643008500604669952
14485860268215646208
12241765963212943360
16895734893955964928
9743966968961384448
4967404649912363008
12405367067543711744
4203997506547942400
16696783057151348736
2905499796405446656
5883819596470212608
13783623476389650432
16659156599405285376
13358862619467614208
15798100450021322752
698414362463202688
6130026561259867136
4806906475752805376
16460740541057380352
13673953879470815232
3657253385181971456
4219289660342155776
8980783263225906176
4241925167089553408
7719221041776990208
11453073233868826624
7213986480341867520
2600637080097742336
10849803555399723008
13207588723469629440
6774760289788016640
13616010463778342912
8999998983037021184
9317370849171879936
3245110564385963008
17990846734055325696
10137032370641967104
13352358626749929472
4621686239033606144
4237435807997113856
1769118994129380864
8435782228608681984
1464813654705382656
4428327947328108032
270541626787517280
7496284377315713024
3261839497891307520
9837417390515292160
12997627434377107456
9493015991782356992
3408969245297885184
8048746189286287360
7900677148419953664
14362974779657031680
9762723808515565568
13391348502723393536
8861230183006444544
11096003038314840064
2939491018224534016
5869984308130121728
16179974721910929408
11478293651845586944
6643183414616115200
11544557560392237056
17715068162211565568
18269274973339310080
13707646916762994688
16371432574300067840
12187920448735592448
15310567308551735296
11352205318557052928
15088003299023945728
4134752054888835584
11269254006695243776
5898031935302031360
11001040774807685120
16124171515513446400
17896365859185436672
14281339188848584704
8279366280949454848
1720326892678642688
6172841782993163264
7700942365969661952
14277306104072544256
11914991186063327232
12965909639889467392
13063578563042301952
9480033583383699456
2711043336184132096
9183735430945504256
9717814612835246080
18151491139841304576
8666489066195143680
9956551366760040448
6332851295679892480
17710287618814588928
9010370160121730048
17900051092889993216
8463025437973082112
14644794235592523776
10552038181702959104
1245718342949626624
14608238116852346880
2068275148393563136
8189530001577923584
5858353395852204032
13788191339471515648
4480682272561399296
9889174969845604352
132190618767803232
2455563559470788096
5892630721959914496
10772646301616224256
15179185187432927232
721227950849968896
17504198291783579648
18364705128660815872
18163265150084345856
16072194759037841408
16015144499104161792
2757974329903824896
9641335590681290752
8329643849926264832
7789695100458508288
14277739158780227584
3632581870498766848
14069131393289678848
2608623851786122752
9146672941391825920
4626064473534833664
14386253355113332736
10534719242584606720
18288510875666296832
6877813231725956096
3599668002447049216
18116057506117568512
13911935217280499712
14413140817969002496
8460969932767238144
2914854407950993920
1570471340795278336
10755930827239137280
18014931518207203328
2580622458981496832
5718177407652403200
9924257376488290304
2092970181899688704
11038141087895054336
7606912537698767872
2809614259663529984
13212700034534295552
11766136343182249984
9397963931794757632
12310572417037244416
12342178648950452224
6088574159342432256
16551792080913606656
16532202626098163712
3116776898378174976
7757819305866790912
3470221252162525184
10367989084841842688
14947256627749632000
7745209951640418304
13621997942449264640
12808653734818273280
10598752350517405696
3962794236745090560
17978846120433041408
5277232276239823872
911332685644727808
682000636099225856
8462936965402486784
1393344742692950272
16229631655907854336
8375536194457439232
16866776976599212032
10174686140535007232
9942292612049455104
17935313001552365568
8513881798534220800
6023871494543971328
15571543846446641152
15500200861816936448
14242677996447277056
4478142953927429120
8650852944377981952
3643250498014268928
16199774504116527104
15430331203724853248
13337711987016353792
412107185465778496
6144697990012717056
17419030403150546944
6013917874085180416
9462727884864923648
7938625932748981248
8453880997564133376
3749157722806791168
3953138045779635712
7516068172237334528
14033284530482790400
7428950501237474304
5485932791142211584
10503777223170283520
16765185550712373248
3640505964008919040
9124578184121411584
9744259642015066112
14724289047374419968
15253994838343938048
4789374270196218880
12340819439150024704
3044082295643725312
10893429462778947584
13642705644169164800
16771709681614731264
9904038116331763712
15332481361500987392
15301313201168254976
17017390781761503232
15153837100692959232
13760368286235840512
13854424734373732352
15346066609984925696
5961229496682033152
9971540977948151808
17205164292382889984
827741775418357888
1897089535215393024
909071507251236352
8781859710731514880
16112434935917600768
14185637244739018752
11701043769403183104
5083081286582383616
12537693730463127552
1571066351430734336
5811266278063488000
13138455947929303040
16545094043262554112
2128354450213034496
15168382173213452288
1461420156684370176
11963099042309292032
11372843690014472192
3487362847147699712
16025554216209553408
7102349549959087104
2823519581934304256
14072763952259860480
3949576100118676480
5234667817069060096
3260832133780762112
12191121893926971392
11102034953976819712
9241151389321342976
17883616112465584128
17914715200889595904
10091774301506781184
9499798880318828544
16210110206416457728
10315923641083920384
17968452196251754496
17576683872132880384
1373904511438020864
14462201092933537792
1528656201444038656
17034769127398178816
1283251731983298304
13404791809355198464
10021509658079946752
7451885032477911040
9143911792206542848
10209957164567846912
8306955548407569408
4072223364305127424
16886860112057470976
15922795374573043712
14279346198238984192
15175783269354694656
16895348099909885952
11028586279068381184
10486071833460854784
4041737971335565312
5423206704477837312
11892328745369923584
5681292656218496000
3971365986575034880
14119524686580791296
15232358445506107392
4247545578878353920
7185397613980859392
1695672189369766656
5970349685344932864
13749066185523775488
5511514824074889216
9400399691319810048
10654561784692037632
7966809028373378048
12494572322198804480
7025140587430405120
5717910205918752768
3629305853905965568
16503593186347323392
14054009735014342656
16937821145966559232
9929494573984940032
4035784661126318080
13853938611128944640
3307078897893844992
6529817054872623104
3192010844353884160
10845243344617304064
5833884520812411904
12201058727172306944
8590891387597024256
4526175316478989312
16644458953142431744
11398513933959858176
8340662866266426368
13682320554303989760
13449906680421265408
11120861205259372544
1119638341830435456
14507784437539338240
7786014506417798144
17545616240911327232
2779435888120482816
806959445402073088
9021262456512889856
12372738894668693504
13480620255680446464
5477404701605542912
4111869045282504192
13853386718763677696
15919334677444022272
3471765776166161920
6332676426210223104
2042504625982423296
12409657029970448384
9930774592905893888
12487495542182907904
12730534818598045696
14308630757791213568
1811423227570615808
6466200538767423488
17794666811502790656
2773876579080815616
7815744957917087744
5113005708866524160
12243453465804845056
10064797229034684416
8921446783240471552
16275680854392770560
12371112366889144320
11841317033455220736
3743883473984946688
16649316108301262848
12687915462577399808
8974394160331126784
14627587022737764352
9212236135374898176
5990031719323696128
15726883366286235648
10788713931419953152
7181844259750475776
16562936501179107328
11167854991269720064
1548781176107324160
3777148367878117888
10008315844977606656
1179128195626365696
137125989103303760
16817194272396244992
8476080300004328448
12349705948282499072
14494983695513503744
9768685553442050048
10126338428403812352
1081554550829784960
10286472253611810816
1619756598764080896
5538377567605472256
9923886780941690880
5657757876147475456
15468512076503644160
1321098983008003584
8913025181479729152
3279869461498932736
2435665296451297792
3321462253295997440
13304892882467207168
5641870100775608320
13001604213289361408
7142073040321542144
13970868184883773440
11302718752733790208
8726384844866746368
9590328882565267456
5024462402281681920
10041252912555663360
5433108492844835840
13779430616027103232
5381678484270884864
1705923333697545728
2173667374341188864
8085593446404742144
912809122932300672
14162203321880881152
2237766368902648064
15121105098660308992
12647727022781091840
12715597129503412224
11927863646663749632
10385206766096750592
11619128636202057728
16346997250578483200
11982604799227860992
4764743790770435072
6423953241928083456
2009199835234334976
2942211238152452608
12873552693586397184
9330478097612607488
1910793289718097152
3119410388849041408
8995642746764053504
1135166511869934976
11878497969513017344
8884652832090054656
18425846849208872960
9563110141997889536
9597043924811053056
1497973555736158720
5828888839213301760
9477402220102625280
2464427357899727872
12872221806814523392
14207854613669611520
3996569257357948416
15776578609868556288
2409336317947416576
15900166897245005824
6391265582535300096
1305243953639078400
3849379816243619840
15435906114670065664
16890447073445261312
11394995393534396416
11442872341980485632
17812679656814893056
5109230644817264640
17526649888198647808
10179271751133761536
4498207724090918912
4064693985758557696
9423254665477138432
13041301376822906880
4713523063918937088
17666467780774866944
14052121938773583872
15058061067637268480
17518220773180237824
8517000267535329280
14500772087395788800
10397456139684153344
13756859425639716864
4017471169148754432
4678224595989900288
388864940214350528
1930280281351057664
1911161414269295360
9421722557622003712
9107442198828416000
7491671128670839808
5180538967288421376
12050545801857179648
6613321082722237440
4220661563128465920
1114175481450803328
13154413907153870848
14559963917447172096
11666453861288669184
7885645118653940736
1078058705962176128
17688741005867806720
3964654835302730240
15020522406028550144
8610966890000428032
4114939604681416192
6199583507953978368
11814251825116979200
11368798959459829760
5179153317369916416
6970991821506322432
10538655279122655232
11660615510214227968
10666484238838349824
8815063009978170368
8591746419187790848
1163074069617372160
12238314805343023104
5271834248268140544
3109239802165943296
17769478019485700096
1848298735664612864
7263913459130927104
13333121341868517376
9224679097019150336
7633431950108968960
17696009170572486656
15953907218559019008
4699744850747329536
12488630493504714752
9930499850599049216
2462095143764552704
183136830127526848
11833038805064110080
11950963020801341440
5600917521091903488
6318870973019698176
328096916046112384
12072849394989735936
13537948963761803264
1853003759689052416
18176489959382784000
3609647443783697920
13022977319866578944
16876469017163440128
4516577246015575040
6269679282994023424
11854950829071409152
7827153415331560448
3633069973290768896
4280367668007666688
10643348242485889024
1386971337031649280
5072677777520497664
6466670742056385536
10523702867024971776
1317820939228486400
10382326820359700480
7682012355688465408
8698880311418859520
5668790273122210816
14373187758051287040
7623412812224317440
16098822488773447680
16292341994282860544
15530209396810328064
15896973410904942592
3867905363417266688
15270115144328327168
6561523295226286080
17954161125745078272
9285646043906848768
9078820287861656576
10712879288944615424
6841220293747038208
13207181182627807232
16588186469471590400
8620168875285314560
11172699653853583360
1874461822004009472
589472627790688512
