8692195399878979584
7954849863720402944
13999813193053378560
16336129300335742976
16881130196399550464
5837755433502888960
1612735146003916544
189993427371712064
7103976091894636544
7598701522629681152
4840998042441621504
10336276826896875520
14132369289741051904
1963745961944813824
13569015331884253184
8283946936113014784
9528680532282296320
10556926024891762688
12676166105691344896
4548804135877952000
10377843301000120320
16468080674391570432
16047832676754935808
8090953193463709696
10278912241551960064
13214727414611030016
14653202410597470208
3168971785232385024
8731782966428537856
18056564732525131776
18348129548205524992
10201257502639222784
4693400705951330304
14530347940293332992
599175534736912768
7207627456023800832
8614978424676265984
15139854025402757120
10130220406395740160
8337503101576951808
5546380311456606208
9640199444072140800
12936766647733450752
7835188062433619968
5681396088979788800
6928955200817285120
13088819132556189696
17939141912304736256
11068771212670126080
11904307778888630272
13793905388116594688
14741806629417818112
9649259801621829632
8055443474331330560
17044875505777715200
8083091033059106816
8428577191358948352
14104090536087541760
11759508776728055808
16348753882478329856
15136310381630867456
262113308361366208
4071939478347343360
2718126587404733440
5232004328215606272
17795305443111512064
10376314952128448512
17199792181627412480
17717751365798727680
4719172180673096704
2451351545060926976
5099295411545417728
8091715867822369792
10257821191294365696
11958007792650571776
15115337697692260352
10714717219326638080
2317068509663801856
11020112324985260032
14448404803097913344
16775070045509033984
8019410404868956160
3827971278173433344
9403463279885539328
1696152464530145024
10397463744150980608
12231941774084382720
14701876210375927808
7585432783316911104
10158506075488069632
13637952695050203136
17364293480910997504
4701212052361791488
5881449576342316032
16808562295956948992
4770266155367131136
6193392530146401280
7616807827724007424
11866752602971781120
7724570892168738816
3672797681534982144
2117543767979977216
17418992632530292736
5137611183795358720
13940157997006555136
3586240507918820352
7329610840890628096
11499410820243765248
17403655503209965568
13771069591451985920
3315744185353186304
5054419529171560448
2001973219457582848
1682477320678926080
4355255692373921792
54244620066655744
2306373786362672128
11230238745762918400
12347392819419338752
10289528464171548672
13357538060214855680
2216501518539943936
5888688085100021760
9528566508399808512
9052947312207751168
10346908716076339200
13922361031127515136
17316647297961957376
1547276829150652672
17159770623093286912
1240867975445481728
75426930390160128
10010041356681562112
13082040465902848000
5142843283878124544
1572452756879939328
4522255284487932928
2268532404726111744
13415080346032207872
16625332180495986688
13504279364872536064
7490842206127414272
6060297304186650624
10751241015255820288
4450006299637893632
7649428540868803584
9242665655586613248
1692701161140679936
13116144534011189248
49323525056477456
9137882474740209664
8557807295783802880
9825902743273433088
14262419600845922304
11413480038073436160
2769177370036634112
17461243824169357312
15827220458771945472
13813831400796338176
16370754178693009408
2180681627245139712
11642439558067572736
1635422875207361536
2271011604609950208
1317922819832396288
148241039230870688
4217904455851589120
12142495408037976064
16205412727784693760
14986191505344935936
17392796546367281152
14299646201002264576
2378324879299136512
11732769346001258496
5818629165481831424
35895980954034364
3835293999374362624
4225177776400312832
15049313245920624640
5382785563021987840
7926438388467412992
16671187384314773504
11094723928771852288
240639218341954080
6945843917662301184
10882130119477876736
6128017069887715328
5831528766848028672
17053967976634650624
925573795794445312
16745730212888748032
5659944146585725952
13563832028544950272
8855531966077371392
15928268759198332928
17282195279742285824
14704807863685974016
16921564837691308032
11106712148690122752
4945166127431099392
2539168555945335808
1617695784407659008
12372020492971347968
8059570772473659392
14046419698123227136
15165540222061531136
13930415610712391680
9276556440773566464
17472200618140725248
2405400645699241984
13770708517484984320
11481249062862465024
12047258151029467136
12473004553616062464
7278091640353029120
1657010969435061248
1958143125024045312
8161806009338934272
5376801087545849856
8573006885736962048
2422469727573782016
2240836926850134528
8155241219467100160
16131548290196396032
3370229071220573184
2074491509113663488
8207365654028650496
14203246065706139648
14671212994639421440
9719883695833927680
13339624867679301632
1734616396934293760
853315808265920512
2308156976925161472
15997087152342528000
11394228709443811328
3406840277572391424
15648914115513483264
431396069914522560
13790742372854632448
11466510753782708224
4742807522160946176
17107944640935780352
2619830985179126272
13409116886030893056
3379112733860574208
9211151921768750080
350311143635827584
14223215712973834240
1596378628167860480
14533417118263078912
6097669476852085760
14818940519034103808
8864516502890438656
1410691132221349632
1631545797113335040
3521249293506023936
6001552129633964032
6745585302988486656
9575525723592892416
347435783320800896
15251545449741551616
6459439977802432512
7461910114670720000
15259809480984342528
11260613005286944768
4047364054657334272
5008139763645160448
10962084619183669248
5184386412608185344
9893893359624597504
89371139428641504
7754347324894294016
3103701895881284608
6065713490040806400
1745649504212177664
16575868531788677120
10394085950555289600
14248173167062644736
17104399965043875840
13201299264237223936
17925443152105199616
10388604281298415616
3250830417121935872
4225993692036559872
6250379476619762688
14306628765625206784
13993060339982120960
4693539551085638656
8787701437606842368
9388029949288261632
16784580830938789888
13434426483073490944
13027139318486167552
6783887109317469184
2833865742339762688
3509735578099087360
4371557523933147648
8548515491869393920
17159988260961691648
6234612612027595776
5776418136049914880
895742688806232960
2869624551206031360
1463204711173395456
4791364246783571968
17559815536886603776
766918471647430912
12534687599699175424
17981194491106007040
1259690039297482496
7877033904193644544
16941046786199762944
15961015745618915328
17610775154899847168
6939123384970648576
18007148456016803840
4745424442678473728
15519133141546721280
2199274972941426688
9039057265888795648
14018227063170791424
5661637795197851648
17390075671027093504
4960300664503754752
9602683708707072000
12836530782060097536
619864547075593344
2979718513657066496
14386992592293758976
6389244392417896448
2400538109576837632
12363860719201460224
8664622407848582144
11071047046958708736
5975881034596619264
14437446247787649024
2081819816010095104
14815749630438955008
14135042295239970816
10492898211417962496
12746726506804998144
10497893274216323072
1645202479905204224
13617808133686700032
9835141734078861312
11474193166991026176
13636637704952360960
13444628196669489152
8147375471529773056
6267888269018560512
2965779347695766528
4581935623128717824
930579752080944640
4247753110828543488
6410645636663696384
2277543048387514112
11700812242151075840
16442336027548739584
8694054721028202496
5809975750996433920
2431104111531145216
8518705533548262400
12701223183990151168
8532106036276430848
12992216501278873600
15408174498936627200
4940283800791112704
2215403009960871168
10111495777368842240
4974428807037886464
6543441226418844672
17127267480056735744
3943668270035495936
1593843953411334912
13611287926158594048
12769799817070598144
3755824803131128832
5218450100947427328
3928725002936153088
14711753029000568832
6515062615115105280
16608168654529269760
4726274887806796800
4802389715364718592
15993652235362463744
10720041152805154816
4621064444507559936
3081397563622307840
5840979166213237760
17625141765861400576
17929266393297401856
15823878912258893824
13213004249466030080
6397421878480837632
7589423483641982976
16937704444273997824
1116210607778482944
15706058762197688320
17099397468067201024
11813429116740345856
10532140723437973504
17202652524421586944
16024273531960096768
18379819513526353920
11564771658121295872
8956295348588955648
3755769399794918912
11022835928442939392
9953051325976723456
661079784675251584
15558272464440973312
12875368854004277248
15288282536858873856
10829613155845371904
1244281018677619712
2107994309132919552
1042397378713455104
3355778891076148224
14968819159818881024
733328966843913344
7495292793215520768
14384802686083766272
9815560755301783552
3170297372287976960
7017484444962093056
14440724048694708224
6459786670652219392
7393967105629962240
11219404458957848576
2169751917594479616
11756171659848595456
6570176272064010240
16081170673301094400
9489155218174040064
2819142815267246592
17050696299469563904
1147911028898884864
12643411117595523072
10219410563558178816
7283618657658458112
1818095206198323968
17720372862443827200
17332333981410072576
11912993684463747072
3743636739505162240
8854424718127492096
16295304968158670848
3654567876633018368
9140861645323202560
10379595850797721600
4590368746774787584
11964643542804740096
708351282785259136
15092842147551744000
13540963870695809024
9595358059963353088
7631017539724776448
13687427421941035008
14843956377882585088
1978943590999705600
6109525026876682240
12792212509494853632
3920366872800326144
9222822323619684352
12855036576717211648
5462677145485086720
15806365873339641856
5438113262800395264
15824836847713724416
13562495617092376576
18005219984149250048
13592400829269559296
13789584656306016256
817603869307561856
11138162317712330752
10920578440508585984
11030083567053455360
7564460116700830720
2483722788328718848
6717644418776540160
52679772388505064
4451032988447633408
1965293794358298880
2342088275172346368
3818188484347677696
7655706107568153600
9222319131783784448
7800373371113459712
2784192371867539456
270149667872457120
880151255786711168
4426584790102153216
10676280151437168640
5008832620735936512
13356517404999628800
9283983089411952640
17040636919801718784
16373204621839917056
6210813461601449984
4017800138421451264
14538269815943401472
7522314216586457088
8804045620124864512
11090732307540537344
11615029379755194368
17054059901484810240
16092352092116574208
17073222570516649984
10270617698532892672
4415716725915898880
14395566194517108736
16420938697991012352
14823505402212751360
1438544850999270400
3706608535279498752
9056456449564244992
12121922566842396672
17103098123235430400
6651898534457944064
2555166716032545280
17538680369870084096
6095493696615489536
1841753884332686592
4788795882144660480
8700398896900037632
12372917894150914048
5813984828912241664
18166022446371549184
8672196862768599040
8895414765199477760
16722344949572851712
5967640154395304960
13453569816988071936
618765204345416192
16920479885967083520
12736636359341277184
176563630712960704
16440667117510928384
4237835881056897536
2108380489400317184
11569059999424710656
5736482589184484352
17891026092047828992
11082217011463663616
12571645157174024192
8318511597983987712
5911027765487586304
16386140569437722624
5808115509750502400
11316107909294047232
266050410338773600
13006647033325225984
4664195572195180544
2287343035084206336
8778941723008901120
8232674132225500160
8605329975969346560
7341208391507238912
2356957773649604608
3647342128563133440
1299021864369599232
11792532055915501568
9712458207504906240
3796610550546867712
14336641640435091456
3170599066956225536
16101881695686111232
17464247310023688192
6473851593602958336
11796533253546844160
16354953356766464000
1436622777712699904
1813379703843927808
15991488716402655232
2489986662517528576
14137875134452320256
17747445127366406144
17870642963374733312
8200200678309603328
10009795606944991232
17196753995025823744
3861289946027428352
2601881575109080064
9631068523368783872
16833321911402811392
17430085850988361728
14113284940544739328
8373781770069442560
129759290210555856
9521055292258183168
7210993135044379648
16930702846467473408
17732357443694659584
17495301822836135936
2300400983388568064
10919096501159139328
777644046707063552
923580688824873088
7371608722105507840
4481435263192298496
17567365985981394944
10820783700529879040
11314218058003566592
7103468447894348800
13285278688820766720
9878631857998569472
6970807605194783744
7694527658790325248
6186101776151906304
10770604641691588608
1738794477260887296
17829065610453872640
11581793417559005184
6818656746875802624
13996422676837548032
16179218877771876352
8765375633910840320
2074179400253033472
12629294788278773760
9726482679730552832
18139065440525195264
138746168729166480
13995363178911506432
8232780121840855040
14762037192550373376
5114157063967608832
4612431127053836288
4532503139518000128
12297315921610921984
6000074263203835904
13946321593283710976
9803477363443468288
496398745678820800
6772319536943602688
16605992998193993728
1120706094239313152
11881626268516419584
8768553101852756992
4185268946931038208
1306308980534076160
1003799699221917440
5656751410326652928
17519767943259711488
9795925315000133632
3320305238916130816
12661006636210528256
7254007130939571200
3628639134354444800
238992287463980416
14928598608173561856
14039815535766958080
9156236699469755392
17162680642273400832
8322579650454501376
8938511764345942016
8932410457705681920
8834344263411373056
11766350780571148288
1593204557598855424
11834665448398692352
14492903170233339904
1462134777514433792
17289887022617018368
11367334639855863808
10376834904651888640
8885188253932169216
16063064265689655296
13747405576892260352
15368777083756816384
16822673884799025152
5577670090266749952
16782083431973431296
17858086680713641984
16816058293198362624
12307532406194436096
17670379945085702144
9522031323698862080
1849727543861535232
279152860244769568
4507411623667298816
987046365453739136
11340162584971157504
13352688235853475840
6719849315633266688
4888803181042168832
1786262866961153024
4809557081870997504
4255650035183903232
48252705273835712
9154406404607110144
3393377296792761856
6191893614178769920
6918615715376090112
4266176134990870016
1709991793043722496
9944000081445734400
11427244690816913408
4645850764748943360
13328851757945141248
15103453237860143104
603251210351490944
1396539028094982144
10514424985475719168
14222114942569560064
5597285143346297856
6009617008486638592
10778527606122565632
4626373328140131328
11055598241199319040
10280482251498199040
11162612207290198016
13171752819168450560
9283051969167984640
5702001520379492352
8247325494757834752
16299767268224944128
7135470870007995392
7214392870493849600
15932650213289422848
1696478996555739136
16935267921838675968
1907642395340144384
4476488173940921856
11905402155000866816
11329660117529436160
6724310376677285888
13077662611355056128
5240006388851515392
15552258989499914240
1396912554346559744
14783113829287090176
4834040941018493952
835955222737577856
4656197865962624000
17127625389140029440
3110998388183297024
17210060923816466432
3611088037837553152
17128670574952531968
2789274448263365632
1837760356833078272
8738385899248224256
1883421250529198080
13145359385242347520
2051690764017938176
13851951461118091264
6197930271500278784
5738881714372635648
4375003439166044160
16873365189226074112
8953863515878877184
16732156671933198336
10682029343764033536
4602129938801144832
5230589571452523520
10542422521999013888
16371780550995337216
13884473518122115072
18343939093197930496
4858312545788758016
7865684412268146688
2032174530996631552
1713974258792081152
13371326498259931136
11634149568371763200
1968380008315165952
7131936443417298944
1458330292216336384
9008856322815826944
2360525078462809600
3510016766997966848
16150387695497103360
195743849189625344
10507031030539229184
5236258112430651392
12725365407925657600
14211877087311896576
15612640840037398528
1536568653118610176
8931339843445285888
9123772131425751040
4013277111522363904
648394418664375552
16188654222502807552
2458154931284685312
17505716579935567872
14386920661847973888
10236846942449711104
2543543210598836224
2514478552326626816
10679229999108882432
33198182683354904
17630057999972263936
7093564593317331968
4933179833189797888
17557653136086859776
11312878848404979712
8017441273359076352
10564678722829217792
13459111524190404608
13204832441479899136
7915217799274052608
13228504756077144064
7253684820147564544
8363457893306103808
5019521454530017280
2895781648260674560
3730554657847189504
12103296181402525696
10503362508328747008
5255875212460337152
7335624841096695808
17404488615549571072
11471236608553539584
8951410031885217792
18314050237329881088
15000229386079289344
14360894461350995968
14276212056802484224
2135197346723206400
14487224092502495232
5821109632135311360
16313130250598934528
9206585418571001856
8437088930658171904
15165953039247351808
12908698918560112640
15661165128667342848
11761350907811981312
16753713455582427136
15590911422981158912
900255612533047552
7333055461893715968
7787783831734283264
10018748320542099456
15824866662033999872
8957839809717731328
8459365123293954048
5437741818364642304
1672044938883778048
4744378243009649664
12588476096521965568
10250349043318329344
14601779016062353408
7736624912615953408
14540244356170436608
4559167809551820800
2045396591719299840
1690794570455720448
10536351769918009344
5132251057238248448
3038704564368363008
3898795256987443200
17394599714034665472
18393320229610633216
18276685408480428032
11873672379946471424
11848237179155427328
4082568053255459328
15902056712626489344
10275967671069716480
3583853242061155328
18276814487138619392
5094855126026817536
2796995926335098368
13856844309635047424
11097368659166418944
10340488303557922816
16156299822078601216
7275573095803528192
6280266092533270528
2025562518992931584
4607717183062582784
675626382177972096
10622600590349582336
16939565139660967936
7377636785428214784
13533135890552094720
13796409502362656768
14833970426550104064
4696442987788451840
9932849626416093184
4670182875759577088
8094820362631378944
14936239260025714688
16688133395985690624
595398233808557568
11509869050846126080
14607665179286685696
12390897238526511104
9051469312193428480
14180168061762451456
6992852158265872384
14709777996323684352
15107727171372066816
9789802643480739840
6409693190226702336
314018658118473920
12652628075268941824
3291053936253945344
5487677364319888384
6001474020108165120
16091644446972463104
4481265304390855680
3386400274880204288
13215957662047264768
18102772804321308672
2199200524416790528
8715688136747138048
5471839983526366208
3327192688250430976
8575808280857082880
3936673868707099136
12878117767400968192
15983938418998294528
3608017709614256128
15163219558964615168
6159215728292614144
5858017524794943488
3600199880290948096
5237244093710870528
5129968254670633984
17912822768743180288
7463745670641187840
18206933164460623872
1234335474106470144
13116938461719724032
9285123329316798464
12626919539892846592
13866795096487690240
10225761707853225984
7731692687215938560
6554727406991728640
7595982601878996992
2910377513275954176
7110684637690898432
4570548227110914048
3924549078970121728
3719716188280984576
5928069814350731264
10529666763000137728
7576777738877562880
15326742883883157504
14424525853291380736
11250986736438636544
10962097475256553472
14093240749478520832
8734697576299176960
3912932670999047168
4204462878802570752
12790522259760025600
2425523764991945216
7323259049739130880
5812369372105427968
6333742947273191424
6912831336429811712
13691398897319317504
9568073573777817600
14348444572032698368
13658234305977509888
15853073181138020352
11508712482101997568
16242400730438559744
3035532837647870464
1029361800575658880
7978105927256434688
7716054669986832384
11035455938337980416
10367143289942267904
7847781377281351680
4048111784159495168
5573716154278254592
11262864855582521344
14170183661887922176
6501565870229299200
15592725830353967104
956256811734507520
5504231846658600960
988091099998533888
1138917735421560704
1209901956215184640
18075564991892461568
5143683251570993152
16694832152134572032
8042735748907610112
558885620656431616
14037061784567953408
5947149034899451904
17717853555655108608
16696057868302680064
1408751708661739776
14213795690078306304
11286253109328418816
5954163382305092608
8909487553892520960
8966703910219058176
10520124724494166016
10286594040368650240
3539709010940792320
