13724799201498355712
162761653470155264
13798403286023553024
6741291829851227136
12940077673967575040
16215406525734612992
1243295782630718464
4331170656741579264
17876157032485169152
1594179739108995072
3381694142075521024
17116308314562940928
3800397729329273856
10970630337357830144
11574930021688051712
18445366422450882560
237253182317947328
15799179837842141184
3528347958592967680
11910778447495737344
8434584873130695680
502809367350959232
13130537875665868800
401443222497982592
13156761011298025472
10352832113836376064
3521980905495593984
2614309123962449408
9658827303940395008
14810572530133131264
2091005120025828096
593634814438845184
14313793073782650880
5234663809522375680
13145677063522004992
13930310415378186240
14502191187338942464
12971761657536542720
17563596666519248896
8057857787495005184
7708733533277851648
11102796815733696512
8150492181443537920
10810085655017185280
2098805962717397248
3183905697550146048
17299969535970138112
7713061366532157440
17019474368604536832
13685152855295301632
13447202441716756480
16118484457098657792
3441095602600840192
4105551157330824192
14062942003037581312
9946356928178094080
1629011109827212288
140709296040055376
11736777634611664896
4777729475721020416
16333806079921647616
14547762867190040576
15976082847500457984
10059637987387166720
4617515430758037504
1379847572481005824
9329407476772999168
2547119770171345408
12649479191736612864
17979057651063955456
3157254596264845312
6886925679816135680
9505236291561474048
9504137066353963008
2432887318430269440
13019854506832805888
711736333152961280
12508912990585096192
7679918905798353920
15253627655416297472
15282158386671550464
16845225253606830080
8567422329067601920
13703877269702465536
11613588559573196800
15298703693793316864
17593546330359105536
14957788199537653760
8843127625400422400
7126781896840541184
2028328650524889600
14679178561530331136
8652437640678591488
4541829566029713408
8875073893886294016
17602101045174722560
16944897198796824576
11376249853542017024
12095747480323299328
3753072452131273728
15594100473495697408
5778710148659577856
13098374890137202688
2429773503284622336
6303067790861207552
16989797261669457920
9105410589496856576
2517034284865714176
10782616479818952704
10875117158831865856
12805921267385284608
5054525229615789056
13122339888173012992
16388021406896384000
10286853326508967936
6788605593277194240
12505330495582435328
2864569635154834944
13971519804069554176
18133817729486911488
12750660152099223552
7016664876492958720
2048685925171846656
8595008248339420160
13833077409560344576
13424164555252819968
2919857141315004928
1792031870581406208
18143100704048957440
14643819439453370368
14189383473529600000
7526069522840757248
7327191951966190592
16442512861633642496
534110533348656256
10566423602714122240
6022376429553545216
15923890217205596160
13931237952511389696
11086717125031024640
2710033814816239616
14352560641835073536
10316023556769093632
7375983303465122816
1255272503705970432
13504091382330042368
1675250884889635840
14187765219388653568
11426574283596066816
17640803132038019072
10657613852823453696
16982241652290351104
3707740858939784704
15478762488750977024
147713035014246880
10726085131924160512
1111847156384981248
4688277780420806656
14557260295280920576
12077774115881238528
14789721600598810624
10836754101213566976
1980250482954561024
3053907161099210240
502376342021039744
18051981225708484608
11749368127492362240
10769447204042160128
16703732642710982656
5494846759043421184
14935357545527209984
8724254916680099840
3051016901034627072
14787125274047549440
6839192506913880064
2764943772468802560
5335226959998419968
3985534773536889344
13400059496214487040
15005189368866572288
13883868253916514304
151578957189775840
1938147458898268672
9193195966586785792
13344757937086797824
15089510150022713344
13271785404751585280
1863630013598849280
15301934029413081088
12525380807088379904
11749370905793804288
15893620374765746176
6115709257871880192
9711767360971622400
15852438258686881792
650241656171350784
9150491712673681408
11338055684375429120
16048130633559558144
10779915288316817408
17926764419478194176
17433529907803541504
11150272971232905216
866150567676969600
9720776624233596928
7890709366479160320
3583288770623340544
13366085316754964480
3130507882230619648
2576730914674814976
10272268473656887296
14220319612256479232
222383600874594720
7992121117964367872
11694191910121015296
7119048764735594496
15768145562147741696
10178448592398452736
9406593341552125952
14937554784127698944
18179923546293323776
12399967937259304960
17604492764811880448
16718146025025828864
4289706367515152896
5567833659643079680
4119800921517885952
5807198137834265600
8622350810034848768
3525444320018951680
4383987817168749568
13558309277034584064
566530062673488832
13484555837974278144
16513544436961611776
2155319382364122880
17458636252913188864
5790089298887659520
7214288743924582400
13031664152449800192
5582632635311483904
6386340948234188800
16217390724203347968
4709486113469625344
15885878956176089088
14458110689242013696
1921492885060424192
1063541709880170240
1555260207508204544
15767065215513774080
8470243110556292096
17283667897447049216
17540975770450071552
10617941761854257152
5421436518659499008
15955487608290998272
12173613536899061760
3230863483449350144
636479736689699328
16734838982619797504
15598878905329727488
10029119194424922112
12676145118274840576
2305948755660051968
15682839610784258048
17179891153154572288
7583344975056818176
1112145296795521536
8862696223295800320
241684885525460160
2825094409872268288
2392208600420972032
17464717133585631232
15477974776635949056
5395595287029608448
17389153528803377152
10800314282068459520
17945618178456594432
15809901056171145216
15557924620566648832
9048511065819513856
15660489189819629568
1255459653079922688
9715826330922801152
6937444378052897792
16564844667085852672
17895861852051333120
9207257869945560064
7899703785191571456
10879816490244853760
4363605819044964864
10095422348087971840
9044743055586650112
5750419592131170304
15045791632167061504
8688187527291983872
4230979676141497344
883647479790850560
6511142412801718272
6924758852732027904
16908622008731115520
11477317913908318208
14375095675094882304
1123613244252829568
595946665028720640
17026984365129097216
13370220705459677184
7055074508863001600
15049555324426231808
8272591010500341760
14532823047619020800
2854515261143219712
4662725269130753024
4815561976695990272
5075158507394429952
14554293164549566464
12053095875473418240
2182386802752646400
17767219384876906496
9997194862983450624
12225056839758958592
1185419603960331520
5957555798879788032
3287013433531377152
2282322363739279104
1009649471994682624
4085437398179708416
17397383974054139904
2223294283861048576
13834925721064546304
14515894539703007232
16953107516107614208
5100507803140408320
3938062985655127040
7013778199556836352
15104442037878394880
11630674604531226624
5149005623809932288
9900284574392356864
2180307599622136064
11129039234287411200
7589066993211376640
2743997159073757696
1516997485880300288
18192999997003190272
15121547163038238720
15892501545213898752
16763723530011095040
530130095761134144
13853554341215805440
13269891104063526912
3653814063648642560
4048197173388128256
13663895770921869312
10178838969429151744
355622671654512768
16139079005248251904
6060006237171483648
16777167472446011392
11804998775079634944
7419461119175363584
14604689772470724608
14206808544894633984
10440993367309314048
9255110303993124864
7681285237124161536
183328748757093504
5547993666475036672
12537838232409266176
2675534554937424384
15419419565301075968
13105391259198275584
1918076772505251072
11218219505862619136
5789852272541700096
9630698308351576064
16415750490997121024
14304765985140041728
550171125019049728
11368208862458116096
966808504655892736
8147512045461702656
16188730868566018048
7350189091565229056
4565034984878236672
17166448564748265472
5083148674493794304
7199021424346720256
11567019569846157312
11218751580843223040
11918446147947665408
8000944123905529856
9484486251705210880
15658832219410628608
5906091706998543360
10884517278606340096
6719844650799832064
7329615296005919744
14587163426969739264
17748022398008936448
768209664449640704
12693957200396494848
12764917130952513536
508970654056790272
17874758410133831680
10294614654362150912
8977540772358801408
17646838795747203072
8732018194109252608
4664042286636186624
12146274890677053440
1209069205400822272
2781451406483108864
16622060971695181824
10048122962341556224
6317551086714510336
3367132937293756416
15249890300979265536
44693738717763688
7535175846923928576
6113236453641644032
17746838839956697088
4066185664555746816
3635195346423545856
3893478301032286208
13178696158355804160
4135178169566321664
11894464701149409280
15030841057526865920
13588201529673332736
2506530974418279424
16482023190722801664
3605613070659902464
644008652729331584
7793408767699951616
724649754612535424
1246018793710836736
18441800060049319936
3590297578231422976
9127472440906086400
4461795963123809792
12200199679236284416
4069999843687121408
13377814463899561984
878764520715496448
82633597319738832
692188710742012672
11630423226577057792
9222462833632887808
5626861646670641152
1380449728789140736
7894132080548116480
15652957659623075840
793895447871619712
11991505069121327104
9639503352039704576
1657922352380288768
9628743900299364352
10922247115522406400
12660750957948356608
3718533757045713408
12823709344527038464
6098656518798130176
3196737810011259392
5160821295427385344
14476079533059731456
12792339096978708480
1440699770808698112
15640585890645426176
4038854025980882944
2124567928559507712
4709611203982833664
15027591156021966848
7535946310988172288
8147487573500204032
12386142104368111616
867940278323704320
11679470044099072000
2118221954512326656
16019993440430071808
14372799737607979008
15813880573899710464
3326735448215397888
1183704316796677888
3560802756431434752
10513628118107660288
16182545835302176768
15351162792139681792
15367243590306797568
7424637644114398208
6533296094586317824
7438998808568848384
2201557003475604736
1974156295527132672
4881890009793740800
12216054254734782464
6725865229596812288
5246260930404278272
11251560236604573696
4597670747037951488
16028144689385658368
3655505482064406016
5100183732286710784
11437400177943529472
17843622205466914816
10290334169018722304
10202385525325340672
15307175349586989056
6309880659299433472
8821635875549373440
4128195754881148928
8874233102972956672
6858402936044857344
212024247268526688
14525277574247485440
16034726661436215296
784718438025449600
5443625192171659264
4930294427326370816
15156769146329798656
12465224841676546048
1131606147133828864
10411588952403625984
687057776740502784
4397346267978987520
10828152556913264640
6977630163198306304
16182505328143243264
11621084658998005760
9043386194064288768
839172689180394496
15317425200324409344
15501952500139649024
17478826211743631360
1895126447751320320
17365075790664914944
5758235815738511360
7893908408779127808
18376562113269106688
1602127336306021120
1816678097479792640
8647757324228175872
11862577655595020288
14588385976174985216
1812525368042953216
10422978095667396608
10627825312244772864
9602858104592041984
14757730659770128384
14902614801012037632
11347511314841051136
11232520036171296768
8662916873758917632
6342211505569327104
16206396612144107520
2073827056788794624
16856462174046005248
15297355329552883712
15043941751463323648
9316293886860269568
4908743138453488640
11777547471880982528
17477272486842898432
13006633569668734976
2000029171670431488
13040336560098256896
15544064651865307136
17130663285618857984
7385149801153505280
775902517431646976
4661322409714762752
728060958378839552
13449797305195606016
12935865693351421952
2201565255560185344
70807304613578832
16544981946450302976
5715949443401256960
7453229218286686208
16392888144523487232
11665553396830373888
17850456126574546944
12051377390766022656
5382047052030305280
3374719635414029824
6932814408664644608
465560317146551360
5993762909785589760
14665788920784058368
10250907490363193344
2175451048204643840
5934633231178779648
16671026842337343488
10500371551230083072
4587561782094257152
14946998025069799424
17953068721850580992
9141999013742186496
17345199205761308672
6647702537026630656
7429725164353526784
3034475638663950336
6615561705366732800
3282521424683273728
9599109562720192512
15775883924010432512
4469252055457138176
17876519320178823168
9321797581888030720
10622173902097098752
669421628460813440
9875489606394710016
1419488720506692864
6562343226647840768
8130172102356081664
12944383107894994944
5689617695665186816
12582118687803811840
1549947059143818240
7764063323827068928
3602597683463727616
5616575475032903680
11115530156204324864
7585132124771840000
4232139539707645440
7762864767295263744
12389344223304159232
14830318941136091136
4190916563763874304
10080024635888201728
862626291002456448
63157229003230160
847906057259496192
9409331011463016448
5280676191578076160
12977102114732253184
12939173722271508480
14637538767027054592
14689549374622550016
7557987352663692288
16233125677535954944
5611184266100535296
7122051716798700544
6736050126297624576
14688521777923006464
1832411099249095936
14807300882349490176
16295778752759928832
13976849788793812992
3978189340022530560
13556102200014061568
12700168167686731776
15994163658045573120
6237655795061138432
4799341321555453952
15434081428005984256
16516054858125776896
11452993097624991744
9452230172813963264
9347878853816332288
11526422620038217728
8114912551802309632
9981465154516553728
3779233687192852992
834007026986110080
629997231955218688
10638201242687744000
11753684593497190400
16027345258864789504
2428347683892318208
16651360744958980096
10023570470680033280
17790187091225151488
12851194926974341120
14069236649826584576
10179073601104461824
10059496706811877376
11875441507483633664
11843518240821940224
8991476577800674304
9212988381011430400
5748039860143220736
17086616457216344064
2395659943499622912
4000030063566437376
16888487524488742912
14332865533554769920
17349286339713843200
1678128689788405248
10815868608061450240
2679282950058212352
1958380672534424576
6640702523768414208
16784166222674497536
3675114899518498304
4019362569349133312
8601747895597763584
7086825735385024512
1488833930285083904
4530238915682835968
6682808690889835520
4926457640637248512
12531445869081397248
1556951920527786752
12602090067010435072
14809921279076589568
10446538040807727104
10555822903913072640
11976455750565574656
1474870903009276160
18216132972826757120
13912677423832276992
15606213043977676800
16058005401440653312
3920881696050261504
13152601697474273280
14116503574331623424
15203101623258992640
1344361630473136896
14569531338891206656
4629874717686016000
7177088577949614080
265499341822526784
13297813170413856768
6905029862401009664
9477455103175028736
15488604364417112064
18040782478912477184
14913679997092497408
33508700799206684
11231835910513383424
14795423824420147200
11447136190908047360
2252964222628571392
13847329901033736192
16363921485989269504
4711987110440838144
11514284301459791872
16454578161029636096
14701282029912672256
7817179868358672384
13040721453916932096
9021074718564583424
13593968146554861568
4133474965966687232
9119308617428711424
1085940787864829952
18032821112937717760
13567390350970204160
1955944646047586560
4471747830770503168
153857059645805952
10036033062261864448
15706923057169436672
18319109585145120768
15732315857238032384
13295203840084750336
12895328238011553792
9580938785994303488
15727685730936819712
12760148140779773952
17341835433808322560
793553731352841472
3645773353858146304
12644137207617603584
1402850881157655808
10334750332382033920
17173774968099237888
2591414450858731520
220946848647017920
10283924894758209536
16319455969278466048
17001965405598767104
3813517497860014080
12320698295063298048
16788009581410291712
17728461018301390848
7556734459776858112
17238638108933267456
18268128927247859712
10107722818669367296
12644300280843550720
15836310628779732992
6802345090116827136
13756611528864327680
10531802197736962048
8045570133727002624
17792466238267088896
14719311167545554944
7450882614598621184
6348296194298960896
10447514003338139648
561744588050308416
5379158406433482752
3630845320532453376
14488486272906199040
7307819215003273216
7354624340900213760
9174256362490012672
7533842894117607424
2663493918081451008
6622320554746796032
8401263346124546048
9331790698247931904
5812480384121416704
9467385735521665024
3138965657713118208
9949157296688924672
5328910791394702336
13816969884932894720
8889846523053880320
3560243437509960704
8298697136060030976
5425410866305444864
18020098359148693504
2589455964231815680
5896243353041640448
6023075712036763648
995323640769262592
11581400938211936256
1009950043834283648
13418630033932670976
5165325806481699840
12136691148153753600
6446139279547342848
7879086197690464256
12575081145884846080
12717990202212704256
4608517344715234816
14250845228041652224
13958671941201371136
6327657367646558208
5068542217723717632
8816833479412932608
6335951330231622656
5731470105955027968
11207259361505855488
6009952945837879296
12681253270659907584
18015079933530857472
17796506842729793536
15907454805024012288
8251699934133771264
7323712153759971328
4237599247768603136
17368519972384256000
14873480796394684416
4483050256607192576
14968914055871531008
18404780070278641664
2564873207312939520
16937156685635573760
9406559413103271936
10224273178410080256
15155699179700963328
15682366807188611072
3561783904621477888
751073521227171712
3275921958015577088
17125234292283777024
4988876722635084800
6453242454774112256
17904553869412061184
4215176374428889600
5778659002490943488
18092849501045166080
5022517903655333888
13742668949804429312
545730774966775872
6692990774605004800
18309998715860944896
7998166229127749632
15859066218030376960
3874461850335620096
13056992363317250048
15116543868446986240
790095457059339264
16257078638286884864
1130776703095518848
16988453094234525696
5978667359258917888
7413017185827430400
8659059959175717888
3495717967139205632
13651130534037014528
2800591672699905536
17080240918540361728
4333590329613270016
10491336157010372608
16681113640195399680
386803768510355840
9585143393988741120
4040214956452648448
16666661863710822400
6911482293640680448
16116812259580944384
13696477435497695232
13767534548327987200
12037939364049690624
17068599418281943040
12072141129754753024
13922179445865381888
10042449478236874752
10155262543279151104
6076653987017536512
10577586118434363392
18259312784943327232
17246301396251066368
6557539451903021056
17075076848385597440
6544758873769410560
5233870852029697024
3454886590637029888
16930689248462632960
2838940666919973888
15778848881296576512
9421899249526427648
10722887793086562304
7272417426089239552
2520465031406066688
16520222228096841728
2399279277973011968
235765357662770880
732142610463702272
12533639118368952320
1572599989334867456
13351529709013972992
17050949246272829440
11524010682750584832
5133896549089386496
17071823936222767104
7700479463948792832
15832381912208791552
11882441173059618816
14986036142106005504
4451826318867366400
7168864514280649728
2044245008201955840
17602269140320079872
1647512206088940032
13511165951484506112
2114824399263000832
16816032043959658496
1755904822376414464
11543987744408492032
7526480573298394112
16607804047306987520
12428710231809730560
17215536969842579456
17701045749132228608
9229008486930655232
9055176838102944768
2794061838530923008
6730588802057798656
9161111901197202432
15356442898252683264
9340792121195790336
8874659253700562944
1479346134785749504
7059955496419377152
9897446954597683200
2657646092226982912
7404377034108710912
9487097620553015296
2093721505094400512
7287433352623088640
3192706738508644864
7430524051330788352
538726230101135872
12424992440055558144
5560285978268005376
6133896100669019136
12060912800865259520
3791016615619254272
12217514896760991744
17145723552806227968
1560181746930539776
38946374217547448
13163638724010133504
3504323405187556864
16785875461519030272
11747345499669018624
1729680498116669440
12668744207678935040
9082117700956961792
4547950591418750976
8540966639446542336
7602593274997960704
12919409518681597952
5843163563679038464
8092664220260346880
6336360062966415360
17657277463098298368
2778317828687476736
13617810385201305600
1247939536540704768
4637520693776622592
8474865285027735552
14432548723560472576
11731922101520277504
