8052179416910818304
16730649344298139648
10077867096944072704
15592813396648603648
15987178783283030016
8752487566500881408
17631406395082893312
2847658222889792512
17285789645948911616
1971206410052269056
18431982367299528704
9242335826186932224
17088665135094798336
8637749141179272192
10281454575135909888
16289338084427071488
12813581738192326656
1603856332910705664
10158206725714898944
6144403090657227776
14626129199275268096
13324208241306216448
4019725454111480832
18148424799886514176
143116614870707984
16151932626418212864
10623605503352664064
18055293901431068672
10680729508932308992
8789320853942191104
6958582380408825856
11027437435221080064
13578356919046502400
13683308655938357248
9653079056340711424
14850364010077978624
7044690360783671296
15952578294148249600
11166352782412525568
10932113578051092480
6120683504524774400
2679396958239307776
7865565869476614144
13563739151948052480
18420836931788638208
4269608248122827776
15071543590135676928
8249954407973283840
11621525246715924480
9877570631029663744
6450055810549089280
8741891458766315520
10547074042154268672
6185885728010830848
13606846406286209024
15289344642099492864
5962827139849720832
9898180555015178240
12558032324582486016
1018400766609502848
9426325370572118016
1476773212840881920
3916830092636520448
6175216401088201728
8951994067908777984
15441446814374936576
10965371708666101760
18193765626124593152
668790123312380288
11327720808194443264
13767240289967009792
8844020007004597248
5886087518579472384
10326852389936730112
7106235411206829056
15326067736616966144
6547339569761381376
6243547535891517440
10310562679901116416
3411917833016351744
8479250489413313536
397043052153098688
16362823998670528512
10545220844122322944
17456212869969227776
1231929553973670912
404263860130045824
11720544590458306560
10450318110559176704
12162593039334393856
4405579377309109760
6261148653750607872
10651925658615246848
3851681366415134208
9664136326798950400
9330871005299875840
15140967254395146240
6467715699219267584
13387892705926230016
11589175808832538624
10593051249271740416
15886349514539907072
16802802551437056000
10052755998161262592
13789727862225215488
11936093426437654528
1830152821845293568
18055604406738825216
8396888564246474752
7057787312661997568
15229652815823454208
10117321551237251072
6383160489042731008
7761461673059281920
176555505081971584
17709883211533393920
2558047525366289920
18419386132710424576
6214663807121408000
7828272569282234368
1305495206221166336
9348849240645324800
15309212461004834816
14362703934914887680
1031046636261302912
7286229861509843968
16214268515807821824
7606527080707682304
7375338492396776448
6283557168107755520
4861420330110014464
15686411605927784448
16717902559171514368
9145700138611571712
5485619588566672384
11815883927256049664
2173005095551495424
12113407188095561728
10576865956191774720
18070458215604817920
13819743469994498048
12378071277437304832
3672531665845882368
8184903176064824320
6086201878622321664
15192803157398720512
6650124547514662912
2224379652171411456
7500708718264769536
1091246095791767168
3523362989054691840
8692668995297373184
16815001126687350784
14435016879245725696
11899190560746498048
12381939812673087488
5960426135684728832
8256158310676973568
10754225063759421440
14609040308698851328
17794793902326448128
1850821500991570688
5351367396707690496
341174951689573120
14610792977064775680
7770629010970208256
8618034747385040896
12840341009829249024
16752501002022750208
8053260290466149376
11331061765011961856
15065947888036120576
14558428311071313920
10192376154776881152
11143587696982566912
6444395979410921472
3907041112573169152
7243904032468826112
13735611631119749120
15352650885731397632
13720954623023583232
13814928853122910208
5745950110241908736
7897240484941742080
850933639884992256
5291693061364137984
7856340455611368448
14972030367898009600
365589333274846656
11525308155070560256
2747585130804553728
11328716397627187200
16205540253018656768
1356237258877122560
5323535400302958592
9138299513270130688
13078640924687390720
1527977155904409856
1391010557750281984
9658953234235015168
14008967512906012672
8664836463928001536
5101147291444339712
10653634865641785344
8873353815719005184
4466252842416690176
5435318470501736448
18225579506293950464
11199722355450970112
12013626681869359104
9316428322989332480
14205526735789426688
5012820396408422400
3333461441354433536
1653840525282239232
14735605210789576704
7790045003808235520
2445455403720883712
1308528845905237504
13664965771239110656
11146718374007099392
4902013418359587840
10598374209240227840
12116472123262222336
982901883753907584
7654434573569853440
4563143282117233152
6553009461344069632
18316892791104999424
2781203289969190912
6655095563242702848
18325593309550970880
8724165663493837824
14124592280584964096
14241544433792753664
1702393272605784064
6766315740435433472
18380294319687170048
2592796276414369280
7615777420722081792
11291302825769668608
7434910603450680320
17807022857848676352
9638487897964818432
13220310268484425728
12821154649133438976
8028417957053494272
16683353408251676672
15473405082725447680
8162086651648740352
15434882670782535680
11240367829860100096
15959109594885935104
11805856654030063616
17315459468436060160
11606414564270055424
10822645595005126656
412161172019967744
4814461498092486656
13655921885265629184
9329114654699773952
10652280691833194496
13241110143862960128
17514122994493790208
6335610664479954944
5383129192069905408
10806946680078161920
10687180255983050752
3410896091015374336
12252365795826741248
5677864086473806848
5506925680209487872
4090340957679311872
9630812431068868608
16811950978751950848
8620268716040137728
4816923982496975872
5393581626981632000
5991826077658320896
12167931186007889920
11229486653121337344
10194170817473011712
1165701872556278784
15580339200344778752
10585816721337860096
623633910869747456
8496513776537800704
8099960342004386816
16439056613432084480
12886872343340056576
874725023694858624
2025588068855578368
8164218207704577024
3647839774078976512
16159275034203979776
18407821768159531008
17419498649119526912
10417680607967950848
14067028160246116352
14204321502331742208
1629536318353037056
11738974024204722176
7870782663440236544
18291026246205513728
1899410415849163776
1318303760907765760
4122132149806565376
10570018359398858752
16663658108097972224
14257848790555797504
10082525337659332608
2430327377523802624
11333765614864136192
14287240383996905472
9866709828442028032
11430404683635011584
1207002558997868544
8495315207831313408
7639426741886215168
2767146464540551680
2854815670786428928
8724394267309189120
16213504011016169472
10855186653930762240
2907602153747429888
3401163661530226176
11723524775219795968
16528116865406773248
3088195879421313536
6992712749591367680
13998644442235383808
13453309129879953408
8734755807959539712
1297587300732116992
12313789905295140864
12899168291658463232
13849087617636990976
4628031217053510656
527025689987656896
4097695946256674816
16156667601422815232
781099911265734144
6487689370388234240
13680850453349230592
13995883612873193472
18190051722078732288
2802057202099767808
4825957208060457984
13536816497950031872
14107067600089759744
2451104228967023616
2978030180864720896
12976916668824432640
8029469452854360064
15246847266028822528
8633984784855783424
10568453435722233856
11915233332942667776
880558534553669120
839272123303030144
2670034764867336704
17516036528498153472
889349143383031808
13600726954227857408
12437344809978914816
17962119485306441728
5283574077508504576
13248303876903067648
13130641355936092160
17743649820814415872
729313150284106496
3535889504557331968
10428704192642473984
15901757535444742144
4905421569961143296
10506924631396939776
13428048261386993664
10775940698126155776
4775283034737137664
4477006023859322368
7626692973487424512
3828440795902967808
6201764646375223296
8184192842608427008
9511911733426532352
16843563227031056384
13871395952625991680
9015713174970515456
4645000011865196544
15535864977831202816
4531551016507177984
9096181256641672192
15653497941431623680
4184774778734144512
15381724681333428224
16448410176183078912
5133033955479803904
10256468616863004672
1813595550243650816
18067300029836251136
16369424777272541184
10822274523394717696
1211964523496279808
14029397323357085696
4078230524862777344
15908567004631148544
16206358024444725248
5610281540291418112
6618284424241044480
11727383259227275264
11694234773319995392
8671909084602355712
4247522071184195584
9254052873641469952
4369339939419100672
17053389930301347840
7283052109623849984
11786679609895297024
11927251717062221824
14974101793583505408
10799588636742049792
15685392142212775936
13489426309586706432
1222502533171908096
18237547700491239424
8393663007431467008
17776863252184942592
15464870556840505344
11463917050486882304
497318591746992256
826283468466984704
7020702650809529344
9745979459492124672
11287796985230499840
11181065968052340736
9402193968744589312
17868634976049879040
5355650299771743232
10488393240462135296
18007017957247809536
7225582042341667840
15769423275088482304
18378394503476185088
2976021469652213248
3645498503292833280
11709289807761936384
8780267537364696064
649435844154305024
7430061839741263872
16676094617379315712
15223500587522363392
8018023801765305344
11434475666037241856
16098430857752324096
17179694980207157248
5782546534093293568
11292843202362916864
1454171659157277184
10786132133040949248
11021983575446587392
8176794496650829824
17576409877668071424
3210308037865928192
3374250123131468800
2757039913915686912
7969485117633159168
9699009987515852800
7963457107816223744
17535634139517351936
17183540290615031808
11745205543671029760
666680308955553408
8931343266235109376
10717213993838929920
7837021684928878592
6383720505537266688
3548825368798837248
11679865986470176768
712097119117157248
641088688552709632
12811961733634852864
685702688750661504
8091378987412506624
3401471224302327808
18246456948248539136
7466108383407418368
8783433355783576576
5995833398542734336
13303500852753999872
13518235046071621632
9024561020442954752
2211731747523277056
10556243486399858688
12196972538228090880
4764720099156942848
7169824994139842560
15110320587115044864
13179916479616360448
10828348146390405120
7541664678377158656
18375679092023267328
14577458951083505664
6926416445402222592
7706802365604415488
15153186327251707904
7419710901153539072
822777563171201792
10324498643152377856
16634959776676155392
7459111656455928832
12811185361199663104
1359978872542269184
13650058776581206016
14806863322561687552
10322913243706718208
17189092094451060736
4943619426267249664
1962476398385585664
3087755746966474752
9632045241811722240
811294291364794880
10018735167443255296
7820335017300246528
4609148532699035136
9542924172144967680
379868187190348352
18317208877228818432
5397689091529148416
14736811385395687424
12046946646237472768
2140285874011613696
16083959830545661952
8557734257405263872
7343439249268030464
7454774929438529536
11785086154561566720
12886523290164506624
2490414015948393984
9449943036666308608
6453389673860393984
3584944057238558208
15935827054566283264
17190432817607919616
2722076004246046208
12762355692799879168
12778388780946829312
9619821144180588544
2299661110089753088
8819019170611124224
1699675377307645184
13774798481776154624
1091869772210470400
10745142575239897088
12249115356018991104
13056649775449360384
14186647402114437120
6888950538712487936
16438486684667211776
5493030364685205504
14988358018014083072
6121285623259488256
7312489961963738112
15022757683800899584
2814187533276519936
4480229023900523520
8202218680375796736
3277173510407559168
8050646049018763264
8760148654638543872
13069824716667897856
2112119808715112960
5586193368783886336
17233306376831760384
11988460313920047104
4348335013722166272
16228302930306582528
13416186211235497984
2402774326970652160
2353411246284308992
3464580994176275456
18247904019998279680
10360530876853460992
2388872280329001984
5507413108668841984
6811168981018511360
12523992050002481152
7510692262100395008
10427356766794364928
8800976726212399104
5865734391593580544
4159887147784124416
7759921497805352960
5765943124713284608
6587026364783101952
16569217354906042368
13087420473567258624
16428593515887757312
12527618329684006912
5812564859513235456
11145297433888372736
8513292771016305664
12130893257324607488
13783920866481797120
16140399220838887424
10186448311104366592
4073907676022489088
5748652419107592192
12390834258167549952
4753605196700157952
17567409685215897600
16470741074201952256
12550824382944983040
8023609407850813440
17552991518249826304
3201398170407459328
8381606496490803200
11033169062546571264
11647042541202923520
9197117600913210368
17314010963192563712
17468715350786670592
6767517722177821696
9050019776563221504
12330278159620075520
957509618643598592
9135401040854966272
2401972172800657920
18325521144706574336
3133073664050732032
2263734088026108160
2661667719120963584
1559640775171721728
15762821697116753920
3201917088223512576
3228515490015820800
9772476325769799680
15500099467151984640
2300724826599116800
2934653333578728960
10424713841313474560
11957307503594010624
1360621154920400128
10408383958046633984
10410550266805248000
10256164351214450688
5043453355126576128
15759138850546094080
4101951004391437312
17367183381697839104
6123410680726275072
12760852600949409792
9500897288998064128
5738493037892780032
4497633184397231616
18041481051637325824
11088484532932155392
16838055014293422080
12871356400405579776
6903416475852685312
7416607604271244288
3310674437554982912
17661424339616624640
11086947345726464000
14770475944778518528
12048060847389503488
10594660538608474112
15147724631649724416
16572207226434476032
5445214212327233536
2541488499401909760
17674377223413520384
2661288124841141760
15134203006232567808
16101912408526313472
3400654760814508544
14240228083494516736
14400907373866706944
8801949835009849344
15260488770520782848
12656275201247107072
5717443619108324352
10998958091661309952
16536296524977950720
17582280092586156032
12276815574329131008
10494199159243962368
7503055156071296000
17154688328440238080
11365270849152638976
7515144968308919296
12944009924544415744
15391421914078048256
9511903749021044736
9457096982830872576
1534498547724233728
13999368698582501376
2860118016150377472
18374082291980388352
4648023335685084160
15908355324782170112
8690802855089503232
604967991410301184
8949179558033302528
3982321587086684160
13690417233277898752
5508338517974413312
7827239280577051648
3428874507303092224
6436637113197181952
5582659044247347200
1210753330215374848
9476929693355468800
2311829314464371200
9382155086399653888
240273607780063136
991126290710522624
15752909485937782784
14697169539233423360
3741094027269237760
12752972508376324096
17463698001937842176
8756950113635666944
9324502370521638912
2615278583804291584
10644007486770067456
10782337796917297152
6115451059828903936
16940967754397855744
5371930727191766016
1333669077325843968
15992135726141231104
10732377800030519296
14167057724623015936
4146488396497569792
9530391632351109120
15011183646105518080
6296396727573086208
9622582755543418880
13872971045925351424
10376394881006938112
7641742893822768128
7587610436692799488
8313999974019862528
17024251538921756672
13485304394893139968
11683623270667970560
7487177670675522560
2983764184624097792
18293967614339215360
1568861973675216128
11479307889503850496
2218650995862504960
2264312281519197184
2659458027108835840
8623568683819352064
6633273916858511360
8963401929644126208
8504005622563339264
2476834696229711872
12812805322112319488
13331591188111624192
14617590638834083840
1659066611967220736
13787518635509858304
5136459800270688256
14310054924207974400
10739015788010436608
14876385800017356800
1694008633330012416
14606311068827531264
1063315704897559808
9628482411915390976
14250266302954651648
18085111727478212608
5730919975367157760
9126590422798411776
6800766322908204032
5676240262341116928
18408688674883612672
15216190054526992384
16778544507630962688
1079276520253794944
4426237442714549248
4174395032912569344
3760518623850321920
10836539919794712576
10581749742909274112
16232465193937803264
3236456135621372928
10483199440669661184
6920149508662733824
9329034220285163520
16598598917917790208
18047199508181315584
6213022996178087936
4647320881310946304
12461714738786516992
16130735798114260992
12086397233520377856
12555096103680886784
13506156791557865472
428399929629995072
2155503213065876224
1555360236665064960
10498253563620438016
1115726717474248832
16215521025008607232
13287428192607037440
8724428767603689472
2092139138867245056
14582833445882472448
12113727509630394368
6883026264589883392
15363226842658412544
1030169227530412416
9512748988122759168
6394889377962530816
485326439220747776
10264838141151453184
9975840450532261888
12784331402396432384
12095039151549591552
8761741628681209856
9935379006472673280
2562786746047187968
10185260933333907456
139304435969867120
591646056843645952
3044611901706966528
3206337700210285568
15646609932389339136
12965440112795867136
4593024476055833088
9419180915222706176
10114455965250676736
11828311608861196288
4225182521732677632
14580438819375884288
990279065533028608
14969183697362315264
16239300704195323904
1331571767948611584
5640076932866065408
96871522485929360
2042772060966286080
8182648147394125824
5390507489692334080
3834712402030987264
743230448775047808
6682266944326071296
13414806307338536960
3926982152934269440
18417713073598455808
881484039256500480
4461924156105309696
6568520147588423680
17528887635306913792
11853703707584032768
3830213036573859328
14330446871216584704
547899744156728704
12677599941208442880
3458566606224848384
4579494574699638272
10941019309919938560
1566076064797683456
11890343595584823296
12842186717106507776
3472559675237877248
12407210062660513792
8894291589729319936
3629293025766316544
8684904413453298688
8063309861948163072
18377217154988199936
5797222282680802304
17716800383697387520
2378875195318439424
11651942180500254720
219475230977876576
9368761725413509120
11462028567750340608
7051104720343195648
10914332153007824896
2547413880426767872
9312321013334624256
7697634988639897600
7469016250895975424
952475484481286784
4938709965267846144
17649475814745260032
14640232535264499712
2604759935024886784
5056381182114562048
13231029415460265984
12082034617865824256
11627383870648594432
11304217021146011648
17518967459195029504
5429185203383736320
8918044963503316992
12089526701290620928
2495424235430441984
10626877944385687552
969358241770530816
3952818748400662016
8884526700417080320
7974197499947407360
6656603927275920384
5318446412248510464
8581767498823139328
5068681289176734720
2964226975322635776
7975193214734489600
16282457429956356096
10207712305378564096
10485358657604014080
6196512353188858880
18090152911571867648
13351712339315054592
10423263485313972224
3240356450053428224
13424100486005272576
10846407252460994560
7208733672742260736
6494264338363962368
16027440101933172736
7502340713774797824
1994286948470763264
10622679998660581376
9780716745586018304
9401190901848791040
16977731616785022976
3177049231689965568
9596824512852541440
12173055849040683008
8237346632175700992
6918383135737821184
6859119815043172352
3822091884766142464
8042340261825572864
7708758538783101952
16935223946353143808
17373665952422807552
12065367243502401536
12750264337291341824
10735285630536839168
5201503659145106432
7515492375540524032
5580644536038750208
13373716184159447040
4017746810715427840
12814018374907836416
7154345752033132544
287731841390902048
8001610451686518784
8881510985635824640
15657688685312776192
11795406441034508288
13532973572139755520
9076855101014451200
1587731568119940608
15640502747191068672
10503562848984197120
7832061613787212800
7225305892580952064
14240198699511195648
3526738132945502208
5029047615930108928
7122966425614344192
12530680682664988672
12812805337520603136
8134000039220341760
11609989773707378688
6147691063084858368
11160389084755769344
235476871197746912
9946005822818734080
4991615305224273920
6113576469707302912
7349395110391585792
6027315821033959424
6795622040560463872
12150979290442397696
10645948613617330176
1095767513017966208
2323615071036767744
16022291521346349056
3457304697824060928
1826927445115964928
11855240948028848128
9397203093274470400
18225719375037544448
6348921879565145088
4466951507619152384
4653431671776691200
2436718547636732928
97255900208445328
3137316348609477120
7931198969756455936
