9370742058918658048
7876049647252780032
7918164509375606784
3811025271506579456
9161803040776993792
418254058458314944
2189804241978284800
717647203392625408
17148824815441573888
12171406469839382528
741663805760281088
18262161201660520448
7835633476523806720
2028099533694908672
15032335128843796480
9910637572721899520
17643716883670923264
17888413959929464832
2689833263930093056
17213270545425612800
2115182603420587776
16500456698385238016
3145212956982285312
6139288864321269760
970563517282722560
755893804905463296
15630801655928997888
13398571338631090176
16930783180106076160
4810251191895063552
10469488537900570624
13742161247156230144
6507724079475781632
18063282916309868544
4987666345247174656
664340700971731712
14352690293381206016
18166021192510353408
15226715673515466752
10023246967943364608
16751692853065938944
6887036179286298624
1540030720395518208
17724195339841376256
6488056557702539264
15244921171384639488
5905371821382733824
442879685913203136
13230180328170719232
7954867661471454208
9483082347263266816
16510705111624028160
3434250137752251904
7649274133557573632
8498313068453918720
6227953984283993088
16880200824079824896
5675862667951105024
12249465712820205568
7568801534410191872
7043946862527369216
15352497562033614848
13202317553559877632
7446002753423943680
3721546196388824576
14747902870434547712
10022407599419996160
15803522988072312832
3503685171713513472
8183913863432778752
3060090949369103360
14854161322264395776
11800215990757367808
13003506944662992896
2287195199973318656
7037270266044092416
11972098640817979392
11942719322822232064
8252098906490362880
2430616752652354560
1195282183766482944
11009927970076270592
15847216731519979520
17422376777432811520
2929626753456225280
10663635998561900544
7521205187077512192
12475665661911242752
9358726082755418112
8908414687746922496
12409990730166630400
11477079637409062912
18181709927930810368
6170217506008876032
11108676395258935296
11521095553601363968
17284171331867910144
5913622226478012416
12159266581910978560
13920134599300517888
15815631882591188992
8837521707846444032
6397841975366951936
17691293828294846464
815443126193004800
1426159797779796736
8605156555180164096
4949469912848211968
9420749956349745152
14291876452241491968
266522468698118752
5783774086166041600
14860200368952758272
8101759099293378560
10431232694036459520
9776446621656918016
3826864232919756800
17858549128352528384
4883713119329308672
172743348425135872
7118845948495626240
14055135689229891584
4251608559644943872
2773000800454934528
8342227690523786240
1448484139220715520
12618691987288645632
11742046760553785344
5276199191223663616
12327163365053618176
12548825023635470336
837731765828634496
1862148053642168832
12901855851485556736
509046377212373632
352531419634750912
3026230803014030336
14293287194239602688
10959728780433111040
16011207663238193152
14063235251269359616
17401821107731722240
4202713319263764992
15068917291505719296
4710296581871162368
3312450431850818560
13659572572433102848
5149071597261296640
7671963956985016320
2638147249239494144
15132958355465539584
12943435546725953536
16681889182744973312
3945674106687913984
6637783420069558272
18064721062720686080
17713168535057188864
2717538034654362112
15446015575221729280
12999518304726495232
9107808315615690752
9986104175852036096
14493414411759820800
15677082061140221952
13302069667342835712
6132324070771619840
888562432883475328
9594167866980319232
15082812749008760832
1155619240486788608
195074081868017152
260932380513509824
12348548661262071808
6574180477049385984
10352088180582240256
16709509866319478784
10844231186967326720
15096158767073673216
17923580479726850048
6697858294542072832
11062741583943632896
12975186951689773056
6002731538503960576
16066659944280223744
13083723584797933568
9517727323754168320
2145664180187457792
5940001321873905664
10341864513416609792
17384706796536207360
12794247812926296064
14269462092003555328
17651875903507191808
12606363853922879488
10623404560323719168
9943384313493192704
12838323072143740928
274484597002950112
14609274937040963584
18011345135451074560
6517911390247706624
13443139952060442624
4257020905238141952
2854763856490805248
10474526048065400832
4980905967635931136
8039619066068228096
12775168517455302656
13397494413793683456
11154804595161018368
6430817016332915712
10260385191708319744
17786155077764925440
1424211973523851008
13915638677483753472
10220856111550234624
1932557604759159552
2338496981681534464
15662448651499677696
13135981762635278336
1212916771272936704
1064536236166747904
8088887805867635712
16417619870601852928
12830559023838556160
15599870301013784576
9801170045461764096
17111263912773597184
944240314782697344
10735734506672271360
924087580650968576
12666141369626906624
15909812636292018176
15221733545028141056
13259930705124007936
11720957213698799616
16625996571566206976
12727390599973664768
3927159768958434304
14341957329723340800
14921401454953385984
14981960771255805952
3065772129895051776
5594617255764714496
1873039244692015104
7544645941729931264
11373417615657054208
4790773782265171968
2199640361987790336
12583402522506876928
12089221313400752128
1730242359626505472
8057806374016181248
310267143183947328
2609209271779256320
15002925551855175680
13705288359604045824
12467579217826353152
4960615621259855872
15391512193601681408
1031590274032531840
5194585470736777216
173736508872572672
16749839809011953664
6106609615792120832
15521691700201304064
4860505933120795648
813591149987483136
13493269852719484928
8103424344292903936
5714762187118297088
14710028542272313344
5473624928138979328
4097750255789982720
5594408358541715456
18276608134992883712
13246567901838542848
15949616499100133376
6038216838298456064
6872412976298855424
9023389638717568000
9980594191689275392
17198330227873071104
7719888670308462592
7033009382484627456
3113898567692137472
12300627118588149760
6006618095291220992
9405931661564047360
10985931652501522432
2519872107725890560
8618155012172928000
5982465083699683328
18362501732320899072
14143351100473726976
4135445709452730880
4979877726711964672
7092930022538438656
1566866278485380864
11450275782367944704
18419191536509370368
7198124482787907584
1507726990769876224
1489870303350913024
7996613849414008832
17190811039760224256
337310230506643584
17148064943698554880
5208500996662037504
10575609670743140352
88127465519528832
2489044060378642432
8463616412033832960
10041608638232043520
17899880779983333376
11179488637121345536
341629324801904832
4790894443723374592
9238038747916509184
14915158713770895360
1822098650088261376
5603573418653298688
16453793458260885504
6107383251628355584
14789645858165612544
13650702311778820096
18445791500164360192
4727773826833491968
2437466197546133504
7462297106523505664
8370900567484343296
12549984507295156224
3865276640488234496
15008825834678337536
17088563955012012032
1775172062964274432
9517309202372538368
16370606124048558080
16488286805159426048
10836505803218114560
8631817878154621952
16783151806733180928
7165512488890900480
5632720023362174976
2796032787368757248
16527280977494478848
8739210592545768448
10035252439429072896
6358131145267119104
13933191068161144832
1170604232246708480
12832881608918966272
18151626013079371776
267615069632359264
3235404809491404288
11508447868178223104
3460975218214764032
11278283805622304768
8818888371237278720
2630978399868692992
8162567779302671360
17511946878574858240
1258729201007800576
4719992056396829696
1499681870135573248
17905592359601422336
13078983576880527360
8074193381777742848
13442224250615664640
8308911365297020928
15919662948668196864
13409192748528832512
16655705126795325440
13748798273111412736
14596300212624848896
5013094319827869696
5440263981498103808
14358163815626885120
13832165734935455744
18421430761782267904
11437103210032230400
93178751651122368
14426275356268230656
8022056139409935360
13819507258566137856
8561846725842883584
14268069564343558144
8844934937362394112
9682626514478487552
12048901735507585024
2954269449749692416
3563098899621301760
2422256440744510976
3141583657666650112
16710041442439913472
8679370985846652928
16966775828798814208
265152229884009536
17075343106807709696
8181238205295494144
6629956334883808256
18150293454667208704
10098372342739083264
1973347027537032448
13149471927841673216
17747181968774699008
15393359035132633088
3048904716945601536
238156392527838528
961720607208202752
3587374251246509568
16119907294750216192
7615293773950055424
7300475536195709952
15880082425701705728
12748235212471957504
5634844897280130048
14427068963888955392
10150976561338728448
1054771408422844032
10304804660762290176
10858552482881253376
8816666834435867648
6092363855899955200
13393968117527095296
13088756693116903424
7190578336366758912
4207562387164506112
841305951843728512
17512320195504883712
2949937205949819904
526444208924106368
858002255943250048
10902141210266628096
4816607300304473088
15550468574555768832
7609896203087479808
4612416260217283584
15766660094443028480
4015774588656358912
1373478762176219904
2808068381107507200
4534258680758064128
5946611637416146944
10839336760391393280
10773537717964840960
48532783377207568
5048817546242307072
1819271448215879424
14285137132721995776
12133096163889731584
1537239004129802496
29613126228085132
11326467406461388800
11965681513138839552
6271329833651253248
17536383379023515648
1345886649366798336
1608838805079086336
7260076155912550400
7716375577077708800
6303974557844652032
6562986499072271360
3112116193020325888
10283406107382003712
15223914252511797248
11032532433384810496
14402084606358671360
5158905023762059264
11934748397093974016
11985847876613711872
6266349773797479424
914865067979042432
14614166512308584448
9067642269711489024
14718931750086332416
6196072201406871552
9674202353636102144
12393859413580453888
12526975372517382144
5038484056178622464
11602040371673858048
3018786148506209280
17175267911831377920
3669602956692798464
9888462586228619264
6419788425254685696
6843394238246228992
7744886304210334720
14729498833235435520
7540415021514452992
17251466374188357632
6984397480135885824
12533243586136545280
10216066844698816512
1150282218442132480
6446235126239847424
11074844726189254656
13614421086011668480
5210116207154564096
2711090434846390272
8629730391255354368
17546896597268580352
13402309385880645632
10639048556011286528
9348883936770220032
9098124714879899648
10417791946728914944
16618051457664206848
3774663412883507200
4938803922936970240
10083616206397018112
14041679889900226560
12017156332597534720
13668548660914296832
15397965951904657408
5275190938354367488
6029990238436915200
14905316972594833408
6127590157535173632
7778929542521806848
164403804341874176
9765979971923365888
12636959218599432192
17403254832876720128
10590805832631664640
2987642369205256704
3539716350205284864
9206600830364531712
4962003077537597440
596293423676633600
433047630358080000
15786271047377584128
18362265260279042048
10139932582823499776
12685543676621342720
17344921687955927040
17899276973373016064
15783818171672846336
15345850872186183680
1699987040242574848
2357316244141173248
1756625755886752256
16136030334184052736
11880766970228416512
16653890362199619584
345027404472358656
10947721702377760768
1193032085109978112
1178578766959389696
14770135157521350656
14152244760992059392
9973374755667273728
2207540630343725824
18234943672361201664
13641805605563904000
8025834608779966464
16401971020272156672
1205635991267023104
9887553803752378368
16822844342344130560
4489121841414139392
13349919706189258752
13489738014399725568
7231940092248822784
3504828437418434048
12201103672919289856
1086282809703027584
15028928769149732864
704323099940453376
4269855240707064832
3860194543321469440
7434487832652570624
11502167595241412608
609227695206337664
16404406062995169280
2931424670530560512
17151835339660595200
3070067504196557312
5008067090450038784
6273455829321934848
2080891454718223616
5564615979847825408
15343034417479925760
1010767746706717056
13947204445140885504
13800694770451849216
7772115753877524480
18436280989774290944
10666774163415781376
12327342462978912256
10847886362464833536
10995804591102171136
7671350073745276928
3437140219382025728
677432884259441792
6813169122168842240
4647435386675864576
12378834690990946304
16148625371535112192
3428095471450055168
2954413783355920896
7238046150086735872
18409024054555955200
1321414723977786880
11809644250836221952
8790192053796491264
4748085599954564096
1264626151871286784
3589565308971678720
8023306100813489152
917311086732947584
11184461640716556288
10542425733428877312
11581202851183009792
12559532923259834368
9726921598977064960
9323554239277297664
3983563882614581248
12740661259768004608
1158790196474915328
9802680743137044480
5693150797348891648
11504870176755896320
17935365852029014016
16176360111878361088
5562224047687351296
8909976403283401728
1506301657838580992
10432054077251031040
1115566299286048128
17821112689481068544
9208121230053954560
10054094215293876224
463729574310829376
16908324108547588096
9438495219775254528
13845373928858918912
11599226837087807488
13147028960437991424
10266068395692431360
6665886570722088960
4481563106753677312
691571354931948544
6672563642785876992
349850278331751168
10125424588653293568
10214598840342007808
15768405730855682048
2841894526837576192
3126419170942230528
1677368851829018880
2295184789493224704
4050351204980000768
4107352508985061376
3449249674472887808
15655608489396158464
13864487692803221504
16184083847195000832
10628299871631837184
265927546886814112
3834183161462007808
17342382699230148608
4869151306481227776
5119635178355423232
5902536523102623744
16866937094453610496
14290712771560380416
6256196542960787456
17537817793457235968
11929424001998477312
14318596018647334912
15740866622288916480
8100073241023174656
16943011246493253632
15397488558083127296
18285463421238333440
3262182217672404480
1861959599749774080
833656466552788352
9583681698198890496
7042643890167803904
12942178265837056000
14806529826478200832
729337048685782656
16038833979404560384
10431382549385537536
11660909972190003200
431388714030875008
18308983281870886912
4773722162494855168
11175054271621529600
6812250862082733056
16300431645362548736
2840557473742157312
10911481662483343360
11509103597931225088
6815718098360189952
8164019703509445632
10700719492187066368
8853324970752529408
10457819966338650112
18169242518460434432
15700462741280104448
11331919666687236096
14762297431200866304
17992876845183944704
10002199387900755968
12894906864791162880
16003244099636873216
8776335652672004096
15823548417077534720
5567235529946123264
10854630013813934080
15922985975537934336
13346424871858270208
2219833064217475072
17429748220736641024
12036570382484973568
8280685331529139200
10441316304379936768
10483479570304831488
14870237141846337536
8505587856547257344
3098338544128333824
6035408471015212032
13000474020471570432
6799622171254534144
7360381645048794112
4057224140155417600
7736771790456521728
3450346277598113792
5216163646012314624
7929956792229137408
10373690862567933952
997360573430360704
4701852310247598080
14478990861825140736
1764752316017640192
231008351834618880
9852619225910771712
12436806128163753984
16727424586070286336
4417531578451770880
17046772824148277248
1393567641538560256
11114673744557879296
10555405266795960320
15586069468091455488
15318679222437756928
9586121143278254080
15334587120070465536
3043736027167500288
15994118609903802368
7641220747710588928
14779146855041150976
3876779849119096320
8676189474640044032
13250635328273086464
1639714117088722688
7865495969351759872
8564367969525006336
16809952729780238336
16767131771951024128
7777520077697457152
5684863506478648320
9538500182586255360
5931581140012493824
8052702527195650048
946408735395305088
3837960439924254208
16876550157874976768
12398105912252344320
7045942591682556928
6588564956718163968
16582295241493241856
9942058198795573248
13080820688676259840
6134336216128721920
16319183993844318208
15529633281830539264
11168195716482766848
12454556475562692608
11606927053001768960
6695987015491963904
2292706821867242752
13527999317622173696
7210545355941782528
9355203531795890176
13400301543948519424
3036425345453550080
3120553790409164800
3991397272267840512
4188174665379122176
3099332623748098048
17722613984839542784
3963246032003060736
1690885213120286208
7088019275565711360
17820213833362196480
12366363686816176128
16335647446985658368
8330768864988523520
4920599750299359232
15109213721446240256
6950540381376911360
15042696874049091584
15122887875993628672
9598744843653206016
9809234758940952576
3099155698316900864
15149415399045431296
16798819865720180736
6585779098740489216
11795872687111122944
750585591890070144
10213903834977572864
5695100714718064640
2597473122086476800
13003880746770628608
6845736708717369344
18336404808974286848
4185925795696122880
7970309992135337984
4764050495662796800
16039858522182723584
9474430170070466560
3156608485460655104
9285292302906865664
865358498032949248
7347474229294988288
15421737552847222784
15490224755353010176
14801213107452264448
15858869313150408704
5583193416426980352
13665818078077032448
19519340213274208
8249773616109398016
162625775115176416
4143032460483710976
3369163651090522112
14325398513420412928
11749896436784531456
14819809531598258176
12737535817031104512
9679718898759352320
8677840364259629056
5728011286404916224
11276280098520741888
15655679671990423552
11652151577842808832
1585424902861206016
12314499785911945216
10764092180875663360
10264478340224544768
3156191149164896768
16184891535565271040
9902648107355783168
9934733299260260352
1247234187198254080
7538347168561695744
1378920058437341440
16160768627356870656
7710549602760913920
11958700755542532096
7907586992436638720
6636421846074492928
12535768306787100672
7962545029046259712
14082002063968747520
5206617719083320320
4634009685084141568
4135380348125164032
12732316223550281728
4004614954891023360
18311918300923463680
14600981173968549888
6905992886143857664
7060885381287278592
12475958861397147648
2589717138151819776
7983144551433096192
8681993926225529856
12863867989491165184
12447763200476065792
3625522188837343232
549819756384223616
14388764519799928832
6189358700912216064
10196840976697141248
13799977830321207296
2760860093914894848
9324274394170822656
7045572560430584832
7573913433284061184
110518663564972432
14515279234624481280
14862324027031967744
3898568007245618176
9458903002782406656
9719959102791593984
10427977636087037952
6286034345854125056
17532552066754123776
14259490052073736192
4875949624416272384
7040779725801334784
16928248349195020288
16029153077897076736
6705657013817712640
16543452018500188160
3219403409843068928
16223085941028741120
9841931864649828352
3774078049149964800
1859681791653727232
420884668496962304
5194655138330632192
13823052277230088192
16987029448630167552
11372435364078090240
10416964505055680512
7904622351463623680
16670750957403054080
10374909188640022528
14246020426401632256
9620274238110760960
10384651778749794304
11948774979724183552
5654637282659842048
10663136197609226240
12995807026863486976
1732308314000557312
5211529496320473088
2797474335750840320
18138231831251632128
16433423750345164800
10134535848829065216
10831445604287913984
6943074215051017216
10915133946802661376
14222924965659830272
1416434086428424448
15417334458421682176
18055380330942072832
15127259308718018560
13853950871288784896
12546007041517127680
9047580830991429632
2066787981587513344
7380977970542937088
18087155982450464768
12196964250693863424
14606742913105311744
17070965043253590016
17153231478865758208
8217245016997881856
7831130200251796480
11951299387188467712
969648537807594880
4708773392867288064
8148056987798699008
9092404010752138240
3062022985756867072
13713899712188764160
3584859796274105344
11258641447644731392
4322835952854107136
15406277672938127360
17975720052098371584
7158712327346817024
2300966915054716416
341750289412662656
27707797423885440
7903070479669880832
5527049825338194944
9424890026192246784
9979537880554858496
6287466881001017344
15941611414533189632
3659437198791320576
6025673855373453312
17582623498565715968
13874710847906428928
4607352860286261248
12322721420964390912
200275550546135648
15957917969059493888
18158840349203970048
8629829824402025472
2156380093373547776
17387565746166433792
6078357430853870592
9520128128786898944
3473974930678231040
17544884672520974336
3918787665888356352
12527161755820093440
17809158057962557440
