7927889814508376064
7196817016168578048
9952650575013083136
10413208094324506624
6503006638873253888
4064325832050448896
7063206215225175040
7923947311548848128
3854697927449084928
3209585631947590656
10251027593606952960
12079327995846823936
3195339115199776768
9484432223895068672
16086228681907501056
3295408355614099968
6227868036874692608
7759995481309941760
5299828982344991744
11472723197131438080
8218235909465542656
8382066710069893120
11797150679752099840
2627220704966345728
12134156726887393280
7713614435793670144
1739546908561808640
17946933595459051520
8425831430773890048
6182998053030800384
17620320010492964864
3989768405190965248
1616136952881364736
1269868146499482112
13083538379747268608
16649875999295453184
17697332771342653440
14764024825644032000
13379387572412174336
7470991844390767616
9321516572245346304
3428389973959933440
12478067930461032448
17214014461142419456
11220945748829863936
15084964667356643328
10955165273447174144
3309123959340594688
4038155940743792640
8987697035955267584
12396280823508846592
6544540001738493952
8333716762509581312
976393149811656064
16082866479928834048
13961392987105386496
3959148833279079424
14501059033354500096
12326154239532417024
12921432747298738176
16032595358733209600
11038106403648600064
5367621958479509504
951878614301570944
9808907985003511808
10964303714195224576
14881498087029633024
6521758838558332928
3090148566226816512
7647996120282787840
8347825960722535424
513283409423310592
4301324062727910912
17159761185846478848
389949200726407616
17694507632157227008
16339302375975385088
15877524250144618496
10792827633341353984
4823097828149267456
4858292881936464896
3790226369373357056
4811273262488209408
13151107253264052224
13318815912294969344
17981897334896891904
9050881536452210688
2038863451070523904
11792946951926781952
11833254344264636416
17749792513298960384
12166191231195009024
11535918312122152960
5934789999277243392
17243908041385545728
15158715077534584832
17809366470127503360
8829191544500765696
13859595876325984256
17757117582837815296
14204689809427490816
17539554852348200960
18215251147952082944
15578121959253635072
7906285238324750336
9934111129765969920
4593938967278974976
3856448432679161856
4153153419829710848
14875449055686635520
12450600367779624960
2521525260125229568
3262128058186665984
9567931828155990016
10905989846848899072
1714976111325192960
198116922489036544
4917663323387368448
15401144151797198848
12584639496489977856
9809352510445207552
15634401586304813056
6600386774809238528
1780965550653861120
5119519440015521792
5779643413021867008
16374542085194936320
9514304988544274432
4060565397089275392
4920995522349944832
5729753124441088000
41634057586141888
7027415139674240000
2279849286091723520
1419522920727059712
8643238066398803968
218700017367454016
8404121113235206144
7961656800129445888
9265568784939464704
15931538679670536192
12051570891655806976
3978486249242455040
15078584236785070080
3630180245638928896
1630449984447737088
101278820362904640
8557223649139985408
7454030647881349120
4478360859159087104
10168377267280295936
3208154152945254400
13087001269753274368
13349726522455650304
1571810272972369152
2281595304901511168
2832054516970399232
1019637220282468352
18145248219270033408
13080841585004048384
124462156003258208
110311835682035792
13324467030503813120
9046938673882701824
11299033008595288064
2983465556016195072
10635554242384023552
11602103240099151872
10396094463404578816
6576165851423898624
2539264979628001280
7924379286286508032
1022163278025249024
11989463255182225408
9226879078610192384
3932369052972443136
4811964601892747264
18006068367867785216
13789646187979147264
7123193572645270528
10416026421254006784
15748879266180284416
15502186425235470336
13091334534728187904
7793760838350015488
15302933876995854336
6271665931273630720
4226673591175606784
13208007719242409984
11175465437460797440
10819132113535973376
16621128116677539840
14241090026174967808
7185189157258983424
13675197250682755072
9638688480605628416
2749772850808209408
15649907815878705152
16151046313108709376
14885406959217885184
10970063769964824576
11009152436645189632
7889113804039162880
15089677991156752384
10006208205870235648
9485083832756895744
4491542220477362176
3627135571895511552
19753501385533660
14026765353189275648
9351422455936112640
14390428308589346816
1994409404338423552
1711239589940115712
6591607249740251136
12343162108800591872
4998764999340344320
16153617838972276736
5507789076009479168
17695706720889769984
17746973939172358144
116837808163352560
11943224956246013952
4190962946283226112
14386776806996523008
16387318726202322944
6094421941463701504
13073091140622776320
1392823825528939264
394234368826450304
10598410019177883648
562708259945169856
6213847572142204928
7950430240350364672
10109174825805975552
10074906486212624384
17387258734418960384
3543259982463164928
13993922803976724480
4751403353717793792
3454870124218838528
9192211373232637952
13200864255552362496
4549163338392321024
13989104416889698304
3893381380059800576
9269547198792581120
14615279550848917504
9861303083739801600
12188770127512573952
6928684189217448960
14794574610078025728
2930351900668138496
6970757812937860096
5911753329234832384
10078005774135851008
10435316716377653248
786251142536724992
18026503835723472896
10783845038864887808
10595039232577482752
14873424514503051264
1634101335832484864
17561676895009384448
17079908341829943296
9159977702305443840
4914811205809309696
7121925563670661120
5888125821922424832
6975466198933565440
11420492516056141824
1323557844943791360
3539820434850078720
1917758138577304832
2267361426042319616
7686012254122212352
4498360743960496640
6415192076021389312
12206727118484180992
46175583705139728
6543638790687161344
13111443376025630720
4117589141335009280
2705502145244097536
8479983896747070464
15198572757360285696
4946442397513141248
12126227910289141760
15675630802342078464
11208553274274027520
2761375879713203200
324634334004334720
10541377938252509184
1256513867655908096
6207211191530768384
2035372160672460032
17348099139550406656
17736971117971075072
12122949680828332032
6156397672431475712
18093343412441663488
1777471297431668480
12177766669774757888
9181820556654602240
15789021668343914496
17332382698251556864
12336215294772987904
693268384062023040
15971977161272586240
5354865081245035520
10428100738097530880
3917583273237332992
4961463175385966592
5649255966167215104
8953767585916974080
17071163997715677184
6676548916535516160
17349847889066682368
14733079227447988224
7111181528404836352
7008020937051641856
10376238818939199488
2289285265214572800
12331664014905296896
2929017273934089728
15790997736227817472
8713816572473204736
1390302093162969856
14942970432259368960
17890835911536859136
17990233936357711872
2650630527812924928
2808553790794676224
9698283523251984384
6126410138390370304
1627940688355343104
1905518634199137024
3453326482996947968
11288385126230970368
15318387440887648256
1043002233960397056
1222423280622733824
18218889818412156928
5941179304268118016
14316159007320633344
986192427570850560
33364018437846520
11986365278616399872
3462377289308238848
6626142364237106176
202863046614259712
14862654901184655360
6551431552803679232
3921489011184344576
7923583345755110400
14385088856354891776
10141658359569317888
1831039319308827904
4958162094143731712
17552989841500590080
15855868656212568064
17310407309719767040
2990577933701949952
6233667379991707648
14872529886904770560
18275206572845309952
11340044629465501696
4417244420755802112
6311847093802993664
8352374196122189824
2650619513928230912
2939433731648173568
16367263973832054784
17064583481412976640
12699398992565155840
6722346319425922048
18191467198545762304
17595598544442839040
12345327016887590912
10513247327220592640
10738030210451695616
16581695328492326912
9288642534388664320
2308934198421963264
6358915164436376576
8015301564193264640
17302233559942234112
1369263810091386624
12347928058634489856
12506186568205991936
12029600894962038784
14404945836236584960
8353750781681958912
11960120056963209216
9631784368731328512
7014062193543102464
6163338654374738944
12974564210350338048
11697212160775559168
6723633368709985280
6409916280371560448
3391882286707640320
3673601428666184192
3090669552803700736
18376697971137800192
15320928283980681216
17045094950928461824
14811085162865227776
6597325920663378944
6618675305121175552
5674568920455470080
3389925459974350336
13320175517223077888
7766711380136924160
9116437002116904960
17507593082031284224
16590531646922735616
3644280554792072192
3473394654903076864
16553870307842496512
2393678490689624064
5284097935211573248
621409100328917120
9620444485962412032
2203375903660877824
13073530591382482944
11314294245469005824
14733445443666470912
13874106393119297536
7300649824909111296
754080353176998912
5652718803961318400
2527875673107971072
8568779203731988480
12219117130997016576
7171687504704759808
9981934649626523648
16595092664272613376
9590040737367883776
10262008767740950528
3921749706569578496
3053221862768966144
8316939893590298624
8915789478882529280
13361253724472608768
17049763226408714240
6744787347155848192
17045814121231605760
10136203980215511040
10002845692775221248
15674543702058336256
7670191139998897152
4555189820954272768
7165997824645023744
1648859192170724864
2191740673623502592
8175293255317961728
6322124292753197056
8559284295915128832
907646918795315456
13934879546980395008
15051101215592034304
13872014479993827328
6956200170109107200
2348448365793388544
18372068300572788736
3245674395580196352
1962349296670151424
5967321897336142848
17543338327100745728
14506776446676570112
4935824014177678336
7049524790463011840
16523285478509785088
11659742395283986432
101429615520947648
11994548907087308800
11793477211649019904
295170391217024512
5537275923011087360
836066080503571072
6364257981182311424
12927031416858640384
15947299959299250176
11221970432419405824
1935323250962367232
7512969141315013632
16780487544527843328
16621908651294519296
5740800672209230848
12453061491389212672
4147314769708900864
11339667655611453440
169851685906482048
4485434899691809280
2324983751709697536
14710221349882163200
5269356996241644544
4254258956088263168
3200030946500331008
17878055784976334848
3335339646203963904
2856711756692356608
2933706959493406720
3476408189641525248
13637455730715609088
3546485192468405248
18177474179925358592
18393130548557770752
6215847973364078592
11378259219542112256
17234536953249638400
12167895762235609088
17676175568150192128
6542497268426524672
16979008486809104384
15992657031131707392
16770044528831084544
13704807887625007104
17381819645420400640
4899917914797562880
1993976574816274944
11359100257758527488
10868068743553587200
10800655091143395328
11170263025187280896
339141948484281536
8342380854315415552
11495113890817333248
4544916408551441920
2734479310917464576
9530984741663533056
13097139681502224384
14355659588603746304
18217890500179286016
5007947300920079360
18296244967428542464
1760058315911465472
4450355457106780160
8578917972898790400
14222681567109920768
5182737465936652288
14098678114799828992
17746869203186126848
14882903683309621248
2261493064242036224
1432336046264957952
5488699220460925952
1015366151822770944
17093842883406780416
7857396995668240384
12573741655613872128
13760784789782556672
9055942762068484096
17400633132103694336
14219720899203749888
12856525263095009280
11443167346021056512
4014431665559761920
13723847802386165760
5639847758561008640
11811487076800864256
5999385633137524736
9601566966706540544
1326114566500947456
14640585910571798528
6152049554787729408
9391164747951673344
2206287624333675264
3059034792617831424
14079344132577656832
15797780334794160128
2239952322147162112
11112606618811670528
1120076476360322304
6040477189767527424
1566950308450045696
1635452600847975424
6539000265300133888
901985783792844288
13047201736491270144
7404929690486472704
16928812467681157120
3829793265381720576
11940816113028134912
10097402510337427456
3258084508790751232
977399572965569280
12445760389633251328
11964930593599813632
3331506076046687744
17575668832810174464
17477117412782524416
13445334511388909568
2224403319197168896
8558567890758157312
10373921389138710528
2855238322713033728
14204907226708127744
2452523935872789504
5002153416200611840
7938968742280690688
17225702523027867648
13158345882035568640
11792092059984783360
2075196960041459712
4279462343177026560
13546090781075468288
6207670215593337856
3851924815395518976
12058536360357330944
5665218348007538688
8833113642702781440
16405587355967918080
838381134347549568
5537196365583267840
9540891279052935168
14029119998566379520
53316585313671832
4122463729495335936
1570433717534984704
5370660625683537920
999074556038251776
16702840409205774336
10162943436962234368
11352818762509058048
8817331831812368384
16838489613324208128
10915286867325376512
8540725325071031296
14943476662445580288
12327809479975847936
8450066401672610816
5488738049624858624
18378968475523117056
11151785089675630592
8753842962296663040
14631548445332463616
11204308698898583552
5335164000678351872
15887173586804228096
1224783658341205248
10256218902748448768
12790250035479183360
15819432131094892544
18090823403268235264
16741695912964194304
3011862729954823168
6565594043953352704
13689056969210097664
12340768920256815104
2504042529812118016
7859285167495014400
7488987761088431104
9019771170309243904
9093192885583846400
9025474290096558080
7085812793052479488
13455963718859141120
9671957977760464896
9598479363176673280
4989886589833249792
436319188216200704
9231454751402051584
17296186623435610112
397061438945477248
11867367560351238144
8342474700210682880
15827064397828069376
7967232966081813504
4189573306374995968
12315086303470071808
7001944959892606976
4494561103871915008
12279910232026423296
1757639644886402816
13348026385276243968
14238552590319247360
1103987164270119296
12483763044522885120
6889234160041744384
17989095308089446400
5469202501281152000
3463607867772518400
7588725713771688960
16602307648529811456
14067196426833602560
11272278648973058048
14766005316295114752
8224465663918784512
682818523641186048
13666968194457124864
14136577129478492160
1493094479839045632
8062725388603793408
14383730914372982784
13904056044204673024
289743166659984192
6106457547574712320
16258499639121125376
13500741034979604480
15209448041361649664
7850407758236718080
17451251927007731712
5912569058729296896
13646812760656074752
6583477814252505088
1532277992244834816
7919233186749383680
3743974451923094016
18155160432736917504
8652390626520090624
8431728970251480064
8680799884671723520
9192173831122455552
5608605150655572992
16648940068911097856
7859401576619498496
2514165564947979776
2817150248802066432
10249630132668688384
3855482872296571392
13272826516893280256
6853456876464212992
8419660244764084224
13652420492545779712
15630841954731163648
15565313032205756416
17267380299415359488
5429665783374457856
1703752196201712128
10504916390668998656
10860858206050416640
14723650566088161280
17543815027260383232
10676641318641131520
11560532544119027712
14085511815048982528
6068439716157507584
6895725829163948032
4766800949373023232
11369702498882091008
15460386264691097600
16094337641841510400
3149710318249561088
17393945856723412992
16577756310659682304
13924993840920119296
11104789308921577472
12388069150476644352
12744575272883030016
1928194784603433216
13275680450499938304
4495502909057047552
16328734030150520832
9128002082030734336
11927902011044294656
4361670244382809600
12650985566323167232
12454604623912466432
12535817197746917376
17598709440639277056
1004084865771446912
2112266866218107136
8496267449187032064
10357489174164205568
5828790181256413184
14225690450401005568
7015218960781625344
10005893385940537344
3912103745113604608
2095087016383039744
13682898351959726080
7669304746993287168
2315441551114482176
3678355891540570624
7626681899964352512
3354813945828660736
11791259549666260992
596396480422796672
3286485074209987584
16499568271264886784
3742008107338531840
7200598111685366784
12902133720729700352
14404425784436520960
4338671772635581440
5457454508121271296
11633227645180139520
10161155835820054528
2948292187063700992
15861629818179964928
74961182888296896
13384520524547328000
11445513459816517632
5945029337114878976
11696923509232257024
11961606163080220672
4351220309208378368
16759881723920146432
431188809095935040
6137054132540132352
4730557519525110784
14266727870510407680
6639579451564357632
12945724639889680384
8737904897668729856
2801777107084253184
6072938412430147584
10009623116318973952
16057407305557942272
16031946560914944000
7857699888619707392
4204647289041012736
15037757559752255488
15503648444891322368
6288864173124933632
1249158534488382208
5001449246587363328
565013156047839808
17033527810948726784
10101135151038797824
9475769825466017792
12570678493123319808
11087289593042092032
296194083062344512
5470884283408046080
829696752965442560
9813641752946276352
9506204645593430016
3995803302138155520
5260445990408551424
495311596940165504
15575860507591368704
4112901802967941120
13613691442661595136
11990089962993414144
10736634665589000192
15821660016100319232
6074941634937921536
76093099346912896
2230421978250735104
10475042513701812224
11828233285450407936
17009615497441615872
5161597720825107456
6840390994014569472
6702687756336707584
3084279415168548352
7520700655709411328
1100374836947032704
18297041044400560128
896338157076083968
13688004318332205056
4350602490139211264
17005444364848455680
11160006988021663744
14374116711995856896
11983959794559744000
11660878858605807616
8195293314507059200
14503447928752648192
7496368571312113664
4160649157498075136
5688769851784960000
6692523509988898816
15948271441632602112
12773690532732155904
16858925826166274048
7623659058247900160
7776659295413583872
9412146359710609408
3301024292949547520
15803910739252465664
14831112437979897856
10659268430764371968
8148481056762843136
17277979453340579840
13548948723354470400
14393230263374116864
1854573791593802752
12581122990717136896
17320856395027988480
2957229505259032064
12945354053891670016
13133530456786264064
14533907375342876672
15473855087348017152
16596470616484671488
9484466631027763200
14333608724272130048
15607698125756934144
10297598462436136960
6216833041953692672
17947435490992429056
1486769917153717248
14730552932274642944
11052160243911032832
5309970678408138752
3985355627900651520
590473012134167168
18267356429990782976
689972615280235776
13532508296376328192
11778846761627555840
2395752606720897024
11087431982786152448
13241346032748226560
13362315847474583552
14372460529063663616
11593702005770954752
12767192242121699328
8450599563388780544
362509709168311552
14548340583987757056
432648184642014464
9788919990857725952
8507976026032244736
5866907059184626688
14334975936404697088
10330073434013777920
14291269031980916736
11818307108982077440
4658432545521600512
14064701722254170112
6520203114605622272
7072654270213918720
2150316389334690048
6582240339986454528
393080415610809728
4445836754791629824
8863003301881811968
8006026013820363776
9488241536000550912
5039676041753281536
8497651890276784128
16703308771617226752
15266286718337499136
10806684301462745088
9090290958110917632
16258404093631463424
5717897661860895744
14118538560884985856
2012799074267202560
17585415549396443136
16455688463713032192
17540588260947030016
15791902957626347520
2843191125218480128
642196373646277760
902087758385021056
12335204617648091136
4312828848781446144
18003396942391949312
8244885130594235392
16773777810662191104
6526317170954549248
2606307340084407808
3374280108522259968
10868741517391230976
4270242395312980992
7817532811891377152
10620514437818204160
15625110847996798976
9593886601918670848
2946596412691016704
9317173314410190848
16681718262357487616
11165699043368017920
14745094723556161536
17759804236816027648
1821922477491159296
16604665689982642176
4118543300868180480
4150866468651224064
13129210513781792768
6237972762549115904
11303298412055601152
16283559603922378752
12109897873496840192
11482675504623990784
1190352239333422592
12052134096160520192
1202004719710792192
11493411357523458048
2664755271020946432
6178095164726611968
9167679068562401280
12361829995270141952
4513929843677863424
6989390578389540864
5892513811490876416
4828803262255987712
16777480320070221824
3723491011222241280
1277546727093367808
7773008837729925120
10690835973388544000
12795350565755154432
9300445621905131520
