13959000124994736128
8050236419951250432
15868947515676641280
10891507216131448832
11319796158516064256
5517328691898224640
934662835235763968
2230331555600007680
9940372020373164032
16653853798446854144
14569446974801899520
16655331822182244352
10720230591627964416
1343688832634800640
5472620199046891520
2144936448362288128
12632970960203591680
8596281332545810432
9078788147077607424
6437161254484681728
11735207961884325888
13970216245303449600
3707915627787417600
2426921490188178944
15928033458152708096
16876477022207320064
7154048728110742528
1772107335716748288
17851152133269403648
3746867051588981248
9326829215144691712
14703234181056780288
1683610366047624448
6623514107021829120
14086444031829071872
8470155654220915712
8957344050289679360
8623074680954951680
18305244089086382080
14827881690762315776
4224927206365594112
86783332583235632
14665534759570399232
16239635046693052416
15303733555960320000
16868175763136421888
6698147336764536832
10376737145182126080
10213464800862851072
16974170719901016064
4692105943327998976
17581215050495815680
6443436725751516160
13296562118032713728
2219345730674118912
11386383912344377344
12045296833097043968
632229439729366528
13519099743727538176
2458701207459592192
1131388907417861632
7576207017503773696
724329560488018560
6654983851437150208
14146567445049198592
4348375112335885824
12010369216203956224
3972584330287974400
13171814405505071104
12629423307160004608
9114382012649639936
6914336622883718144
17332913684261017600
6973479151788426240
12674682939295526912
18120032043559022592
2221279526606313984
9902044099677501440
5513672251436496896
16532223843874258944
3916910012531480576
2209307969687717376
9634925342406467584
5353237909824652288
1405198320562936064
6190034372391768064
285663912183423872
7809285999638721536
16886352036245055488
15727542437824425984
12971429416518463488
5818412424660844544
3455787253787174400
5254087295360373760
7258684425425867776
10523005992353310720
266660027364777952
16450666829909893120
9707644296245547008
12482153483023171584
11436972637056227328
3900258972596985344
17823495558324842496
14188294495517487104
18334534596531959808
18064528976622567424
3964078809339384320
619320239839838976
15890440013018640384
6398608766234690560
8279770154693558272
2523328538019522560
8913613893916422144
5347418701337752576
8704882560760351744
15817791777512775680
17131152910207275008
10780438112471767040
13478881229341675520
4320773500232074240
1507665853385666560
1059883592142245504
10377348275611619328
15656367800261572608
2110459400087019520
8726667997907203072
15737741222542499840
11797446148115447808
11128251962880942080
7868295423046759424
8067330550573919232
12829211174465677312
418199776858402624
10605327211664979968
6059077661838916608
729686022824622848
6236700117658376192
2827105318780107264
17054785164884498432
8168936266279598080
10155799740634998784
5325577336210180096
3786563909593642496
16821991075630565376
12226624047217352704
13090499771454255104
11634260142895364096
17010587290839998464
18168939115438194688
5596791512130419712
18114187731367211008
11588112936982777856
1240653790478706432
15114371542336458752
16626302434532870144
17486602490081269760
12824949989674811392
1396094182509802240
16876721265591670784
9139542318343063552
17131372433648648192
10288408459549898752
11158775765546491904
6625954800180921344
15144652858522855424
6719831333675786240
5109038728345167872
9278999971590082560
10648637671506352128
7202759264784967680
17606097974723401728
13483666251811418112
7307176118670452736
6475080290119829504
676350819875785088
3672971263213436416
11567255091902744576
10531739089868707840
2419724059896067072
12330858208338159616
12741029721686147072
4924905775666309120
3267439138655609344
6666572301857816576
17743143617797474304
1753098889869995264
1328935777967813376
9580887184556099584
13124157495862732800
12209999050396086272
9440267887373033472
13194040935214559232
5170370914867508224
8780162809537510400
16293802721127065600
17339651902067263488
10265082098164189184
16507157859818498048
17034524993976848384
1703168774690310400
12867618449858738176
2368559459288351744
12213946284826636288
1075112455283087616
10388809246913081344
329447991806094080
9556354333523335168
6580936177105248256
11925815732746201088
13774535447496951808
7751182443944233
2617440003112545280
10190776485057875968
13877717425601611776
220662994046865920
16578939317817679872
10670633492420403200
5402394986253996032
2108323384807892736
3686141441252494848
18015247607905822720
11505273334297368576
4044927699204302336
5085293315025099776
9796700787171717120
3955621851836045824
5247107160872328192
18415280634502404096
7717540366157157376
12883751289810649088
15335138260993871872
14333320223819634688
15824139916209524736
3108204834755095040
672958016459273088
696454291309722240
763299002905442304
2139371967870236416
8313882590037871616
18173265169513228288
8989717758762109952
11666247889539067904
6235509462708889600
2992323194098977792
9900847304245534720
7353949672373552128
15573511390575855616
9843422096874713088
16061640274228123648
10946913139289653248
7539813461115071488
1169398958594807296
13909196807935195136
3730526198856703488
12403528045942589440
8897539629148142592
2658802357764362752
15049708350776887296
3421327785019088896
682075064409442816
192471462607898240
17438833005868445696
2498281770017256960
2112127297351048960
6760643559204873216
17168187423940487168
9333017763762499584
10675213291783802880
13245601229518309376
11146450686961844224
12557022451883362304
16971465408582193152
18006202292914737152
5644008817561568256
7699997392592066560
780556211455964544
15348723261929363456
218614252610172992
2458551902519939072
1970329184851760640
2008464326485528576
12292705600611856384
10472205785258090496
11016622358800166912
18111157924952901632
1440530101753405696
16928901524988803072
1550682157342429952
18118536143197405184
2420262563781522432
4688892396870053888
15877233710922223616
2114764927060109312
11197319837965795328
9254086017987944448
14154060094281627648
11653319102579277824
6726849292300727296
7675263248836401152
12613737628118749184
7109449643363849216
11543866087780102144
8907000579637692416
2109101951556229120
11106853816803393536
8791335017400977408
5814871357490056192
5389452016610895872
9577597160160788480
5651197906874427392
3892803912079454720
13560778436634789888
15996154379340580864
962221493474915584
14790056013415004160
8116930866127781888
15139304385882691584
16962335938913157120
18422844167372007424
13604377578732369920
3622389932187006464
17478640056842405888
4154742696872376320
8599101182380155904
12670902036891260928
17763548570318794752
10115410326973612032
7789940209338429440
803976847684781568
2254171190686199808
2297237593583380224
18392177342511904768
3761326899548120064
5731494314521501696
9940724835695861760
7088211294491005952
5968624329620868096
18148013165397323776
5763769946468238336
2653254526236732928
11626076271030704128
9281368311607701504
12517381349756002304
13170583738052155392
2420164683582510592
8181170040821096448
13711676617368795136
6131858081877985280
10152622672024721408
6465534236466401280
4857100112312631296
18206335989908334592
17579051670970609664
15995655797244907520
14682068446799939584
14205784045962799104
14903449227893198848
10805860455263008768
3979680837375623680
17075300329360238592
13698707361156483072
13963199662010181632
18405156206076344320
4165937511520074752
14793876836314056704
2309041401370550784
7952735268782607360
6987455229675761664
2934374766970675712
3739139328566837248
3251489894874285568
7531363026992074752
7505807190324297728
2922480717686928896
11533658008895053824
12933757131561558016
10549892726895312896
14642087342999889920
11905896517344937984
12033688484246624256
7429220391424104448
1939771492464393728
12579207919953283072
3539470205482535936
7204211661098432512
3009749281229577728
6239887779312757760
3292594932783580672
17867242969016084480
17814818144951758848
17248612118350495744
6393000558555629568
10278595132187691008
9310387075151448064
13255624082957082624
595376923807488384
384527559831279808
11908827154664861696
13947910477632571392
1309548077602585088
4871407539272272896
11703626250539866112
6685217505049088000
3984313235519913984
15769611348257173504
9912771602651359232
5389108427505402880
308587560641543232
15436418045425784832
3356414474354058752
9127441445429488640
18173672977655683072
13592425593442183168
5496744551293722624
17716460058493876224
9204626541118530560
3846189663137601536
6747141789416053760
7527412991723130880
7279582723230470144
13393366097687597056
3954753363918594560
13623668323578177536
1169245248582580480
9495477590431342592
9825241757342808064
15681855409247086592
7962472671215204352
10043785048323778560
9767512541687756800
10700974657259290624
2097517688104966912
15480256260777779200
13418441655752179712
8027896101106055168
1698300877342742528
5475931115823294464
15239326970859259904
13389149366381133824
10534909583109001216
6146770255457778688
10975252974908977152
6685642242343419904
13014070494544521216
4043692315814427648
6430836581172718592
1505923506705255936
9378914934348351488
7846121648389411840
14019353851906914304
10867965988253837312
16566456256446973952
4959533248771780608
16590554158857211904
13307039476045123584
5544269559021734912
8930507126201240576
16999713550671095808
6232390713332902912
5412417460893664256
9079199036499366912
2394812020065076224
2406932405462380032
3240771403585293312
1049797112838179968
4247005505153647616
7156123914953304064
11554924482204917760
2647506235242612224
9708277727267133440
15213743534253721600
5783305768327512064
7018526225936563200
10128928936939241472
6309256143249532928
3574309167871079936
2613036682874135552
977148327378826368
2470436383550470656
4818001485141686272
809231261337058176
14820665208949882880
5527325911209615360
13490497575126482944
10720876727313559552
16936886327999897600
17991094823906539520
9418327193621706752
12387482459653163008
5076953974525072384
10873088807859486720
618567928450186368
10222861506695587840
8180311660504434688
15352079324665098240
977583549029285120
1692555706705786368
12075526129630928896
13931002055730489344
17501667524724426752
13507770964911419392
14787533263089569792
17344712752749281280
14786829696231704576
13773402423769812992
901368575126614912
9552641415674617856
8472613395833767936
13831119777550055424
10313354191927414784
1057836104254916480
7253052640124030976
5416623491796141056
10532397570490656768
15419667792885364736
727601114088643840
10589696628258766848
12764762296569956352
12018315334673553408
8850444044640660480
5442425079190958080
7224680715764563968
17779147760010072064
5821695218914845696
12843578619626436608
8687290848170809344
9560591533170706432
2732198002400025088
6196951530775538688
15754725462986797056
11072751887074060288
12129980294780643328
8203182790017406976
3175244017583065600
10584059442186117120
18192119461973121024
13302544246200391680
9567152312445495296
9679145704544722944
15532064943894714368
12956780536652054528
5020718311770743808
15776001185483184128
1601198221538418432
1705258122358012928
4110494275128197632
15246358915841138688
7639231785170035712
15614489654665435136
5194397083840870400
1285277753096987904
8026296056104296448
3906699892580133888
144073863407787632
12236656266447867904
3404003101644948992
7572625845124447232
9282975075078844416
15315620861796931584
6470502192614244352
12002959330200082432
5455368737027126272
8903384161704505344
18060377889364008960
13760174084677187584
18009503453640433664
5275699706354204672
5101124773603513344
14056195528433494016
13434762959728386048
5847597226041635840
9269910338322206720
9386268319149996032
7967095094848489472
5534197944106383360
2990901475729723904
14732795989101408256
1605070248003832832
4477761110750720000
13528725780218497024
12490800701192515584
18378448323912845312
727022621585741696
8582953394259429376
15871870029548236800
2051797388030219776
15719010211168536576
16566561023303612416
10710087830019141632
864310740329543296
13994957807311900672
10781367250928842752
12904420583873095680
2489844453797300224
2200993095715888128
10742750179531708416
1281890142283087360
9692882051920553984
3010215186745564672
13507970756347191296
4723861506465833984
18233639163216820224
16466926493113067520
5841046892200057856
939943874250420992
14785823374446827520
16981442169235290112
6348468306673317888
5002272053985943552
15258832057463728128
15762690097444661248
8973592919468598272
6042520947557207040
3445785252635673088
10320509852206632960
12963505698909734912
15289074799147630592
12724532014155522048
13367884803117242368
16622105989814437888
800643207532252800
10080065934298128384
4690766904392048640
7140868283010243584
4671414198003289088
14366647908061634560
6795235482827320320
18175928959125680128
8519196891464851456
11262194017239111680
15613841709190428672
10414630557209614336
1896908494705348096
7068017787600012288
5444564228374674432
4611779350740713472
16853371544768133120
10553973035194406912
15515624398740369408
384060079149139520
8609697121586262016
3119863488677057536
10163738452908896256
14002031736096798720
3787821665562311168
13386390082160707584
5856455660121674752
14412550026157561856
6314037770869683200
3481761870255420928
1758021125656575232
7996172217646211072
13162281205020522496
7580116627136944128
3655756485671260160
13722852498898823168
8232093908195961856
17457281313156745216
15487261602373806080
859927661246462464
9729299466030774272
7003181486430560256
4843065579384737792
2640277516117408256
6914053845528138752
5389804553316744192
13266136130351392768
17036602159088404480
3891582385007434752
10789197466127355904
9754452787448250368
13889164144096313344
14358381269196963840
6011492058045802496
1109136621339939072
354025684638339200
7987327235236332544
9910302639670618112
14086276728992651264
3364967667019298816
14091835221941651456
17227372217583310848
11131072581770479616
3337196789493715968
15880244679099539456
10623374403781691392
3072217105255907328
14485394257978267648
13207105314565349376
12681142850452715520
3254254070411579392
13519678988031379456
1686748429781469184
6380393536915821568
3568231369182879232
4622223553873709056
14106464078206025728
2945165165303680512
9242364849513721856
10367988263264055296
17739136699242078208
14822882708750919680
3847853028468955648
17923419660799438848
5991652749740450816
5003189846728851456
7902018274289660928
9821588228289476608
11937826079478398976
16746177103233857536
7827181753070801920
5493015105028581376
3953042081554761216
9864893264613935104
13892605750517946368
17418017276802332672
13580532863295711232
3918219800544475648
17041422583215609856
9448703445313867776
10845359134241624064
2419838435514289664
6200764973026855936
6094876506804027392
12592716249665966080
2768817277860465664
12335712652074932224
12991640897407418368
10349525295327524864
7485045441790468096
3736460061856284672
11081375040032157696
2953056237117454336
9009761722769369088
12596764901227962368
12544850610270720000
2398295033534388736
2549840885951733760
13874042412325394432
17871213216351709184
7225489239384621056
1858944386922192384
8801987396123855872
1605365764592349184
10043914091013566464
11756176975202564096
10081474020777340928
1738620796173588992
15374055593476655104
7860550523574078464
5804693046734028800
17035023080959322112
16413272454295029760
3390943609477312000
13244147237247971328
3184530512258239488
13161330082497005568
16946675605331429376
12634827892195563520
3436089913336449024
13714479825462650880
13042878819225505792
4652501975390164992
16685975415470655488
13028711873018769408
845497362530151808
13368946759694753792
13566085028145160192
10090259108406544384
4019591257376079360
332153475669751424
1298245401881104128
9627326024735905792
13530533203039817728
14327634999518334976
16661984658267592704
11927316363688327168
16687958121810829312
8287741931512259584
15525629091330928640
9268401546743949312
9772533792959111168
6586050370012399616
3873675749727004672
11851512014131103744
300069738053851712
7141250119043137536
620575296565495168
10258794651290953728
17529560494456414208
1960637976383286528
2514007912719484416
3772106326961859584
1890416740425542144
10536633793975244800
2349273921538396672
17804459360334174208
11098910349668497408
11406679469661843456
13202068325823219712
15811651960745867264
13299512483582363648
2751887287120925696
14557239789003390976
14989846113861861376
12109117983409844224
17583316206514106368
7846942521295877120
6492027008230411264
4204953473087953408
9295989771474558976
16162505621630883840
8649589556747980800
16152576922614904832
3522010988613822976
5040149836958811136
16678258560850038784
6559658607618497536
7631340708701888512
12797761158209003520
1929659038044140032
5804760420793863168
9641026208622229504
10844461440070598656
4395210894267347456
13627096184038549504
9987026977559627776
16791028663966216192
5509004772095517696
334734696003165888
2249651507871824640
9839201734926723072
9250972538591313920
8597979156552269824
16676079495978643456
11132078570088974336
2783740789298568192
15064508877187864576
13783515893229107200
17754687298019842048
18165086271130544128
5937194278719269888
16302300610171447296
11139220053912707072
6850742367062405120
13017601415054047232
1737990965834927872
10844195927372363776
6476632789850092544
17975845459231148032
9239060070785546240
1008579605856013568
3820188578193494528
4685782685187122176
4224386218218569216
2836706642335199744
14413845150153666560
10185107122011441152
15120315796844535808
9856759846233057280
13341519794132985856
11213568309854779392
13962691924095332352
884615095876034176
13597466745859887104
2407455369745739264
7832219679504415744
15959470592348751872
2805255461297961984
15732895296162836480
15168736469300824064
10737137890183159808
13977914320223082496
1563831853555739904
14604356021231773696
17899735097857146880
17071138178101223424
13583357428593649664
1465022924723457792
18236625532469673984
8208943596122746880
3463915575263264768
4964120568534679552
8218870788779250688
2229909808025493248
1852604741304919040
8201809024252953600
2553270700242538496
4162420283573168128
9030584728278284288
8298950112959296512
3793939414508229120
12906515464359843840
9951036746814509056
2045863520388913920
3327513221971750400
13321787728910352384
13125595434863196160
9202690651985432576
2552737718824648704
12421652337974407168
3229598579539871744
3920004336983666688
5554132623137086464
4870151934309612544
14216788191086592000
15837705076963604480
17708928367043864576
16187828028121055232
6234496864694633472
7101527344482447360
2865568992471164416
16086956089496858624
8694561698609113088
13631452365785673728
1016801583397863296
4548993470103752192
8159690746928500736
6452520132568889344
12771025563067494400
5296800531756954624
5509994161158332416
15161981273344698368
16640433578120955904
1130768619520445056
10022162075099863040
16521620026872920064
7981664219423314944
7619688509428563968
13972370262977277952
6304679676716400640
98729030639384272
1553512228714547712
3664108890452418560
2824568420563438592
9569373434916114432
18264344558173585408
12073927191053914112
12119080876151486464
321814813556368192
10883239772243343360
14555154945509402624
5565903674710795264
12376681592627738624
9706812986790236160
5730206952462266368
14311281546521370624
9934566650779740160
1317021772868794368
5267286720618792960
9635412554791692288
17830919844871993344
15427444032934486016
1179766578779912192
7009749852698597376
17163533887698774016
14944119072298881024
18262682779723624448
6134577828916757504
1321875200730288384
16896749896824229888
17868453022044796928
1585753226286794752
16074219793006168064
11045110824904294400
11169056767189964800
4872896609393534976
13103725301993084928
8275392218552272896
9730828076503212032
17678488610486069248
11647672924055613440
10380254492689747968
2585298867933624320
10644237782082768896
4438474577478871552
3235735932415947776
5172297083342734336
5906418881195680768
10863208939632599040
11861248290246004736
10988735660772577280
15160434039370563584
9222023238337318912
1423079249061555968
1117516900730696704
16587228022929971200
10054010630317404160
10294885594412412928
14803765640791361536
3251037489882396672
738066582555787392
7562438322045349888
7307670952059652096
5278144055434143744
11957982566839425024
15763043057562523648
4282172891326245888
1144653567832476800
17650315794061400064
