5080247062620991488
12497819541057435648
836304093366857856
16080052238042165248
12902533247831697408
11256630099669710848
4612592627335664640
5668586048010149888
1062047955677419136
13231648121404678144
9987813274151989248
41171779191778872
9940107618593058816
11380568644463382528
2119620977220125696
3693392905033035264
6875697403005058048
6644531769040652288
8680172556689142784
5984985614293625856
13656078663810607104
11797766350672941056
17737930459330394112
14281664711901865984
12245156777735979008
12429709385510893568
6405735546553815040
14315831921166651392
17332380677210935296
11942597525094645760
4749620216913166336
2439695040704587776
9289716513157038080
2371936688100943360
2695127939401948672
13866176297589049344
7724591827797848064
7124629042374944768
3671546969212191744
3003863269579269632
16692785968837502976
1714190750292322560
5768057983079040000
3417236959097757696
17180309819702513664
14906652149819613184
7886657767013088256
13534382714014959616
2529371619739571200
2617010041091623424
3547758771210367488
17294273745424715776
9322593647424346112
4863172590696931328
484577106696614848
9876502408992454656
14729560258976329728
881776030964829184
13682145550983849984
1247577282248132608
1865610223448763136
10898426992760199168
7776850926663104512
2347725231458681344
5804764464231373824
5510047810298152960
3623430300198852096
10430367921684828160
2013191736378642944
10893832947707318272
4092211113286618624
14224886620412995584
12499354502656237568
16600195088601057280
677060587109243648
6269757449511595008
9688723716284090368
11395396538978291712
3394256094797871616
15643952585902245888
9782892742881200128
12668725090183706624
3202349479249373696
13827811686757548032
9910125943803809792
7590239728010045440
11732571217097584640
1772458046519936512
13656478851072903168
15255955526027161600
1052589268683124096
6058955890966118400
12728489176466466816
2357470081361509376
2463231245535460352
14289619978520576000
6541898616930539520
12937906585573068800
11422236375759458304
6166371982035672064
2833636172049884672
7405678869408549888
11059829282849054720
6057510760850446336
3870555339899776512
3402579457766140928
12083094283079634944
7077527988524393472
11865579861865867264
16739347976181409792
16197924688262100992
16419208551787114496
9486265027470204928
172252845106623200
15520109890574362624
5509452098914929664
10534766636488452096
4978021031586001920
17364806674094473216
6582080490223976448
14683765205482260480
11574234464350222336
2095061112059247104
15436161197417900032
14543672532462897152
11177688657845127168
13884611665780281344
7823955625304477696
6138742405813419008
6493164593101665280
17427142859803906048
8750042471717586944
328828263134116032
9792025354844594176
12228236308120190976
14181825459002806272
15751373235676450816
11901550759026919424
5590575216839088128
2183046380817325568
9455426754749884416
6089408307924269056
6324964581367419904
14065691814571995136
9722233286227654656
4739393089551993856
13231055498587242496
14081459306076594176
9995935531726882816
5862402990897175552
6527692695190815744
4971325153826851840
2659957641906188288
4836246517329810432
18360361560141451264
7772461250526146560
10859311261772847104
8441557081440370688
14822399636294037504
9857086846269345792
4463778885220559872
3511315164115299840
2454200223553927680
11329820818903293952
7579490320367689728
17620933215516364800
14239254126339461120
5427254915192815616
8910028894078342144
3934899093112076800
16652469260285138944
304540416653500736
11563899643728277504
2494883260731766272
1230564940940871680
11621007563174582272
7765793945615642624
8777539402186280960
14279863236248027136
10826479160732422144
9826164552084383744
14655990830671132672
8046101358564477952
11531170384353103872
8578722293389983744
2959412959449431552
11992959417828294656
17162911839981764608
15391274131971948544
16301262639267829760
1009269468946938496
4117669653324054528
10583589556511954944
11432600217354633216
726273836628726784
16317172641322563584
783673001097481344
17648264599858444288
10590528268244156416
13612062620514058240
15167373943407812608
4721641610651920384
7141232862040859648
18068644623268257792
7147971167748456448
1371865889623671808
4276882617743599104
3619308034869777408
9359142173513263104
18026168211954153472
7202464295032407040
9779457676232155136
5759596794647571456
5399571195085928448
2787834431279117312
11318544804314210304
6643520084384458752
6790488804638023680
16847617101379006464
11305991304108156928
11574887781498132480
13926627703707957248
18038744555493373952
10395951968663560192
15510242861448431616
11252127363540760576
4714901655937167360
2103592565890152960
4376142646733744128
4909639835642470400
17274087894147782656
10348935744078301184
14192018244931532800
10089571940686278656
2441829440477687808
1862354005963394048
6446694895223586816
8009916440216280064
13621297871425273856
7504442785384237056
12486104027524900864
17049518407182151680
18349110215513278464
14570386379877642240
4491920203196551168
14389967545688977408
14283395534870753280
12391504533463029760
11960090282342582272
7059067267403657216
16472111769824243712
18144494628832700416
10099711555035932672
17858403969978877952
17323785778212089856
15687497254008524800
15041952221580605440
10426069222268033024
14472106222511292416
6888531105741975552
15050551535620941824
7035788521932484608
15642977886290655232
13108773201169618944
254549614512267968
10544933440139837440
16170120237453363200
185752938013298656
17311405475641352192
310702319927945920
9673998808380282880
2582481403379873280
7306136226015551488
7276675741127005184
14550307097049487360
2677016485278459904
2347342046564389376
165999962786999936
6372489486141841408
8452550967325928448
11168147461590212608
15007907678767511552
250423689468655104
3821763059964315648
6743082566293591040
6915033660805579776
9626964843395829760
426956497368572864
16215341010387605504
17787624038010535936
11508577738591719424
8588010171188200448
17890403257152776192
8636610742901583872
11097934633217218560
16892482869150210048
12007480134487214080
4383692541605930496
6235326505344818176
10339853808423264256
14780524332951877632
8374930269591781376
12903298267811866624
11683828374290898944
4460889297233409536
4519067740370711040
14364950586109919232
10849005758479114240
9428682801750233088
8611579062690643968
3401137822194010112
17220873009308016640
5736762178168445952
6043161593956031488
435443214926309888
2883716574016441856
2666597516015303168
7177801682943326208
16266538593265551360
14703832288823920640
3817754224984586240
14478151334653792256
4614700959286538240
9867441253428834304
1486614897322486272
11471658786664439808
17845352640342466560
11889043384358866944
5129541889815072768
6734528110438164480
14191258044111966208
15721526252381958144
3142795026694056448
8714196998791832576
16124408091315429376
1574206169565203968
4811497206568439808
6868102996387838976
11443928183860484096
16092784614387122176
3207028001145462272
3601797542817537024
5289994147441197056
9819433490317729792
604744359253916288
11872664057278668800
8814471589934004224
11212047169989416960
17878980292114821120
10214998384585267200
4992353383391494144
2182228293425666560
16532793801839575040
10404250522540398592
6551301448375902208
15353584378869614592
374036864419310400
11256998989748258816
14637367901431197696
8300616108096692224
8981767322527031296
11351843490138185728
97570857209689968
5282799814726467584
14369752236184076288
8075359424875951104
6693205631192428544
16444417950888464384
7183341349987412992
11646246507387834368
15496920941464983552
16563263505063659520
15353589117125169152
7112680262560088064
6847427215207833600
10037580822298869760
133780593530378240
1059426307909718400
3661239634067436544
4105045855093485056
17189717662425182208
11033029398979385344
16018615794282473472
5793916768652047360
14224091575742121984
1361531596403834880
12981168897295755264
13904630075722235904
2835649142866845184
269350839056611424
2751907644913424384
15141988229750521856
12555559414125641728
3799721081461952000
8914553558045804544
11247606403574435840
4089774347173542912
3509029843600965120
16777746551180101632
4059292956471629312
17867016558101180416
11463563111771971584
11631592601460996096
6871973048604737536
4649105875906819072
3975533622943556608
6620445497362447360
11649436698238271488
176560636349080256
13250878073417555968
18278289719376807936
2829749270707337728
8828867567390007296
9866869607516692480
9894131233500766208
15185562136697133056
2423268661077538816
3752756354924020736
3974983877677671424
9297577123499466752
12623392698330552320
10803732480933316608
2017275742602471424
5384717481156777984
583338339484900224
15757821295695421440
4038851548816049664
6120145827668639744
17270015521739147264
9017683482564113408
10483955667946420224
996690069491976576
7400306299297053696
12850247017190879232
166701588314088992
3471692453816765952
1946548847698302208
2992406307577750016
16378814882323456000
15552499649636405248
864908797700511488
7640253821161781248
13806318316887322624
16948586765464164352
15054513319484698624
9702589307545434112
13015765610195517440
2193058509558572800
11118676409681455104
17227180970567667712
4121062665617057280
9193416024128058368
9514435002984108032
11423327010223554560
1828517288685062656
13848150463952619520
13168365226457403392
15890318420514633728
11090926272070488064
15466495308501635072
16950880510699540480
5057252611375006720
13889177251373322240
7344964416901483520
3837667449008731136
12007780931799435264
2412284470739053568
16440668583673907200
1471843117420001792
12982142736390223872
7610639767276026880
16799630736584507392
3456074920355462144
6965093218131441664
14416491511200059392
10107048805949452288
7632265102878891008
7901858419020441600
14483445276403654656
8570155228380155904
6391672386851331072
6327568620564197376
10579080141829206016
8630990664018156544
17725667383962257408
9613972495102818304
14234019802133911552
3764025069187968512
16975512016290545664
10109212892555239424
6880180897638131712
2529862383512710144
557303264002514624
17434044559078383616
5463508906030136320
615599414946212864
1548211732517825792
16639207179697518592
15213378414301571072
1883040091153906432
3011360260329467392
3955858044404973568
9348889850045220864
5581841983435204608
12939711112578502656
546336422469453248
14682190260537602048
15943230432536045568
12169464398501085184
15638992763720011776
12127849651406682112
17786348359583227904
14174328246832551936
11322685779541753856
17646034500279154688
14565793501893654528
13454961732427526144
12494643548702003200
8429066561164613632
4622183975198407680
9328628766268215296
15950212513634590720
10501460769849683968
12544276366783551488
9662459834736605184
1670841697324109312
418262924594419008
4061305453489795072
1248087669233846272
17892164031635572736
16833951149829054464
11845121191933423616
9156090484005794816
4181140818264105472
7430816736858943488
10493346664346626048
12080886197238032384
4284255093066086400
17501324786178189312
15391392790827120640
9647448335855886336
10439144733801070592
16092627065699028992
1534886604407298048
11209161764865861632
11876796410782140416
17775989691471433728
8939110927556310016
4932400067607910400
768063854170149248
17010908056777129984
10567862807464159232
9408663602368442368
13957338441462693888
18097543443751700480
14393490152265168896
7899464859609608192
16577875994138310656
14211601976550293504
6885105468595725312
2270691800350831360
13528019933879687168
14053063633140146176
15347288720291553280
1710083750895986432
14256696648054796288
5801013289915634688
5743686671898320896
8668452070497126400
1945680575994232576
7378963587370362880
814466677657478016
7228131445877379072
11100348740128096256
3403062177748848640
11391066880810944512
17309435424206903296
17422887357730996224
16339772694958387200
13127384163668344832
14423254062762579968
13505495768523456512
12845759898249764864
3195261541960927232
7770679612847510528
3721099534451708928
6607061764822912000
11404750700646545408
16823842959740624896
2933815864746761728
11767447745984641024
6393600006840695808
17118078862105296896
6091190122954056704
2918970557730000384
15003884913182865408
3560391622875267072
18116071579280553984
11564450145630537728
18246008441796132864
2334496419450389504
14983901266782339072
13087725114781427712
16760295630996305920
4998908221895337984
15746696332654706688
17452240714866438144
2209188764899987968
1875370248706413824
2055961179884558336
14202151791008913408
2709160467172813312
4542189928300217344
2654067719306069504
11844213984768876544
5895205717120199680
1838161123068756992
11454231439806521344
11469825240919736320
6448370673939829760
17063081835730540544
5618454745705312256
9337085568383170560
10816928896241084416
5403826821859784704
17658030372397125632
7390093224363630592
15905205257692821504
16169407148368556032
1602264078697648128
2997911413919037952
14713228485104556032
14645895804051509248
12064458023700940800
10042132457702047744
12582954869169721344
9053721362905178112
13294184678494230528
7656812837689332736
8168998827064293376
4753521006926052352
6633955669224525824
2885464170866744832
15620229821814827008
17251573941287065600
9734311846968090624
9970236593052608512
1710644246932618240
15066491562463606784
13743516885069139968
1519746179130271744
12129701036241152000
7921251632635789312
14969146244595331072
358946545505699520
12223116338643490816
17852664779292794880
6376478447057315840
7157211958692523008
15681750380297361408
6452724475856587776
7060202594879575040
9398043345006663680
4290204358271365632
378204445232695040
7599652900408210432
6437577630290816000
3741733880979961856
10192398360650362880
2805224699697128960
11168377785157892096
17563703178036393984
16312251226357823488
17036171306035275776
4522209287618934784
9842110511910270976
14652555939988373504
2657081679530031616
14267212868598945792
17287661394911309824
15729877119312605184
9234876561909161984
13840923988096153600
15195279353571880960
6540835684978306048
16848378426583246848
13430447935956881408
17186870344720353280
9805451824400429056
17342481629501026304
8603270091711663104
4555321561839548928
8639912766782290944
3963338363902301184
7455421026849555456
13215691934743578624
15171554330510878720
5612259057275594752
10814189487880153088
6139156859812433920
2888948466951514112
13317014132537163776
11735128607641266176
10342060089647484928
11348341258074482688
5593479255617223680
7616279786565435392
15630060721403867136
15165194178120308736
8963117134855289856
4725005816110486528
10600325954718734336
17804159467322675200
13682982649685850112
16558268876594558976
645399523322404352
6464774391155450880
8029335255680464896
2838971449556163072
375394578259540416
4788287647620542464
5049599802594281472
1281286097320879360
5004394885616885760
3642567957003825664
17280640341825179648
2700877451786871296
3525238110442270208
14964822305396875264
12266622786413846528
3388954123369224192
13023476694822520832
18113333942108858368
3212320298105063936
9535936540823812096
11909370762934276096
10994303906590679040
15013145342943379456
8908288639322807296
9207747726776028160
17633461219427033088
7028556250350052352
15381678961092990976
12315504280894341120
5605733559506221056
6032099603065456640
1898292197952746496
2051749393723488512
3698320944030596608
8047911560008885248
4327050082255566336
10815028482090033152
1313747242055565056
4915990008800721920
10850659877776125952
2156995391259747840
3792436470599116800
16848943670257971200
9992285867688157184
11961689177280382976
12972265312835956736
10278322313596641280
12372980236586266624
3019724274454718464
7469016814986911744
523260497565423104
15798948566725427200
5196936550067011584
14682471053410177024
10131887563131912192
15470325121675704320
10432010757169893376
15506769921227419648
1716484371159749632
11302898696158283776
15702741723503038464
10819963706877564928
6218132460265574400
11689764858349903872
5732231259018103808
1756378991395878656
5459522189312478208
12838877374949732352
2270778627277773824
4735635365151203328
12942007367604461568
1572309662617038848
9001227235683059712
446791961095232896
2134864693232514304
9788030789228756992
8801642458843296768
5495293407510619136
9930300021006917632
10436176403384412160
6508156623772166144
6567091700950825984
7263969003969751040
12743570755655993344
10148620183035664384
2237114706120118528
4020218942851584512
9636560434114572288
15176217833926891520
5058061143322298368
7199326761403777024
18021479438335043584
13157194086392655872
9806476927015927808
18398678960294053888
2101080575225108736
8416709604771102720
15897111324645777408
8227749078445701120
3990198599181228544
12263296498482393088
6764403703912134656
12127452484103520256
9880236688390182912
16178461344506929152
11590715581876285440
10605303425994637312
487425436410532032
15479132036417335296
3243432492121448960
2086428996383102208
11045830282806341632
13558864491244120064
3711200002189297664
4273056276938950144
110023188712996976
8128430173157880832
3261023075758891520
11121279311368742912
8037849505374179328
5783836503846870016
9117949777529403392
2596628769992619520
10270987874547281920
14257876874729652224
10441874010976581632
9252831110997180416
2309536791611615232
2833495415202319360
5409168695788412928
17181029004752803840
16253734296386185216
14331078659340976128
11504037977860571136
5890001600866857984
10801707014137124864
7393349437229197312
2965836124566687744
3364223573965096448
993548677509805824
8408247114176446464
1649685044840307968
14068183013728989184
12468001742629406720
11769157795371823104
18265772925905872896
13580738054951041024
12952374121452298240
10449115734497775616
9307653844561524736
7687427979961197568
9800107360360787968
638365064176457088
9569101129050904576
11255187807631947776
6468059468262820864
11833511725986496512
2834890523062496256
16691570977922105344
145357815301370880
12030527697426155520
771546131096246784
15798473279518861312
11305404226108114944
17125224965983152128
16684724860359596032
1109408546482132096
90624273406292304
10533466723987517440
10013773451866034176
10750217391788394496
5599412421666729984
4820706306194077696
9458499900546787328
15104207462253242368
16701061967078799360
5512643354981474304
2420232434480976896
15746952905517205504
13944427080758284288
7156415668197856256
5865676400427499520
13955797247058135040
17338464130554091520
15443463966419499008
17503191816004218880
11168827701200926720
13589664775213076480
4553203795301353472
11183506281096071168
12223270316869283840
3034556861918862336
12684744244691402752
9097179001290264576
10714766535457615872
14985815137668399104
3916343947846978048
12088881139565123584
6888760995524805632
12292339252765939712
8729237603081787392
16454449470071142400
4944786403920309248
10723207119891044352
4323146363609845248
6835334532171795456
15960610346977665024
4431348514529515520
6375294240700131328
7966071204589646848
13286217355422572544
17567876972413986816
9455569316082302976
12529580746917894144
647081008576046080
5957932190086739968
3062733504332708352
762027988900913920
4076131086061426688
10860719005606690816
525318209449216512
7295139668597321728
5751437799455771648
15365584888896051200
18416959133544189952
11391211975947173888
11736100259549519872
10257175693692770304
8148958954787802112
7944647140429409280
14307943564459319296
12928184843461660672
11873878183598409728
12145568013836818432
9334151353562226688
14796494409617688576
9359457341140373504
13896004471757111296
8117794323637840896
18224711140062541824
10873032784927643648
7582220073600237568
16031046360817866752
591749252751485056
8353882900956983296
2284763019510072320
3530196888602868224
11596339334826823680
12942142521658587136
6328656604730641408
5176727900988412928
13553482284168550400
7842293478071628800
5268061687239943168
16968520548997584896
16782512759668119552
8878212055946917888
14806896909737381888
11185004173290708992
17564333427206309888
5276509649112442880
6419372806784777216
4436887157630893056
16889723427501799424
9156954074055047168
8424724720796057600
1926823503556668928
7241695720266569728
9733335596426987520
1559590330527208448
7813920373329105920
17306881831407140864
13637138684909418496
4722791236920108032
17369177142650679296
17924640642715312128
8831399750011244544
16141058283787773952
6039862999188909056
4589729575000804352
126140423781836160
14188872029398292480
3827526765571488256
12413715538585573376
9618470500329412608
