8424315685359762432
15230614086522562560
1807921625366634240
6693372021793466368
11479903632791259136
10383798919403671552
1360567735324968448
9284155123798749184
7500665928507513856
637693466478279808
9561117082235691008
10395266639766423552
10050719297116313600
4764717579597009920
2346607048439055872
15615575761468217344
7619392911262570496
7053204925758217216
5865852637287928832
8858299803902248960
7769286137362752512
12635821284251148288
2314454359879072768
11269847481532717056
2368851935006735872
6918955244301352960
4439239950990084608
6840794483180035072
13147911122126981120
10770368644292526080
17085085078014494720
4762108185277373440
10175647820123580416
11139942154900623360
10170011954090164224
9526555334040080384
3685450642458320896
13083761194172925952
6713658197651810304
8295123835175222272
11602040098785998848
13189100489912446976
12428598988928405504
13580466489017796608
2109679591194776576
6765321049666549760
4739710051839982592
714717590382438016
17191821448743747584
10779309198065678336
2580255715827806208
444556970094803392
17565486918616909824
741469552080223488
17377267063767099392
12556909373287516160
3424168593235446272
18184812445238142976
221047438319892960
5355603325787732992
9330673973357600768
14842699285803333632
3067095972512624128
13330687837409560576
10126898833343516672
5313575392415247360
2901490611516008448
15944051293276819456
15968562469895702528
9651665316112216064
2266790552329200896
886506831729106560
907657032410238848
15577578961029079040
13902973702525218816
14148943348027947008
10292318965449603072
9671471534393380864
6083395755792591872
1960607868183429888
14841642003960940544
3072206291292562944
2075408489804241920
13243422428142264320
12639150961496733696
8676286712909147136
8356478457275476992
15509322387271755776
15722413754163083264
17198426585753309184
15132012205826658304
14215931346852155392
16708212204458536960
17321667091356946432
14308978005510502400
17961533861985863680
11963257941809934336
1398079837397384192
2939088932173819904
5922250397789629440
11361749650960781312
17318159325401980928
3353757663344354816
403389037421641984
16163898705668438016
11181508498585911296
11368263619767324672
12716434605066960896
2691388993763109376
3284693953039560704
11405177272454586368
5078283128979619840
6718836202516037632
1234976005928873216
2230407109313856768
3632168632409878016
7713761675952428032
17885971497270980608
12742920920623630336
17199577990984488960
11433560538149042176
13859165039271698432
8157086421766932480
4566017411679429632
15204092159536646144
13280350261874323456
738592801825472256
11031855493011941376
12275502530183901184
17497919691935434752
12724270708008429568
4993761462905987072
2278804397433361664
6884239286800007168
323823512475304128
6351477733493017600
12326792617101223936
18336815706655797248
15327412430497026048
17061233606498514944
1810470535226294784
13388625032170295296
8720883985700816896
15417186172136384512
12643403180605089792
3511343242919613952
7678449635460746240
1888298658219495168
5293067901500461056
2773902805044545024
3739171707210134528
5460158382184788992
10912463140728614912
9926304784309913600
3211163477302758912
6422350322397214720
9695497376045426688
10119679143691184128
15939022127290951680
18433280552889530368
14711203644075538432
10530457617319223296
17927254217629339648
16697860197200750592
7307714764989258752
10560225599450572800
17395368622662850560
17851000899386275840
2752290833509037056
13389623070486734848
10356937224996454400
13066422047070980096
3097148713362661888
5064301858985318400
1506934643853198080
7204119046327453696
13840782946051422208
2279088009889607424
9042301749880302592
6055245469750102016
16388545614828888064
13999355272422416384
14643662930487394304
7788672583326559232
6397417812511095808
15238822384398970880
9841897035876233216
4932300461565479936
7367994344628504576
17861817359210168320
10540253126774824960
2353175679141450240
14702532006304352256
752589535572249344
10192253078672732160
17221871291125164032
10323538851298134016
10350476937958354944
8812343873954531328
4742430176006660096
14385106277664616448
16463631205633310720
9776780361704669184
10132694648247701504
7043092889304278016
11212170604054513664
17332392806923206656
1204989576876779520
13370169488482830336
6090915278484720640
16052738795414018048
3923793963755916800
7298652444163686400
12564877037419702272
6419096561047392256
2953347362298488832
15811642961375766528
10846725308244512768
17643021840578326528
5998170151839819776
4369750901130797568
16952621619395749888
530644032268093312
10360914276705890304
17851144147067981824
13303805419447359488
9828825630064144384
11440560706679615488
15673500210360707072
16362816804691668992
1987477971353678080
10403760094564302848
7821586222684768256
12960555083562749952
1873062432196763904
5397062246757057536
12102492542230743040
7427419065494641664
11925437133526937600
8871563055220295680
4581577704087747584
6945842854224358400
6268889248491052032
9281627068581447680
6528795152698420224
931217453891354496
13552679769675724800
17370358364280381440
7207349755300285440
16619446387679440896
4463648455645628416
1687009565755274752
7562501065921207296
16318978760015007744
2099520945508192256
11420727213625608192
1609733980023651328
7467799335098399744
9411874128000397312
8299694447177101312
2291233403964666624
2032169728404784640
4363051392637458944
10485303639600689152
8304119545157178368
5663796270303727616
10248606281538996224
5339031887221826560
14461464252418609152
12742029414523934720
8397076830002993152
7249957723214365696
16545990739278514176
17954720833102350336
15045617027235803136
593618010043465216
17129053738167355392
12395935121865590784
16134667751727538176
13074161755277479936
16668984940189648896
7875032437794079744
1339479157576658688
2690374292708485120
5961580525730662400
13929502809900910592
1329852914803646720
16765019299717421056
18359659694119540736
13813499377825064960
206101741339796480
13318972042941024256
9812345665666326528
9633655866468091904
3334672671649811968
13917121516337823744
11514201181192423424
15666269303141597184
735713446982245248
16273366182658056192
11282855205764298752
10518237575480424448
11279946876343601152
17469352306800218112
8185404345101035520
15960301036741502976
14267630967062259712
12125206144058984448
13116509793443678208
6945975227870022656
6260987635385755648
7319280831988367360
8517006110443161600
18011708269969997824
3891430742501615616
13678345685966194688
12797579095966531584
9813242152108556288
16194277080240713728
13750420956482281472
596969214963480192
8779038262326160384
8975677143889230848
5406501063755966464
16285414201991583744
6363310633379577856
7449210162568648704
17699744521796323328
9835920744212658176
6362659065194173440
8076962276216370176
4638525394013217792
15453702850560993280
17834438797698418688
11699617718173020160
16649330541353027584
17981042404752594944
2195087076782894848
10072540611387273216
8370506998030581760
16848386003993970688
565245436830171136
2948066524481563648
3470851464999023616
10750279859913945088
8877719730881380352
54900869289870504
6889016215100268544
6951467777266418688
16601792765099274240
7153872167270211584
16318242260434825216
4366338622877333504
1415053609400861696
8440416342620502016
9428055079116777472
9796207770661019648
8423337043117570048
2923178575279982592
7568515102989313024
18275323774522697728
6450916260087845888
4240758632873346560
12071252339048103936
16080067341048457216
1259713157839349248
11332973105463023616
8602707754440991744
8532783708094747648
8871396339478834176
18152172517907765248
6870251619305253888
7287649843113139200
13606820707830247424
2819826824102080512
6704685028871090176
188568778226466048
8306479255160685568
5620268352287158272
1460379652886041344
5651545848980382720
17237269298490003456
11948680210325106688
610717415598223744
11859303745095424000
6682179461817254912
15426162382523158528
6831078517753581568
6641313514746267648
1109705484265887616
13685282683155116032
1556434873579705856
2786896680457326080
5460704600365449216
3179947915568697344
5224570102464270336
4676713807540073472
16689019436412893184
12407388971091640320
8131905876356017152
12838359227499528192
211727917207425312
6641820925647453184
1758722706975144960
3827882251025817088
6941553910904211456
14105257840847794176
16242660711982309376
14985306348537487360
7716757470864433152
14846283828024582144
167974502696058976
8715190004277125120
12161058086992678912
13287173811645538304
7353501575463014400
14578470068442892288
3062505982907216384
3533887505300901888
4115205724076715520
7293406767144508416
4128603911725286400
4805732270949584896
15074821413160888320
2592715098704627712
13198016959912828928
2624405078786302464
1692882510418799360
7856238281760843776
15566048230407489536
3389830461682035200
14730793641283936256
13709721605745975296
3709969687559460352
10734876241247238144
14587011797885132800
1458163087598271744
11500917472411539456
6675887079115465728
5463632182784178176
743048518356373248
3234959948027417600
4209283148513515008
659623647155285632
9062184772398157824
17973671824471724032
16888702424001136640
14121009157913743360
13140617030071330816
17453284028592900096
6736317373498608640
9415020317116725248
10173174276866828288
1830882447068643840
4859654095557942272
10523332745301932032
14769869976906741760
2948044234457324544
2045067725734367488
14013891726335756288
15022776943208562688
12310005751798857728
573821608810830208
14573923856318545920
9635706181998393344
1708750810420733440
6641934699553276928
1585261186762926592
3742301879812612096
6903873720514177024
16675700751803295744
1197807491713683968
12221572299935135744
3446745830780679680
6607700437759708160
10935926365694169088
5000158549702925312
2548382565194313216
555300893252004032
6317197605575401472
1561226933389206528
16628831152558305280
17761250644246431744
2812226474446867456
15253478950323191808
16848990460747810816
16227181806655215616
1452170721348048640
4039594487152363008
1891619186385165312
4007143338024565760
5234331245862348800
15587918737892483072
16132181650436274176
2775611656074864640
12631133271844171776
13796329086514272256
7097574043115000832
13933901616417005568
10019040966300684288
13663245521563668480
8513480909359935488
3739254862358767616
7324018722383323136
6505601192936173568
14255601485996083200
17036206079445602304
6227065855022234624
3114321560509467136
6450112356074693632
2570164797390627840
9147121138356679680
4018527912101991936
14120020372611504128
14504196854460266496
8723918068276621312
10056090710238070784
2777901960840700928
8048983542424373248
10692622751062360064
499804671075876928
16795663663496075264
16902747049092900864
1037136596038474880
1338054188938112000
11672852152341540864
9524824079842500608
15863051399816916992
14666916959329773568
17197694503747731456
3033483040779659264
16286986622341124096
1646115159129192960
10562222778387554304
13587426354837968896
1017235064402099712
11319991999928905728
16885461896113922048
4368439251061501440
15408196935933810688
16835866557600323584
13701031088207769600
7581375600258063360
8531631966425463808
10576440456840468480
1821946653664788224
15092261408226703360
13426613958390685696
6488163189753324544
18316495105085130752
9978593014029424640
12123485859614248960
3995429496296224256
3712510755285771264
11223906272518004736
1748759581005691904
4389473580001284096
14303818934720638976
13307034142119497728
6732387368256998400
18121485540147871744
17310247124087304192
11702385554637000704
11633941215826608128
12330684077271480320
17790474449514860544
10424847938176139264
15981780670011746304
4368464887527873024
14077726269496444928
12871123354352183296
18117877386975193088
6479404112027069440
5039423820907545600
5812592053413094400
12518787250865821696
755569759094314624
1154480154756705024
7391671955520728064
17991074636728825856
14474804920702898176
13258915538072303616
11984638825133178880
14031866669577889792
8239234791080062976
18061230722233217024
10495076114271959040
9631541041457078272
11148659824079804416
5316069587603010560
14773230321747210240
8101072202854659072
12939234375061424128
12049609643883094016
2487488715624115200
16353779887021914112
4088178637884302336
2674689642297952256
8591034264698923008
5585586015305246720
16087675666403530752
10425741507734917120
3378075405787862528
6024328389399863296
4752751923691476992
17249145298552504320
3723131411865770496
16513167212597041152
7775195545542789120
8528360462888636416
18225099734384023552
2876796275414226944
3194714228083566080
795249161121863680
9150071306629331968
17080953088717948928
15135414841011247104
14555818167468597248
8077291465402863616
3555135616777888256
11174968951574593536
6655413693705682944
7595865138240754688
6306452645315180544
3992437363121517056
17641480498045501440
3418549354706368512
15511875665931188224
4295049063385525760
547854915252237376
6459807422507044864
5857197443972718592
13101710584764794880
16048319900735113216
15845121446590128128
14140316488607551488
14777320624081348608
5524004517057518592
12244851239610034176
17924027978324469760
2269353929542832896
15146579767716978688
2043407702906671360
3881646583506779648
13208930230562467840
15636474878822359040
17458918403873890304
10067202937481621504
11664892046128113664
10068447549582348288
7547940574572338176
10913758717350825984
10251007804307140608
2289984562884681216
18187950505348820992
798514545417552640
16684212767080302592
17996613282806276096
10135177515262664704
11081319562076663808
16776014531749111808
15340297552345239552
17477370117394819072
11057701403583887360
10882685907752257536
14984483756289329152
7209198456803456000
17319800972987518976
3960745353671185408
9600524419856592896
11320131073790367744
16303107864665522176
7435163371439232000
8827076742012257280
17912024782831556608
9770622646046785536
12733464849589590016
8778115107500171264
16118775276993861632
3206066421555778048
5215764707916754944
2942370333655618560
12241510002442371072
9880100687124985856
11168986706812239872
14548985048147050496
7242261740156176384
22604124928959136
8023834339824744448
11454207761250623488
2064284624429672192
15569862769546987520
5003517642235260928
16611831038121277440
7077676956210556928
4403377845435493376
15310304370187415552
7208067358760700928
17423968071178106880
18019043361321498624
1949799331168954880
6111286395322637312
7426831043395813376
10282078197651058688
14615618752667117568
16825550963666110464
8256138571855271936
7667548784264083456
8259816440359790592
218940092593555488
701904588981849600
12018498115706599424
7321420029437564928
14980622075323326464
13136496977346318336
14202769541542051840
7986606758307913728
15210280646103648256
6087406922314247168
8470812873535066112
10202061745952413696
929083076476850688
5667708087330311168
10986282779438491648
9304095811208650752
7913786272257118208
8982755103749616640
17489838750198145024
15672619210592733184
2046216411466173952
11193959343288956928
1203177637482668800
4224991500102769664
16592011745528545280
11786077819783090176
16786221367917107200
10305250624569069568
12065041370597726208
8384070773330826240
8301039483325720576
6790433980793299968
9322910668137084928
2888475543860930048
16878493699699763200
14264026070920429568
5366228186690024448
789424369688765696
5461014762368190464
14802928646312327168
3138370856562866688
12845245945429329920
10448450520381833216
4634643976303758336
1849403953748828928
1737452700565573376
11994645637751803904
148494900737422304
8153498218063534080
16311895745558890496
11374835392072900608
18067416231419883520
12629093783362600960
4080435974312621056
8541409407601093632
7777935436072161280
14348069713377693696
742679564343732736
17062832454714083328
13898961930638802944
6414263967349155840
11913719871132905472
3446387923072695296
8860192455774349312
6546558453270873088
16047735208517566464
2211695734706080768
7584302206439316480
4453140100825508864
6643049277264568320
4375300920447940096
8081561746640842752
10955399248366686208
12943460311827077120
16291512013084307456
17001698418457456640
946009758559266944
7761168198691271680
2066489587617470976
6996847268572941312
16571600771973734400
15624123730613237760
4506129781060514304
11866730552315441152
6788436114282306560
2428121855305495552
11180336651245627392
7485973499161712640
1249340934006693376
4783321986124574720
16077211199668967424
3678651850739639808
1318137458755485696
8347941240994869248
9277472107480725504
15387180882797844480
2363481060850053120
15270940264097308672
10476494789219500032
15887302086645274624
6300076430379720704
2094761278731726080
14094805156534503424
8512100808002066432
226258986504355264
17762767231760721920
15877389341474250752
5185785735002760192
2147269031786301440
15141355080126158848
10358073748930062336
13726418859009075200
998340618553218176
1210404143372878080
11631577182574925824
15225311045917851648
13925773045067165696
15031417933056860160
17737411858314280960
10623901956382486528
10178588726188916736
2648316878707082752
1776548252551925504
12203816287439323136
11631596322223589376
10122060914333855744
13384142883567128576
15945612825026521088
10446580480581601280
5800217053909409792
16434798393228627968
1660588110081347840
4450054614214960128
5273917966193000448
17483871166492854272
2052345922664459520
7408682477019300864
6750570957959046144
8820035059338227712
14904299054015227904
7203979518904656896
6687683501889580032
16683984872959733760
14926865923765454848
8529570403151339520
6012460349549108224
14374051616131936256
1089167520413781248
6744644711122444288
3519335911174047744
15470883893891991552
16757804265054578688
6085646049480559616
1000473507730769792
10938305290348900352
3195452131098203648
9336613154313502720
2848530838548568576
3331055614859018752
2571458738770588672
14611900465758173184
1620655032822146304
4704319101137163264
12287321950250991616
5016414651455694848
15969140909188984832
10069608273182617600
6488165441103633408
15386325979421134848
17599996214732001280
14522634546414481408
5201457010839674880
13523713076667600896
9902747413104035840
10008260763364141056
5386803363515153408
12060863990562476032
5254398478618073088
1503105462003099136
91136151047205744
8674239383337303040
6872201717463795712
10334702531239385088
15996375111948226560
10932087439181416448
2808476141264751616
13861169992291721216
7318451540657722368
2080561196403126016
3588016038779996160
17260067328765415424
15193159993171822592
14550483347769425920
1220254566474036480
13972126022641352704
6050330092383033344
3214777794406568448
16656814139267299328
2902254367347111424
2132685616174580736
1647155496567854080
11821983029250955264
7422554606605127680
11096134471151286272
2290585573736837120
10325190886551922688
10660671231344019456
15229568588176072704
10316066906175127552
18213885072702103552
14108986725039089664
4219214289553924608
12120842838697816064
8373307987262389248
6439517672454624256
16205883699150362624
17957634909678526464
1247834015297227520
6836638700241820672
17144088376377260032
9221220151005030400
12720746192119779328
6200254253762732032
3673389437821114880
11949261539635761152
3525652516210608128
13472248979537975296
18329455422642804736
1473821947812397056
5501838817949878272
575142919426115712
586358647046711168
12568776552413519872
2293881826605679104
8710576534628523008
11508701709847818240
13194830101339521024
17545278331370539008
7259685395354476544
15192543318933995520
7707577531595853824
17716950158302064640
6947371076232074240
14114426379341312000
4517398736007756800
13747017268704933888
12368999082608320512
5170992545250363392
1223112532493669120
12203843999767285760
9804177742670407680
7673828108477638656
6137413982141231104
6109642041898663936
562236118737565184
10405850394702512128
5367346667084324864
16115441784021075968
556028350435781696
17441777895053842432
15844478690559807488
15637740740913895424
12716814606074548224
6515624254415597568
3045850695846287360
3522490647495909376
13958436704558139392
11342514955146061824
14624501318916171776
6884995236757716992
14517423836295768064
14813697472638631936
3279045375816125440
9029344065625029632
2835194870712805888
15392432128202948608
867104958831987328
5882906797512406016
16449841173107736576
1913291831358552576
2815001567721958912
15626813335965900800
15513928991610357760
17620983890980214784
1405894734830311168
17759836188904749056
2481609842466984960
17789476468602574848
4400812571750547456
15362276539683846144
8875565736402155520
