4541758417471231488
10102784158131935232
7988472254275523584
13608757135048333312
16969977070821830656
676477719970556032
12529133531121633280
17714107902874204160
2477539133854684160
7588870951498161152
15327828489606144000
3576395898041222144
6865757712797681664
3167524628473500160
9792193541159655424
8636622943612877824
4426708070609562624
17480304001378316288
13218769489545236480
3475645119326614016
14784754120125732864
7899740758331809792
13632145794432360448
6114240949407014912
35351657779712820
162614744748426624
17597269842323249152
18148220817544996864
2240143227627397632
14666816262844145664
7013136760893212672
4574982761286318592
4180519523980673024
10000913501624117248
12671394603296876544
5251420855420653568
5262547203885178880
3212264425127880192
15426910670540134400
77380717404722240
15353467089494028288
6359500835860366336
8679412109336072192
10027543287968638976
5981680504736218112
14947826489991446528
17326849082197673984
8685404600718509056
2523754169060428288
17746123428092491776
3335631390024641536
689489544145756928
3594236288590879744
14974263167503439872
2059463023616271616
3430569683010668544
6839272755145356288
14379931903628818432
11688919783457019904
9304155072730564608
15828438732965445632
6079449665483938816
6658825273819910144
10918385381717370880
11396353913668311040
1426611234086123776
5785194158473405440
13716887942431586304
1811104961809752064
693377027459807488
4791605766778199040
12012515298999257088
8977522519114080256
7629398521975445504
380666581283747200
15264800645130739712
3887174343654619648
17188339181901385728
17839228455923875840
15608215592284110848
6235519404778570752
6856042809610274816
8377009731980535808
5379335167711489024
17068749324229828608
13978993737316050944
15940988561496403968
11444120789720358912
14306088543417315328
3492172116653113856
11854508480517347328
2888250483286304256
5217718003471919104
8919347841560938496
10797911424061851648
12277333997520652288
13770280070792630272
3281515023269662720
3719657543840299520
791065911421044096
11177447136221485056
2825237254716798976
9544482561874046976
4311007564326257664
8899685411820026880
1920166917324115200
16798368254099691520
7766706482710782976
12544621142007674880
5099728404422064128
8860978755086522368
5539903912254028800
2269175661288845056
12037173054395598848
12086942773129146368
15138392012103618560
6952395273518434304
15325990328615309312
8201865168089197568
9480333430476285952
958948427075504896
1537677964767761920
7455465980954001408
2851536379237823488
17147738623150575616
15759111501137317888
6574084632573864960
7877163797955835904
8407385799697539072
16390851839155998720
13975150206589241344
13794459276872306688
11933902872176195584
17390247731017824256
14536078984823068672
6159452252428086272
1075800060520104064
11288225475468935168
7972250659623542784
13237943388751239168
11529187901231884288
10886003828630562816
8897113945128600576
6990604170877118464
1073907082402894208
13394511249077377024
1914663575096765952
5469617380625860608
4773545083931781120
18041081972198610944
10004895452670218240
16147583259134316544
11855619459526760448
18281724829463566336
9644585730467880960
8048976840341763072
3251078820491649536
8139593528120764416
14296233588687998976
14388077485202851840
10201347984084125696
151069397549529312
4439468492973423104
15392155776399734784
4519478874533279232
13050676902641025024
9912529681457594368
2140139770318346496
13244452406596933632
9404762477198669824
11313869658195228672
11472693943990151168
5959251690701491200
16921246575827566592
741541679888477056
1878962018514117632
3190870515599699968
11458405459301230592
8754901657524263936
8399682254661163008
9947126260402401280
10110266245618817024
7488810229447798784
1761865895219035904
15969110543241369600
14933729792259616768
17665370351844632576
6724232933905039360
10747167319671281664
7324972081079227392
8636989816219488256
4700485807145180160
8519017274950974464
3593077192870077952
1439473490039963648
6217798218616176640
17285463304805806080
17047219762640424960
2299273275418807040
1056541761127494784
7956385952846568448
4261325975227588096
14084259200386662400
17340625331378169856
16035749149460977664
17446439224354002944
10292991774246830080
18234101885098106880
11391251980665864192
2398616717023763968
15869812797004638208
2546353971767184896
265629164998737184
17548564042525456384
13823388732504526848
9457894190765666304
2879232460293220864
9536754652660813824
13363476020977436672
14458371829576308736
13314202478353973248
11765256372217616384
6944888830429503488
14514247316493459456
8754061331309817856
1367892902259655168
11452164987846735872
12516154682556616704
15329141107757422592
4870404954183235584
16052729282928482304
9279161983413110784
15223757048379138048
9378586347771668480
14473188008186021888
14871003642228629504
8248971530314427392
14432451600625614848
12602132178370021376
10425378330240848
17653054078874023936
16644735721061189632
6028292332283065344
9259409662350782464
7201576991169719296
14348186891800694784
8520665605690705920
15238047081221771264
16899231537139384320
8313116552610313216
4163996668178657792
18277386473730273280
3871961032542468608
13666378490305812480
16889376906167306240
2310717540861398016
4822884376899555328
10963327252379764736
1307117325085605376
16723614623008681984
11206412878492442624
557140021293507776
2718368536857805824
9151529072791886848
16344523973955188736
15001360194908362752
15517404936293910528
16730225645578528768
10658170593829093376
6881631911985015808
14276623567350654976
439691287935308864
8814370427570166784
14057428273561464832
2784233325987889152
3850436196153702912
15064731560125726720
15801665460002320384
8206453031489242112
12650468813762410496
555483205685186304
16056904193897289728
4544906724809642496
15286842868668270592
8320418928478279680
5183638173563667456
8483688551144520704
9774656369280069632
16112270396521758720
9118405768043755520
6003837125902269440
1585601549044304128
8584153951512434688
12749855434371524608
15879471680991047680
13039067457379348480
11177884261144188928
988642187782945152
15073500138450057216
8569849431285314560
16889735940730359808
9120888019329696768
14818968874920964096
1313982023625730560
11733428391019165696
4076679023651967488
9371901643577878528
8950037391108130816
7181702232900204544
18065963753625862144
8625930483763320
14883440671056371712
16180512350850752512
2384186356901542400
7228301372734118912
12204146008572995584
4535909590928903680
7218610821052367872
5373003995404597248
1542389327808301312
6235320287234058240
16356211976013346816
9666778789472002048
595426711375342720
12493715852948033536
16791226261019951104
11736021681971798016
16714430154889232384
13317972125052305408
5652269239490118656
4825645984873199616
9268589041372336128
6945339947236380672
6481286055669435392
8414229586350143488
10401736207466983424
5717497064079808512
6893264648853938176
13608952850095767552
1118685460287822848
965421367754885888
14844521255555784704
13680280159883266048
5552729741826847744
56469700803567000
5317887446564611072
4620456322264530944
6262954755232619520
1568823791209197568
11279915119769270272
13101875765966305280
7424180792196742144
12196069200162996224
13583054212191864832
9527447145682526208
12464721401084497920
14878710587114641408
10360048334139451392
5686504965344957440
12176591501070878720
8169563156516673536
3785577760346881536
13823928926285029376
8613424831994574848
14561394896421869568
12293574001868279808
15530673121706389504
13585532283611232256
6511183346836754432
6984924226933336064
6910199180832474112
8486062799451211776
17204314475169189888
383133557962791680
13896395250844868608
12224503815356583936
10128713679863132160
14668036134941812736
24664034585953732
1462256244452265472
5130938575123000320
353175572974928000
9459538544561301504
15137100011263864832
16076776913930608640
5824649684567009280
1335490665424330240
13545298648911142912
3178194618137447936
8532261518996935680
3233036036466456576
3256623415039691264
18202974878981642240
2751487534129611776
13188002694647320576
8629701058082442240
3215384189047920640
567863218650749312
4408451780729164800
12906750697000040448
9390903909852264448
16358716155398334464
10803302171767111680
2761107457666324992
4547386892386839552
424206451882633600
10687799996968290304
17745545624640088064
8585318588123330560
13276757372394031104
3544556585113297920
6471025653545413632
8244666965250325504
5277244622518358016
11018294112745986048
7573755321289198592
15869303322400053248
12793850250685530112
8865545719115399168
3322439082257341440
9792634158386972672
832939416886689152
15402339513204848640
3542186155402088448
12216082006541045760
8901912857849363456
1501000563766055936
1318766850009695488
6996871279541633024
1916794537042122496
12012764581969768448
4995007871794788352
11737732239222732800
9377154514849550336
11152732340433055744
9417522595592880128
12114418008196327424
18315685053691361280
17305252720174993408
16587719548231247872
17979049314584469504
11987884901990522880
15109213720109729792
6189423068238512128
18191957508359948288
6497851796810524672
11441299146961137664
1849961697959915520
10867617687620683776
12669527675099592704
9386365572454662144
3878925523453414400
3246353940705676288
6561172948442945536
232960859030491808
17001900704031434752
17858575580409804800
15956635208977899520
44478032706366488
5903350531546149888
3417715730651876352
11338560827904606208
15857930940177620992
9176676019948237824
14023356584403363840
11019814233200791552
3057568487478814208
13997628401558448128
14377070331780644864
7526535340587626496
11193558360747212800
16144802393335805952
11377075482911436800
5829705428533342208
6621437158742424576
9318784305127731200
577100143231106176
15822933430132176896
8673278881968430080
211304344742169984
5271418774572032000
10315425384090355712
13186027473413697536
14399208910409943040
17435666782829740032
6708893182958004224
17219320920148860928
4101043258045000704
10432610436097183744
15934659356206979072
5521319729456405504
5132550170189018112
5485834709865669632
10304272635530958848
1248105525927374592
9995653210686314496
13796795778508980224
8074922977934057472
2779098185336214528
1864678388263504128
10463386473092800512
512327688983718080
16571708848679661568
334877276227286528
6298787792456604672
10607910383135997952
10281266383338524672
14867575371857436672
13942214983803017216
9209540235232623616
7136311033622170624
11933728063815737344
16176828460733612032
18359871081888512000
12545058910089580544
2333124665531495424
8064289195022982144
15013944517259302912
14622551108330461184
7141159199377413120
8700997617448754176
5891825593159900160
14891263720990748672
5378119304485317632
6235556283958169600
2877518235796523008
8286339960088198144
1876466901810213376
9874907111805687808
14616518020584912896
8627129749537082368
1020950152416878976
16526709665782913024
1061608561661126656
14437381146752868352
1309958723227768832
8913847633939111936
17244470360364974080
5757127687620388864
11314535413709588480
9342827021967202304
3411421147294861312
4356270004904960000
5066789200272530432
17291410305503404032
8127330328828860416
9810877140088860672
11335735521911726080
3550722855211261952
15311966478247393280
16709876478803982336
1468556318357352704
15221488593863401472
17696251839133351936
715464262627980672
22094459290414708
12070999639232405504
3865547224840225792
15217741454193620992
2497153761467090944
5374753205706152960
2434749326318063616
16787484269777915904
9272800663158927360
3528386509145244160
2697274144026252800
12021316674526005248
9199053950407999488
17621235026064646144
4622043872059995136
18126608588841187328
15883811713818341376
17683225659248535552
12744895514739988480
17909949186795542528
15377684150879911936
2661936392982494720
3135196641302170112
2533299621622402048
9581247244829769728
2343463830547495936
8157837966413624320
15956238389761542144
5832355301583491072
3004683243480829440
2640453843699038720
10593433929847017472
17763728249686603776
797442663030713472
11802117398906370048
882156866470152064
13911445762869071872
1637436303519480832
14800044652765857792
2071273592772953600
7479053667136436224
1016468743338968960
7631660534696229888
9792886775415740416
2746170674176083456
6572511593653885952
4009208618211714048
7293223042238265344
5407747673951577088
16601185778229067776
10239349521076572160
2983316276224037376
7159690192472045568
15410412731206379520
1979284850195026432
12536696107927222272
13639361683046289408
6511019705588429824
7395692128084825088
11990662338863915008
3261786674460165632
15606464563781890048
16587948096831700992
17771733399610200064
193755903320898240
364185875013582592
5047981509066909696
5402190483938059264
16677631297972217856
778708493372433792
3168700042614962688
14184903701995227136
13400604757392318464
13535736448440481792
14076032131812616192
13145397178604253184
4421097884808921600
14701808470410813440
15074522213394444288
11463920054408646656
1877910207608253184
14172057525397430272
7735401291465701376
14359937933259980800
138705368953010480
10143635618737588224
5305974674571377664
4304328587447600640
7322017130577342464
2418038757291176960
3996308124504980480
15380000484253016064
15040192154266497024
11740738236970240000
6716621650412874752
7020766989669568512
5581906201621112832
13676962695683799040
13453437074830131200
7907884123872407552
7579195611855930368
8280142123954483200
15640352082130190336
3404118946995824128
10457816291953344512
16836060438726406144
1324271313186459648
10748475423339362304
10976947415431352320
9791406536396617728
16143448411071610880
12893196330340575232
15541513319627448320
8765860398393231360
196956770288263840
4713646935801068544
4989500517215629312
14250812097774725120
15768739400278259712
4004754147378351616
9633087574132559872
10646457333900199936
18010194729897969664
9072557857270929408
2426941211484051968
3721621648134687744
16799980140633055232
2972951264269298176
6116592001842525184
11628819717802016768
1513327861207228672
13984549919484899328
1352138829266342400
4960879791068268544
10610959260847937536
7150695542846530560
11640587676042405888
15277648317599420416
7514892217535826944
9783033834813231104
1962846766850918912
5192080025048818688
9671406914261479424
17559358045351380992
16372741622929651712
2639566306410271232
6224870210194398208
2658977327398755840
13434034659562592256
2639502381482497536
17440846516378054656
2627510108318291456
17711439459532781568
5450395825426680832
9518099132608393216
4071156732967354880
3312700925745105920
9774632470313226240
9874724675644237824
18097789146558324736
14078320560716750848
1572947974521761280
5686064154054322176
2519502355841259520
11694562711241904128
16520110124006989824
171492670107546080
10658414503833214976
997684107382503168
11358472884168810496
17007507770355771392
11830343734263754752
6653714127460526080
17985569115174635520
18092364651432556544
3842569005323969024
6726126418791737344
11269449182902077440
11050638032414093312
18159450707631380480
4003221927293645824
17285696901560969216
11746822830288308224
9248510294246864896
13490665900082034688
3152523304859611136
4032058435294989824
2107390398220516608
4788252811200309248
13481637753505060864
8780682964255849472
16032524603626942464
5618709377667886080
174863618353069760
17103572895650869248
9949714673000112128
15078220177121574912
11706601854735984640
7312612455228733440
5287838720428918784
12458046624236867584
13898555826085558272
2946425915988410880
13825025277795545088
2839945847159686656
11701785886905116672
4046775032544787456
483683024969131840
6427356792854010880
4235986533318302720
7355025136275795968
7977925473416665088
10874557863964649472
7317496117481279488
9721658620289921024
7730326349039643648
15791215785554786304
4559192844546341888
9330559065158512640
9654100434748712960
15934819786617030656
16458283317738844160
10281056945325369344
13882615072321828864
18323052288574683136
3135867283097591296
15262561859340785664
13021191115314030592
16055961439336699904
11450371292556959744
11414855241869893632
16838134495023534080
9146087948535951360
14204469344928731136
16147738500855930880
3132671267977188864
6367032157762125824
10647449535961358336
9652648698424416256
12311074231703402496
13479610338975297536
4077576404714322432
13051518781185914880
10313531312913803264
5940079550097391616
8447849379357366272
13781299477351110656
7780890261496157184
7136262582970444800
8739194404370448384
14475428267937579008
15795881693858449408
15334716983411623936
1415922401377709056
7992725569711947776
6168194567093430272
16033092117540603904
5867786578311475200
8987027387335505920
6772238513437277184
7925392312996021248
9836512791855253504
5218319109052212224
2963387511033356288
965109091576570496
2026030672740493824
6589974156700424192
12488337742125688832
6782952416871370752
45032509129155016
17526852529861394432
15348620037987432448
15636805168986060800
4105588389886154752
1140612999091035904
14905835488011094016
626343993772758912
5423923713912790016
16825476045267105792
13137258036676954112
16434254556801167360
16714381887258798080
10758664525524137984
10102565061543964672
3303700058475454976
4784414994207998976
3574389334879764480
9173619125341274112
9779277772409816
18135091895283970048
7730997491956789248
4336774889408748544
3886231936905713664
8820449046251459584
4575120172512629248
14110925934363768832
14569904455736430592
9022445181803665408
8525564728673957888
5365383618287275008
9364770361036167168
1301900101844191488
10890890044613218304
13154811904736348160
11557783791736229888
3388066637667001344
186679630771363136
8383008047211163648
9780116922477455360
9736542341411864576
980046352568340736
8291868567553975296
666887663144251904
2752229799243917824
7228248505365954560
12414536500612812800
12113944988133922816
12128855708885172224
12026163748679536640
8532651961608720384
6749824826911115264
6798685373167344640
13846434136198209536
7432695200623046656
10736298310046175232
17685423762698561536
8361937100969116672
2900823862474130944
14755476957330589696
6588847176532008960
15094608752846041088
9125341891716996096
10829387992988930048
14628440882085543936
17239512802742040576
16531323236387375104
11600666713298415616
11927272512427350016
6320534668692579328
4224530065323061760
13391350106834475008
84486540493633616
10638037939915114496
18089334289390960640
182438059844416032
15838103089858301952
3891552820357586432
12063505759869644800
5647476910118213632
10655578663480725504
18109675626170302464
17471776851702009856
11148547540387131392
12023947445305300992
3895655635045857280
9702344999857285120
15970815695354818560
286132540910759424
16970243003152058368
12295357811098841088
16970559171775823872
15224466891198167040
10961721813125947392
6891498327060458496
14101435683862325248
15104724052894408704
4655121079569941504
10483138171656294400
13996764485156306944
2764696133863519744
12175662149514225664
15315713121501777920
13405600159446390784
16327955049618864128
1376319378748571904
9036947584129611776
2039812293014811136
13571989854639282176
3772998315538276864
15240051457267916800
7320682558790060032
10294746118201341952
10875998552818673664
4599272860372063232
12137457036593432576
6828924573014092800
12700372305160531968
7851569087555396608
7886323345879538688
5855777343988070400
4592052684508100608
12292449309576097792
10440412630452226048
3375647482838629376
2686570239661654528
12636883097957183488
6367587142283447296
15459326504741453824
14003558211392389120
391489828803691648
2053742269683717632
6197936330241233920
12889099634787817472
12032168224742205440
15148418164980316160
9876985291732965376
14748745634739511296
13771289018678052864
15433669337197320192
3298177868241915392
15992750895029835776
5355118453065106432
4340758622863550464
2224400834071018496
4003557330161267712
2853150077298125312
13350839365898346496
8189118944444495872
651361578904623488
11469027862153955328
12241448517920968704
17457427964206659584
11911604580167780352
11301664620065167360
16770338732278996992
12849345353851473920
16892006288038516736
16706836734121289728
8131449684415632384
16179619654745425920
16204336356986034176
3575836788175435264
17059058794717714432
1016388944570336000
16046050596652466176
3891074344031845888
9207665806172244992
12010574145486336000
14639372337146247168
5605437676438505472
13231936003436843008
17494824535831566336
7108549732562587648
12910116234563022848
3966063774751871488
