111595339406713264
17118041819811594240
14964308395565408256
14077768845920788480
9842964055638501376
9298378899199692800
12418246660937242624
16647758936330252288
15435515080353476608
7211358376819813376
3123340804804820480
9301314484299911168
1795186158501214976
1171954811302976512
17032137596282759168
276336312737412768
17689376926828050432
16175436634231162880
6995025370299796480
16210662946390661120
14204547304197490688
14124805749171400704
15429906491750748160
11704425900694480896
6858592078135816192
15776908782986860544
15095270708504352768
17632243759847796736
15738962707941244928
7325806495374674944
733470629563022976
15319583757964908544
2391934005753527808
2753293763043518464
12746225509708255232
1426281204534081792
3228895736603225088
15490045247953618944
12729607530903928832
1837957864921692928
2482774745262881280
17106762066272671744
15541639860562038784
9297718613625346048
7645404308663165952
11120538277905649664
9157190312568606720
4686181760015012864
11780444059056848896
125705537499363136
1751884528272324864
15305712984829110272
3455208904112565760
5622864456153281536
6544488093072366592
17120294359428685824
1730329707597515264
8165659479833037824
8990744206425360384
745135604436481024
12424799303017498624
13118630560456632320
11462154864537585664
9722078635456833536
15523543027356995584
2894237861168926720
8562734759820727296
9924598247943458816
2945128081835435520
9375493019596115968
8662118642578598912
5731866821781347328
16768206269401946112
12300526378590910464
12291654842361698304
11667978601008498688
5583538594790850560
13432261202031435776
15653092237058584576
13752483173297750016
9159396321440746496
10555135193267017728
7041399779851246592
4974453000670657536
10861588006904766464
2274777824025554432
7264710466688081920
585032570316331904
16316987301261809664
18397638445591128064
3807756545171961856
3094822795569989632
9500393290898274304
18317425876633780224
16621676091051573248
11580012565138595840
12564946381434345472
8822329279729565696
4721242492475500544
11068091844976990208
4815708174276080640
2970863671289409536
11987649639438315520
6984811190234605568
9553393782367717376
14417434091226617856
2381769129026319360
1472958053921548288
8942851295774727168
7281816790605551616
14340228467249573888
244215001277953088
15310532248430471168
17454002697235427328
9815321805940672512
8436880854462510080
10434475625580138496
5209722014059031552
2451277750073618432
16620199216193806336
53547417025372832
1734651394190503680
4015883156830717440
14096300019982170112
643226224545295360
15278195003641978880
4976981356284663808
14142074535462950912
5911911648858473472
7931735888373816320
2727824438053542400
18349032668413601792
2555542390817038336
7853624170684484608
2555550152431746560
13115171841168056320
2199498455829616896
1343243652068839680
660104971033808000
15645197571469445120
7117048712153563136
6742714612489681920
17331438859431571456
11154994255601014784
1093529437707770624
6928752376649569280
588874270570491520
3623448912523219968
15664898171766552576
5018142007222029312
7708372377119855616
6422190974966720512
13857545097621372928
2650427812827589120
16989236096305688576
2518914118556564480
13334886194610999296
1919221361577012992
9968094167446722560
15927003575430109184
1383601955921123072
6212466020665800704
8915878815987701760
487098063921727104
9815150977608132608
4249404231410767360
11060035152124059648
14525891695080318976
11594210615970129920
2215339595580811008
1873780859469240576
11341807523451346944
10682006747708522496
11978809852107061248
6613682517152107520
15946668106365349888
12446226491523309568
551985753071798912
16990711849942962176
6426774687030673408
4692768074315020288
699222768142225536
431660147954638976
16242216953016526848
15405322442958612480
6218977729240114176
15525645297219196928
909146494258090880
12800265233492979712
3817574004105559040
9919489690610284544
12239747507610943488
6193176377706115072
8753643307126104064
2046959645996297472
13857763574496008192
7310290447370376192
1481887291460911104
13420552127258097664
9847469032556345344
5130708520981602304
6575347244360306688
3255528280316240896
1934895420481352704
14196868454596491264
17519511920898752512
5435551186564063232
1715227388630865920
13402174774447155200
8957954807434710016
8521383236922587136
4605442218017112064
14436068463944310784
7678123229485496320
2982319223048428544
8952774540244323328
133602926730244064
8649954579550398464
14760364740764379136
5145841201433594880
17689066529887377408
14313001525729464320
7775541982085877760
2261664439494451200
4656245580639179776
7488977442745859072
6740800964371289088
18362366632180011008
11746273705956136960
4126273907515730944
17634800450493198336
12338783321519423488
5705523656284292096
1693514804673157888
12210244955469199360
15705185059763331072
18144068921203286016
11601737669610117120
14737643815902003200
356995592964780352
12312233391804082176
14019194208871456768
1297064201284629248
16264458696302501888
2428077039836123136
2782885151890104320
14460582106738980864
13660406184868063232
4555398955261799936
2785869986158336000
5270537666137846784
10918613041466753024
7034051536044164096
8645766363950819328
7458023331678795776
7577536374244642816
772117062129232768
8835713778453113856
12221102432391104512
13652267559150645248
10977920066838437888
16742119858383816704
2362368489127408128
9151593882674705408
3208641670243389952
5604997388530761728
30353672935544892
5050384436899538944
11077944705805193216
8215006087269846016
15851705508541173760
3737184426780387840
15914181160640325632
9792138760802506752
17697411484507408384
8951105343106142208
14904086231183026176
17980726314780182528
14492647107377348608
8052012752360164352
13493438353202794496
17687651167738529792
16160908760410464256
1207271364674503424
1730452102913345280
6779046901676722176
13362197636212340736
10326517278990125056
11107604339381602304
17703993809929924608
16078438784994174976
2380060612370252288
12655085364264275968
9480411956048582656
14338514200081924096
57891499581499632
1532327905345091840
9520323107030130688
1376624156742082048
9975523939305607168
7722742149312736256
17160026304210860032
12544983641747460096
780931137046608768
2446057340056598016
3781887862749722112
1309631772584617472
12136466038185859072
8116743898765843456
9732563844244457472
8168189674480465920
4372774031129044992
2583740178036401664
2121865909946126592
6899363007645446144
7639256977771757568
10239905537766246400
6317887806643909632
1498570839619747328
5204209228015750144
13595099092267730944
14838938630979063808
12322851440307044352
10789890905279256576
12103427420236261376
9104064608874056704
14159907576710828032
13467591244856655872
17707147670451761152
15054935266196367360
18374401892053628928
17230190659791611904
4476552572105834496
245238933401418464
15090136374244364288
11945530307125145600
17272805064329015296
3618762070774504448
9074191586143102976
3630384898090649600
15828030397375836160
628819076489567232
5444539474518935552
8462044163726715904
10087670448043032576
4694123207178146816
226364593150606752
3506335952159453184
18235491615913297920
1708299492030016512
12570136939589871616
7811561485895779328
7320475772291277824
16775902680746407936
15190259513132541952
12966655663289151488
12962053580946884608
166497385194161568
5145920037200332800
3328153205761375232
7504023483984241664
8609685621850519552
6614240565836214272
12048214394403422208
1714608003951771904
8188136896707800064
15765938841136789504
3406343066495347200
15420106872132425728
15824689774483150848
4905068982376337408
8649117713975094272
1732390404200845312
3885767963648301056
5382573004727843840
5005940511704589312
2468984580855492608
13362713842507849728
17775303124570400768
14434655387110592512
7671654541364959232
16296588193448005632
13058554747181404160
16913053278759247872
574087586457912512
665230510670736000
5018395174543230976
9616845728685948928
1802984791379132416
13170754826054391808
3716258378473142272
12754613984809332736
13415141073726455808
9442703159578802176
12269251963177564160
17945515354815279104
10245094044450869248
6332422867930619904
14924225175753234432
282067369622492736
10291924393306091520
6666825374553038848
904544128626311680
1323164039266947072
11194174626401372160
14042097410500446208
11687744942115635200
8986558900253255680
15256936686592749568
3755986668956914688
16011019072414312448
6253596556301422592
11476542137486790656
11868173463014391808
1254227240554597376
1023132337975256832
4236967676221469184
14142326934775980032
17551908477471879168
7880689191551549440
1466565197436013312
1882627640081937664
10308198030336602112
8978560244728600576
277404821607455584
6530596971403810
15724319664595920896
12013249965318842368
8849035875495109632
6253213511339049984
1859528016022795520
5054091269858951168
14701923237334986752
6989396085974851584
11809194526632427520
16550237259863605248
16776472744869527552
18087983248520044544
10894441332901572608
17936491910045091840
18009814914085924864
1169192858781825536
16231458968153442304
1023780352237635840
10948601300259764224
5746723847431160832
10692105545786916864
16076265848273004544
17836292159777345536
1994704903458962176
12552909608629886976
17470065265604681728
2329016197572546560
9872526588410368000
9749597213739511808
7158584823392841728
16741218255391455232
11839882541805930496
12699723761918625792
12903301901849026560
11727955466483625984
13489639082512949248
5955622705111913472
4221270899868584448
6539266889882908672
12698219563246092288
10892680210086060032
12614443783280715776
750931619650284544
6061892339581808640
6229855256234797056
10125900962677780480
6005405762224960512
7305348107963579392
12781813793306050560
4329880241169190912
5929063366298010624
2631105081969541632
8613888429441465344
11206475922182486016
2035035252502028800
13066169921082712064
8245454175582474240
16315880956542132224
6834759449374769152
4009316664596649472
1028192048466003712
13174877025617668096
10597176571536773120
8535844753708973056
1211641310372023552
6959501574305103872
6458260411963679744
40969415083876728
15113003891464077312
6347894963979666432
13569088025965125632
8059677871214758912
13642252251177465856
1587141415918674176
18334377581715253248
3627714378959187968
12392198346936838144
11046193852939184128
16533610562963564544
18185616591355656192
9671905567616497664
15016868092145547264
584898257234912768
7818528312267646976
11858317518406955008
10283354341205542912
15612375815333971968
5163317567833480192
15048181670620778496
13308623496577239040
5961813301088752640
12349584847769356288
15239715052470917120
3064700717592836096
665091307982217728
13476597776666693632
5240361037631005696
3292629974968306176
12748064099936360448
4388872023276264960
10328528823448985600
561628493141223296
16469570067508142080
10611893380588617728
13905942211035435008
5391519258298533888
8194683037581555712
355393834420976064
5385893951652494336
2889581913515806720
1870043149228115968
17914072335325769728
5599145749045207040
6619139579036814336
2799925125837702656
11242558796677416960
933335397213524864
7452675524117691392
11711163824481087488
7446503222914515968
11056127694779045888
8072403587924302848
2011315257907842304
17991525924159625216
910357507121084544
7683485153743907840
1276223294105420544
6675137393057193984
12179195673092583424
16207635751607678976
4268808789050869248
16277031352311443456
8294757478260232192
5225151569098058752
2743286866617419776
11686958466344538112
17273643494057193472
11820815366750504960
16969880185260351488
8171061698861594624
6059574324218720256
2945627285120397824
2473406223289759744
12634107721025427456
12810643485640423424
16803238365696757760
2140803384396609024
134745889020618976
15843843861660878848
14677026594487758848
17213126057262014464
13307651774719092736
18336463271137161216
7295420601185345536
14843386916714530816
8421023546795722752
6421145554997327872
16334720367229138944
17812962464753438720
17692629714350225408
17461363218334439424
15140913722589464576
17436034792258570240
1914483573492980480
16712885981138356224
9846261515381987328
17480344750906089472
17916423529297811456
3706904271539343872
15260906290745384960
3336182456623716352
14801061884341813248
4346183254892150272
9461042272291047424
18317975403713693696
11168354001040674816
9902992607527716864
10233799492679804928
14051933415681050624
11178579733594241024
2583691859755761152
14784145487754866688
13240621830444668928
12667290297267345408
13773620546009935872
16475819538820388864
13359353996498614272
1035496758234730112
3932505780359689728
3369877121941091840
177859597274286496
6045321016074919936
3907178597736779264
1683694306345452544
5530801477293366272
6435420129710257152
17443149939244963840
16048059203882467328
10992878301946292224
16960442021424904192
13098503078726627328
14102651554622441472
14101548157426552832
7618613683082768384
4672328079588692992
16997021207458430976
112328998154047424
8682902075066638336
7917240655195458560
11880075877549721600
15051583627068774400
10277760391660666880
7165018122741212160
16550643641112676352
17288179845816604672
16929751549280698368
17818745591746123776
16666728408833009664
991481963881972224
9742786957030676480
8059007686122187776
4507143105715825664
16012708244079808512
7600754212819698688
12750207807602894848
996622830348951680
10191624650939443200
12942119051585914880
17525387884716972032
5477749362389245952
12406528567361192
9907905708053557248
1372173862999625728
14382906818580252672
1222326402092240896
3739926069452894720
14154332903762692096
6315781258253116416
5184573492384963584
12276575247403051008
2492345757968604160
15208913744617189376
12651109288260636672
5893165543203411968
1155034559276960256
14485482109396355072
1834909210977792000
14584636313699045376
11873151722370869248
16111434909876664320
14823181722191661056
12466343762738022400
2718460337517996544
711471240859464576
4799088604146488320
6088397027709686784
1965780116141627392
11882722852775778304
524059897177843776
12622732593180964864
8266684555523862528
16235565060477622272
2181095357969651712
13410688137400926208
8082665896038568960
6617751735192275968
4097745123089414144
9403782753552791552
3041678360903311360
14012779049172834304
1629848588711025920
17920247471333462016
907311166417535488
2406685303485114368
4634564210343542784
8465974326979773440
17929780238116556800
17299751392219654144
3064453536163249152
8224984893439302656
9410982239640301568
12470452911042707456
9924478917136887808
10963158304737130496
15687387892255760384
2005464711420061440
3601351713768413184
12631247598316324864
4472965058861202944
5400295675303061504
10418311457879345152
4225520228064897024
371692691928647424
7165064167473772544
2738026046078768128
15487907112187973632
5613231695166655488
10546194773336475648
11654200549660616704
4504392874121113088
8024356004774323200
4009394999145150976
8785609170671438848
9634291422374643712
5774149605235652608
3902088329355822592
72363259516481088
14766400587947030528
4098578161834712576
12890289438143227904
17204694260184180736
13753062303564324864
3391709967141021696
10849724096526362624
12469189738651191296
17952077408093288448
3226998436840850432
15734444844409966592
10051141974979344384
11595621536052111360
9021399977253721088
17886899560744232960
1608393157644167936
13103510142936088576
2460101956866122752
17554072352872448000
11561865721941235712
15129565149309102080
15799909327188293632
4496364688885394432
8318693650672216064
5488159992988988416
10834536277709578240
16062270616499009536
11941745001838274560
6825250262561305600
4615242573060572160
15593810166407491584
7328046629095566336
11667742043097423872
3131938503999750656
15410636448313339904
8781045438503889920
16174739673787400192
6496769716047110144
9351713239839795200
10118388728186963968
15648070734619129856
9321765482018662400
12327773448714971136
17249327521963677696
16899193034010859520
2579796252019317760
16425124910531448832
12442790664780337152
1136897009254657280
616511584914015232
5046712789733722112
11203781962038091776
8691787979287209984
3017223937317652992
1606300247434732288
10381899322677094400
7482445849942397952
8623670658113282048
13947922146370713600
1701989519042144512
8289982548919683072
15756632502928705536
6790173297702240256
1298355837758903040
10634581735636283392
9422676412151955456
2061605946012917248
2987449942240931840
14904262435118546944
12847126009708902400
17208808129478381568
4822719868268940288
254552646700735008
14957616980313630720
14882876786638938112
11058127516091797504
15471141053258403840
5743861274539233280
4817641392830901248
10647009948656248832
16534390758907525120
8798100108507035648
3673888939954060288
2188349597469349632
16431376893464586240
2102419656365617152
12324264722106787840
3134602769993615872
13703303579155597312
2320385234146394112
2110595193736980992
9457556906895435776
12991224865332795392
6554588436299567104
14605233218444732416
1011063158076010112
9929359546673037312
7843217693749488640
12319983106909212672
4028483144715761664
1443195370171235328
6254716515769880576
7695382963626973184
17873303672980002816
1745204730623291392
12424754138425501696
5361550811253839872
1001117217251181952
8814411505477654528
1138098935832821248
2544165773334505984
12973065026105327616
13264284448696619008
8514813892154105856
7059693340933562368
10125140270382596096
17932950948125808640
17084412595536410624
17318293046410618880
9060303197799733248
11218519773597294592
18339932130512265216
9449111425211688960
13889859112898408448
5064062684152463360
7858107343548979200
16451121263275274240
12437229585026590720
10617588729806516224
10335401071265628160
13003828592801890304
8182582904740208640
5967494269206966272
17387818121992962048
9554578465135872000
2349307575811204096
16051693314860263424
11539194071781476352
7460035110266163200
1139187314564459264
9778565289337145344
6019526673162625024
12308799855683540992
15504942302352711680
16959786761408188416
11056238562226341888
15847052309913886720
7676225637105393664
7260987209697302528
3984702312691745280
17818258752095334400
7542807433949343744
2156093215187297280
16843074316497952768
12211859268940654592
10440711574623651840
1636725988940679168
6627608389446652928
17426405579667456000
18274018935377270784
16042627206821152768
14531120548637227008
18019577357535588352
8787404219576627200
6125927113269523456
16343610379123202048
1604529195404072192
9486984483492505600
1067770414167907072
16297031811287558144
10242324113721036800
1232412043118357248
3042149203075243008
12846107333304338432
17811396491562205184
16756680842827997184
941665149410304896
8793567835375686656
15325228818794711040
16007842490620669952
7077680181175278592
4628759356347370496
11819338014803578880
15762315476964728832
5730380674981625856
16824208239726184448
3556142591627340800
11073686775448143872
8189889907456750592
10601864198035906560
6168000228437106688
5619232593381778432
1031364872913696512
9333770671787481088
15233553683201282048
3848360453377474048
9201928208487307264
5121107829119254528
12358742884305373184
17985953127579834368
12093884764424253440
7283924340484218880
10178889971173718016
11667852379461986304
14639618269288863744
14671584124126314496
3083513217791617024
3725888960189234688
9499937946435418112
12827787954189281280
13200907899557644288
6332603534823386112
14974778712808034304
12896350543585605632
12667609988040806400
2088781940083224320
13941335268489551872
375105250137204864
9429153155708606464
6996485778566145024
12561196409101836288
14474569389157218304
5092220188733431808
6506412107552774144
2976871277417191424
12799653808692041728
3363475088813014016
929654828074475264
1273282826213024000
303169635033282944
10532025785910564864
7828985017801667584
10576059187284004864
1053777793492984960
11845706840820443136
2023819802868641024
9092116096649171968
16689575386048413696
15248528300188706816
12022335280682786816
11476099802694785024
15840535601583654912
6337898388034464768
15606574585753944064
18307336256035299328
7434603157557688320
2195004706384367616
8617277299413985280
17722751327122145280
5675292202597549056
7713454347798446080
1955320627128215552
14544758591385337856
5652596541119032320
7717293462098427904
4385294399124866560
16066880273973440512
731889691972449408
2068963845450170112
4259803802949280768
17893055701141190656
2622439078011525120
13921285153627535360
17733090872831580160
10582693878165477376
18342405396143925248
7382187364803090432
