11248870413605543936
16988793609178642432
8217717611634470912
7734103740293230592
15990386739139670016
15912148661984405504
18379968066497263616
7194001839118117888
13943029677509150720
7888633234705532928
30480382461274472
9330052700611311616
2064862031710819584
15204275211678490624
1297835654516568320
1950809844415123712
2338331967646993920
12712730549179564032
10820065602688817152
2334583410582875648
11524054493877256192
4970758977138033664
5290322451576109056
3847704418295471104
633986595629092480
6388201612361804800
11713128054301536256
9311988993474115584
6043394453277734912
5511093921553992704
11404957979996616704
8715123724584585216
1994126677927926528
1392719964013964032
15227733803796656128
9619585466765484032
9801388582564612096
17714883584670570496
5404892105366535168
16682812976539525120
15595149035999539200
7907017673683785728
117003059931195200
11313827815691935744
1601054833743780096
13834126790200893440
13798151518336256000
14869371547292925952
4957368757701385216
3494736132177281536
7041867835700661248
179010898903166080
8256853433736996864
7702757211151688704
13485862486903150592
1703499029266590720
18154039395372249088
16607990804112658432
4446119104110193152
5709409250606928896
4644791820914623488
7942288603707642880
5821184879633364992
17971142451745267712
253777670379467808
12046743765960189952
14806707567857713152
8108469662305094656
9527238057938161664
1298774506577249536
9825953610329192448
13264559668924561408
3347099859557705216
12404077791913097216
17978844794148153344
13387581968173727744
9422827852027817984
2024976154604131584
6120275220728512512
14892743655191017472
2476700030485044736
15509684571329271808
11211003502230925312
16765414071599030272
2442855154487497216
12013655022831030272
1508400299626846208
3531307194460081664
6839571663930038272
17607200915917512704
5688595443789298688
1997418526381826816
16759784363738705920
13592183869788708864
6637965629937446912
10943313685050877952
15532232155945271296
8583169717270489088
16619484143025993728
6884730767159462912
10450238135132792832
1163755547544784384
4624500364118072320
14605348642356756480
15862462615922743296
7766021362652767232
10985011895721771008
1041101445538817536
1624226661693930752
5529563579157840896
14175752927809079296
10084972296263358464
7325459206248776704
5077320835724449792
15360968603770458112
4923277707987758080
17866107278269405184
15960542661694392320
5033850625888337920
10576437128524972032
15443335758264563712
17124054397531731968
3270152060465549824
68437513785308872
18072923268215420928
8074845914897128448
11728759478600994816
11837772669784049664
16421976744079499264
14915861256554502144
5016513982302543872
4968883119029379072
15179717981266704384
15509607543410587648
13497088426878689280
10605966914163386368
3489486672597168640
6784889138030213120
587787812181162624
7551020256144121856
5721036847250521088
17476755669808041984
1900671035749055744
8412516000037927936
2332991544108460032
8277947757722396672
1020115439215645824
14903278317165514752
18349262082928003072
6603456070367102976
14934389234753927168
11117474650511958016
18231645232393003008
11105724070558754816
11085343062830221312
17378631354878648320
1485490451956875008
4423799939777110016
14489228665118783488
4750578110222397440
5648026634960097280
4599381072294403072
1100815047113502976
15147975487313047552
8826478733196529664
4236503401467474432
7946404423199479808
9559991915468494848
9009198365042621440
9938529189325436928
6453838867782684672
7177990619649212416
14416236507137142784
10871148092469571584
3454576263129077248
18258217318113888256
13567261603685722112
9444659146669836288
11551818333089896448
2839346605167234048
6319810348033553408
16846952295120236544
286799234318053280
7073711068724910080
4128730213779044352
7318904164399813632
1048693229360423040
1756837338260467968
17969071121206749184
14064136081073887232
12825363006828144640
10361501082300626944
8613381667722842112
7381663691212723200
5940186231674741760
17180881472299837440
13769062656673546240
13480447151770390528
6602773490559875072
12946820597615773696
4194800569565540864
8988532788535779328
338697268285649024
2896587475183589888
8718789383568959488
4520651804169098240
4237544359570601984
15446867890669211648
7624479952580101120
18230495138174715904
17070789506734716928
9451618641765052416
14991308491184093184
7188535110331133952
341916770665198208
8178601172011720704
3543072955266450944
5847503264387906560
2000959636694428928
5069752190034146304
12972503774524153856
13689395919216984064
7554970486253468672
14057255649459165184
2261145761133362688
11925052757738330112
16403291114548432896
10245282559285112832
13858234259367346176
8952969979064108032
3910876072733174272
5694933197955727360
1759977964583338752
1526252804575778304
10771060098983362560
4729954286602813440
17268674444059572224
3896173902380369920
14797423305053413376
1514672435957808128
6841834011455459328
14026910968633022464
5477471691662175232
5832913183519478784
11157241207984658432
3937357418906236416
3364486557276703232
15253049439991105536
1010786623400882560
17291683504212873216
11962790410156744704
18262560489125462016
6776408758870909952
11550215056497840128
10627222316418695168
13325740917018603520
10778598912002312192
9229711563408357376
3970700756406204416
11125071109553780736
2198327198859409408
71911049214927616
16726223274210729984
13733477371673286656
12496501714028042240
9994867120665442304
16966968944185174016
10846573837272023040
1689753793831043584
6950550472660832256
920564251792886272
5726652664814717952
193388983154712736
10127999733242230784
10001452622411091968
8491720420783202304
2816287779797766144
1283772484561056000
12778740821693607936
4884288648430520320
9084377756880638976
4866801234652968960
2672140835132564480
14355225713766715392
4688585078747482112
16336384273655203840
17031224233994035200
17363618952553703424
1628414301555038720
8365243940812805120
777067192512358912
15511253165228812288
3787573723796738560
14103823452193544192
18186674108999602176
14358860909367764992
6194447762972455936
11884391272996460544
6935358010528350208
3644482452499371520
17966258103071320064
16857824918559242240
2240112537357894400
18393050960609759232
17498616964535574528
1601245416102534656
8606026241658617856
17660004703029721088
17806536812932317184
1651463973083389184
13224363741007163392
17577052768481656832
12450951168977358848
2842728491246408704
7868331654381327360
1010055622129072512
11395003623140800512
16028252775408400384
3452603937954659328
14793410984246228992
8771437335541208064
5903521684311297024
14417591150221748224
10075564843990378496
490874904890968512
12541643661251328000
11580899743928508416
8181803597101582336
15346198772015263744
12986928038810679296
10987679178593421312
8914804786642255872
16166810785596954624
14352046151334737920
6499077584144011264
489169408886836096
10459186677745762304
7567550395652140032
1629813147391644160
2893633992321588736
15876506970667966464
3989795777075087360
10998711842477385728
479323806109447040
4770770477056231424
4816295648169371648
14459710522625261568
2106464150089190400
11416301815255029760
3158465309666505728
12571828414195499008
6781669575833990144
3398759337022553600
4726888185973090304
620602070467506304
9791373080591349760
5003399568967283712
459157460765732800
13480281084624562176
5283418558241331200
9976389232342239232
14273663436890314752
3494573930474984448
10255439101409146880
1582365494607843072
18156077058895476736
15946926695334432768
12635799782014513152
6002816787174870016
4068688381846154240
8932483716207880192
13300400071971737600
13563927771953428480
12358320750121771008
18350759246728683520
6758812078074989568
10359393321565954048
11912438126506094592
15264640797321195520
6689933711929839616
16861573391974848512
11871625072870852608
1236188242826542080
2436605294373537280
13085515076387835904
17732693484054343680
3234180630482994688
2612706549543942144
13253280874154051584
8702784020491954176
2882453331537327104
9237649186315673600
521502809330223232
4467331288621650944
13531469455911897088
6541356410999412736
14161857624374378496
4742458306207336448
9926440382874103808
7833767841261282304
4761635623831052288
1310246151649171456
4222232302524603392
15083743263752329216
3605455385668125696
9196074386679301120
11183472368504264704
7573236540329940992
275908263521148192
16179462307212347392
13612279936377929728
14789892644385511424
6114180490033326080
7346785787977782272
11568639421965334528
10760728384413581312
4613891619420563456
2712995324663471104
12858260403362131968
2593740555951772160
14803217133876697088
3746547774649831936
18352486905075746816
2760646827766468608
4163492712788624896
10673697235087194112
2698570258403631104
4824488928839482368
4686451476677716992
10272602101257895936
17728416523370061824
1436232676259011584
655996175750595840
7649321076448519168
8624221767408057344
2107836608914861824
10568454058410862592
4183174088694779392
11321835781533896704
10253481843600244736
13595548980047149056
10054581464227786752
4768611532181217280
4943551634542003200
16657818394508933120
5999651797762204672
11337140405348546560
11528038918235586560
7357637982997032960
16053536858589464576
12202243734398613504
13519641205163317248
14860393223023943680
7265962636943799296
16595285958577547264
15423214645872529408
10780692725833103360
7452880440857293824
16424185390738432000
16149155135548694528
11301126096099551232
6379906415879783424
13389268890201839616
11339856564237090816
3286461855473320960
586809054978563968
10195949807581380608
14621540025505040384
12103079581776922624
17110851671274113024
5931212916805537792
6304698236714158080
17288234734525159424
13910612169208076288
9216255860852297728
16188497430427916288
12163539317461749760
5264381726749588480
1916300403417278976
9893346102383669248
13068727835209273344
1460518323925319168
11907415761808717824
1262357692068104960
3786867087303072256
15318098278430703616
15627482367938777088
3263594091541152256
4783929842104275968
994246794107060992
5447747419431926784
11687294251878692864
6894733651844149248
3980967327831566336
17962946803341164544
8854965596832862208
3850316594234170368
13845550815410055168
7420606969175733248
13228984786300733440
17005829029419350016
4774685132001922048
15158790903503499264
9222701408037083136
7864029903950622720
8668327923248461824
4441112067392293888
15409578412337625088
5123415813931778048
1633644102993308160
11393988223865251840
8891617348081150976
8003671505892975616
13113036933381201920
5111865020838035456
13814878153791610880
16481014783687811072
7299089020763658240
6866150001874452480
1047443474564103296
13084621257017241600
8856233783821494272
10777227125848870912
5033262583060502528
6827639108361109504
13547976471945545728
6600050036128222208
8642347793080238080
2626111395428774912
15566749624007450624
5116603065040658432
14447444562237825024
15402399495957391360
1905427467731267072
11937711932467267584
16129938608695308288
13472321849085276160
5845550213166327808
12348269042212855808
7734992790920253440
1592527550820597248
12827919334812450816
10320145419885355008
2427279624955158528
8733828687484337152
16307910327115460608
5330890170202246144
15000283220140785664
7349091506528988160
18130618162419167232
7468093430685554688
13734357014187384832
7543988921115080704
8421906107003840512
6870185133773944832
15818548766976434176
17400491604979030016
11858988520924295168
13848117368041017344
3018830987288951808
10343870911681744896
8357845894040549376
17767835743827326976
15346233127797049344
9783710393008678912
754152509262829696
17000718006667778048
12826895783333210112
2213922754008561920
7761871987429226496
2888124405638627328
2725382328514068992
9346741947473213440
346735264059720064
16128160633392406528
17598242879178582016
3352755871568176640
13943271679517904896
8473448845965615104
13990618979207999488
3591673581123411456
2985241076044323840
12666400206577416192
7909896114999429120
10670823682602653696
10174364808906776576
9917828973931569152
15040572336929531904
13007370343808913408
7491172574917813248
15262532551676067840
11919700783186251776
6693170609068515328
6340145613263078400
15824381648210511872
13784439372038584320
2477329239245663744
4220440948722645504
9384011135821776896
14406018378813433856
9344722738165921792
7287843347453987840
17041024440297748480
17620957469262452736
8246137918785172480
18189536440521684992
17116439203140653056
3730999193783984640
797062816547645568
15269250757661474816
7700623257665635328
15580818819285946368
12490395821390342144
7898542700354571264
18271877191055730688
5900253129714635776
12691059673955631104
3204009711234488832
13153324147735859200
378091015439165952
7280901317391841280
6839080627983241216
727707060189954432
17166674455434821632
8259070536546577408
15816619389027409920
7489102145995067392
3399038129373767168
17353861299814483968
15240724810449356800
6277914826397255680
11005884315356561408
3302926283969050624
15982010174651824128
14638684451864981504
18249644578375395328
8305615083483673600
11920804269523587072
8050654902877130752
18347874806484117504
3707594349820130816
6765743646347795456
10948811267281575936
7471648356344870912
4642706336328747008
1631530604869163520
16298860517443733504
457926076960814016
13829349783008313344
4207105065067318784
12169653982039246848
17168903226984306688
2104632454617531392
10092126718754160640
9171859908577550336
5778059878961504256
18389552229627707392
4963747366852872192
16838060453484359680
4243843477649593856
8488908809605608448
14775982271728396288
10992233014110820352
10152301913367953408
8532961364333578240
17964618822073266176
14741722516312676352
10953841129141616640
12254058442119380992
3053080737916253184
502276102694458496
17483573990589804544
8920959762510570496
7308434110181742592
1541160393087066112
12167470158803077120
8983339602167291904
1111531649229409792
3524220541241728512
2064854745691812608
8108409416287425536
15032589837141450752
5007147681509432320
3988372105763740672
899604518208510592
12131758556095121408
18435518781377738752
3795107469471982592
3770182089820854784
17475912743233622016
14185524516719085568
2091959781855612928
1694898450526156544
14350294682936774656
286044441631667264
4980468105602205696
18082950890225573888
5121797389569799168
16299801708793405440
4894341968288524288
4683171286620845056
12090351678631892992
18321344402473977856
1924876067370681344
10776814088568401920
5745863257264875520
978150912359477376
6118740173874882560
4911829652371184640
9632502958376214528
7305664411415837696
13681966008571727872
8803453146188247040
7094514353991747584
17145448790992951296
11120648756760805376
11826005288006799360
607966435858265600
13442298780538312704
18050253754538762240
11825817896078219264
5847168218531113984
6440694204783043584
16672302189340024832
10298844226132676608
15887671740185167872
1132988535324157696
86188906484159008
8986259281396945920
11997928321772582912
1248179830546555904
9168833582456654848
17341489969072627712
18184342586943655936
5607055737202153472
3903375068946404352
15674628455491659776
5278221612933773312
14616227223382648832
12919381494328403968
10421632071512678400
6240583280361400320
14304427266193516544
7746322777973124096
18359759028698783744
1655175008672528640
13883208216273616896
217317067788507968
6436064480487991296
17816101676429373440
10046950613302024192
16211721588572657664
15144968718887737344
825714743941348096
3786280120269672960
16971332263601676288
9039597050233730048
3111889120191108608
10258289142525190144
5772215767473443840
13580845082564864000
11539476643872573440
16675064840656005120
1393418474002667008
7507039164890810368
6086552925387689984
89654513639980304
1681949643800128512
18251610998778503168
15436170923652843520
6990183681027129344
1948888955902257920
17474909618442797056
3291649970808325632
3633929842266490368
519198288119621504
7963680582536859648
12087780052532029440
13647870969984223232
15071538017674246144
9031208389238012928
7070150247113992192
11060451190199730176
460437679828295424
2114051358682545408
8601121567159508992
8175005205062580224
15266511928741908480
17558022404002521088
5556187258331575296
4530350965556385792
11892371915591051264
14604825886924533760
8207613543619856384
3713131301202751488
6205906273816635392
5065799736183926784
14401716984779489280
6048453175834799104
6696349736203474944
877161044590546688
5209927441679456256
14186907227791632384
490965494148050048
8773964457451142144
5666127002093545472
11170315417893787648
9038582459783451648
13781385776601868288
9850758525084028928
3048861255738483200
5741279204807766016
14449805685728147456
10901998221124890624
17962048267063500800
1785481154606374912
13447620743121217536
6466603368255883264
12434092636039321600
9256018558752002048
6953913039784345600
9216645820934215680
3489903963258228736
14998613155804538880
9989050637806022656
16318380175843399680
6090364248637247488
10418296559835037696
250146993669429248
13968815896366288896
11189334106109321216
4064026099486241792
3812711723670947328
9512063444448974848
10693060290902794240
18141020762721964032
18292492186655739904
8447044181234223104
3814936232174189568
6656262827228196864
13321990176776785920
16340887164008404992
11214882157380567040
17320580028150917120
906434354240763520
7592720549605044224
9802592382912495616
67161468399872904
13881532800193159168
12021319552520470528
9476848971654909952
6564927451796297728
9682705421334798336
8175333035430299648
1026981893057322496
3344396611400224768
12334627875587018752
4451898949910846464
3106400913562223616
13183989700397860864
13539075214783406080
8315925857371060224
6748405878827577344
9693199495637159936
2155523821932907776
11154706787256418304
2473990655554053632
16213104574762946560
11045327037588295680
3189021295801677824
2806939221291463680
6240154026105276416
12795027881084125184
17705091932047702016
18414254921335562240
511600250324337344
1218512555126242816
2592004144516648960
1908405320060738304
2888029431109400576
5394484275845393408
17629371779222380544
1874619945754216192
1748497585144927232
4158654919182608384
11694658558294411264
17249189661414139904
16841034285442256896
7235394635153983488
7650817041664192512
11682057669718693888
3633233829481095680
16017965714976622592
1769033281551177728
12097650629537746944
9876491423598688256
6624673863293056000
3173797485894321152
14371887991605932032
15862953799438346240
13830280899926566912
2760485973845978112
14394704790053752832
11295356764149573632
8943839765156497408
8930023577718452224
9738979901165629440
4417069106705035776
8923660260511719424
11812814567054817280
2497871438992415232
11143332146065152000
16970661060058712064
15517331682353639424
10938231823562764288
4826509423447354368
5540520779354520576
12070017590739560448
1420032681199662080
11364780810829279232
10452233193380913152
18287647537303220224
15855250769278416896
2046139425733108480
11631205444732913664
6434283483333675008
7515321014569571328
17383810568387629056
1838315659772019712
10539268879919058944
12336612028343121920
17739167632792582144
1045275445059020160
15988181487707793408
16603569374091266048
9295687355924746240
18207801123890372608
11137872806181148672
11563799102101989376
9259616097233270784
4805905049612030976
1403350674504445440
13012244268559392768
7449098887140362240
17758087702598952960
8483676656605551616
8741007277335616512
3307085633375212032
4415894990999623168
785913826929888512
7101765442211102720
7884506865572608000
497049558715871552
16008500000247013376
8947401545752916992
2478452261474038784
16139131346196774912
10324236587953598464
881758755425229440
5344168931044411392
15732052221956497408
17542308275469946880
3188184244207855616
9095323796234039296
1777599702881346304
2764238169034467840
15431343278009339904
17038864472300832768
11269555206260058112
12175726082727020544
6587280163953290240
1757284838867701760
6488839401011565568
10955952521300078592
7605207501936566272
16055580094650558464
6826592639258005504
13541709154034556928
9658336698769952768
18214190049639798784
14160579732463564800
16792248375271606272
8872727705430285312
15445720725209739264
16423928367427360768
1469587391824986624
13302423246329901056
736912530323341312
6453307546305671168
10387020685315137536
4810816820880233472
10364705113588477952
1029657314601906688
3571493782100977152
251313034245249312
2690327906134599168
12212915025022826496
3354117911099441664
14921543234173685760
7271650214690265088
