7694404607665052672
16060148782683789312
9435433073860009984
2393917073058187776
14789749761093412864
12704189234427209728
1167374713640231424
12264472087065937920
18084281115524395008
8410790721379387392
2585802796714731008
7540339829543029760
6173677261852310528
4460885391174512640
18056572423567532032
8732410753141424128
17221595112612143104
5202027715160691712
2990033630709475840
13729437801850073088
5350468747373068288
9533323203996119040
13172390418220023808
3497439278695576576
16623564469459103744
5309887032896457728
7164525212577209344
12183757065660243968
12652672706820683776
2206357017862836992
4903991090952104960
2798462535924586496
14845960617684660224
5896902855158234112
13650832558172088320
2299084152567787520
7306399247856871424
11372732061933230080
13711776923766300672
16392373073227483136
17273945317015816192
8701327533892585472
6000980611085100032
17355692592515180544
3305081796526355456
16971387370408046592
5115670623108170752
85711666530397120
2119831588804592640
10907400447362562048
14268208650424625152
6599190890419008512
14308741707404222464
13497198547121342464
15430624351552512000
4955440090713149440
17016549204717817856
965722240191908224
8902593002487229440
13298888768332523520
3424177860283532800
16243161422189332480
10634939267461117952
7832189411239601152
14373323643503603712
7383898691611603968
15808048442298001408
13762918252515774464
9463826779123421184
17972079655273371648
7532400204058873856
8028091985861668864
11665202956962285568
18321336695363901440
4604008270671206912
2637304377130493952
4949196254298654720
3034871969925619712
16492791295839393792
1697006621772929792
8979375464359100416
8828601756795637760
17707042780206737408
15239240259824496640
14281952296172105728
7359418335071289344
8985588932755326976
13975601362024278016
17041494760180205568
13535924572594544640
17627163323173388288
405845903902312704
9591260405860755456
12268998200320466944
8923783431310867456
4962820202206372864
17987317074328197120
15548696354271438848
14132040695701028864
12151685935627104256
14884718757809020928
6606039582651475968
10398627254049734656
4915077794402339840
4937516837208283136
16048634270138511360
1386867992345413888
1607635680255432448
1894225985591949056
18280642567213539328
11924331277559459840
17745423034038929408
10715800029974988800
2383872803928726016
800618398535066112
1154710277286553088
9373590435275900928
939800136417983488
18110187447526578176
7970551777664988160
5647355606531841024
14878714029537904640
11890528078177030144
7494265155841946624
9737666694632900608
1942814623878223360
17939431851618336768
6404528450278066176
7270528143297257472
5374342520238871552
3385612047781452800
3210581554743460352
14025898354801922048
6952822118416605184
7046673414402717696
14033895285477558272
4821729452355984384
3644584071387597824
13114384059564328960
10279354582771378176
11230803276279982080
10178280563289747456
10144862899571972096
8096174609170123776
15692741744801884160
142050028809347360
7437473643039361024
17541902391939235840
18029543599884867584
9385061190763753472
12025343386216441856
13056702464087072768
12980988752391593984
7643154636505504768
1078243814334400640
4786135152922734592
12247236998260908032
5416958157614882816
1976149636146747904
13789851781019846656
8634262063902304256
16297071739180017664
632217450035359232
9451251228229695488
1474224963223987968
7796027189028792320
884906891540276736
1535251849994939904
2814024116187928576
8297573943123301376
6518257738566290432
364982906733119424
12857785696660643840
9627414291994826752
9886459483904210944
13106647879892420608
1989858389684825600
6467468233387320320
16925470947430088704
9509475232792647680
5870199824091183104
3853292824486045184
17021535851584534528
18278367729190367232
13662696344597172224
15451316509856034816
13575019309220278272
14012348655375736832
3885625254399005184
3900984879643467264
2168391850685828352
1101432817104056960
3018155840029624320
8206310373039951872
17159160043572973568
6572916328091521024
8122221215397219328
14708035312171995136
1103449668776887808
18380370074489212928
8687730668719934464
14271593311314929664
1188332518973066752
2523186711058882560
4476649942728312320
6974837683887903744
1631878972194129152
3209072190480586752
4589782031405975552
8095645405412752384
13595361811610306560
16526049818482155520
17567805446356320256
2787325678624098816
16801901643676796928
16658959841043118080
5818062709791853568
14248996795344766976
8565466655278907392
12788359986836461568
4071574542922785280
17929388395355920384
3796404889194631168
8645098966865011712
6128367419559735296
11037176339317055488
6279326627674293248
3716670058345498112
6592633162957303808
11445362173278181376
10246901514235064320
2775223358252771840
2567209766183275008
1254228188953579776
514870078513801280
15379378343116554240
3956931845915245056
11045202401982040064
14721177704883681280
8360911896402375680
14018777792780986368
1609219999794007808
14128204481537038336
8900427370907806720
355418489874457728
5409246960570488832
14763725685233451008
18027677010001313792
16097877138341109760
1916048499538635008
9158288345819645952
2344121782772667904
1850340175024150016
3539895670392158208
735658844419150720
12627144213519376384
15286866791714275328
6349717319479390208
2789021539222520832
11336418608490635264
12784976537334403072
2390420117634855424
4902132532621847552
6787372714888117248
4824059702407542784
10555076618646390784
8555811091233699840
16670208605545246720
11114124431134302208
11267736833002401792
16270346259993309184
16019946958982598656
16497120251868176384
5854385862598374400
6917087188229357568
291284317574344960
525792807606604544
8798958552810883072
4726908892935617536
11223508604837068800
3702624611666760192
15514637762878337024
414413507044309760
5424521871702300672
12851546926240159744
12908578607196037120
14198067550673455104
3482534518793499648
480123269446864832
3222871096494047232
15361866035434225664
18073187927567425536
15724419295483797504
8804209830805298176
590162839339868416
5134953121448847360
16200169914977339392
7426020954154284032
3432820065819276800
15285638294916732928
3396932365040929792
8067047286759727104
3152696376813321216
15875551822767587328
7759624374732232704
3012639847052866560
5819866584762939392
10954916981794252800
120762384149559168
437809894036410624
11346185217054171136
4173601241151519744
11763343189251520512
18319759910500251648
13671782089152780288
13897674514207838208
13141314861151354880
18072199940391450624
9850121901306464256
1592287066698608640
8028465489027038208
6273068426739550208
8573861333507659776
7294250234734893056
7346315036403874816
5492065271648899072
17113825642608349184
8722093054594545664
8747112787597768704
4717469626281901056
1223500368813002496
7727185386836676608
2159751997045995264
3263495826791492096
11542267026618742784
17872088564914159616
16033825754945835008
16355367011267741696
15735909811305801728
9740954525443172352
5898118383464445952
16361494710882207744
7161547644024774656
4463722120837211136
8226082593284977664
6119973672350608384
6639068222965847040
8554813577912670208
12258932593355204608
119269749857437840
1494330516172531712
9629899231924469760
15993948612847345664
9185833700189681664
17705890152571004928
10364471868413120512
7239272389010591744
17950977300794513408
7342421998666119168
7681968192572252160
17380282554920622080
15591518551285391360
4832293236964379648
14035484217846099968
9970777198833383424
1937932156330111232
12109127846444128256
17317388324485640192
17669285140048033792
15082195391302012928
5928424754676173824
14931951455439149056
16860172553631674368
1351555371066952960
2556001425906711040
1532176644469726720
14683740871028932608
10317721422705158144
5073168558355103744
1662551384239407360
11280179011211290624
15500643824483319808
15676556136740644864
8068162069018651648
16822381499223689216
5238851088701020160
7614609929251877888
15746664461003345920
1014470993902278784
717265331495466112
17928715549751248896
1107681610818059136
694645209456012416
7939497701835494400
11963084727035949056
17769335981484894208
13872745132402483200
16424310656797270016
10950292428569743360
5019977662855449600
2015742548187935488
9404048944634869760
10709685250470828032
3961362435764431360
456960203093990080
3603333742698461184
17894816221886470144
17049665385632544768
12096220083494268928
15477878957606203392
10238232740022448128
17839213975984402432
4536693796751725568
10573259925977294848
1777444159718127360
4656606251198544896
9891755112564506624
2649719054237262336
5592363477586416640
995862039173053696
14989978106155692032
13170535944771381248
15904116879375910912
4454504062377092096
9176255974034974720
11936505956030730240
13663903363178113024
4115218913263534592
14002234600648062976
14831221353594654720
8630941739384368128
3789184992474895360
8047199599960204288
16227432113609394176
17801027275843772416
16063446495673313280
3506279241750876672
14021562168268861440
2910504319489397760
17631171611876814848
10805408678825859072
16968704413938092032
18175143287316453376
12929543482856259584
17490614671752921088
1640766662510772224
18125396915443572736
9621648743727626240
10572461527330177024
13585877239616796672
4587273961381817856
637316614730765312
6659235773636068352
15117337563055159296
3226475425471476736
13714623693552771072
16507205496101564416
2381627209670644224
8289433057991333888
3016482823848882176
3711925270676511232
1252676840147791616
15824846425638072320
15791527251772112896
7084567244376396800
12569864883751960576
385157041207043840
2244285786137770240
4978970125705048064
7448319412089912320
11909064880584534016
5813526801457541120
3262525603534817280
14579746806152962048
8962501659968538624
3970678857928039424
5781668496740194304
13654332019657883648
16443757967704717312
1712653582171073792
14474976260856457216
14086768683235184640
9987805742730221568
14669501397935181824
5614309728015807488
11093889340319789056
3079058018928914432
14999294071811774464
8812850840541907968
18345368361435637760
14175767429420607488
14687087118888527872
986818187916715392
2313049377358245888
5203114315433313280
17118369097229266944
13557709569722136576
1242969627871781376
8056516621369891840
6593138806253396992
4057417268498646016
17626840101941676032
12158270320954888192
13577292386248318976
6377315025385641984
12902658068259104768
14733257060552970240
16478053024904204288
8228382385424722944
3063185793134259200
11385516802105798656
17036827014553153536
14178348854263902208
9261637105513893888
13697370659649085440
11205051723769817088
10800289259391956992
11283214183407816704
16135173436998955008
732316577648322560
8810962852478249984
9533623420576841728
16950921154934317056
8637491018449873920
12357793041010683904
6776213511008167936
16783544249016623104
11072419832173635584
17507238405356967936
15042652593039341568
15377511252911142912
14395860778534281216
9980505543218726912
11769298489673058304
6778392928133899264
17050426371625523200
18241958372272619520
8468152717639547904
9805443684672335872
8676223866302442496
8534966745782524928
15373777840213934080
14130811425565048832
28589630886716912
6229903985707936768
17586043027989747712
16481698715077347328
18266397023082110976
5697541145329844224
14390429098891069440
7175241826809639936
714440712512870272
4938454692999483392
11741401481771544576
819243372542041216
5686786042788155392
197476939639151552
9286405602659633152
7759365821064179712
16295632222799607808
2721289054878326272
17979369213626372096
1598692453668582400
18030612459718156288
3105624235912645632
6140702332630173696
13449897939685541888
13412242402333392896
9557955412784437248
15691948473061433344
10457331383530149888
4631043433885845504
9396746133170825216
6141097671551737856
12793543086084593664
8346024514097108992
17466416758477471744
753641177335363968
6386117303302011904
7844348886297612288
15505535416477849600
12271317424742000640
13408175626130690048
10695509246081028096
9334358802983485440
14855972182759686144
7095176963432468480
372783807897230848
10075807418791153664
12901279103013492736
9345065469011335168
14964089060229103616
17755726821673461760
1001099188982445568
17899220208403802112
13766799182118166528
15496742030011422720
2292003827581437952
3882444001213429248
10337271910475829248
11563005970087759872
1812107453322534400
1265758362140595200
12054730401546938368
14097851050107846656
12788447643373967360
9461750920191717376
14878123931387588608
13751209002552778752
4128002266989397504
17946395398076948480
8486555499911079936
12319853088989767680
8294412405322900480
3873954391985074688
122260981601855136
5363917183185610752
7512469676203456512
3015741051021254656
3174833271726280704
2828715127806688256
1855970356605414144
154189835073610752
7936238566681505792
17051368833581303808
1788790182457118208
9237744629379762176
67660323722355216
9641577083985123328
13054170586728175616
14778933023488157696
15433994087741083648
13798480350646802432
3881070310391796224
5118408503905528832
16275591025234528256
10405361626562908160
12450897549536069632
1982940819507646208
11430490731812777984
12400598986363979776
3752617747427761152
7596104602533430272
2396354279728572928
9723525172516333568
11973404739637317632
17971431272433127424
12463590232175288320
4995874637752327168
662721137240851712
13474769712476731392
14383100376591982592
14593661726051868672
5959135089025828864
14991685104100141056
14893073688098539520
14232139824107255808
10966281508737157120
5260292805961794560
1515992647249225728
6724022547985923072
6805089955674882048
10633127200165455872
16034911883001864192
13226223429781733376
11282914365285701632
15195393240874254336
16763148466200774656
13808102158698991616
11893070010557274112
7242585801936800768
8831599374761431040
8617495422562765824
2912345627558482944
7949153028992116736
7413747010820215808
3268176247294561792
7183239219892009984
15379767959770804224
15804346428525912064
4786450864720839680
8938114972615909376
4161264610146286080
16476390935784804352
8444979185927402496
18205398524868454400
1049246712771839872
10831471372454080512
18394522142570909696
16709974010999052288
7890104602794545152
16742296910987425792
3770246604600583680
5998073794270897152
184479262747158048
11269687731957075968
10358352904918808576
8908640474518396928
17945584598655993856
17026528962531624960
18178639037828431872
10013957284026433536
11846874723983089664
6897626615827877888
14754046905769314304
3191577430835016192
7698093408750465024
6518558938108221440
5902483816548258816
5412177184358974464
16705865162753744896
1845893536173742848
14188519806224121856
17978034416213223424
7805451339095088128
15197484567760707584
335560744347717248
1845716418917142016
4891579384436954112
18251099779055165440
2686184386242043904
6998249573272704000
13916175639176273920
13453322741354487808
3444899152711975424
4243461458965344256
14161378942091468800
4250950968969483264
1449771525133475072
5059349006769592320
2313596585708656640
17091604309564297216
7753927532981826560
11410884071012268032
5049594956933515264
3787134724707956736
14236307587566555136
10627022921128005632
5942598343769586688
776181637834400128
1324827020271515904
17815483500457687040
11612082694186203136
997594604926042240
14940811588253011968
15099293953222787072
16576614939278886912
232451356459712928
6559036515422881792
4257456616699802112
12995338079525402624
8013844926975322112
9323139791657424896
18012698436477478912
6528389084977375232
10100929172692539392
5894636868520481792
4839648655871173632
62169548333614480
15995612446120912896
3443443404162847744
826071708273782016
10969103356962394112
14406204566563635200
5617132242375382016
7815080708112941056
15154711223363612672
12917937933354182656
16230989464493125632
16392278595974692864
9137559040393974784
5105462135959309312
10805800351659769856
4264261135862172672
3460076085979430912
11399475420515293184
7966988003630671872
5791802642387257344
14212397395440222208
8320190275945102336
18311806677804095488
14987591236757817344
13012010218789652480
3692570077248723968
10017586374073063424
10479148244396707840
15302257880689453056
13202286540013928448
6411768158018845696
5831770774897329152
3729058552980996608
11097218838357434368
2010451263182243584
17228488612858619904
2608073257719928320
3501576920986698752
17903924216155611136
11877292854565967872
8745977203319416832
17610780527848871936
16293078798033014784
14408666187462455296
14346493683984064512
4065101260143343616
17980197780858939392
16593079300924102656
335858169032763456
10588802269613867008
6446016080927866880
17377512376518000640
5567949864927169536
8302651376961490944
15122913381090717696
6574408218311592960
8911895558599567360
13434856323238436864
1456475875834082048
7233799206363034624
5766999070267674624
15869170217226340352
12207135067949721600
16928045667550464000
682168686236347776
10040568077885224960
14977130546789353472
13971408135276572672
722740247129083520
14957033787647313920
15753860211634300928
6613548688498412544
2166045617958268928
12893308197565030400
12035116789851400192
8616847060322642944
12635990519651477504
200579217631702656
9596450444256552960
17656365807358418944
13437409079556503552
14936575097686970368
14599816663526113280
13084886673436821504
12965588663247984640
17882637091366563840
6531268845592752128
10969459204144492544
1765767299862493184
2270852347147362304
13938704018492565504
2316873447017712128
3664120242520350208
147910047286365184
2628369376088411648
2705347309844654592
7775281728839877632
18140735453847762944
8956825058082324480
5691849386976796672
9350042330266517504
5167843382045422592
2224862422228072704
13240364688181936128
12964311362576809984
7348212928607249408
2494027484442374656
15397927023208681472
7713845203319345152
315283909315278976
18399171218611595264
11408670689022355456
11751799654949525504
10442800636417482752
16002683333872003072
10442410520532332544
13906870111941095424
4014227923760524288
8377823775382910976
3653537372091595776
12107857064700262400
17984904603425710080
2035818142476562176
14531584757598961664
7136329641272731648
7820006092845410304
10592402962417192960
11207217986788130816
12233045640246276096
13326097785995128832
5170463355173238784
13763425723592671232
16422689315725629440
5370828920210754560
14274923274328031232
14113447145858387968
14868675959690301440
1619942657410242304
13948712596527706112
7157146149465026560
927569363387243392
13131774748610109440
7146770713678041088
16558233144528285696
13031834347226824704
5372045177573752832
8616495967742619648
2136775010163511040
7826778311636521984
16588911141575440384
14293334774791063552
3114494208929889792
5923689400395014144
13355413283692900352
2073062423897299200
13971137362318309376
2904143440616106496
14789129365472178176
2164850785923213312
455083364073002688
12937740910408570880
3659189219865347072
10719102538288607232
1454785923234998784
12111588462333788160
17409378334128906240
10699289742648637440
6125065614005164032
17835437357875830784
13860461715073269760
522564121960653120
8914222365898571776
3622833610326846976
4959474785453262848
51567197554755800
9907510180594415616
978124769269708160
6269199856815558656
18180217035926509568
6434463067884002304
12586057005675894784
13549110746386712576
1459831491081662464
10973924348350437376
17430392845164779520
4973613695333786624
13464560787399186432
13059757972038662144
9329929293636397056
3865596292790754304
9403342420583053312
7692113095044131840
17410412586916999168
5267703078889135104
8631283592864290816
2160065313251551488
12812931275167289344
9446554585796657152
18259281250495125504
3160374626668392448
9327245790660990976
11437011096184918016
4868806784263858176
19790927500307360
2210402940100340480
3888543209018261504
1748373009948600064
4973549926405658624
12463351273842061312
16900758998052294656
12048346581939283968
14657811305169758208
196083129067424320
16759777625472903168
381761209668984128
17744628673128112128
4487724271440262656
11457697903220633600
6691566752350976000
3844741825421782016
3180565991521886208
6035113113421553664
15250273048818685952
12702832806054076416
13135007503055384576
8150166658608470016
13740214269919555584
4743187850137647104
11100951797614026752
2148765626317191168
11159991225563293696
15270104876047726592
11273507752882626560
3031707088601997824
15232706160636854272
18309307393782861824
15278734904326547456
1344883221585178624
11582287170305216512
17314606948345597952
15621765805438720000
1120743897098786304
