12935852446769954816
16607067568917995520
15890369631213555712
17414179777301764096
7227619126611864576
3055531901626616832
11275847962196715520
328736365979030272
15432129552999731200
9497837612967516160
5104075670547575808
8962348279996838912
9214435235267560448
4092895958972543488
16926791625365641216
7001754920718086144
8437900169622317056
15080298217920006144
6524125183967633408
17710266724640292864
14199063563541508096
15730773638385321984
13228668181051123712
4976810467249312768
7558349428171914240
1118704558616283264
11383501943255054336
9746886026210859008
4038160050412957184
913202062253107072
7612486821662802944
12242427059610062848
9473951495346774016
5391661768310676480
8707227020930006016
2545916498957568512
1917160164870180608
497025856603783296
14581208075832803328
10794393726686961664
2804954604487439360
17582885217304485888
855655057432609152
14349786492662702080
413534219539854208
16327582514998763520
3476218573506735104
12630246731611471872
17109024971882399744
16537337684479899648
3364258218443661312
6612981058694166528
3521933643279300608
3077758495941989376
14761330883337086976
17224953622450008064
15099761078348457984
5867299773661464576
10567397290866468864
981266580186794368
6093651126332523520
8823143044345123840
10505572168266448896
5576930684332605440
17840101737859928064
10528848237981663232
1151821535602648704
17406977475110291456
15814704144775976960
1026192199298872704
1506308006305602560
4225690525972657664
13248178201356285952
3684771954892126720
10360961077862144000
11521272041615644672
1801004401343217664
11827155555229270016
10825531485629884416
2675803858277295104
1028641757275924480
105849713712519024
9473072711792510976
3645509274402005504
11372150117156395008
2976642223649264128
17630809284887369728
15305082218526021632
1663575391241809408
7958449378584757248
11149788646408681472
15836448506114537472
8453720616102165504
16693269466561976320
3125203535773841920
17851034909649215488
13794363411441836032
410672114997995840
13552052421136076800
1020291993292450944
16804041425219966976
9269629179062931456
3677240831016628736
8201439339399473152
6851440982196078592
10935224939064385536
8634554118806059008
14776016081228855296
13358797514946031616
6956138743267801088
10398626695957966848
6984897557013019648
9071968868745367552
1742125193352656128
226050358991605632
10138841141989812224
7121837641460809728
16358842372711256064
3806881925633201664
10626180144243525632
11603655243442311168
11528702565923567616
7002426684932009984
17288674994755020800
17866083684167528448
1448395984294996736
4007031474333064704
18066473056350240768
17099587465614157824
1563689139890063360
6011422491041864704
6699135823065212928
4561438268938242560
6726675964087220224
858434906995264128
6286325114793957376
13486814227166595072
5156668637121896448
4203047137656202240
16192041165963941888
7126953731426672640
3291440696210063872
17125013698428286976
7619324010116641792
1307752618539493376
3302513926123407360
1844372706190794240
10876885564756758528
14320768282158049280
5857765701454995456
6719292099186923520
6088503489556822016
7581579391296962560
782839709251033728
4789542033374301184
4931866707567807488
8173884569913728000
10593913793515274240
17160690261888116736
17733455526992957440
4656918659195120640
4119835438499725312
10729271223232563200
9334580890702022656
12526123986149089280
6903364822091219968
7395414228631342080
9516228004792791040
2214963839626574080
737437436771289728
10332992432932349952
2754499683138633728
522756160679497152
14953147168976214016
3757333730131867648
9116969771091301376
6006229921584684032
13058141260542025728
10925338308143730688
424107703064460608
9506458118275891200
7077588040888437760
16573327558457303040
18195476068294635520
17348402417342744576
9855947472879316992
10416270120478902272
3065949503974561280
14158441754818916352
6132323748959157248
2094535846244489472
8597512044511240192
5119448502702111744
13590933975377881088
17598822117351940096
18190647866849353728
12840368880664053760
14732307132757131264
1818745891630334464
1218443535395150848
17367097354811191296
16453747401695807488
943112806491652352
5588540121761828864
14365737797189740544
4440866529263715328
1529749502992296960
16918194712672233472
7808580274158595072
9165839773046849536
4657877822049364992
16073893402956091392
4671531233442592768
12401722856034809856
369968829089881152
1177018211135335936
8819632107802430464
704596736468119552
7406127735240251392
3183432645634161152
11415546852623052800
9703101535866112000
3123985631633608192
5161703037693931520
9539987583367723008
15672914553346340864
12708748073069520896
1870817818251319040
15143221826275248128
6701911603672440832
6084319972854009856
11358077908740982784
17990626836726312960
15886202954363215872
8735977474304963584
1298139357394469120
7302617392528434176
11538891899459430400
13052289937928036352
1981667720186874368
4380107501363968000
15737997643944673280
10732616639350491136
4965526886678608896
8927616429148233728
9395909706962999296
944777627726178688
15986194234720919552
11383867992156950528
2732219901540505088
17468173753373022208
7542062370905678848
7968366024688885760
1198759911771160064
8336424175851297792
15793709030933248000
15098739698381305856
12158894197453144064
4910898410030365696
5228419054564964352
7145047649458034688
600622820521803648
4168998909346753536
8961312393184059392
4931502174902247424
14829979280664152064
15478797723830747136
7150435705517434880
3488625517127030272
3616371133863421952
13846262752707987456
15252055085073655808
11128771101911019520
7892960782045931520
15266302985585244160
8796250173346247680
12459661186727419904
1358240776957624832
13377466007387572224
9515003825917499392
10695849069087666176
7495661485374854144
14336820697533947904
16280371167519027200
2725757176239964672
17153975426634174464
936892265546130304
5056326514127342592
8997841382904944640
2694092398897819136
8663518398233329664
16777625641787320320
12992658803416422400
17164150276907182080
2586933804501367808
14371046357413580800
741469483564791168
12585944194013945856
6507887669291840512
9555083031890229248
12502400651382833152
9449164619727081472
10401482988060934144
16976577757034655744
11875726328790034432
10760708896683608064
14626341789072852992
2739980313264483840
9920963287173509120
11479121486462873600
7463839340332166144
8137875210330155008
10191368037062946816
5924931695438313472
1203982379492548864
1120839277682592000
10623944255541297152
9395941200150163456
13544018797238454272
15926927646293094400
4482448514621807616
3588245224918636544
10117965212362483712
18435306619961913344
10862118254153377792
603230748681610880
7478876531754376192
12347005203457675264
4394514085944796672
1791220475105844480
12974692064267337728
14603668007696631808
12467754861921886208
14016609677340149760
18331653321176027136
10554468758314383360
11121295677358301184
3041282373838810624
1450396320096649984
545346220040712768
9528640925376618496
18353723541513414656
8219121686200873984
9684359363848271872
2628448884295926784
8195187148638747648
5562674506617874432
2229550419962373120
8883318263169053696
6074807350584805376
9364334821738332160
5327043199484746752
14674959214518949888
9969618616868919296
11999397329528670208
5457673860293453824
17105655834144851968
3067905850452082688
10043904607848466432
6846546663832073216
14090432457960818688
7955574554208579584
5716287938590902272
7720626836026135552
18122608830038538240
15238591823459663872
14530468023739447296
8636407738768604160
4035493654082846208
5123507509422813184
14953983239808561152
13961296863169370112
6997218324423321600
13685480229685153792
4323499151651655168
8929144232231585792
2688052316018820608
4895236120881769472
10092394335744737280
16846018852513388544
3482836114923051008
1203066750817715200
10652744606308462592
5610531678778813440
6981411068007527424
4291598742208931840
15382395496643928064
4200718599332760576
15931780812486705152
14600432590884177920
11553016239739568128
5123870393347496960
4434762978975956992
294919393738709568
10552762399647926272
11131244562606833664
13507892898429728768
4560123776362341376
12692597682791206912
5315985831616894976
4772698218680196096
15066770788431859712
17548102797187579904
13463282581660962816
17885233677071564800
8998978538422406144
9838682259714070528
15085056687967584256
17054384538756143104
5869073710221939712
5931555288575489024
16150356154752573440
7973275333658264576
15661860676253224960
12098144721729599488
14891371065016047616
13442417338274396160
9744069920388622336
153988859626096992
7074225266336552960
11249938006400309248
18019949859605239808
13921537504331665408
2645765497975739904
8777849799014591488
12419579466381772800
13761464061973884928
1567425197737788672
6200004136494971904
13827249554415984640
8967525982659207168
1418813595490465792
10049457145477691392
13704937598991499264
17265461725626492928
14861184214175072256
589192650851195648
5420170064815667200
10714032979310592000
11358940998206558208
3151143706297563648
7512504315483754496
4042854175101334016
12505824262871111680
15767883697490374656
18199118569029134336
12651842586497062912
5175044452600935424
2411377049246633984
7241983296412973056
18443889568395208704
9279088305764380672
6508618647616317440
9090574161045818368
4367536912913804800
15179196060161101824
17259921179577581568
7246150275091829760
3399065157596669440
9693004569142384640
5487699809691494400
9369046777506643968
5621607566330875904
9100950185164141568
18210653912197230592
7365731804418353152
833843969622922752
6066256410580535296
18102292333472026624
11550239801880872960
11263381457287337984
15135174586297511936
545018764182572928
11421944095227762688
15919638303106351104
8998209173583173632
7626637095073990656
18108909658033616896
430813343776275520
11190934768253915136
13649478967778009088
6414745932962788352
17216775075049265152
16356480950831063040
712388327004118912
11422204536098560000
12280208065337909248
14198784696217827328
12100886938601259008
4431117596601751552
2959029183621567488
15932179271814273024
17176957882629255168
8170805787534306304
6640200479536424960
1238438580819479552
11726607795181647872
3755186918587125760
4044439784328677376
7867737928318786560
14206906859249868800
15214326144228591616
965167795842308224
15662546887475560448
12569662696879495168
5518398850279723008
6233387393476952064
1325203351863991808
14347325760340570112
17561182303116914688
18156479873400291328
965817641051939072
13047917110512607232
18163135568026677248
11937308789047181312
12242362944869074944
16897174741236172800
16061337118826526720
6973034974921562112
14874246062639470592
2180412827593362176
1183050894798447872
8236294116568449024
11259225254791653376
11164157628689145856
6358360089115331584
16253275369299423232
13321096386506641408
17663444857467181056
17869473260188518400
11816888621179066368
5454551970971793408
13588612051384485888
108391794906450752
14968206394474729472
3060958063344074240
17942550921174927360
10863673563245064192
4933023158672207872
10140644799985043456
17669630521670313984
1527607289520089600
12133276663965732864
8076695334208835584
1416737839895143424
7043473913586021376
584094029778449536
12045175083018397696
1730374984152823296
8391331728721161216
2765705165212700672
1451813136743043840
6989025531720956928
14868487522013687808
9474727835111673856
5329778018134290432
4705581064496553984
8076748456787483648
15800756335252033536
5560936115171011584
6541139905638591488
8812354717188331520
13102261536542470144
1378125956901508352
11418804547771918336
4063923352862388736
13724917558569662464
11956260858662887424
17038636935800152064
15685003798633011200
5388881713987983360
3185728509570342400
11365357045871095808
12581356014317346816
14966232906266781696
17206029377284087808
16133842197742456832
2139913200806280960
14959082184069392384
9103560826343232512
12945669909408552960
7362033945372135424
11008655317154496512
10932985979796291584
12411471377051176960
11441231807993618432
4800083061319385088
13878371057371777024
18398256654538182656
13914700198274897920
10946455368539154432
1197740339091356672
16521793913599586304
9767001135258183680
14456564880906330112
4783461976668821504
1457638570494499840
3320738323394300416
2932124614474019328
1021540012533859584
3620127040474017792
8302029077364742144
15197971720281501696
12268303351480786944
12698255017316605952
17949910417140754432
65458449975676600
10977415163111653376
13222855044426440704
13571040910268266496
3838448637194100736
13514390095825428480
17536936423630839808
15331163049542283264
17518133097147566080
10174208130446536704
8165358227314222080
17186580176473128960
13895965576951959552
3539781088996545536
4635690658735156224
13844528536669130752
13186135812014069760
5977396967942448128
16382283011611637760
5169273480856655872
7739397929811994624
8191929421464534016
13341484768886011904
11277469597279987712
13108360305191829504
4851440948426659840
3352176727456273408
3295201316123240960
17489933912534681600
5774308773334298624
16314810637759455232
14526740222127042560
5637188144742414336
16776123244577857536
9121165185521934336
11994989810282631168
12649990547232763904
4985505733200206848
14434922779921313792
16129750659659268096
12864588479637237760
10166297445902516224
16857229141599361024
9890589666457712640
18363348285649764352
1924283470376497920
1088818625373607552
13561624756849192960
13870716466136989696
6157265070950603776
5737959856213288960
8284777301016210432
9397015831240151040
8830764676732000256
3254478962013485056
15459197870344067072
2869499768454687232
7982844940194802688
907196762449275776
15723545581719179264
16802340810256252928
14660440380769892352
16065506756265064448
17949589851079976960
4681699733795144704
6305187233086289920
15922649057668364288
16990249513605564416
1017915244731918080
9700162136846110720
12229807484752330752
11748203979240462336
13558597535707160576
6349394233895356416
3588758066861692416
14017898889286402048
17948384814026924032
13549271046584117248
12263882154672496640
10157056610206377984
13612091852520962048
7688416171743898624
5281143949262547968
313078340767414144
18352819649114132480
9600338644649871360
11759287527476039680
17222092631915603968
18132684869622571008
6403875588065192960
5776965782304406528
2388115040316023808
12692179900103356416
12824478267025471488
13370813514606895104
15516504928182339584
12862800052410114048
1163507187157681920
7251665507950680064
15762529060874747904
5140187368712948736
3716374059839043072
12856310701561071616
5641806364213627904
15528967470984009728
10484778024612378624
3342227373559540736
16546926162147571712
12654103016606398464
3245168882925029376
9630812902925338624
8776848334964153344
654229202824622080
7329203418838106112
5669136017982342144
4659879119274295296
322795090685162688
6994089736184812544
5749475989311895552
12986268988306954240
7178638057959071744
16556273579673565184
11167176676421572608
18274225079837466624
10411677537228906496
3472783176362846208
6310850635376579584
7771140156356861952
1839028483027063040
17272478491609378816
6817789503668126720
7464540420462052352
17824530049709776896
14506906888448835584
3415562866225442816
7744066829230091264
5763228890569565184
8620938900045505536
7937410825769964544
3569213367480133632
7378530541353452544
15816580839624812544
12087674665820737536
8065752635904539648
10266206493215479808
2882425072621707776
4438289571696836096
5908021749982907392
4334699322505845760
3917237373400116736
2340883435564482048
13846641848635416576
2704325002429329920
5022343898620475392
855565501500780160
15448368395199465472
6398393799782102016
16613119481332283392
8011312857389409280
16989564034306975744
8926213613466073088
7403519532292937728
12128498818794084352
8773008684693630976
18156896783201214464
10579471496454625280
2461451331226834944
17855452704350939136
11551890841746079744
7465194304729318400
1174296387911539200
3540964671827077632
8306866347537075200
6421370613442947072
8881625863808192512
17443652013977999360
9482794703048806400
5161527714853602304
18327162792460462080
1983710268033445120
1282353139515783168
3302804888615265280
9597520247871868928
8861906079813827584
14322192291497181184
9975278670195138560
461344995140879616
432858434292407040
1340226490068404736
7989908984572506112
11908015008508510208
17863884786950221824
9457605720464904192
2296987107509788160
8105407200434584576
7942087090935844864
7550182939044248576
13373239083096322048
13360229101265195008
15655007354919002112
740098476687583616
5413888089040856064
15533393283260395520
9510891967434422272
10750354189884289024
8837680359150546944
11727242649600151552
14810652430443995136
17843106179397795840
2259369525931990272
16451193445494052864
10231210254893545472
16166964817438851072
8460608034181952512
7894318963728393216
13373313290532784128
865643372549440128
5414271120484415488
11412847543956248576
2572433154001696256
12220088277947185152
9039627976238537728
9274728538767972352
18018155536938774528
6925949200740130816
15537096976619436032
8383682319359075328
12912613059550842880
16515451707893475328
7355524574953489408
9669636279008368640
1968054329670964992
11948842654842925056
1432227162611435264
6193481431601002496
7655365433598718976
16046476824573444096
8212320245474364416
14880493378052231168
2664404225641870848
8758256862777417728
14728645174892562432
8019888999366233088
14557534562483238912
7593519807304848384
12192709508975491072
5753092497178321920
15966319162819586048
175442484868097376
6123042064122021888
10119947987737776128
8444308967665244160
13531917222796597248
7375093603839738880
9190731324124944384
5994035438043878400
8693012908823600128
11453186670143932416
16501028610970097664
2590135176026708480
17457370553794551808
7336675705514339328
3897473757266516992
17202287448189089792
8159324753313355776
2907060187669854208
2697393161341924864
11015794736695752704
12648424902938613760
9996682952720037888
11470201803212148736
3571793190828467712
18236300286754932736
4186611927534289920
5137439904385484800
15622561264207630336
14974470504742404096
15258916541570463744
6773355145053294592
15564849875749724160
4438353614493545472
17433172346275837952
12136138621579163648
2931295702989730816
8276117615974204416
15593515793800448000
2469540268311910400
7342908928223314944
10237723862941452288
14637903535634653184
5493284938379234304
6324965970404657152
17283921040726024192
15915918774622824448
10630658920893169664
13701229638606909440
14448167881981935616
17870403484494395392
18361347369868523520
14602997359697184768
14088101057241899008
6907242429428943872
17847571754146560000
3650674798371966976
8477926106332698624
4799363760223443968
3415533704457812992
4976579997671735296
1835581697779035392
7645663061531181056
17372568308445040640
18317527722109270016
14614796480595576832
11128915090358284288
13534553729490567168
4447483914646836736
13056242256388567040
7023117276206565376
14146817185449959424
6788481401680636928
1297038501206307840
10717210012367968256
11760596494610024448
2548133922954566144
17144855766125139968
8120425031454054400
1372038034093367552
9299111661756735488
12299970446780860416
15356087957865588736
16105004395567974400
4130362631960274432
10271939692526891008
11492918999463428096
2616581814500429824
8354596500648463360
15837435512162592768
10870412919956283392
3836578200241039360
7177807804673210368
4864525509237365760
8728491190969165824
17427626119997523968
2141474054532170240
4003252597505190400
8850809073023283200
5755013514224954368
11381117417126420480
1042948672090845952
2780314113657074176
17233232824391659520
9364017516366516224
15274468891074918400
10336673374415097856
11840032628394924032
11924751561116858368
9425958100300914688
7349015008626061312
10658646041291061248
4207501439375437824
18290900802797936640
16923541545538525184
531731099091299456
17211933954940397568
12084624057402613760
11794610171187791872
986045945739168128
7399316745898616832
605561687106463872
6367746608373506048
11302312536348299264
17402394854901825536
7421137862378904576
13408806866800424960
9766297519542523904
1261845383268777472
9101106641081587712
17710886005587306496
16605105956096124928
4670790454785217536
12381146362228944896
17710570641844951040
11202087045387761664
7384993931011970048
12408555094669987840
1873530843316515840
4953131501160093696
7796102457625598976
4391231126030171136
12746966895354259456
6531722386666752000
6505124712885517312
7263033214179812352
13236247004195485696
