827080192267166464
11261370743833034752
8576863516896898048
7524139057794911232
8368118897258273792
8101666989506176000
18333411916783128576
1232444084883163904
6464133666763409408
10435662837855215616
16926550663972966400
623153999499880064
8945311711296761856
8358095804553852928
7210138332241295360
8987674517406489600
1745542756830033664
11176282161939023872
789147000153712768
13943110462408484864
2105611241581904384
17975664957129938944
7616208367576708096
4120501233176083968
1371172148977048576
1488595602587605760
8354766675882908672
3606572183064994816
2053594912460127232
3116967430547196928
8717211848129288192
6663807353157916672
2127374934190719232
7139544361194349568
14355893698465888256
6636034044613551104
6501279192928786432
9628060417038272512
11234427406568374272
5349630979664125952
1007561889066238848
7441700381392121856
3385768422284221440
332576760438081408
14516793121056008192
16793595941021503488
9224231263599157248
7005549099879573504
13268734006389755904
15490325632041015296
16123286568635742208
10782733328788744192
16740565583516575744
3427193750378458624
13011491267840208896
17049700735507040256
12981419020487688192
1309839851330159616
8593481894080279552
8876376485446884352
8121661748578574336
6825914504647579648
8296398862315555840
10630893723586396160
13814499262672766976
12464414705144715264
10669223481805969408
1974458933815527936
17745677642958809088
11479678156544174080
10983439524614232064
12960314480982853632
15109838209435068416
11379153260930125824
12618139671718148096
11594448636100954112
5216787854774739968
16092951901162186752
17296934491796090880
12879117906173745152
5637607078443640832
15181682196938377216
15821040099708418048
18151388674943387648
9466836967994759168
1821641711399653632
973375974980586496
15711787020339607552
9355886782024896512
14892470384789426176
14702545746876696576
11610430009454868480
10133315286176868352
4625114717201306624
17284563336713834496
8562861193816886272
12394925328094427136
6553503172185717760
14463804267285182464
16423530519552892928
1706861358708282368
6872254840607817728
9432862107611721728
219388449381515968
6755224986993638400
1362399852280789760
10235649423017101312
17971669340783058944
3232452701279255040
17714448651172986880
4204515796893895680
10159295683100250112
6877975292175353856
2366668832587896320
17892593632438210560
14151470116789145600
271887308613405920
13461179441098420224
2708161740030017536
3171304314030943232
15230287863149993984
9782346502187517952
17843561985877305344
1534477642085414912
7346442308701014016
7940829288305467392
5993134463023056896
4952712261093711872
11704259096406173696
4719848803064665088
10229059957882374144
16206596978254964736
2949947854576253440
12335950563315406848
3639311844763189248
9990219890759225344
14713219384027654144
5756410303110951936
563769760667851072
15799793216618461184
12376337667915520000
5383449333834600448
1817905703012850176
16803124100411697152
6861499129397598208
1434333831426732800
17457870918619684864
872200092186021248
15694163798241744896
14265483535709454336
10991105050594082816
13475735905766549504
3613207522080857088
7618642922005844992
17711746993947731968
8294538411244599296
17559960184066740224
6599239225346073600
6782841243139340288
7978354187088249856
5718176417075900416
431979966577426944
8626737296602765312
17083552110483941376
5481307546476544000
15911353854308837376
2775027189390792192
11420668583960422400
3141959791975168000
14904001777093236736
73482210273077920
531619324846936064
9559265065365067776
11299239698095892480
7893056283641270272
12375989873966911488
17863029926237245440
12088036046336256000
3472621807892306944
6874976575735477248
1909160133011337472
16142691276761440256
15057166666008702976
3936570741366127616
10496333691455694848
9451331270026596352
5507010895476973568
13169624989327636480
920702442974513280
229027038700473728
6145733314901881856
12835408667240824832
17035230579952355328
6477734406055702528
2046897457689620992
12213300579551254528
14301404636073613312
14838331639802959872
11530459150041120768
12640459806001473536
18068737150742751232
1792946721342248192
5252633475548361728
574488611586292352
4713488840628826112
10892644424605796352
8728979743247579136
18248398160815157248
15947005188473294848
13121010741814093824
5519528395067494400
3126314454485723648
3353235573751325696
11431748063319697408
5096258875923173376
8591269799092591616
405974809175557888
14395086201705177088
2145031852140904960
11163023384643020800
8173491715561603072
14160991617338288128
4493135264587300864
12795419259547885568
95776963947799840
10983806436713191424
7309024811908338688
4540651665786876928
465025938238867712
4026473147443794944
8914204729971741696
15528005057732820992
7568526806514926592
9736585841746190336
11843114069050992640
10711002338648897536
8412941742395939840
2171589703587173632
17245799135169112064
10836963127980867584
12461868323861819392
1245794752241130752
10916737140553125888
6875688685797962752
1985741207025298176
14314773379797112832
9445784936407797760
9785277683026589696
12021305364384452608
697105074141096192
4489658449279344128
14968478834322083840
2831089185192780800
6300026151015997440
12280082112309825536
3963152062465483264
11764540894892345344
12503677812057071616
16919969297506809856
3228194004264141824
8956515116294479872
7926340707293558784
18105044331082870784
1115432081199428864
18263896003763062784
14504589473556869120
1543586514480387584
8819454695772904448
4933001375088115712
4512762184896233984
1333296783744854016
16607265247124981760
5013439440645908480
13749773143349393408
13736620561358981120
4137476038263844864
6275663798644515840
10234206493780301824
8058867475884803072
2923958585275185664
2633672419739883520
6845066034422843392
56373864201436080
4538807918445453312
3421282550699199488
8993545297923778560
13470536229718116352
1455411576178238208
6396944264876950528
2120827644237602816
1846931579683360768
2681291286870264320
6044136350706945024
11263435760128440320
10373211966759755776
16139379387017338880
8504731072295585792
9657443347056865280
11029831486668171264
2047411518722914048
196372105166315168
17045440557620631552
18319158158506256384
17749120557499377664
18197532532810266624
4263307433453985280
439564788330374464
14329550833111134208
8787194063042449408
2944739973378769920
3309685037640188928
15200959058316384256
12360948548472999936
9727362260365711360
8864701926851918848
960939375677623168
18428199480684292096
4532596163920816128
18244520452700094464
14998213585357520896
11883688947525109760
9764523383437780992
7216199748210740224
9365463486871281664
1190974049799355136
16775275040845891584
2989319488574026752
16674192255868178432
12221060309909528576
6574202325866539008
10304316920303919104
13463459781535889408
12658780100846198784
15487548625905190912
3680248485997191168
10411685289710430208
12497981407223779328
15559415013566175232
10825575605226950656
4559774776081962496
14014675385901731840
11602782581500696576
2529985066960259584
7206450250292078592
13532726367711227904
220028155714293600
17224041554249246720
8256162525773429760
11508832318915696640
13517953248383916032
15930651561476771840
16411790584614383616
16036842797813340160
12330981119114166272
11788830213735387136
2994222789868866560
4986234263316071424
5332976017855282176
5638440929780885504
17673284432608061440
2325937856297040896
15508215765467199488
17308238923627939840
8821691701329354752
1691246161842375168
12107216545239832576
276669481524823840
12088414006775117824
16086673686537949184
9184378196696067072
6867162428922646528
13225737386607136768
608001441223599872
17227736257740283904
13521660304763852800
11865875394204950528
8055807659375172608
3690909004415513088
9917278396493361152
280309768603321760
15674444590339862528
2219694101525287936
14940920118693294080
5346989768144583680
7047221769837497344
10413177728262643712
7828106085732960256
4756860853154422784
6906558117681285120
3879226668642369536
4165026857865902080
17346410115352682496
11334487066395308032
10023195365243584512
6337264734237964288
17024088551035568128
1291559244630106112
15516007287011713024
15242256634924103680
2906270356303949824
1731651594067947264
18191968406016440320
992946242222592000
13411132748348706816
10353522642073098240
12623875368868319232
11266606091801524224
18413313685073719296
10326113995644747776
17275454529729632256
6548035641599662080
7394423331829954560
6030047493773668352
18016120543963703296
10284459571743186944
14954327666986563584
3776812644109800960
7871333665280510976
18148215501977731072
11429513757303183360
11123556938695057408
908140400341981696
9494074383081019392
11133971913702350848
16203519412396728320
11023008394004606976
7873870330888977408
12881047190001076224
16261981292808591360
3611608430732294144
16521175563441461248
11745609668846010368
14666573125931323392
17621892097275021312
5149102483622769664
10113307823933652992
7639829875734269952
3879504380115103232
11880396008173590528
15636279217342697472
5402315462780379136
11291601186281302016
10325750723737014272
18139360637695356928
3728542945478413824
16624828771252979712
11859784158169450496
5334916988597435392
7031674161303961600
7041819480298921984
10200282435816902656
13587114458501523456
747508347203671168
10514386657859289088
3217667637000742400
18110720058842415104
14710141789313900544
17347247875662520320
1588549318172513792
4623638060432923648
8876923180582234112
1202594374091937792
8163344948864978944
12050649075413325824
18170812060207974400
8390890532325580800
16912555783474679808
7873515811171512320
15879797195255564288
18018955492596836352
4760830700379527168
4294587600205334016
18128078277207599104
7737857183176569856
4946831609866284032
2585604284340156928
234614567789523936
3093159254515113984
2441119840970356224
2923538254238832640
3379512759370761216
4261113246294237696
4291847149240432640
9147312445133846528
7624431355754002432
824801588325306240
2404896077533550080
1352746626273904384
4711094454665831424
17163901975056154624
14766421324080007168
5642627736070538240
13901188632852219904
1709206604628000512
10128424353630328832
15485510509946548224
1781337088579558400
15650470697309734912
14066661021023086592
18375715663757447168
14149057756606820352
11498839771561369600
87943860842274336
17360574860212277248
3995950678737402880
11829889874787121152
4587697958231828992
1032586385379117056
4319335792693043200
13120027387429879808
1640842666784185600
5355051403311033344
7895504922777019392
10945900936965763072
10172692706462218240
386441193453214720
4352932122096197120
12598967248766500864
4741868961184157696
3202041043744946688
1674327399115656448
2894632897864907776
621648170351065216
1875975542404404480
4187358175404085760
12415937419143002112
143154147865405936
16748500279532836864
17151388855615299584
14397620865340665856
11510869797050118144
13867827018161235968
16445738115305324544
15971883586815311872
12667868555576014848
1328353009877339392
3774282758885187072
16701141149549697024
17058533111870724096
8581215057996382208
11585845729860126720
1638804037041445120
15350789265553782784
16004505933524469760
6074229432568042496
9526962734920704000
9304143379648186368
9532295495443312640
4411783633666648576
11704074444547317760
3617507289653956608
12545811564192294912
8876710030068210688
5030988768557146112
11100464572238997504
10391127558422753280
7929493604096712704
12559386714705358848
13610216563182852096
1378625748982876672
16622608752832116736
7919938612003275776
15628808878987155456
7165833620911500288
18245257628062400512
15164354469433122816
4771491304113059840
13612201187036266496
3557731624856535552
9144420538806112256
9293518939858520064
16740516500955930624
20920630676840552
15859144940999860224
13820020199192524800
13511239742217621504
18177738865529485312
18244001979878672384
6744080919393366016
13783398996166567936
13898560168453095424
5555881283260160000
18108576567674789888
4188211209830674432
18322960982122428416
8492811784850650112
16057378066935543808
8296462310111077376
16074786008609658880
16072254098621857792
17860445875450499072
7450989319908595712
6085966796850968576
9106568813475124224
1458915601853763840
5176776875520658432
17758581099746809856
17867776103893028864
1151791461938263936
430919708603852608
10746052896827301888
17314798484539158528
11692228137670928384
1803914233989624576
4212338197052022784
8658663860159431680
16854777928140218368
14194052848564834304
18429216252703330304
7343036600956168192
4773773190781655040
6904353368678052864
3813535771888837120
5236577874403612672
10762786916388968448
12258682051371264000
4146758986367317504
11178072595789860864
7353879201530456064
2302095592642127872
6852381529437092864
1093657969459015040
16736051154543282176
16167959443156721664
984844320530926720
13884861923856613376
3209763973176602624
15065975958364776448
3884884912016003584
10432356888522661888
7539304433624157184
17586036647379644416
53202048809723232
8942679011587215360
12135688380378183680
3309078281067958272
16164456253436243968
5036523082721431552
4247555613593852928
4335569095310813696
13142089629085136896
8248698417376285696
16428770132185714688
15813778012107259904
3322953700570995712
14021201511657998336
8510553209632084992
17252865775136974848
14255202954948247552
9153385863208521728
743025644268568192
12015563641153064960
2299838827403724032
16570151609761062912
7705328969852996608
8257338038596655104
6620251290979873792
8463493261249146880
7672892251526717440
1834868530408124672
13229644087107284992
2918076538704131584
16398582818751033344
14231361306828146688
7192905349104783360
12721668976143980544
16714163234160805888
16081772135980552192
3734753494084243968
11254269782232686592
15159658620395464704
13995182287853019136
4517518877191167488
14230793648426772480
11976191358685577216
973833507380767616
10691206224076468224
13693725136624560128
7511630886413204480
17327447380259373056
10479997929519800320
13426280942380083200
12275014765277130752
4084410993329277440
3189339350264899584
1772537740814673408
2276696227024836608
14828787067368957952
6102489616391291904
17737698860898574336
12234554086802065408
12653649205986990080
17794171985198295040
17885676522550505472
3726691531164302336
2809780094295056384
16306435489355993088
10721066804822679552
15694243056800159744
15723138032703463424
7300722491479915520
11208423745965535232
14856281818882127872
7499302304747387904
12731093762959597568
2318487870595694592
18298355746842351616
14919232667332247552
7841316242046868480
14417116569897545728
18135849745589483520
488251725734371520
5270586227082466304
9424080769327581184
13979612321246427136
552115903631521792
16035003915383595008
7813876822203030528
2003004130391018240
817347718274137088
13192680923989975040
13023553072755795968
1757835068702862848
6120813844602773504
15741780147012556800
7033760448664942592
11362027884294889472
8619655080633285632
13695557494289768448
5996643960273082368
10171107971921428480
12349478670038872064
995449802986602240
15563896911375826944
13324906900037140480
1857046432897431040
7469983065198720000
427502964889656000
12016362376757803008
832394493249685248
17277478229783195648
5495912685009723392
313621947405949056
1334152035184740608
10860776106704019456
1544067711320338688
9404061783387885568
9993989000163106816
9284620036638160896
15316562026075793408
7501883669370705920
5265073960704888832
16659386306075459584
7138032411674882048
2174675857511667456
5006916237958689792
8634936592499349504
8732149623074767872
1167783668224549120
13266528771446329344
9503213740118577152
14060836942263476224
9316852422820577280
14569706490079881216
4992576155153033216
11082840088068392960
17439680909627447296
10115522631536650240
16696449996702062592
10167635321756559360
13494544897296146432
14410362733552607232
16392374756721205248
7340507424712539136
2517495547694017536
5261220097760230400
16915612107797080064
11471485522209040384
11992405308304979968
10991191902221813760
15045065530413166592
8868940332752430080
9297571291740039168
6040664191314290688
4627471683308103680
18344561541419952128
17524282911500640256
4711101609599752192
13747128579333842944
6859626527642246144
12869189549250232320
2323073464623204864
10737661158036543488
11548644315648348160
6405998861396779008
14457762933721112576
2825286605821972992
16204131649454794752
9177364787931512832
3704365141688261120
13111321488548749312
7425548733016439808
10699304327662837760
16340160256015790080
12828865180171952128
17754029722433660928
17611250160821094400
10419867907581939712
5160548715423838208
13198293066730321920
4822017520155634688
6049014592950764544
3007205254548755968
2083343654551489536
1655688321823076608
8727784712640075776
12850764608055306240
14979082368334485504
5817929531218219008
10083775328132501504
557910581274468544
11337107853670422528
8602956643843320832
17046434435696586752
1647329375782469888
15304070384991543296
17010773426182162432
1686698663825772288
13523376701157388288
8027590640004455424
10035659908992401408
12934722129295249408
4923643201990625280
7653260031554581504
2055120027609051136
14552368142723016704
18414348368348497920
2159748301807328512
15749422872832804864
13576599843026907136
17893850802519998464
8711193039531577344
17002277320649445376
11151236796336320512
7988380121334453248
1039214524639793280
13003854334851145728
7940292963013585920
3093532158183697408
13444487977368723456
17081780808694671360
14607432061638764544
5129181654316300288
6289946751927330816
14682814244938874880
5176088313025704960
10844453277561112576
17708618689575254016
17611661754862020608
10000954911589894144
9566037167727753216
1952466778365345024
13165789407452704768
10744076963356104704
8697414361727753216
5818372335544220672
14708483834564509696
2455632012764466176
9273533356067516416
5117439910032815104
14944799321693679616
4735752231449880576
16886660070603235328
14871861849401991168
18365344263026769920
5977336404692905984
1764699658912142336
12139225840407523328
14789810907210598400
4071180545765882368
910725731437416192
5073552327400842240
12209445469717833728
8813042925559109632
652621675754725504
7817781390907035648
15944999535162746880
12168169578162364416
14776007798036402176
10542885106371332096
1206268982153509376
4037171105140672000
12063853814987087872
5152437577475996672
4757948275692517376
10348155875690479616
16088022515386914816
3537870918917269504
14895721649560571904
16870499014688724992
4409912413455282176
10010567728643657728
2320180614643355648
13523414332256798720
13429141895894878208
2256892380657874176
4767097946371877888
5228218558227074048
17414135568966850560
1669569343537208832
7978395740802055168
7859731279691060224
18181426004493142016
200629145489864032
533113917782457536
14830641422845548544
18125866076088770560
6383170391672240128
15655745767743057920
8245239391569324032
17165264064401911808
1833801794552898560
15273382770593818624
6805725268726507520
16324363151617298432
6161793441166654464
6688432779475593216
14224079316220882944
2292399695646571520
8275902835814430720
10840339385375344640
3390870908967804928
4433777713877176832
18011245563022395392
14927652673494323200
14305061359691907072
5938534348928230400
16709022536566845440
4313783492249268224
10843194495433914368
3055339469563894784
6804226645174974464
9246370264643336192
12593944180207382528
15996827002230372352
14885872987107102720
323792089247538560
3983886546465510912
1290656428702628864
6587365697251566592
2906258602002455552
5455106928603517952
3530857803225392128
5929565743657030656
12788614267445196800
10587495770431909888
13938881351167256576
7014459191640850432
5498193801750967296
17556838287509245952
18309290496388823040
9615583649092278272
7938644924093888512
8983986625169012736
11429319848465504256
9737271883542489088
13979379186551535616
17831807610844975104
1661876095962830592
45881310039595216
5155230586652749824
10011697978915250176
4067961291179877888
13914419667495657472
16743371717658417152
2775881543639328256
7178345172229583872
14788447049656768512
11879909117018523648
12741632751166799872
6015722482272702464
7328675308184184832
8716585484163014656
7275444363513845760
6052448006947287040
4182159712060171264
3807457663980462592
866035423993889920
14560976295021516800
12318207446102786048
1464526052034148096
11340535180048173056
12258227128633739264
14736406597579130880
1784892736495323136
15531859594070999040
12233666846118965248
6704301165677038592
15936192173708959744
7612723428990183424
