2034418641106535680
16161744922970894336
13620906661161758720
11025463724050206720
5266844902031469568
11957603014763837440
3353255316917973504
14729354110801086464
13582525722502567936
18251446915290621952
2563754311333540864
18296139455763361792
12307686718429607936
16169161767939577856
4988944542158173184
3240053718334641664
6519287143099100160
5470656019138665472
11139973643835572224
16711054223683717120
13686413062886481920
3469257186717625344
15697463925365784576
7922306644855513088
3866047067100355072
5142609315139372032
4647879169086508032
4062056086729899008
12353052452214833152
6580214636386797568
5485487295446331392
4607699569687772672
7435399330804360192
18093622793597349888
2383629582464918528
13159418545884229632
10397787838313168896
11104259879223166976
9289482943003955200
1270950266935099392
12773474255007645696
15288259908703922176
2238964560068736768
12896803284084316160
15280740438954903552
13630333768341780480
17806410609350998016
8588962596628348928
2121517520109017856
11918082385258913792
5441254714074672128
9607667405133123584
9238444603764174848
11224871695699601408
6942096370768529408
4926236431339283456
1055665193133568640
1795128621259635968
1773753392014205952
6322014909888510976
9460698887760271360
18153276938315626496
16710124984242565120
6111467843815448576
3360059884732064256
9781899899679385600
581305104302061440
13976983836824457216
15782705705550034944
271397336900929376
6265983699806994432
12796733536414380032
14937715556991365120
9509814469474564096
2947469107962083328
15705915451315965952
12427765803140794368
14301793445218134016
8439637555525110784
7638345422525438976
13727100382649534464
7993043722411144192
2065898021119132160
2965071025151191040
6095904725863837696
7625652768652590080
8230488750276561920
1065389169690266368
7679664682824856576
1030234267506342144
781258781035955968
16110277398209406976
14195641744462913536
17741180824553533440
14229293021031034880
8304319326727191552
11381513905449578496
7294947987032364032
5357019650505169920
2261525079789690112
11646770480943962112
771432051958156544
17150720879062796288
13335633710780254208
961692986061293056
15195280539359080448
12689490983391240192
10566107228367982592
4236311175471888896
15972896874420670464
796761132288492288
17602219280178585600
12639943549370703872
5536833902826496000
16961375071840544768
10957641207716173824
1183347989077285632
8087493095301842944
6542041542931402752
15787867925822648320
12445485057116260352
8341309671265971200
13275353437163497472
11813361721386338304
3450429982967793664
10475069784258164736
3668910801979112960
12614907892299671552
16611919120798922752
10232525918944471040
10965548574203666432
6045976061181153280
1208224693201285888
10319883474009755648
767390892062719488
6474849936327271424
12391137629471488000
9845852295716255744
9946143295211651072
10339890126398492672
7679952811051245568
17161458335908057088
15107246698309099520
9071381169621272576
6891659234673028096
10077674675152207872
917328891656268160
8910984082560473088
17880700643596822528
1686408564140736768
17013226371522461696
8401462755151855616
9272243212327450624
7839439197189211136
8259257080173496320
8308848924987967488
15391177527456288768
13045376939804502016
4521090850332877824
7237156200838949888
3585391890251405824
12382945733135583232
6953806762241897472
10712090917350178816
145291061774531072
11256369417202690048
4346660698985809920
8406099910922210304
10542970736402198528
10191686318879731712
1231742758471070976
8479094531445023744
1467592422973945600
18384355339466129408
13411492239459201024
13655219081177913344
5642507149221012480
13463870625391312896
1451105952400528896
15795880301004623872
7935837869191160832
9779983665046036480
17527646140350691328
5205282584332161024
6615062081114831872
14475624764676694016
14740269413208739840
11471489330530359296
16566176722807605248
5068272161354699776
7930284954473888768
1199042882779597312
14366210083527165952
8798695396837317632
14225724470449059840
17564563601934637056
6103563952826141696
271251479722288512
774362371730261376
9673363637568407552
5059844207340638208
10361158836827033600
18324452336809527296
3877646962035247616
5299991294415809536
10429999378269755392
5532421540742406144
17284757583068086272
11792683999982327808
11392595467002386432
12816852232969533440
10880898592937267200
6705371507161960448
6590256858460635136
6258934452256116736
10218979552608829440
4550596987115925504
18175354570161358848
7017722645907996672
16455788159023237120
5802911946121509888
7666813935419902976
2430309161595197440
10165005172090380288
8739165460972353536
9497065022873767936
11053727988188565504
1963244943708068608
6235680799543100416
12239112830795644928
6773511302916488192
13030152168997341184
13341450071121922048
18016571105095225344
15477657587355656192
14287126304272347136
17952336713589342208
17304745232611411968
2665445941081361920
16534132634004830208
15099965624932231168
15535475257120696320
16634059309447192576
16558151049149911040
14606997671393894400
11335981797392910336
16935288315042805760
4892785033786258432
240615641617278976
10245663031241177088
7209698136187375616
11249999184876627968
1498979826883158272
8503063438348473344
8686278693809180672
7871879325404383232
3421764161598056448
4004154367696595456
15612916942306072576
15756109723083491328
16347379239294932992
15028964940537128960
801483414984439168
5972578708527505408
7093604329465446400
17397919366295560192
16729635705741744128
16481401892360568832
6433642849697053696
1462822233610190080
13771054409905397760
17991659162939641856
15638492853935947776
8106877191343092736
9127874539400240128
10250423036246433792
3282888067102198272
12334607526993068032
6603384684351182848
5612064717092844544
13050586061881640960
7257264318531289088
14167520578273126400
4744935017616134144
13608600331131303936
17002299005741092864
10747714927814725632
9874526842944225280
2076204763195581952
9748679198710902784
12552466902669819904
17046611356336351232
9921581666605121536
5107325931134325760
1755572796206688512
6467098332623201280
13289425329071704064
11606160729235073024
1040288533904447232
3729081753218876416
8554475948235089920
16187146854750171136
5193419321284878336
12393517230279311360
14107908497818816512
10566026847199547392
15451516479286646784
1816272594144536320
15163184424245538816
9796775369265627136
8448076402243386368
4974988071908401152
7886817530793194496
2517277831666469888
18074841428825241600
17752962199681824768
45656371388469032
17578143905386133504
16797543895769903104
9091337147623532544
16139462325009213440
3957685762612279296
6462191983754451968
723492185598711424
8625471312532061184
9812145142755985408
6337527024174766080
5939289208038942720
4108675740160036352
6264386215415232512
4616906990139645952
7591267517647494144
6129226937207243776
9480228424681531392
15070642664438851584
480538062141223616
11658074809262163968
15292122850327691264
4677423365340087296
7280944178716863488
8510565710450018304
13797325832565788672
16042952416548315136
1960842525282054912
1643248503327410176
15519503964053018624
13496054499259527168
2712301491548543488
16404144958344452096
11687714088126023680
1339457140815729408
9470769366205485056
681772169794229376
614679204092788736
15499701607244154880
8095319607935366144
16364623587216400384
14648211401912686592
11315731984053805056
16840537118794209280
4488709185308681216
4300695936040398336
10154955692206227456
4162272272147392512
12206915823116994560
11867120148447342592
18342295335563978752
3009980503759238656
11261579433477183488
15190569871805100032
10416347803113603072
3075872631488635904
8534821675312134144
3572905334787242496
957561448954475136
1900286494846236416
4619009083430773760
1513751431934679552
17119816548022847488
2718837008009826816
13432831418937276416
4408577264276800000
1389722305466424064
11359572768052150272
14705957189655746560
240928398690606176
12162627891698743296
4249118088394853888
18121148604751292416
11763922540300025856
12418164946094227456
11002306486514851840
545338970801568576
8090236851062751232
12487152890764824576
7296637581117362176
15504146160168486912
4284347981123684864
5690838373747806208
14096034124895690752
8824055071657205760
4154541004960889856
4925105780639419392
14219672543994886144
16942590758540374016
6275447005111526400
12270215007444719616
13454836392786749440
13767864033518174208
16653718779836649472
533659361494202304
10563669557856837632
12311705637221591040
15823168864146972672
41055714055876272
10224875834427750400
18124969056785168384
12173157196543725568
9674419035465865216
15513021236354365440
7298451625016304640
5382109511968376832
9580601212562630656
11427656898753732608
16997966071746723840
17095922567221639168
643139582376535040
1332856639100347648
7346461963694954496
6894952316309483520
4785132970459965440
894902131004456832
11557355575935338496
8731438176985447424
2609595596483218944
8437401832496785408
18325077290593468416
7010923322663536640
12976104558883168256
5817054551888855040
11180199795898345472
9401374036681037824
11341571949568595968
7369542672807152640
9357077247201423360
10233303966523416576
12427829620611354624
12095021346781081600
3775347009328612864
2905012903543446528
5182415952677938176
2630304341991479808
18168800915687731200
5886071024129249280
10940470161307789312
439104844050058304
17221139652261826560
1524919286209054208
4636096241250522112
1522047910607202816
8767843693872427008
16121729699583467520
7920615969628076032
8113448122959878144
13049903628094693376
14206524387350691840
5690290556485259264
645797929438987008
13018769176451457024
15250738997772294144
4222149578958852608
6749242330906224640
16190829217906032640
15401322144393007104
9303954206447841280
12712722686596235264
14796679298546679808
1481259558845080832
5405520253376539648
4920150720603250688
3391928262478036992
13616855934707245056
1194576463010377728
15013526093053161472
127470224032773088
2313735150693821952
14211263605286352896
10867500826639900672
8798413082599592960
16881816163807055872
3109082322920076800
3706729928419325952
1028781234215003904
4205663452894834176
6782291568926480384
14422609833547202560
13545867380951269376
4286348162875165696
279175870762072000
18215469123580964864
384155954219266560
14092450907069681664
16188480507470209024
8925829904381950976
9778514564486567936
12761185301075750912
3671455916411600384
7344297659431570432
11187206294116894720
2723835893841631232
11709999647777982464
12288117364533026816
17601997668994523136
3000712151176602624
7635013588854304768
14405622034479734784
4343294179649694720
14142214966322112512
687040633142061568
3337350197102056960
16064596029990084608
15886001143773233152
8358431496590235648
1367434925474149632
9601906097090693120
10893726027745939456
12547241331340685312
6839731394251053056
4063317680810815488
3426349327070441984
13438110840493508608
5265501215014035456
6281214353647141888
6798548906795104256
10982141169978224640
784812695352685312
15030472146293598208
17264873324055461888
7083590097685765120
14544856973288648704
11607501547774058496
3667180763658755072
1478012890912670720
5958594547990793216
14191347736541446144
10289621111893749760
14159852920071632896
13932385854067122176
710198379389174144
2010143089078750464
3848118430631520768
3917110489389915648
2214897643476102912
12018131246111053824
12607964925318191104
10549767645442412544
14545134717001699328
15657335243753879552
2662088846097247232
12790167473138159616
11059620609916336128
18220529100104026112
12034590566379048960
4705049424514689024
1363538582033400576
8378158661831655424
6176121706750713856
14609357204526104576
10933961734472914944
1616208676879931136
17704473543247407104
3295772464393670656
7399228405072608256
14300299127096240128
8869592180997535744
8220929549646839808
8997491990292923392
9638880081967388672
15484945974002771968
18337140570482573312
5960916706479286272
18083058059551150080
7883678830641864704
17762259144163620864
10785133845413709824
14324558224944494592
16304958090375077888
4830370889335503872
16791074128800063488
12373696111769737216
4679987517326078976
6221452663276632064
10960180912702654464
7527473060026619904
4643584512260575232
14519940552450353152
15296710023822297088
8007669234055877632
6411197390292215808
17028610327282976768
4398400858161919488
8798942900984156160
12456843979357986816
3334330016577081344
1069741770914447488
14846064916424214528
3135469074500793344
13772896871982086144
446389988268328064
14878199361663109120
13919014822510051328
11515439833067010048
10116278232392974336
6120762069420503040
2714988589973191680
13990529459994308608
8202415098972889088
16817861115420618752
7615329161620548608
14640535506172098560
8553879885458096128
14736693425290399744
7226126527984533504
13212833105493716992
2542646740174579712
16078516102177828864
16657369018761992192
15248805655281297408
6671131351680288768
1420487018098732544
5016271433527190528
2974714761767098368
9964840410192936960
6722885891041665024
17308486317802035200
4142493418551414784
7795864773648537600
16208399312860166144
7337301472258798592
9913504088116330496
9822076961940533248
9395194619643949056
9675952237179934720
2657767375816999424
11101622223668570112
1777305200142994176
6937259542628548608
14561712501410201600
4407901928091822080
14195383833576667136
3004890708036653056
16923639666421495808
11822821204324966400
2243465019529511680
5784158558254868480
15025665980981870592
12982173680206481408
6001714762456899584
13653830568914317312
960509825118888064
1771086277770492416
13148481077630279680
2122293540955971584
12936635366462939136
8912667651808058368
17547887516177219584
13659476603278159872
6889443518076545024
2479028085513790464
7523039267714746368
7311285722524758016
725588780848910336
5865067561338975232
6495912639012148224
8398044352265168896
16736123793774280704
6196946081629132800
14930404136788953088
13034766757163589632
411538451041534784
17648675895495419904
17725362432414074880
17679215254986584064
18302486473830258688
11713621401849792512
15708175431722993664
13016852234646980608
15109192157760045056
4253918855365683712
6660569215331660800
10748553942287884288
3463802205780302848
1528275730523076352
180495216604825088
17181611635130871808
9159142973991271424
5501404356081717248
5353248859172729856
476497590475952512
17885206465846775808
2315303416270894592
5497526857818113024
16885664535165990912
14485518819542794240
3201481844948084224
6260517893493794816
1111350133705480448
3826493433904645632
2131622648070041600
2697424375878545920
2956217338919707648
16568361749130027008
15264924511445071872
7022342487320096768
15131355480375072768
8391315394797774848
13908615213294284800
793574668269796608
12491870280332044288
2169676208839362304
4714085747688617984
10891140493260046336
7004032858394849280
10993295971692804096
9285203903615514624
4551563151706486784
2447776992537441792
15161302430035060736
15546835865110935552
742404536617008128
3078039162993936384
3567162724942742016
4894922711262553088
10728757525227649024
13372182065094385664
18062698685743620096
3006862929659473920
8481847453512420352
7279883960077502464
13605650511632183296
18403801306822481920
11241768510183348224
18419762989064308736
4803337601963303936
4512021798723159040
2136840924622409472
6505505600365294592
4026326090120998400
17853646316804173824
7268493279803368448
10200634953157068800
8263130766208009216
13744547045738569728
4636342414492114944
13848579074543915008
3719420119164638208
5831983419353153536
17870570906820077568
6744547012221815808
11400211550083328000
7308881580484465664
8434399043612046336
10117115039069298688
11094604195095492608
15272694465815701504
11779192662845196288
8216005595351793664
3242487179685721088
11148877276973604864
1069491980846062848
17849121060532662272
8788302953839462400
17392116254676914176
7609320515269352448
12105422569367969792
9442486347035107328
9816159689493307392
14143671718582509568
3680745541559642624
11104082435039578112
5724825225566355456
7883529194410891264
9476189252990046208
10173276531094233088
10312614083504390144
13067969782932598784
7508199869844568064
30266973508464676
13958955948038627328
5414462480259656704
12786572545293506560
4243120927078986752
11086392025809113088
306625737494780608
2268790517536924672
2993116789277537792
6659707496790811648
16534666336470159360
10406787070245933056
10518271584222169088
9254604835473037312
1599790945759548416
15805847526963269632
10591444806948816896
1771151917218408704
13493144898599700480
5971689257091518464
6134283841074071552
8940713085520035840
3546189507935838208
5482280564752906240
1395164293850023680
1326206872903549696
11444541496040910848
16475168866405539840
16597172736465022976
6401534701745463296
6416212607123298304
3509550392514355712
6313544111807033344
10721752599236429824
16859457937142007808
12010049422879328256
13148944556595851264
10698777673071507456
4758203735729218560
5561419698827026432
13338103949802115072
12155867657531367424
9095762315129711616
5470962405459633152
8272264238814348288
7020354215910789120
8226559327389169664
3427616499104762880
12789133177853024256
15740171342858055680
10416770225111635968
6402853757949618176
9082668138810546176
13314290194618951680
12077029775403051008
4079442140240317440
11357141122985832448
1231624406111439360
15767912429446275072
2398833253818734080
8890316951495137280
17983199794036051968
5402236407557256192
10002685511264720896
17679678552516325376
16808810421554554880
15241122411702910976
6088527035001044992
7276156231315234816
13780082535187494912
6187386015013486592
3128174945449276928
10744619179407507456
6401755895799648256
13223521097418170368
3469311845935232512
651356411820465536
4383472135283116032
863372633091110016
14683934389022359552
3535651109893710848
3017427963457848832
16605764278733324288
5950951843781423104
16697017705282809856
13837305533973895168
4247516077716675072
11019616884310810624
16213057811839133696
10968814717137727488
9742227117235812352
779460780236576896
9279571616403369984
1245372060427289344
18379983274452127744
6853936776335104000
8445657480446536704
9548993644258664448
18184185153785675776
2897933483143246848
9402731415381925888
8894820669959444480
13054540280603965440
9569425328547866624
5994175226422388736
12640271391119902720
9952269027875491840
16157611649498200064
12674356321547945984
8964590251177848832
8539564430754210816
15182671757171812352
18349463140837650432
12620595327307569152
14758811818192576512
5289866171288954880
17885275500315682816
3510223512375473152
14348108087063103488
11390130327542702080
8460661813482761216
15513319758868664320
14476407147184091136
16717728991609622528
8161055304438931456
5068788534812921856
14783088545318483968
9723910319290306560
582794719039300864
326875239183713664
17906248101325088768
18063922623716507648
2521207268755257856
723376460132191104
7134931344928135168
10278759027253313536
16534116288644233216
5387175509363027968
1237618180338861824
7063649752786554880
4638718346076445696
15871675385071691776
12883816753362018304
11275221062623332352
1590931315650439680
422493787933893440
7106277170785310720
4775321359426760704
14579867856700078080
9576571391007070208
1055686926944811136
4764042676055994368
13243491714770262016
11827387550426920960
1712821880821078528
12835865534392365056
11144723482187218944
1632388936241097728
16107507849473576960
5852911486742999040
12359674291635310592
10725121447253975040
6741589580036190208
15382985088887621632
3583813649985200640
11921640770617284608
3804925417281479680
9088853637613933568
4217623411268860416
2191474626878461696
3408397030776479744
5391858858967441408
6784087760356328448
17288847420306259968
13355197966516322304
12880130032708595712
15873400749239889920
9142796987979877376
1351171398430267648
6205743885782394880
8279979612217438208
1943947680121302784
6520956510027925504
3051003847719253504
11682815028168636416
5752128117086244864
12880571122558480384
3163538647863684608
12625420725505200128
13317975939170654208
13961042586628861952
7560072078356553728
15540474873181384704
5557494996480866304
17460091726819137536
11464099790202247168
16853881508040857600
6388233947633465344
16746245660468695040
7304024613648022
8476418067508484096
4826813721301877760
17621452121936515072
13195108384632983552
2638808129191877632
4635063372824098816
342877081881203584
17296011255662882816
7798937150257484800
18182577454593992704
7219095222240841728
13734362782432047104
5449556613162507264
