13346825044627087360
6577587627208653824
13039445091017177088
16537918706653999104
15700895639291537408
26792409795726556
15773506543060543488
11487800886725109760
9117122717733142528
16044660535297957888
11930564880850618368
6721769628049762304
11731160180013248512
5869048734741799936
5757467882770360320
13814209751176237056
16695804901039327232
2336374051248611328
9980770229961304064
4272473552729954816
3842701788075446272
15060644831396941824
2605910111426869248
15717149170408581120
18021234183940753408
15358318706694756352
11258449837692518400
15968738362446852096
11626453171489325056
981817212976608640
3613297477800167424
14582019866182539264
4158637012334376448
14521191033914806272
9008865196971261952
9925850869611599872
17387387216792326144
10777349360571701248
4733251995309598720
2129618878949468416
2793301948118432768
10724914679754221568
15252235157749518336
2358849469158873088
3136646832277306880
13126468784304171008
6556949997145594880
5944814771575505920
15111096910708205568
15449193803955468288
4486466046113335808
14044687072267644928
3661662520336959488
16739704024257566720
17768180187834720256
13943941389390964736
16673350694832893952
6998086570196850688
5560260299581880320
15489206221243858944
11529748774023870464
10265047833204692992
16749598629980854272
9304755864313286656
14799952001265838080
14303797507096336384
13238803262828857344
18034177274670845952
12665482371401934848
6075379584056740864
992766532548880768
2133590240667252224
13220501220546209792
502982365043522560
17997142347126472704
5898136263422467072
5825403119348024320
13663198722202200064
17096890158290376704
11389837395448002560
15125307278332524544
11258215545464264704
1021946154357422976
13254625061607434240
7654488544747650048
13918617762505701376
630800371824214912
2455362961465542656
6157332198391869440
9527619551443077120
9559133167683495936
6865797880941626368
15504012932623298560
5466706201906534400
4533444704279242240
17327605855243843584
5798931422101774336
2638396865943601152
8759010354311035904
18176442392285192192
7528814620654365696
3260682673837408256
5105441003450696704
17593468137675177984
13981628463241168896
14856638925194934272
3657219015898385408
10067755326931679232
14539981918332327936
12376794692760717312
10690669425846466560
10916436394924769280
3800530888346717696
13876890508623726592
14432382532627462144
16624214215448604672
3472280650624692736
16200835969022095360
9410918839840552960
16931581309600483328
9851844275576451072
674784468112393472
3245703762162002432
16996973182158190592
13419228661630603264
1288199478389061888
5175309703382634496
12186754258877396992
16946507985390520320
6141777146269558784
15722966505828552704
5915058406605793280
17591420542748923904
1514850520069171456
5951252568196867072
7431162044101986304
10373779511541252096
324941486351212096
9064464856224439296
14197206672825432064
15553264389359202304
2292531117289601280
17393055229590403072
17647086595968444416
8169618009351808000
7707155298977414144
14527935409944360960
5396457499565127680
844324447064139648
16851143775098859520
248299046708777920
898996176697839872
9953500796461078528
14545022102330161152
2296130565132279296
6348424819944483840
5995827579815645184
4430054113169200640
4981473755965253632
2907147476293048832
3931537218104267264
4930141434968748032
8354947065000221696
10707966080985968640
18405061939782883328
16563131588581474304
1697428423875962112
6802889270401810432
18233021278124216320
10891741327060453376
1457074955566259968
1196962099077268992
10105946323380215808
1004813871119237248
1390235837893429760
10265297428686282752
5333835124878364672
14153630352829874176
13272854254852554752
5936964947515985920
17162159212392923136
1345726575842683904
9241234719572027392
8098610236129423360
12527730737307664384
14704827657033723904
15981617362798792704
7607437855365218304
406919198644297664
2776838032359756800
13813797880734593024
6359816729951322112
6316570718395065344
6376832691103343616
18006725475179134976
10632458747245934592
9642342662866544640
4157634525759569920
4842925755605354496
3238549261059312128
13625397997683961856
3515322694312316928
15550940015348314112
3238892119963004928
17962285011169712128
3767337602468126720
12078093568677152768
12297698824536989696
5213401387791767552
13485488466307516416
8886032491005381632
2508077218178907136
14258285599531859968
3503545141234214400
13705090132797415424
18152518443655802880
14321730078829424640
8733572553766368256
8564060066500983808
8890478023839119360
1112281981567912960
5491567412362148864
7954826029883547648
1574688743800410624
5911572053775817728
9883137277951705088
10475007032299438080
7006450002943321088
18193142100877535232
3878483482063951872
13551980835648346112
17676837175940509696
4554843744384617472
10251703814134620160
12365762323256049664
8511265789429864448
6054976244041497600
15858501390595624960
146073089754932608
17613391451583256576
14752881332711399424
536423898267854016
7852457501907258368
975787117411043584
6077344301270645760
10378628538441533440
17916870985244985344
12307795457910130688
15306920975764881408
6819154376101127168
5690195004644336640
2694724804804231680
11054235041294336000
11882715402978975744
5646097282174080000
11948460025170511872
5336795025132230656
1749328239664686080
11256082677062473728
2350603736091868160
12521176411112978432
17144254991164319744
16366342952131108864
12827851398840154112
2583868036648608256
14312573299518085120
6002053139193225216
7371587304428230656
3117707849222755840
11995669612249847808
1461529048644935168
52249864310048720
783401963226703104
3358750689705680384
2526480407725831680
4832538043421003776
8238148566952502272
14715949617719711744
6130511236939574272
4191056305532172800
1105639956465784448
11422692107007948800
2246111272518721792
5028488895146203136
12135046839065604096
6621843516089538560
1524272007239161856
15590913060971198464
6111650717613442048
15857283578007142400
10366738100838961152
16070219192506773504
8582511071026556928
1934810631891020032
2466150466135652352
16125467147978381312
9592751340330434560
7758788238860877824
13465999219542206464
5210635977529262080
13549063726009804800
9895523895278886912
7696431465655802880
16649292351982776320
13462032515260063744
9855952883654746112
15116798538260445184
8681024217767797760
7388428625101711360
4087664722054816256
7517532480353000448
14658145515925868544
10989701621489815552
2766270555116374528
10429196804930867200
2884693092047728128
15791966093802176512
12555752614348730368
13891536591109640192
13128555445884053504
12370708284552337408
1560579585569496320
4905241648039259136
16098071426638592000
11711715318958200832
5511299995433928704
8190560955988322304
17544550554564243456
9542297123662958592
3615706196950810624
16510676169955055616
1852644692128030720
15642494789297766400
5546878716541739008
4198038628669380608
15556894685418647552
2532233535542340608
10625761691017811968
12860577015039467520
10869041083029610496
15574834677572229120
1989782679335007232
3903737059231856640
3896751510149557248
17246307293117859840
13050256777619580928
7250472158851637248
12740280651745329152
12588874518974474240
5158951981992187904
9630673430322509824
10643131273589264384
2444600714979950592
16396355087350038528
6716321127610521600
13470835131083571200
6260483472267126784
16475334316653785088
7763806774045919232
14669273288021489664
13226862462138836992
7338814659605108736
10685196867542710272
15202009505338599424
13360076149040500736
14155046263506190336
9566697042384439296
6462842411748811776
8784520334906789888
9251849584821487616
16041681933863899136
2507798810003202048
12203700362983491584
1111038115597199872
8032133947754509312
11530886564802523136
18038172005081919488
8889980980255885312
7367134484939242496
13119417427723220992
6975888186986488832
12776628075088975872
8114963507510933504
8756376379202990080
3546388382812558848
3016430144786012160
11329645329048463360
11186200078622253056
5008981623948144640
17769059567777638400
11991552553163630592
12542698978497513472
12902997642083391488
9388821718820870144
17687567792747421696
1866217417263379456
9103191681964039168
5647907605753408512
13199732246253815808
8108372582208823296
16853307181581099008
14204469886342260736
856717911608423296
13181914481217562624
9521635662424846336
13555981735161407488
16376469242708615168
16646177453135867904
7759248688028314624
13686278737239429120
10309059292358754304
11293370089554743296
10704370323407071232
12194096001278982144
9063268455757372416
12926105852343138304
17820660778849216512
5006443792227684352
5397746789758598144
5937389333751218176
10231690474117793792
6672560573958453248
14931134186541615104
11289741128249221120
16050578765539407872
12112643388960481280
7405674215806744576
4437269081884773376
17190395372358799360
887168260451722880
8024602791474308096
3216229618733698560
6486097920494198784
7553559942994611200
774747737674479744
7244250164895219712
8840303796055023616
465220053967582208
7650322911993203712
16132951741691240448
14595831133710309376
11878900563985534976
3318015686796112896
15919180656514942976
7476034771694099456
8035511467736531968
7780708593587737600
7838866687237956608
2331759555338254848
14457858954345453568
15853800087173017600
9252743953096511488
6677532111685919744
12847721634166296576
17927613055257120768
12637771066294562816
8777726992196942848
10718256401192249344
2632075084247867392
14103130030039013376
17465439956207534080
12522298750189148160
65754571689696736
11661061340057188352
17218148030959388672
5514879628024352768
14643619816843485184
10832120742771326976
1131204917665832064
15171014427265449984
11567532821991299072
7785518420966730752
13628059515336497152
17046718525270798336
16092491413224630272
12522604633608019968
15703088596921329664
18241341013972637696
18308021866281691136
15674554530029291520
18408626426016663552
7184931589896603648
8848211084858740736
15535365254360012800
5763382665332547584
17031591409892980736
5432460252776047616
4145417809795176960
14768196242294212608
11924725616944799744
14423307909316761600
12894547531822340096
12848673227303190528
7432558804460141568
1701849471615197440
144615359281192576
5553340652495693824
5492080194985422848
1181820995235581440
2928735908976235008
1059172088980288512
56673846778865216
8485379599745071104
6099211671478144000
12955689303441508352
2930792430769969152
8438456081846057984
12832946249069658112
13734885666567929856
11472754205549856768
10248241985006469120
11171245439239161856
10408373240199708672
15498017776096540672
14782611676172855296
15327462563536254976
13658247846096093184
11034341594956576768
8268138334069019648
10870845684024870912
386500966813190528
2438734310168541696
4543593951895001088
9921392855425286144
2832175565883936768
12886968891882137600
5344366508104951808
17122547990904512512
5298327137227045888
14050918297953574912
8438473895156178944
17482163182822928384
14233799722517993472
8487709796964124672
12011963893492578304
6873888750652384256
11936722462943664128
7121114343047071744
15649913152182210560
15403766734211645440
6007351901780157440
13252048962870458368
6198542353691345920
7944369901303552000
10547006968008237056
8545110276157123584
17347453087154366464
11165302705316907008
5874884077591553024
5330116339635542016
8429594395940410368
12173026817977135104
13177318842341314560
3498661606233537024
15259270496186972160
11468886154397229056
17756471419257282560
8901043208628035584
11712654539203108864
3928256263606122496
9440118840159182848
10513075474913789952
5263095219996042240
10176441786005374976
15562589239075543040
788336743420276736
650490351452921472
5292209588129912832
3994960504907191808
1806473988808271104
4710457647817730048
2368248944157929984
5651557676976272384
3399551598330190336
17976531001224921088
3820289653105251328
5925802307026946048
2301411943198604544
15368257423131234304
1201988307660450048
7553132521464540160
17376032090770601984
3981080663028433920
10736013198571984896
14115486911024201728
11917212824629436
2379758462865431040
16076872868291809280
5395695168218200064
10214557283539902464
11944252276585031680
6982747261932902400
11474755081918099456
6650779383259139072
4521809847840719360
2233462223853425408
3248081280080813056
14864546441360936960
13401005594497339392
17391315351585519616
16680512776922337280
17034377970333085696
14529877939170811904
12347875703698886656
1236378664090790656
8864211656866970624
9084726482932812800
5970417914173256704
10210873652119072768
339055631102566848
15466503072852510720
2207097166036499200
26908716943399160
3121616653232915456
10112233587809325056
2296190763879683840
14925875761972027392
15797796828469815296
14619935223034513408
14822359190439383040
6312469283854355456
9894945359037149184
8495395629823417344
3455714603576856576
16022706071479369728
2360086704732790272
11061148969654691840
5918431679691353088
16401566295129081856
13069623631312320512
17749266028713973760
2187261804216130048
5748118730851884032
12940663638270734336
14085063639570585600
11084613463508760576
9229101443884054528
17133946944710508544
13786606713211777024
7111570601239928832
14141286268783804416
1716660699781960192
1466564915878689536
8441837370710328320
1536716480427649536
687930590974841472
12521451736821458944
12675784323712305152
8515591109267358720
8258616249322209280
9220587472511960
6263507261953748992
2636985109386397184
17899342530714804224
14061579058019246080
3074862600074699264
4385527295703271936
12171648209614983168
1833398991623880192
17500092029710977024
547473837586646144
7565234576751353856
4047643498902687232
261430908328242496
13856019291947350016
10781845597595144192
16425302378212580
13188097421933799424
1333727245270174208
2687911915550228480
2391132977303469568
1004565301549297408
7270913799362234368
8224994382500368384
10768123657427955712
3970033527795462144
2184818198367637248
17067964832539881472
1452141405837528832
5051715157078002688
8975483161358182400
8772800881623838720
3967725296425655808
12224988373558392832
2840969010770710528
7676557555496000512
9718631397444284416
5337505179416817664
15010191298416599040
15522792360828649472
6600188440605021184
14217669410148806656
5179429586005145600
4710529886887995392
6232820560112100352
8712074387913807872
5794267329230930944
6594503562513639424
17206686996761481216
2849603490109552640
211434829653645504
10108291085932828672
14894208078055440384
7787259831951423488
1599227796026225408
18279860550224404480
11347397793150158848
5981302758885752832
15889876487322472448
9840952070880864256
1005156669586073216
2313119054676739072
16114439473302806528
8362243148487858176
15773581906497167360
550600965046101952
3448128622616779776
1879674951611109632
15489673135089717248
7428687702339706880
14698849697105360896
17037335023840415744
13872978856950673408
14395630014137966592
11952036539567073280
11312183031366961152
11013823226986493952
7819400235185885184
13817845721799987200
3102495916049254912
13436810608756592640
11166306228691261440
6926004769064404992
13551291450552887296
16923776878351210496
5526085507413939200
3868988815636628992
10495364509571993600
7932645114230056960
17109021290671087616
9083947558581016576
491853118007174336
9543633148381466624
7847911853384418304
10592023057270521856
8570892365773502464
11308767267982151680
17964289599914178560
9162569780009812992
11644552822924361728
18259575239210086400
11662741013589997568
469309759434246080
11535323460990044160
232927835697503392
13207674858257584128
8905290569434327040
5859736955096850432
17823161109919471616
8845955188790830080
3938183649341505536
929801389808026880
7871587560198684672
6722301001383156736
8278703114025607168
17442055895449749504
9950732575858683904
17766901115684315136
4954311324298013696
4554984898298961920
16504009144441284608
15371297114538070016
15723358324821250048
13840671499984744448
7142829214454666240
13031671247202469888
18179497906056474624
16260445760891023360
244942503012571712
11975693857574219776
4810649186608139264
9392098902397335552
9996898692222707712
4337323300399884800
13518799755509972992
1524878880405187584
16814388298807064576
9116877969853068288
13812808845625370624
7218203858139749376
15631425065324750848
16253267523978754048
6477166973703946240
6119352442731696128
6883057355148949504
15682478752023431168
17141949641083131904
12531788948076365824
16836287974813763584
1908311240645520384
12285562937753618432
2261589338526135808
10281541765813184512
5656864786740106240
1152494312671705472
9808904168237604864
1079596313408816256
10522076989482913792
14889896334628474880
6098304994688057344
11674518518050121728
6180929789078305792
17531369560994607104
17413644758516918272
14543153994004400128
8333533978079887360
1451226494160191488
17439606167577645056
16399633805080455168
13750751087247400960
12923578890618566656
7069921666710159360
12313764983086954496
18349714522617802752
4568306483108205056
7771749065306611712
1647915627596123904
972438927896132096
16922322111347216384
16993402996156440576
15902132861304774656
5827911285436767232
10199328789190170624
13429268448023662592
3232578616507031552
6737112158472722432
9238648725896486912
10286460958509975552
10272638752123396096
7419035192701576192
1098751386367576448
5348073003255610368
16125434928213581824
3505415609263321600
1243407465347846912
14674682162971942912
9115573130885144576
11399325769188913152
6702597742634177536
5617920268666636288
3681780219167628288
7361914835354530816
16850777261788766208
16157642154973153280
9727496347666268160
5940635744574828544
8321050275042318336
412968236390207424
10676943611269847040
11519930401219039232
513219197624009344
11495628763882209280
15493510698653931520
8805716337576276992
7051055846391029760
16696742522378692608
17715912988079167488
10154567828879228928
5243003135924169728
3273837886794146304
11049966041792616448
14969298117311174656
5447835268383791104
11602408145116628992
16008577571961808896
8961774363031475200
17098683464952233984
4659447680717383680
9478728623398955008
17478691648409786368
6099307458797181952
14845975801767561216
13425178242859388928
16759349873824325632
9787401890768392192
2126770222569238784
1753585355119577344
14288014820843962368
8651294413836694528
7456923561467787264
586988550360953856
3175850519643570688
13418141163853232128
6393503782644260864
9982437117727418368
9148568725133242368
2889410527116943872
10167595754338994176
7001731160925638656
13860616098507401216
16957804678377445376
4340894989976135168
2018742617214793728
16244240878565171200
2546464897516377088
850039402836639744
13227173898937323520
11321350303918020608
2446933089760536576
3506575787110348288
7679316230133463040
1518865363866998016
1005146585977810688
9025534681317000192
5744753709195756544
904891204958195456
16636548458785202176
3218389945273241088
9953039676317788160
18395879880167600128
17255598089098110976
12650898068842196992
2880031770520726528
14301522187457380352
886974804297813888
16472297600209876992
3919241338321411584
6202170675011100672
16331135995243898880
30062506442143464
18293118088349577216
14361959896872796160
14822923799621535744
2508302938815005696
1940738351939565312
17014034588687788032
4112622482193769984
14235074926297368576
6053264722812466176
696373622414166272
13111146529159151616
4031506403784267264
11174209842965395456
1156463260546311680
3339060457251846656
11248640670583779328
15720223215988070400
18260907454976991232
13047600139381161984
1557008116465749760
7767212309664236544
16528965172102563840
13842455565039177728
3888769955857564160
6324375993275192320
10972864204646250496
1026091223636123008
973696384814654464
10551941898990964736
931335411774940160
15028077099953414144
1596725303662795520
8443111100529911808
14024818571439294464
2916440395888173568
9890479673858760704
4844701370769505280
1808957822559563520
6612128013374460928
10991121650354229248
5107199032149387264
3860013540075874304
8679953674467059712
8260428238056500224
9285396625872222208
7905929596846479360
11686578380414003200
12108840432198660096
13809493614391252992
16717580744258453504
10684338625488433152
6433724186611679232
15447794619605852160
1646673036072771840
3683752850187295232
14118329231474440192
1959322225355084288
17400330656563398656
1110179587848559104
15735804367130695680
15695436941157801984
1949761987720502016
1610892533974930432
16221572645055952896
16234357211531259904
14230865010805712896
17392597536020604928
15741628029977047040
301958068452427072
17139424896177917952
