6243329798019110912
16316314032695799808
9775520037120647168
17784861656704710656
34327013913075736
5517186332819336192
15209944611648169984
13936848619541948416
9953536022728069120
3169744165399310848
16703582606029037568
1777021404929620736
9280675842934802432
7379942285076208640
7479617954452455424
3589629334454240768
16842517393819467776
17692113545480048640
642901741659442560
11996739694632007680
12797220404222844928
2661150893851339264
16370778094919749632
7094719435488326656
9846082597566572544
13313086413885032448
17166103612733399040
16777068824676544512
10171672871826978816
5610761495067849728
7813761514588250112
13041764739275880448
11137717088442374144
8996917197342025728
1132874618221695744
1356598482752972288
816396546955471488
4251420508284448768
13132687275623606272
7102056418223063040
8776982898777899008
13345530269231415296
7806022886434626560
8210017718865793024
14585446656177844224
10342743316101281792
16889640455495696384
6428681800775145472
5313018929923836928
2309321183254798336
16896571431940954112
14831701292946274304
14911959107503564800
13154600483753553920
9016145746467319808
9263960801958434816
18009648445784242176
5570976160378421248
14132067120792721408
814274759690624640
16676251718905110528
17240094023573153792
7542886201811954688
939039654716819968
6154139547173440512
12213299607917314048
13097671855554940928
3554675184117667840
17079583657690173440
13089535935343390720
6629879221865536512
12651613936172445696
16212861419264489472
17028735249619085312
3124044496186918400
3875028051848731136
8073430167481314304
1127973150670795520
1950615386361341184
5685931970417872896
10058674605452206080
2128746910863825408
5494327349282230272
17216511543489841152
14202717716835710976
8845185319633607680
7644704207439912960
9184851780777621504
7527105204322129920
9930146801458624512
1568574488249226240
13985468722604328960
67466221418902184
5618011216530507776
2952354487470937088
2638753927912360448
3724922836351780864
13314126421817835520
4461221717356850688
6438880461825303552
11638932162237515776
12236106887437946880
9098948475046348800
7780997874615489536
11900612141049282560
15234577140021880832
2096025083131998208
11368395251484958720
17997568066117232640
5637379612135243776
6738610352049718272
14489119648390787072
15135072552006938624
11055367596031789056
2808600275569992704
11736249484265009152
7709848437788745728
9139147789976744960
6256374256813104128
9244789857278777344
10064379082487083008
139342038635032400
13539983651799052288
4394433259820217856
12147330152349685760
4490150401783558656
15830600855573170176
9265211953481281536
15556876080333803520
7698023656518542336
4972188609531152384
12872955529739700224
16187298214983202816
12876519744755886080
16696318909783062528
16366276892539082752
16140448098835245056
2379968251891259392
6498915506679587840
4495232719290348544
10783692155862605824
17663383603868915712
16630484216440494080
14240010209007763456
15584543378114371584
13108400367705600000
6464755709568038912
5260226503410859008
5098744814816473088
7425447965044987904
9722903085465157632
8484945829086529536
10371552972421543936
11420891281834496000
12413231439760625664
15869142377007687680
1224554174106744320
8030101171522155520
17373829499911448576
13303949039097495552
4042897098556840960
8485377374098920448
5650984457449036800
15926027161029718016
15316226909971453952
1670507246884548096
3406648568638342144
14578226149856749568
8915667813746761728
8094010123046439936
5328507156686897152
5163819738627318784
15832925066800476160
10018755228232988672
12799814753858826240
1606851875308620800
7921791010121953280
5175042588964701184
1683896448767990784
8499304305298481152
15709406552385896448
10695576035004170240
8507900034269797376
7142350785331305472
8203410036813658112
15260402472959418368
12669223102525231104
5954660656690988032
1179599890709340928
16937432133727997952
8205751064709590016
17126077978597558272
17279992250013067264
5431742612308846592
2913515705786796544
8945512505212285952
5588244693373480960
17246128951522807808
15154248902386898944
2473050146844499968
7900851978170693632
13873106151939377152
7623444753522867200
1241443552160649728
16250580209830563840
2051880026122737408
807535250492235904
3710646198083106304
8359914997662067712
5165481004173952000
4580165776652930560
15013062675624912896
17001354926225209344
17853421309256146944
12823753149698490368
8877244367854871552
12771457905214167040
11413319465299290112
17616507144521547776
15756282881872494592
10477390175095963648
10681855042953068544
8024985200662348800
10588357091499157504
2225291451809653760
12811692737058981888
2138838413356764160
15360909082201995264
8186187603399186432
12189251620921339904
30695769547824940
11690625111567851520
8230735759263736832
17567387820716791808
7703822749514611712
18205117024681398272
1636465965665514496
3701040034742197760
4410301285435919360
9267895867270426624
3288291381643208704
15988244270662397952
2270112350258694656
6316037193295736832
3545855109043933184
11872971653897623552
5207865872064667648
8119806777288136704
6811152067631171584
18279432279602358272
11138483964473069568
2327773199971347968
1378083586716394752
7431081948342148096
9609345472951810048
1899594350228272896
15479625572987844608
6130972362996343808
14082748791273277440
9448469058277038080
12385884996416122880
211388011073605920
3524161178135008256
7530050111416219648
10865460267708213248
13568824497063319552
8179934642418035712
9596746334143313920
16965794101177165824
8798703036981332992
9523716595603861504
8642782077586705408
11092090300434860032
2734792642837997056
3563452615157903872
17828574152161669120
6069240274160001024
7421105829130164224
12625883660950962176
3003221321748971008
3561229558653364736
16225990023714744320
6409202026964635648
10823737947119013888
9339397489170497536
11895398995965413376
5000439361640568832
13813183054492217344
14358594077589520384
8906011051397099520
9616208432748158976
8916274770942193664
10008390757686030336
17252861747062032384
5530801850829398016
4080354226912024064
17440966777912184832
4588371959126814208
1486608787358306048
937809377678620288
3350409646763899904
6137074763202582528
5897544331420195840
5206880450478323712
15261366635366666240
8714946054235314176
7348802746089698304
16059490175124271104
5919818676660436992
2610704324800671744
5358590134153400320
4938049519861844992
12148052935427958784
11241462793077712896
1541833222640468480
14289955961402796032
5467265176275653632
8744222244978835456
13967896774208700416
12203779067560585216
14697318972508956672
8598080282715538432
14374890232301260800
10141825974354470912
8566473281492366336
2674815387167169024
12420521911367084032
7052590359119318016
15076824772415617024
3347691672320761856
10016386308123279360
6146073097141395456
8723012807705389056
11518603286284845056
3588886425032781824
10830799488708300800
18137453066899902464
3933037226023744000
11809943596235220992
12939351644496875520
5527365277506950144
10492333296065871872
2063361543883932672
16100497782396078080
15634290835228055552
5992066021139796992
4861375096372326400
1603825969668877312
17927947981704478720
11388170340777285632
18355175524061454336
13840330429800636416
3878690184228180992
15321989364874131456
11344866327435653120
18250277239543369728
4980294734826693632
4754290808620361728
9426263672194084864
9524470479551221760
10666403732703809536
751164289409961984
13010912733025798144
16817418744074749952
6096319937635859456
3949367655138674176
15705604882187122688
15939870638648569856
4507536698330558464
10873286673807982592
743903032791726080
15589810923209093120
10355585625198993408
6825703527748060160
11440189959365273600
10439518568509286400
13076402373615126528
16564756434929997824
12113921024674586624
7868051551883993088
15384643751801815040
15797826027926437888
9429676496389208064
11669452838230484992
15831593191445923840
11337878431434084352
17523606407562057728
17661921139066200064
7906133703354360832
610318947127447168
14227202442372212736
11701341559170646016
1033610751818600192
17803057230833219584
6249143364525317120
11405729305146576896
14677511229767102464
316491923293806080
14754861427778041856
12578629854171951104
968987770901227648
9596055792287426560
11057649828720119808
14892852511150594048
3127690961524911104
7883378724564280320
8997643629002304512
11855962421948985344
8582688363276471296
6970176463221969920
13524514683980644352
7324478670893881344
1283569504273984000
5604219928768979968
6598095645135833088
18236002526191616000
3598457768245348352
18193458272634382336
6843128708067748864
58817370603331264
16282104764244568064
12272052697492015104
3867031966092912128
17717776423697391616
16097167598294996992
3816858361995017216
9728223642007535616
12859556689467680768
473765192691666624
11998958895730180096
3181986520054960640
15137049482687434752
9072068417863743488
2133489120000705280
3829057752506700288
18323826203464820736
17093237544854519808
12463474171462875136
13076521792415772672
8966914355756619776
6331706549348355072
12234382806701996032
8338859110929146880
4241900196564163584
16081955158336485376
11182174729565986816
8410188320602244096
3899391527643863552
4634677874859177984
4937299497643961344
5737897921322904576
14183069652031225856
6407758913521969152
4718275692551891968
3641967557926744576
3834620677171117568
6617415743906151424
13793045037406828544
505085982248238592
10217193784383860736
4256871230370911744
2107237716004241152
6953351433395588096
11762862127258425344
10815100776984705024
10505063298895835136
17389668630845392896
10412441678698061824
4497143632956635648
12964422804931153920
15974426108684390400
14604555864237228032
2148157908846563584
16730590392281933824
913229648646837888
6255405881910144000
4817550688464360448
14569427968336846848
11065121206905954304
17095332742141419520
1388867126567206144
9232389326597830656
3750017805855969792
10005536717405523968
15176646964115904512
4022451751032999936
1754018579560190720
7721722155120676864
13027911424346517504
17722908723629864960
7148131878089485312
97560085353980288
13278484967197462528
7992245245709669376
2737896213836158976
14751411352946821120
10786958444455469056
7931880246597412864
14308309284639012864
5679124450020052992
17546105924219586560
10255576961061718016
15109917321798987776
15896067700738867200
14152881640628324352
7153241109388993536
10691582631676180480
12032473808456116224
8321817169469593600
8424750774347424768
16321024319175491584
6108057545866066944
17660376923702169600
3367445116206156800
11116396671520270336
15849926486943905792
17764976629740572672
14533034474404042752
11834042230337484800
15595854280837265408
18019061785084770304
14136359055163230208
17753953814051928064
5078619499307973632
817337403866095104
12509362575259410432
15654066598400108544
1868282264447744512
8064449425036467200
16563902510951069696
8708451123239903232
2228734749008014592
11264664249736572928
14227880322195750912
14188910186008223744
3692592737789904384
7296810701229479936
6133578128293816320
152539575642368736
179774354373050112
1879918706269864960
10230551645189359616
5521473334514086912
8261033525864818688
9055141848462496768
18311787518768779264
9424738482514634752
11013814047834095616
11637050827944247296
17707783160277727232
4588800317060407808
2795575388117705728
3701124782706408448
8280452990405690368
4099912739865299456
7321767038580455424
11301924406885285888
4656921618790356992
601007035682224512
9458739155670568960
3303461237869188608
5448020219315507200
13190188051684050944
14572337410717483008
14716838745554239488
8720626933823708160
109672081142937968
9019036446610547712
4095530198320770560
16292962169375758336
6238218646532547584
5553154654003685376
6432641694258971648
16345597347785211904
6799141910869777408
5490265487029136384
14678856586534633472
2781246067058463232
1925368610778417152
12553413390083610624
7088596392621022208
12045642898468792320
16375228942863745024
98174659951740944
16617189057352216576
2304177339020962304
6327904561964240896
14864761236154783744
12848007990266574848
2835977090447714816
4077740017312656896
12511525764469749760
9250331237044899840
8573777156858959872
3400409906710812160
9418697782551822336
7780439450572459008
10277150485662760960
9261903406939711488
1524864496116491264
18356888023841626112
7727716893299213312
17072816741671706624
5922836351674793984
9254450072699955200
3358198670479074304
11397410656906891264
1292240462992147200
6458726547422047232
14642392293873768448
3072584885220149248
13398124606344906752
16301771270792275968
14467202453654618112
17521585926752823296
4682169424365117440
4653521249237234688
13858994347568443392
2693382218700276736
9679469560407234560
13174353430074615808
15724943029331515392
12493657608742318080
12880517103563999232
10886816077845862400
8695706435024904192
12126174748505399296
16317616691975426048
3341596852665281024
1911561193336369920
3315473495532059136
5681993511030310912
9158412310073491456
14590943559989663744
3881375076642509824
12290996244796721152
4335613341776190976
14844459820654747648
9676203196417236992
16846510722939949056
16595861380861716480
4434842295195620352
1536378021838754560
13514026082447654912
17961283647786471424
2576003478906301952
6158505618152637440
13122900163583143936
14111636175636848640
18345550087000266752
11140811165529812992
11146619756143861760
16010109546300139520
1631029599256062208
586851025752510080
17825693010925717504
15478417584706707456
17499859222589276160
15513281577266950144
6552633447364591616
6745842866641633280
6617834150734914560
2786291745811111936
7846421927932268544
8034045111321146368
13264696085951488000
6646370875320411136
17465981179334594560
3420825457041531392
16244538012588875776
7032002390963120128
2083625914386033152
6538386841298392064
9629721065142534144
3414475010430396928
2026347434775298816
6095606284102541312
16519125252061212672
5840559545749839872
4374824067803773952
18023774302596589568
925214587135650688
13374754221328373760
11723300500514369536
18390702092887894016
10351870855598022656
5128585194748116992
10872656900213487616
18431373876169334784
2910647474555390976
10201474631692568576
10565386295675836416
222258714373843648
14427295858059048960
17886548575752116224
6922347303556374528
7455811591945535488
12254956047876962304
8201167548534704128
16400877237600821248
3484885431394177024
3022844135799051264
6657900492324500480
12837779640586412032
14780952218600683520
3622597699228328448
2271319025702142720
1626756258079561472
17019765263804268544
3324988982506915328
8283408576273720320
13877235278288877568
16657744052529065984
16216688874333423616
3141511655078236672
3940063981555070976
14459058605146474496
15698971830844964864
1617111961418896128
13235889085445091328
8601844195122579456
752575755549641472
12492086069137258496
7358433669867505664
9613065454000676864
1207933706648545536
4960027081399984128
6214921738970340352
2651559396604526080
5708467223291457536
17427382932204726272
847478843969484032
6485222353739204608
6730780485997745152
3400574772191577088
15858694982133006336
17320801273811511296
17943048843396769792
12395919670879944704
8034470543060692992
4359535177710739456
3767437725756450304
12944430760344397824
183991078372542016
2887744112258712064
6203044549323022336
10745830486549667840
14188181876287504384
2915687934925317632
16600839220578238464
3322944211455528448
16065365493840691200
14265240712743315456
8178654460289366016
12546305226026547200
1584171340428035840
5801026151534481408
16298353612162867200
9095723257157620736
8196075872152364032
103179177176705200
9669759353462036480
3050331930583225856
7705048729746781184
12809657481573150720
16410991654506547200
1790894001044387840
9109908829204816896
8253171952736942080
4017513431341346304
10481828313599102976
7180254880563574784
3554960089733829120
10271993672714854400
17196507296667471872
12471887855962259456
11559700668990603264
10637031985560573952
7571804924718888960
9011338015515004928
16264501484844644352
1748607113334218240
1519793547887508480
1448704337572161792
11390896802054299648
6771366242851969024
14429568254969223168
10812717297766178816
14036503168127930368
4396065912108753408
9194302621811179520
6497862554925451264
250148720850366272
15664761847544715264
14556608487335284736
10570621659904208896
5032332031361400832
2376244443238885888
321204033749356288
2215568528542772992
6215907215434797056
11243329821793896448
7823917665779321856
3849341017589056000
18100246246450997248
3955440895932345856
6212519043626905600
15834850943226439680
127669118558232176
14976309649027176448
5586490640741112832
9455146996696180736
233635428813521696
15775192246799962112
9673782765931003904
135836793522700992
1194519119364805376
7820435197531521024
15967567461452519424
1272200632321412352
16396371704168388608
14375745065711187968
8649661648991606784
9916899211166744576
6423922645102127104
351775760677008896
8253027972536884224
3485236511989791744
1361479540987160320
9514110064398147584
2050275392173244416
8420091299551634432
14982826484408813568
6690794463455251456
11451851074567303168
13429592823840839680
15913256632864587776
8894227525862258688
12380724192160921600
2593894056870925824
18261586971201138688
17269083755467210752
10273497305357058048
9005524486305986560
18163363675639830528
16351559634553612288
7613819389608627200
3461489386667414016
8399072771690377216
5886832687209637888
15162221244484007936
1082444902906050944
15336535776602595328
17819449967371032576
9478608964531920896
7066738429323222016
17616749636191330304
4309311178474713088
15487642576467425280
15018699164165931008
7490961558715641856
387648373980491520
8511238774242300928
8286757405848713216
8345832070793290752
5502297345420078080
180304505903972000
11223280141981001728
16518222815235477504
8940819419998024704
3267846966182029824
16388004805100814336
17981741884374069248
3372063115568288256
18144706268527173632
6495502500168827904
11913768751790786560
16526887013269063680
2238930618134446336
3289405696119688704
1840305340877814528
12423145184497479680
9843417043969722368
4541963085308686336
7143193820347253760
8920264377937487872
2476317170195084800
8440917192592671744
15398152504689471488
3679183456791761920
15549300127915866112
1202192551314513920
11222560725022640128
9824003750514454528
3631035204704017408
15574657458635646976
8476869657517563904
13780118881468403712
13523344269755133952
2695163219526636544
6020493361257903104
12457267337914218496
14711281349226364928
2319527966205588480
1100708311745749248
15832068572202960896
5739677685398587392
9984834277543544832
9492205400466864128
281502576686069632
18153358283235176448
17039495787203143680
8296046677105174528
10263668674633299968
9895991655207182336
15996532325132402688
16216865625198587904
729305550690702208
2558237130496921600
2946729676958091264
7886857476094585856
15982026284219809792
14187921142716653568
18124535347186331648
6630672442526228480
1228863161654662912
11318654000373078016
11390648770072928256
12257225601869905920
7901475122325121024
7874439314207997952
5157844492418551808
7865422135807031296
13943828849129801728
5181409310680649728
13090550362587129856
4435348695596010496
16916942841336399872
18331481206250121216
4867327683423081472
17471230895359666176
2102038881316437248
11272013962795014144
12159639917720186880
5943300055218489344
6018006418812278784
10095470143326275584
8183633630081766400
14248209005133146112
4412480915071018496
6594521867870373888
8290580134488706048
6346905472300833792
5561407066551296000
7610539986309480448
7361182358005390336
1618326677247648256
14279077276263731200
17564813394923487232
14527017524526641152
12287602367195860992
10637560083255584768
6776685541278016512
8052167103615171584
4910853384885601280
2780195346269493760
9945166181088686080
5655056060194444288
5688065187031603200
11872776264656998400
5567871794611896320
13716446850235817984
89667354245372336
15166024269054644224
2923703287643340800
14913465758620411904
16119534097588752384
5481248568468418560
16949492482109857792
13169231821787303936
6873658529896184832
3702604373604681728
5920923751171689472
17707055233555701760
18388232266659330048
4790859379145886720
3134297511982384640
16679097035521458176
10666785453615437824
4195536494974786560
16006143379955412992
7027358267618550784
5250770084002102272
13968321683518146560
8252835146572926976
18355504587798462464
14934233155935715328
13511903712642791424
14215342819149164544
5759515223949688832
