37
48
253
66
251
211
145
126
248
157
8
221
72
167
91
224
149
70
151
99
90
117
219
204
249
76
138
131
185
147
152
210
50
176
103
101
174
88
250
114
210
24
236
186
30
51
220
2
90
245
117
200
157
117
242
8
233
123
226
121
229
140
204
125
228
176
181
114
213
175
135
231
23
73
176
220
38
81
173
26
119
78
50
100
24
107
68
87
109
222
21
89
213
157
21
129
53
22
104
19
95
39
132
37
238
11
43
12
14
220
44
244
137
35
152
226
245
119
83
255
108
127
112
193
157
200
104
156
248
35
13
84
82
67
252
255
126
92
217
232
237
220
197
184
84
170
85
198
241
180
227
26
145
148
35
236
104
36
169
166
22
82
6
226
78
112
24
142
52
35
236
119
186
168
86
69
248
128
147
37
93
228
240
129
101
205
128
19
9
9
60
71
0
225
163
71
165
144
240
153
208
95
232
36
154
83
206
22
59
107
220
39
88
136
243
47
189
231
10
173
236
45
243
28
180
71
118
134
121
68
55
130
40
74
151
182
239
24
243
176
177
56
138
223
134
200
138
18
116
21
225
180
177
71
101
208
162
171
30
195
30
124
121
36
163
174
3
131
202
123
253
58
31
175
240
223
202
150
242
105
66
178
100
73
127
71
46
96
42
106
56
144
86
143
113
149
64
150
47
84
116
244
4
51
89
147
212
225
213
165
138
123
174
189
98
138
115
211
5
72
121
17
251
58
242
233
29
225
249
135
139
192
185
203
219
238
39
216
148
78
57
63
105
99
103
113
4
176
234
220
242
138
244
10
150
63
160
23
142
149
226
239
7
20
44
103
227
139
93
102
208
72
207
236
132
8
191
86
148
2
70
221
55
42
94
50
223
147
131
64
66
79
167
180
118
195
177
212
43
92
185
0
246
200
182
247
66
115
46
55
32
140
178
255
128
74
87
129
201
75
122
26
115
81
19
51
27
228
190
231
18
157
225
219
60
142
57
242
222
150
222
149
145
185
190
224
248
253
151
89
20
18
210
71
216
172
137
250
87
245
196
102
16
15
44
69
15
5
153
203
39
107
72
141
236
199
104
183
27
112
88
172
225
221
206
218
247
140
214
204
183
164
59
145
168
175
34
95
116
232
226
161
61
7
181
12
97
15
243
109
22
27
133
202
122
230
154
150
41
57
10
183
122
67
162
77
23
84
205
72
209
109
71
2
63
96
185
168
195
124
144
33
32
116
194
124
59
204
21
42
170
24
151
109
233
156
246
207
204
20
42
196
100
61
115
114
22
97
51
162
58
42
28
202
3
191
160
76
142
110
136
255
193
248
148
49
68
185
182
225
80
218
59
156
115
210
124
164
72
78
58
182
189
225
232
77
143
74
19
201
184
224
243
207
125
34
166
105
25
56
156
94
90
143
154
82
1
64
95
106
222
106
81
21
41
139
57
196
233
142
10
194
250
225
24
89
242
6
16
149
212
42
4
103
155
129
227
93
194
205
7
155
212
126
10
106
36
211
2
239
95
105
78
106
242
208
174
45
176
146
234
248
43
95
33
11
62
214
1
15
70
151
128
253
223
24
74
187
209
137
58
0
185
45
151
155
109
141
38
158
250
22
36
61
188
17
151
220
194
47
92
140
210
53
158
113
116
137
123
56
250
30
21
85
7
172
47
74
31
102
78
159
30
27
152
250
99
141
19
54
134
166
161
10
146
240
235
117
33
37
37
101
141
1
32
91
73
22
254
125
222
191
194
70
147
118
194
43
135
124
44
71
224
92
203
94
185
89
241
211
239
4
9
35
130
89
82
152
9
45
119
242
184
210
154
49
155
51
207
118
44
51
18
148
53
185
255
79
151
170
221
8
12
229
205
50
196
110
28
19
233
192
33
204
103
182
75
120
23
146
163
165
14
59
233
68
17
213
119
126
136
69
175
227
25
28
9
24
73
71
224
43
63
70
133
195
31
146
34
42
41
80
94
75
203
53
208
35
156
92
245
164
84
235
82
30
242
126
182
65
196
104
202
146
131
100
26
160
234
64
92
13
177
41
189
109
174
198
196
167
158
1
216
71
192
171
0
108
255
171
136
218
184
116
131
253
100
70
224
135
166
113
91
41
215
12
248
175
2
112
47
37
203
85
244
110
172
120
32
24
23
83
77
143
38
180
164
115
161
44
134
248
41
145
3
22
42
135
47
39
93
49
149
62
155
104
154
42
96
13
169
144
76
215
18
142
142
178
66
131
240
87
47
82
222
235
7
43
7
130
