214
229
199
160
236
79
87
161
9
244
210
36
79
255
20
232
30
33
240
26
254
23
155
105
215
121
55
91
81
64
174
61
203
144
167
145
194
110
222
217
140
240
126
167
66
135
115
81
50
226
143
116
17
27
141
60
200
187
210
55
6
226
163
198
97
249
23
182
32
136
16
81
248
10
143
172
129
149
9
251
100
16
126
82
244
87
109
174
102
24
92
210
38
25
13
60
195
33
113
198
127
53
218
90
232
58
132
72
137
97
120
195
103
183
3
174
91
7
9
118
87
43
196
24
40
191
12
43
99
69
173
123
113
4
244
123
56
109
255
155
20
177
45
96
164
201
50
155
22
29
28
116
215
15
175
137
28
72
157
138
117
144
148
4
9
121
111
31
151
174
46
27
248
247
217
205
245
222
137
218
129
252
44
223
173
155
211
91
15
170
47
5
13
220
139
55
113
106
0
181
236
67
231
2
3
158
8
144
241
37
35
95
123
162
95
147
53
48
217
47
10
19
114
27
33
94
97
200
51
55
112
219
205
141
122
14
114
215
29
42
104
34
206
75
127
78
25
155
187
144
42
94
39
225
190
12
42
185
77
156
158
91
44
70
67
245
158
240
18
63
94
39
121
90
242
240
201
217
90
19
88
190
44
18
251
198
196
152
109
127
223
24
64
19
130
50
213
200
184
215
29
4
151
33
74
21
52
145
152
32
161
209
65
194
36
213
106
238
233
97
111
245
207
127
19
188
145
232
50
98
239
212
136
190
247
1
205
13
160
207
31
244
8
148
49
94
229
16
67
239
92
221
207
50
68
234
236
150
67
234
112
16
192
200
128
170
34
47
37
252
100
239
154
96
21
132
50
14
227
33
137
100
10
223
112
159
189
65
7
101
61
140
194
224
108
68
156
18
163
66
148
131
48
158
13
8
120
126
137
136
203
62
173
165
81
36
93
162
112
46
199
86
4
68
10
87
85
73
166
195
184
27
72
90
184
1
124
66
39
42
236
72
9
19
125
247
27
21
10
174
147
232
156
141
150
55
117
130
205
85
67
190
5
180
96
240
83
218
36
59
120
190
55
224
177
128
226
175
245
234
94
165
82
29
168
145
234
58
100
118
50
115
51
2
93
13
168
64
88
230
30
42
73
109
140
82
166
147
215
31
180
200
140
44
134
155
172
91
6
246
83
12
152
7
79
144
198
171
175
244
221
108
14
18
8
49
32
37
204
124
177
164
113
97
63
206
143
177
170
111
170
15
56
235
114
104
132
253
254
105
101
247
70
238
215
231
9
56
106
94
15
69
163
67
75
169
159
19
146
26
159
164
221
117
31
99
122
116
156
91
33
111
29
139
140
55
31
244
98
162
81
127
163
138
28
31
58
180
121
48
162
114
104
55
106
3
213
20
49
172
148
234
246
59
55
100
128
5
219
246
94
81
151
172
37
126
231
40
99
30
141
64
143
181
75
27
50
51
150
15
189
249
175
199
187
69
126
55
119
78
120
150
170
19
40
217
30
0
197
27
161
0
98
87
188
47
196
203
216
27
241
46
165
215
48
183
42
22
96
241
70
75
45
236
44
151
119
75
137
170
6
82
75
231
140
68
147
230
207
49
68
54
100
247
109
245
196
185
215
240
95
129
85
151
164
165
153
87
166
122
144
192
52
212
222
207
7
167
164
185
116
141
68
178
63
38
68
201
195
71
118
126
44
254
197
120
71
124
211
197
142
75
140
107
62
75
58
93
108
144
89
190
29
165
96
205
155
56
184
124
19
210
246
215
81
89
218
169
116
221
143
13
51
29
106
9
95
169
204
231
75
80
109
239
93
241
182
223
211
36
53
38
206
13
17
92
58
225
109
220
114
254
119
48
180
11
44
101
36
236
196
38
157
81
151
137
188
125
233
244
132
101
84
129
34
73
211
164
181
192
107
242
12
221
251
161
68
232
138
86
89
144
216
201
102
246
129
126
244
185
151
73
151
24
130
140
10
21
57
224
58
116
65
95
195
185
170
105
120
23
132
175
45
49
158
66
14
119
223
127
71
46
126
2
89
109
191
42
151
165
114
164
107
205
102
34
21
174
24
118
88
98
221
186
230
79
12
248
93
62
181
153
129
100
216
216
183
121
248
227
178
237
104
140
157
52
61
164
5
133
105
149
180
220
240
212
93
48
105
186
147
2
131
42
94
81
129
214
206
138
244
209
243
229
135
231
56
10
98
20
65
152
42
186
161
131
104
55
148
191
217
44
107
20
51
127
187
111
72
23
