74
96
206
120
61
61
178
255
52
239
6
20
27
40
251
0
240
138
86
121
140
223
109
190
119
25
176
200
181
87
124
139
209
204
142
61
45
20
242
9
218
182
5
46
4
128
144
37
168
156
10
245
216
216
195
11
102
239
1
9
51
118
65
150
130
124
112
1
90
141
188
22
204
214
71
64
155
137
119
2
150
74
123
158
40
52
154
144
195
58
88
57
95
222
152
108
139
158
205
78
86
52
198
50
183
135
94
21
44
19
7
198
81
149
235
162
219
14
81
98
155
163
155
66
199
179
132
41
183
37
218
90
141
27
227
148
85
158
72
83
93
229
101
174
83
83
135
52
207
11
120
101
246
245
15
144
254
89
143
46
171
172
206
201
119
115
250
181
236
96
189
65
72
157
7
114
57
193
45
181
137
249
40
142
126
88
193
214
61
17
179
190
81
170
82
238
62
138
45
171
93
200
202
136
112
35
45
229
86
41
76
207
50
249
200
56
231
175
222
138
37
147
236
155
203
153
212
207
174
209
99
46
153
185
240
110
143
124
223
236
215
154
11
113
142
132
194
191
40
43
170
220
118
85
136
4
205
42
78
9
160
101
89
195
87
208
88
42
236
182
177
49
21
254
28
5
205
33
9
25
15
127
123
125
174
238
88
179
24
5
192
218
174
72
31
101
79
104
144
162
26
229
37
225
83
131
62
202
219
98
86
80
157
198
0
183
243
255
145
171
133
169
162
22
240
137
161
157
130
164
194
84
143
162
224
145
9
198
8
146
148
237
237
180
149
44
101
224
222
234
73
114
149
191
93
107
57
188
142
125
74
24
15
106
231
245
46
223
166
207
224
174
181
176
0
125
247
227
32
137
123
92
220
237
74
122
245
170
90
141
151
248
127
118
117
52
209
27
119
155
141
87
196
102
184
132
92
249
0
234
63
88
84
161
116
222
136
205
109
104
227
99
250
77
118
203
207
173
63
242
110
174
38
11
4
202
160
118
90
43
144
80
12
183
206
30
59
230
165
186
32
185
216
6
91
151
6
154
68
32
1
144
32
142
196
52
141
94
200
58
52
171
178
128
40
102
106
83
193
16
70
93
207
0
163
140
175
155
70
95
210
9
108
3
243
120
102
138
230
203
14
53
198
199
85
132
175
83
239
31
214
230
236
235
138
186
0
255
157
217
59
71
167
68
208
117
7
53
53
25
60
205
36
245
68
170
13
230
158
200
50
174
40
72
119
101
231
21
181
33
6
158
187
103
128
29
5
236
186
98
148
251
208
50
211
14
116
238
192
142
48
227
252
236
160
21
247
190
211
130
75
200
183
46
195
73
148
170
12
134
23
241
206
0
132
109
89
12
193
206
8
135
0
102
81
24
202
164
74
8
183
195
173
35
240
30
171
208
191
203
98
202
66
121
181
112
251
196
93
213
60
168
46
110
220
250
2
38
66
83
180
193
217
200
153
201
243
86
225
227
9
125
191
123
119
74
229
159
110
37
138
127
192
210
46
85
89
5
41
247
154
3
224
191
200
190
201
253
198
250
84
39
37
170
40
228
22
225
61
87
1
242
251
58
120
48
173
194
102
68
18
129
39
218
11
213
171
230
155
238
59
69
23
177
157
146
104
72
79
190
15
105
94
49
159
115
238
83
191
197
84
85
120
77
143
120
171
234
20
209
219
166
12
76
33
184
62
119
48
91
231
200
229
236
209
226
98
176
224
236
103
115
210
160
37
137
181
174
96
63
139
122
140
138
38
250
171
101
252
106
241
78
66
220
195
95
116
115
211
114
80
183
10
121
139
244
195
36
226
11
213
123
71
206
66
35
178
188
206
143
79
107
194
142
148
190
103
207
75
24
137
146
216
26
132
108
34
232
177
140
111
88
82
17
39
171
2
115
24
72
211
68
161
18
210
113
63
52
13
69
240
138
141
86
75
60
55
129
143
14
125
114
182
152
216
147
128
191
163
207
40
179
28
234
14
93
207
5
62
130
215
24
16
63
35
39
202
97
74
247
5
107
30
128
220
49
86
135
133
83
38
2
211
216
111
178
46
17
184
71
200
211
13
109
42
172
183
13
105
14
12
197
31
44
191
122
167
248
167
64
236
215
148
229
175
25
185
47
236
49
218
87
232
29
110
10
218
102
5
217
231
182
114
56
21
209
104
32
234
168
142
191
246
148
217
93
232
224
161
83
231
125
241
162
14
79
249
129
25
131
52
65
239
247
207
164
190
66
241
155
1
243
150
43
68
96
62
44
119
219
