255
11
187
99
238
51
140
96
88
225
196
16
163
75
206
132
142
179
115
208
119
235
255
155
220
231
87
88
73
223
59
216
142
33
126
42
91
197
251
154
142
4
164
245
19
68
176
75
138
142
88
141
228
248
221
104
138
250
39
198
86
139
169
93
111
141
124
114
248
53
21
176
182
90
112
229
116
230
162
201
56
42
251
161
62
228
1
75
181
235
220
44
108
137
17
141
205
219
15
166
245
187
64
5
153
100
47
45
81
53
53
93
217
240
51
106
187
130
78
149
103
178
183
125
49
185
61
193
49
145
29
237
254
173
91
51
250
178
161
218
245
123
138
215
195
151
150
254
4
43
134
171
39
105
90
115
199
66
206
63
85
121
169
235
138
37
170
72
91
14
141
213
63
169
181
158
251
29
118
251
241
87
42
209
159
41
24
173
56
118
58
116
230
8
172
56
165
139
216
33
93
242
17
26
94
23
57
73
7
50
248
155
242
84
137
192
164
143
192
173
229
127
179
69
101
99
91
184
48
11
113
173
29
243
49
228
249
233
208
46
76
87
6
77
226
108
202
198
100
181
85
252
98
32
33
156
205
59
123
192
253
9
160
105
123
170
241
42
197
149
194
22
219
41
54
157
189
144
183
89
52
164
3
187
109
164
171
73
248
129
6
134
174
175
233
157
207
251
161
84
152
24
181
253
93
79
218
254
177
7
175
241
168
113
31
244
107
190
211
112
36
141
59
74
115
49
8
251
198
227
251
12
180
11
97
181
157
134
165
199
43
33
4
229
182
97
25
56
1
148
57
158
226
113
213
167
117
236
81
154
161
221
236
3
204
138
230
94
230
87
202
122
110
8
214
189
163
192
157
2
43
177
234
38
236
196
111
66
111
44
156
73
196
240
136
56
102
38
120
170
58
220
180
13
185
73
6
26
97
100
67
37
172
14
237
105
154
140
139
132
185
216
4
113
147
107
37
194
207
68
221
50
22
53
192
159
206
237
141
152
38
17
124
123
6
69
216
156
252
12
9
117
182
207
234
169
253
68
103
18
108
112
93
143
217
85
137
155
180
92
189
77
239
52
172
255
97
197
123
173
184
113
144
244
86
79
154
171
251
132
241
100
189
116
81
200
211
67
244
46
141
39
72
63
223
26
210
251
172
34
161
20
197
125
240
174
191
14
242
68
155
72
138
184
146
52
121
33
238
248
245
36
114
245
79
55
194
184
227
201
197
237
181
65
40
71
245
104
89
72
228
250
186
42
33
144
202
185
177
249
39
74
30
96
68
203
88
23
53
174
73
222
85
140
30
208
13
17
152
222
192
147
33
175
190
152
34
116
11
2
233
44
220
111
34
103
188
186
151
105
149
123
29
169
237
170
28
104
202
232
157
124
225
197
86
234
90
136
102
29
39
182
49
165
195
27
252
229
80
45
96
165
230
55
77
126
72
225
59
161
132
45
0
237
0
64
215
151
87
19
174
101
159
105
107
25
202
241
34
251
154
131
140
155
197
181
137
230
138
84
122
54
195
195
74
35
212
208
58
79
32
210
12
71
45
154
180
176
59
238
239
54
209
69
184
143
120
148
165
149
43
82
60
148
195
69
134
29
182
38
177
91
250
215
100
17
10
227
210
232
194
175
94
13
3
105
210
223
148
48
108
48
19
10
114
165
79
103
107
125
68
107
207
107
65
178
174
97
71
96
227
119
253
5
247
30
250
144
3
12
106
28
33
126
115
19
28
67
50
140
255
244
166
56
102
8
56
201
243
136
195
255
47
26
101
103
40
31
34
156
28
224
88
168
28
78
101
4
171
88
251
17
212
96
232
179
6
90
147
136
65
239
82
185
43
150
83
138
127
38
96
40
65
62
158
209
87
179
250
85
37
12
106
161
237
228
19
4
136
255
104
87
210
171
160
13
77
112
119
91
213
245
140
239
95
126
171
206
100
146
139
174
58
13
154
166
40
203
5
224
65
41
50
220
81
237
83
128
156
75
68
179
27
9
83
196
170
90
249
45
244
55
85
211
152
195
162
161
126
8
212
86
73
231
15
42
62
81
143
29
46
220
254
53
227
76
154
0
28
251
9
83
79
22
229
198
163
156
135
105
206
165
189
125
226
228
121
175
228
66
99
185
183
113
121
188
92
139
163
191
166
192
211
179
145
61
153
138
247
247
236
14
182
78
237
239
97
167
229
21
255
122
28
209
36
212
108
169
65
11
243
205
217
134
132
162
96
242
63
98
218
82
246
136
57
33
18
17
33
66
