129
97
183
84
143
85
212
119
238
26
59
3
231
151
130
159
250
45
21
46
211
173
117
52
63
232
142
160
195
204
79
99
218
54
37
210
166
47
201
210
40
216
94
226
110
120
78
135
39
143
199
218
86
110
249
21
140
255
219
151
71
190
178
103
97
192
250
115
167
222
190
65
126
90
150
103
213
26
218
4
242
214
157
210
177
211
108
167
178
136
253
105
89
35
132
10
191
7
81
207
251
225
216
17
214
186
133
202
205
180
43
120
252
73
67
30
200
34
245
219
99
181
126
12
10
115
245
45
24
27
22
188
124
113
34
20
54
33
220
3
212
188
68
165
46
225
18
184
231
26
216
40
171
70
95
133
162
161
236
109
14
212
90
12
238
1
101
44
44
70
251
205
172
143
244
13
142
240
93
85
140
196
49
55
14
116
188
33
78
157
120
39
206
37
167
169
29
137
82
171
17
28
96
249
120
4
214
173
154
240
139
135
9
71
24
174
190
85
173
200
119
150
77
64
97
236
136
96
125
223
228
215
234
53
171
149
191
102
179
177
101
206
26
220
59
109
35
232
7
183
96
251
118
20
123
193
203
65
186
100
64
182
88
100
127
130
146
123
16
82
58
40
53
46
134
173
191
91
68
43
60
147
232
243
160
97
208
56
219
167
8
165
180
32
91
4
50
152
25
101
149
171
82
2
213
14
48
143
101
130
46
203
166
176
50
170
64
211
28
143
3
255
10
98
117
82
225
145
111
181
21
61
1
208
14
101
89
234
74
236
135
44
122
219
128
218
56
44
100
0
53
108
251
16
161
243
221
231
225
214
141
151
214
105
52
238
55
102
254
49
204
235
6
79
193
207
3
15
171
79
200
134
84
74
109
36
160
138
251
238
232
145
233
2
61
105
217
81
173
201
138
55
111
99
238
47
93
3
60
182
21
18
195
61
117
206
175
209
95
232
133
18
107
36
78
53
234
161
203
155
225
102
15
9
197
250
235
150
106
64
165
176
72
218
114
39
178
199
120
109
240
154
172
83
118
251
125
124
180
63
76
132
65
215
253
93
37
73
51
162
180
14
41
17
202
158
69
172
135
67
123
169
4
46
91
228
11
32
3
40
210
93
35
173
95
154
240
100
183
159
240
39
152
182
111
229
209
108
196
36
88
18
83
192
86
49
110
85
2
194
10
203
151
144
153
110
59
23
41
171
15
133
69
203
158
112
247
79
196
144
50
141
176
137
6
143
220
23
101
55
196
255
17
145
16
174
163
152
67
255
245
247
23
159
45
31
29
67
73
96
204
171
4
15
157
148
55
85
16
93
192
234
31
86
76
89
179
18
182
7
170
76
132
242
52
201
14
116
94
185
95
91
120
65
193
49
34
113
233
89
214
218
54
89
168
17
192
184
177
87
177
181
227
255
192
113
136
38
41
147
142
150
73
74
42
6
136
154
146
25
169
178
163
23
159
102
10
25
13
108
91
1
82
131
59
49
219
151
199
183
251
208
72
253
194
111
125
105
75
225
99
186
134
115
180
28
28
231
6
221
76
160
37
240
150
126
105
180
142
160
202
79
244
76
74
239
140
232
86
183
57
18
87
215
251
82
37
1
201
8
172
112
221
107
46
66
12
196
144
159
186
234
171
150
227
170
52
107
165
81
100
81
80
137
16
70
108
117
74
51
158
50
1
95
11
83
163
75
126
150
27
213
64
219
102
98
28
220
230
42
177
152
170
117
105
36
96
207
28
182
66
210
109
51
82
198
98
17
34
58
255
5
128
141
145
67
171
80
55
115
73
62
141
84
232
211
108
175
199
251
55
236
130
199
82
184
166
237
54
147
16
217
219
63
31
178
95
70
119
240
145
134
130
108
248
149
254
236
123
132
115
107
88
74
172
93
70
194
201
46
231
77
78
117
240
0
194
86
106
111
82
48
231
242
5
209
247
99
113
205
222
181
110
96
231
56
253
150
106
51
217
133
8
221
247
34
127
55
192
45
192
114
177
42
197
233
43
0
182
127
33
249
184
35
0
212
198
119
97
66
54
40
189
204
51
156
16
161
5
79
183
179
39
100
0
202
88
152
60
233
55
138
210
157
42
12
225
145
112
53
25
64
73
225
144
33
238
72
204
48
94
42
19
106
127
171
11
111
46
164
154
211
127
226
112
134
141
244
147
222
169
220
94
64
46
39
153
95
108
44
107
136
38
151
77
15
254
105
72
222
228
222
150
183
49
53
115
91
84
24
118
26
146
101
231
148
177
102
100
207
