141
126
134
50
85
42
37
252
191
2
74
97
214
162
189
223
146
206
188
227
43
50
21
88
14
205
28
109
103
115
151
185
127
23
45
13
60
29
101
118
33
183
37
64
45
93
178
121
157
4
171
119
214
85
170
141
160
228
246
128
97
209
219
207
14
42
18
30
187
162
194
72
253
54
230
98
252
99
163
60
195
164
56
107
243
81
81
22
116
166
133
58
17
142
7
94
36
150
107
22
77
248
68
117
213
152
43
181
79
235
106
114
255
177
140
4
211
106
76
202
85
109
51
15
223
119
163
247
248
84
63
43
144
82
162
119
214
173
81
158
110
232
127
48
217
129
216
171
188
187
58
37
78
103
170
114
241
165
54
69
233
185
82
218
13
201
4
209
232
73
159
141
245
184
101
45
181
93
41
34
35
116
141
59
188
209
151
1
192
54
248
73
243
39
233
129
123
19
133
197
233
27
60
132
73
43
74
107
186
117
106
248
144
190
68
197
4
249
191
12
59
195
195
23
137
252
113
73
87
107
163
63
60
198
236
109
146
164
212
246
46
111
98
26
228
3
172
228
182
69
96
50
67
126
113
3
74
53
147
93
97
4
187
124
121
87
208
98
65
67
111
91
163
7
43
110
171
40
191
210
99
229
59
145
62
226
27
240
226
134
175
207
95
157
34
23
217
189
77
228
43
52
120
69
60
170
47
199
237
59
123
243
131
255
2
14
81
235
119
234
172
201
167
183
79
159
48
55
165
161
230
208
184
171
51
89
89
54
28
153
49
250
246
69
40
170
146
85
183
103
42
49
138
206
115
22
39
64
179
21
207
147
164
183
66
82
139
154
178
207
175
109
160
87
138
36
15
103
136
162
30
127
123
33
23
254
192
30
102
135
109
138
141
72
63
166
18
43
28
36
232
107
77
226
116
3
242
223
98
134
152
221
29
98
138
173
190
142
188
84
75
3
92
86
180
91
106
50
84
133
169
188
24
83
26
213
253
203
12
93
7
100
175
98
190
73
207
127
84
238
63
97
105
79
59
219
209
225
214
33
243
10
9
104
230
45
224
96
155
115
148
192
2
227
182
87
223
43
158
212
15
199
146
172
56
31
172
39
87
125
253
192
90
227
108
64
29
153
199
232
139
78
139
48
214
79
57
111
177
18
214
191
138
80
34
185
62
143
101
50
139
170
92
12
59
69
103
165
21
120
136
239
87
225
2
114
117
65
68
121
247
20
15
192
92
30
143
48
78
115
60
249
161
13
255
223
69
39
208
193
159
186
220
127
129
231
55
223
42
223
218
4
21
92
76
191
100
198
123
190
28
139
48
250
151
139
204
146
32
102
17
15
31
189
46
196
71
178
163
113
186
148
221
246
113
44
90
135
53
40
174
31
61
73
17
233
111
220
128
136
98
135
76
111
187
123
146
60
34
27
96
244
222
18
173
153
180
173
154
182
27
116
12
168
210
198
240
95
29
254
21
186
100
169
186
150
229
217
180
211
140
8
254
210
202
50
160
59
188
133
216
99
243
151
180
252
114
250
70
95
47
183
12
71
38
109
238
150
152
29
177
40
45
95
55
76
237
155
208
56
97
44
119
193
11
162
198
74
155
213
2
34
208
15
85
72
117
168
145
141
202
5
13
129
74
34
254
172
210
163
251
246
112
203
223
137
69
175
34
243
246
85
202
145
119
121
139
140
2
37
73
211
67
221
127
35
125
41
104
164
205
124
73
185
8
38
50
252
168
41
98
83
160
175
111
179
238
239
232
159
190
78
46
112
223
111
175
198
18
51
52
18
203
245
234
13
82
160
30
244
237
30
247
242
29
0
21
64
89
116
228
35
135
129
150
153
89
120
142
57
166
235
209
106
206
110
214
109
150
182
236
180
9
219
73
128
188
25
33
149
125
1
67
85
58
21
39
152
221
201
169
249
169
49
46
73
115
2
43
191
52
194
156
12
33
106
153
153
221
203
165
219
45
106
28
125
106
59
10
255
231
145
88
78
128
188
41
112
197
15
174
28
150
29
139
7
154
52
10
81
114
90
166
129
14
203
79
127
136
186
72
101
133
114
208
170
232
19
178
88
158
92
150
152
96
109
169
138
108
174
171
140
166
127
167
52
14
173
201
218
141
84
176
118
113
193
235
222
100
135
121
56
125
29
141
155
96
199
133
16
236
119
191
151
219
248
231
98
5
86
162
90
74
4
171
35
159
91
243
221
155
12
117
128
66
154
142
254
19
224
204
143
77
48
136
47
226
253
162
7
