19
117
103
25
234
211
6
0
75
139
127
174
57
59
250
249
67
170
25
142
133
184
118
2
31
198
76
69
238
39
133
249
76
229
226
127
179
133
115
26
253
68
12
40
69
254
253
199
113
129
184
178
126
208
34
213
63
94
12
89
144
10
172
82
115
242
34
203
69
77
120
240
207
175
126
50
147
123
168
198
72
227
92
122
96
105
155
226
7
216
66
47
20
86
53
193
113
115
20
244
155
60
131
176
55
66
113
170
19
84
198
160
107
42
48
245
133
123
255
190
208
215
133
24
48
76
218
200
72
148
236
2
160
190
162
92
158
247
91
33
29
111
122
104
149
188
232
38
120
121
178
86
182
193
248
235
152
69
117
184
178
5
179
229
174
221
21
72
181
28
207
69
231
252
223
244
15
118
237
58
101
139
254
44
64
201
236
110
0
152
160
150
249
219
112
62
227
75
45
193
168
136
205
130
11
90
252
98
2
100
166
130
134
53
58
170
185
92
21
165
36
83
69
71
103
231
93
91
197
54
109
29
46
153
248
187
190
147
218
50
243
62
220
35
230
20
200
214
206
237
135
171
75
147
154
51
72
35
110
110
163
30
57
228
165
63
203
25
185
221
148
2
3
45
59
75
61
43
116
38
153
96
139
152
182
246
251
100
158
209
87
47
124
182
193
128
232
167
232
69
85
63
41
126
249
37
186
238
245
6
58
197
245
3
253
149
123
171
114
172
202
50
216
217
35
78
165
83
63
7
85
79
127
19
223
66
8
68
61
28
227
122
226
229
13
255
23
127
121
19
110
65
239
233
72
157
118
235
194
66
136
26
87
193
122
164
210
243
85
59
191
27
222
98
181
22
16
75
91
74
95
29
52
162
28
74
202
17
107
202
106
163
49
47
216
217
32
125
8
185
94
192
130
172
231
201
229
150
59
122
60
77
230
94
117
120
240
40
226
255
52
9
174
83
160
67
39
91
219
105
195
153
110
52
59
76
143
119
228
235
57
53
189
121
174
102
175
252
77
159
139
117
123
153
0
201
109
202
68
77
103
135
46
176
207
83
191
178
79
107
53
158
31
135
247
190
57
221
234
233
154
15
124
123
146
119
143
218
25
251
25
71
199
156
191
129
181
69
21
66
207
135
120
106
99
37
61
94
209
153
98
195
66
52
186
120
199
194
28
211
53
59
215
180
36
218
238
90
86
3
247
95
52
84
156
50
245
34
195
12
14
14
78
115
148
61
10
183
120
131
40
225
185
164
112
25
119
209
107
16
73
50
90
230
251
71
115
190
8
96
32
125
226
167
167
223
68
201
104
50
143
12
231
23
236
120
1
212
234
172
222
68
168
69
99
37
109
231
179
240
153
124
211
246
86
158
172
167
85
7
245
130
224
18
168
107
32
80
126
82
53
195
118
94
226
178
44
196
230
167
197
124
196
128
42
39
4
93
239
200
190
60
40
125
87
153
213
168
187
177
33
143
77
15
63
188
44
245
227
159
214
113
174
208
125
50
116
154
206
147
19
81
142
12
86
135
10
189
80
77
203
42
48
209
33
180
71
227
156
176
149
175
67
101
209
49
163
83
56
43
0
81
35
86
17
166
163
118
220
90
46
190
180
254
33
201
194
36
189
110
251
46
177
142
207
128
108
226
164
158
185
18
149
218
157
225
33
248
168
216
91
150
205
128
123
18
61
204
172
119
44
219
82
212
90
211
3
220
57
143
40
185
54
186
206
135
226
241
49
85
123
88
184
237
108
134
134
4
68
247
196
78
219
26
6
135
119
171
183
17
236
38
51
239
228
52
12
27
192
41
225
204
66
7
75
111
146
71
0
122
253
33
152
149
178
109
77
170
113
97
7
175
8
222
63
58
10
114
213
235
18
195
20
109
104
202
253
14
80
36
25
158
135
104
196
147
245
38
154
227
185
106
29
152
242
109
238
175
79
56
1
114
195
230
203
253
89
36
15
71
91
149
234
216
103
77
119
184
8
2
144
125
214
181
209
73
184
127
234
96
213
74
35
181
110
110
103
214
84
209
56
236
208
59
3
104
129
29
97
168
114
125
253
100
17
165
218
73
136
200
229
195
138
90
216
86
130
227
150
212
251
18
73
69
142
53
255
9
71
197
225
23
47
20
169
171
208
182
150
88
190
125
30
46
228
166
203
85
55
132
10
184
85
164
193
155
23
72
200
3
242
202
144
50
188
142
234
20
114
73
64
76
18
146
121
147
132
168
122
28
75
129
253
117
57
35
14
32
237
52
