253
43
95
172
100
86
149
187
35
140
176
80
9
13
83
120
4
4
195
76
215
66
245
162
252
240
210
203
43
58
217
255
234
33
247
11
23
81
239
176
10
96
187
170
122
118
3
44
81
48
58
241
189
139
103
43
83
191
34
61
114
20
214
209
186
84
90
180
162
53
202
156
211
130
29
171
117
209
80
53
213
140
23
221
200
102
211
115
52
101
35
234
208
15
137
241
194
37
172
42
154
71
185
72
168
14
100
203
159
199
6
133
149
131
2
105
71
98
118
123
229
220
139
96
30
146
178
186
255
15
132
193
133
91
225
122
129
102
67
77
31
112
61
51
65
152
92
13
148
191
78
6
110
242
244
216
253
33
69
64
93
202
105
77
203
227
124
102
32
38
41
142
247
228
247
152
77
153
236
135
39
184
201
45
36
18
18
195
105
17
126
92
176
176
110
235
214
172
211
121
79
106
105
61
103
70
106
69
105
115
106
182
254
173
131
74
22
141
84
183
108
127
255
107
182
244
97
142
131
152
99
70
88
155
134
116
112
125
221
18
195
128
206
76
150
66
197
53
206
255
245
102
44
177
211
209
20
197
112
208
176
66
12
251
163
209
213
234
140
253
136
49
126
36
26
223
248
242
63
14
47
27
208
112
18
160
151
79
201
83
60
158
33
74
93
184
41
211
226
69
115
193
130
198
220
95
140
231
199
211
208
231
197
60
141
10
220
111
203
94
245
62
238
68
30
62
247
64
131
240
175
193
84
251
198
233
2
180
113
151
85
115
130
223
166
175
25
139
135
20
202
134
80
3
161
24
236
41
151
186
232
83
122
251
255
25
200
129
24
161
10
133
142
210
130
52
77
209
237
138
94
80
225
124
147
135
73
145
58
48
128
45
132
197
60
246
175
192
79
56
168
77
179
194
48
58
172
68
207
77
176
212
55
131
27
94
44
169
138
215
0
9
138
216
169
246
97
199
46
198
75
230
163
101
61
223
151
104
223
51
162
207
37
40
166
47
85
168
34
95
143
70
8
50
172
79
251
6
91
175
213
192
65
147
216
251
48
53
112
82
53
110
137
15
130
47
127
139
33
79
179
9
230
203
0
219
209
208
179
139
111
5
127
231
216
106
105
229
151
239
198
164
120
80
223
228
55
176
69
98
204
96
13
36
143
38
37
81
245
57
202
170
236
29
143
211
101
97
247
236
53
226
1
196
73
190
201
27
248
225
84
7
98
108
102
68
146
47
31
156
20
238
178
15
110
198
33
243
10
158
45
222
47
48
239
178
244
204
101
61
148
100
124
196
128
10
14
192
113
89
9
205
240
190
130
196
148
110
74
193
125
57
131
229
109
63
115
227
3
96
102
97
21
98
108
34
94
91
129
40
242
57
150
228
176
105
210
28
9
200
229
71
94
87
108
65
0
188
227
220
152
46
59
95
217
12
147
2
252
102
50
54
160
29
6
196
149
234
241
168
33
109
229
75
164
119
246
14
97
132
179
102
179
248
46
228
170
183
62
165
186
249
27
58
31
13
142
140
54
78
125
151
90
228
151
224
69
59
180
117
199
83
60
174
239
112
115
172
75
185
131
117
152
161
191
73
92
216
18
45
99
204
80
125
46
8
63
55
227
182
185
141
157
113
1
184
202
202
219
101
234
78
188
240
128
129
133
83
178
186
85
91
135
204
219
225
2
171
69
167
10
113
170
195
96
31
169
107
226
49
77
90
41
253
164
161
107
204
166
245
213
235
165
118
81
9
213
147
131
6
185
98
117
48
238
54
245
247
1
147
13
169
9
118
53
44
99
249
93
212
214
82
182
87
183
53
2
242
95
213
114
193
223
246
56
97
166
17
217
117
118
16
35
248
208
93
148
249
56
89
134
141
253
123
11
98
87
137
99
37
96
208
85
180
138
190
135
233
155
167
68
85
238
188
189
64
193
174
61
226
79
96
114
136
248
36
10
197
153
39
94
165
188
147
93
212
23
124
139
50
215
4
74
112
179
65
85
146
121
98
104
236
150
31
5
115
190
215
72
170
106
228
77
204
72
26
172
25
230
169
7
148
90
180
178
170
23
249
93
246
240
214
208
43
150
224
165
160
22
202
183
216
146
24
83
223
165
129
17
24
121
94
96
1
56
18
50
242
184
137
36
157
136
242
29
101
87
255
209
25
198
168
47
200
173
116
57
91
115
45
155
102
102
15
114
31
145
140
165
243
73
122
19
191
111
149
199
184
11
90
131
160
1
174
54
236
110
213
26
141
