215
32
8
166
161
208
94
61
174
95
214
102
161
30
1
26
234
86
26
233
129
177
19
34
221
157
66
213
13
17
48
85
91
236
163
114
71
160
189
137
42
247
212
96
179
0
198
231
43
253
149
130
207
181
34
81
69
229
209
240
163
209
64
155
24
191
225
49
212
206
187
161
52
158
92
242
222
170
37
17
131
39
35
32
64
160
165
139
96
89
96
195
199
40
196
144
68
26
186
215
79
196
116
218
241
246
245
114
121
122
94
9
135
183
55
84
165
26
135
84
21
115
171
185
179
86
185
35
238
171
208
91
157
180
96
103
63
205
43
164
109
203
84
238
133
143
135
85
78
136
184
198
227
191
14
46
153
159
203
100
20
41
37
198
30
14
167
155
118
174
103
44
152
136
231
239
75
143
247
38
140
88
114
35
141
79
139
68
120
85
156
167
212
106
126
230
127
200
178
52
91
37
173
75
234
252
148
43
195
185
161
11
121
224
156
133
122
92
172
249
228
41
112
122
151
65
231
78
135
63
133
44
187
213
186
130
73
119
111
70
22
206
131
21
43
228
113
219
1
114
124
20
137
182
124
176
241
95
28
5
59
233
248
46
88
36
223
223
26
112
232
12
75
105
206
140
192
120
187
204
226
199
65
108
201
35
139
206
230
210
149
25
204
111
96
20
208
107
142
190
217
151
14
157
26
237
115
251
229
49
17
247
134
75
36
242
140
141
42
147
251
44
212
47
139
115
78
171
74
49
124
69
6
2
114
248
250
174
45
161
235
156
9
242
236
182
190
36
92
53
74
171
107
83
127
16
58
52
210
122
234
248
205
33
118
118
193
255
72
242
242
128
212
101
212
135
89
76
98
80
52
90
42
124
66
43
96
208
66
218
142
131
22
250
50
57
196
79
157
41
26
208
202
172
249
60
220
107
57
181
179
142
22
152
189
221
218
227
72
43
92
115
225
17
30
246
138
55
130
26
103
43
76
213
176
64
55
85
89
42
112
146
185
221
52
223
160
154
80
250
125
118
56
38
217
26
178
153
194
237
214
224
217
92
37
236
31
59
33
151
73
80
12
90
62
17
88
209
116
55
114
252
112
244
246
40
228
233
224
114
133
124
236
32
84
63
7
108
35
16
218
40
103
222
38
78
91
251
89
72
46
80
113
100
71
15
188
17
25
26
0
174
181
52
238
117
206
13
189
214
78
83
163
152
80
161
190
4
212
156
34
207
184
135
42
157
168
182
249
191
18
114
108
166
23
191
101
206
44
24
81
199
243
63
233
139
152
161
110
106
158
228
50
91
215
18
252
25
1
109
190
178
181
225
110
96
190
137
242
11
206
78
41
49
178
16
21
106
213
82
100
58
205
66
165
154
66
100
48
58
101
24
138
157
239
135
227
49
6
60
254
226
172
106
142
186
218
176
230
48
219
79
81
82
206
223
206
108
25
173
106
223
110
152
106
6
233
235
242
18
148
147
198
47
14
179
239
144
13
80
52
114
178
91
135
124
216
46
67
217
1
244
158
78
184
162
61
60
73
84
20
28
138
146
9
8
49
54
110
163
174
85
149
39
173
78
70
8
209
39
68
77
31
245
58
203
248
142
168
210
238
123
182
222
164
100
18
157
43
165
189
226
250
42
48
203
84
232
230
107
0
21
213
16
25
210
101
246
185
160
192
254
0
220
104
194
254
246
75
23
249
171
211
10
47
82
5
93
123
209
23
50
48
130
250
199
143
232
177
185
254
70
10
176
73
160
89
87
211
9
241
251
27
30
162
221
217
65
227
183
138
167
172
236
72
255
251
192
109
251
243
28
7
161
148
185
70
133
213
219
35
136
26
224
239
140
25
70
34
227
26
126
217
168
100
235
11
79
55
218
212
101
15
148
24
210
126
33
25
85
154
64
237
240
24
196
67
133
81
255
59
169
117
230
226
149
68
218
87
249
253
246
67
195
80
121
94
101
15
70
249
39
122
47
160
207
230
211
143
253
177
151
210
255
204
201
93
11
222
122
233
67
89
105
237
95
201
77
144
214
16
8
199
124
0
97
110
244
178
156
241
71
29
1
255
198
172
19
192
240
241
46
213
219
114
28
238
249
135
86
40
72
95
205
36
207
234
39
64
115
101
85
76
213
207
132
83
124
88
124
75
153
236
225
220
61
232
109
77
245
105
198
210
247
202
193
1
128
216
76
0
64
201
157
252
161
201
103
46
225
175
55
132
154
78
247
20
163
126
179
253
101
21
65
236
155
212
9
97
153
