233
111
153
15
132
52
251
95
24
90
165
252
79
134
101
169
233
179
142
94
178
159
148
107
32
180
128
222
45
180
20
70
211
57
169
169
245
202
191
255
245
255
154
22
206
93
242
201
148
38
75
150
117
114
40
28
167
236
245
206
110
129
130
213
120
146
17
230
253
70
34
70
215
30
196
47
242
137
65
211
43
133
241
111
228
100
225
192
213
68
50
59
24
172
150
245
127
164
85
43
255
233
76
205
43
243
65
79
121
6
76
202
48
171
122
47
152
244
161
67
56
29
85
20
135
37
4
41
24
155
205
14
71
188
68
212
220
61
103
222
233
69
146
1
230
29
20
152
53
254
143
199
26
177
181
149
22
130
79
106
30
160
79
75
45
250
81
143
85
189
63
166
102
171
61
36
202
101
154
112
236
160
121
70
203
253
190
125
131
243
110
131
162
226
64
186
196
85
95
52
190
56
85
240
240
82
170
70
80
53
70
53
44
139
145
245
114
132
197
249
148
63
162
173
86
9
238
243
137
62
255
56
169
126
253
215
252
20
155
102
146
78
48
15
130
186
182
39
146
195
102
149
213
92
242
10
82
201
237
30
104
137
150
148
187
25
183
187
224
194
157
31
207
22
176
94
228
180
15
20
30
5
152
228
66
110
23
117
81
110
242
242
116
116
67
172
170
79
173
205
131
8
211
80
130
246
133
97
244
151
158
56
18
116
233
87
65
30
71
170
239
179
109
16
227
60
102
153
10
11
220
239
10
197
123
38
86
39
252
21
211
101
3
209
98
142
68
252
143
249
81
81
32
85
109
169
21
179
13
154
169
106
140
82
174
105
19
29
65
179
214
223
115
173
202
228
33
44
48
236
224
72
96
225
227
223
185
60
241
171
183
217
227
131
146
192
255
218
247
235
39
86
214
160
237
10
171
51
82
145
138
58
23
137
155
202
36
157
209
169
59
231
15
121
160
39
181
2
17
120
71
160
158
80
178
84
227
214
150
162
190
84
89
151
104
106
123
80
228
213
11
218
87
73
118
231
109
58
225
150
112
20
76
43
41
110
88
84
248
58
51
86
66
89
166
250
218
120
65
165
152
33
95
95
19
170
90
4
212
3
232
189
233
57
55
156
244
16
21
60
122
249
210
183
194
58
190
122
136
114
237
22
45
3
77
88
78
22
196
116
91
233
37
180
114
145
181
118
111
214
71
158
126
165
59
107
128
224
194
188
189
241
165
86
253
252
182
104
203
63
182
107
12
204
163
160
75
41
232
246
63
146
149
211
104
0
57
139
91
5
85
183
30
153
207
150
186
171
115
185
81
251
247
156
244
237
251
110
63
214
157
124
1
9
218
241
169
148
60
90
131
194
194
137
8
244
42
55
177
65
163
12
186
163
239
115
104
114
146
48
221
132
153
102
100
94
212
204
172
57
86
56
67
215
29
208
145
226
28
254
176
16
151
120
172
136
36
117
228
242
35
152
70
168
178
144
25
43
122
254
63
113
92
165
45
205
142
171
39
2
78
110
233
244
2
167
156
35
248
95
66
138
2
125
205
71
76
21
40
232
240
243
151
98
227
106
165
125
17
58
62
222
208
34
208
86
32
116
59
95
254
189
211
125
87
214
137
40
44
22
55
123
28
192
18
120
63
0
67
225
149
177
95
21
240
157
210
44
228
10
83
99
153
179
94
84
110
149
240
167
182
67
148
4
144
200
176
233
114
14
156
99
101
214
245
239
162
76
54
150
184
226
145
109
188
251
34
192
46
251
19
146
74
21
202
181
247
120
11
133
242
71
110
214
201
244
139
48
85
163
119
75
210
145
220
135
64
192
7
177
184
77
194
172
23
33
61
41
15
133
20
153
216
166
40
242
149
109
149
159
59
200
17
131
218
102
242
32
167
138
229
231
52
70
179
202
85
52
205
29
202
181
191
42
177
118
191
49
140
90
199
249
232
39
122
21
131
85
87
245
186
27
142
226
129
165
187
210
241
231
49
147
21
171
179
226
244
100
177
153
51
29
250
241
6
129
254
103
159
230
246
147
51
65
174
147
132
123
201
183
193
203
18
197
11
159
22
86
76
150
58
138
198
144
22
157
50
30
28
157
77
142
236
24
141
197
69
120
110
90
158
111
181
255
107
94
179
108
24
116
167
93
241
250
211
69
250
110
87
37
170
27
202
93
6
135
159
70
229
155
163
134
70
84
198
181
129
109
143
151
76
4
231
93
141
37
121
243
243
195
96
173
192
164
225
26
128
184
203
28
