148
161
65
238
67
213
62
5
78
155
11
178
120
60
76
175
236
253
197
19
224
42
182
128
215
178
117
87
63
148
179
20
15
114
179
128
88
84
30
235
254
2
105
169
207
0
99
44
38
249
233
199
49
232
57
212
132
222
185
209
55
244
193
151
169
10
147
58
43
51
111
191
137
120
5
29
128
88
215
156
64
122
4
237
98
60
73
223
27
3
224
128
69
133
14
139
101
220
106
25
173
135
140
77
211
19
155
38
88
162
18
145
232
202
167
84
137
229
60
9
1
27
12
53
73
192
137
186
157
168
65
28
18
128
231
173
225
131
239
92
108
34
152
23
12
244
214
149
211
109
125
83
99
52
189
63
209
61
45
53
98
31
105
234
101
248
175
176
33
104
13
139
41
219
6
122
37
138
144
117
44
138
69
111
113
89
12
137
38
118
35
250
95
32
87
91
126
22
28
218
105
144
230
247
94
59
23
219
185
178
239
76
67
246
61
173
158
201
25
97
16
99
208
33
104
115
115
2
221
164
222
197
254
225
237
186
82
8
111
205
219
9
127
201
128
244
180
62
188
238
138
121
17
179
99
97
186
53
139
188
50
51
157
0
113
168
195
57
3
117
167
24
189
63
52
27
221
156
224
99
4
190
156
166
39
228
86
113
216
110
21
238
104
183
197
28
215
144
254
181
86
248
209
11
141
173
215
20
42
133
234
40
158
210
45
185
166
62
196
28
24
23
141
190
71
203
129
195
99
153
108
90
178
214
134
145
123
254
22
185
255
37
217
94
182
254
59
83
56
191
60
250
27
7
59
208
167
249
102
86
247
105
251
129
8
251
216
143
82
118
33
41
58
140
6
40
188
37
216
239
205
40
108
128
118
20
29
160
135
94
167
70
245
106
38
94
161
100
124
6
232
201
16
194
11
160
159
40
164
231
0
235
10
117
177
19
12
31
144
40
99
228
201
246
124
199
84
172
216
12
196
101
5
159
89
25
127
44
102
196
186
42
209
94
5
232
130
108
27
233
102
132
118
178
53
157
153
206
206
136
92
238
98
230
16
19
201
145
112
8
195
242
101
185
245
247
11
30
228
173
216
125
105
72
229
91
76
91
212
162
148
231
159
172
52
157
21
140
47
184
4
99
159
143
82
228
92
40
32
136
95
242
22
188
30
188
112
241
213
76
250
242
64
99
199
219
53
70
181
61
106
180
237
162
3
135
229
137
183
164
7
178
206
10
85
71
95
154
40
29
250
221
26
32
239
250
24
76
224
208
48
164
221
123
4
230
6
229
207
104
49
44
58
75
58
116
163
124
239
100
167
14
4
132
229
139
237
226
232
42
14
49
160
84
110
143
29
168
148
146
52
134
5
180
97
55
12
77
120
126
147
88
128
28
153
107
112
140
103
168
13
65
249
23
246
191
132
90
180
73
185
29
169
147
138
167
192
132
175
114
169
202
135
90
147
143
110
108
205
19
121
16
236
78
248
144
189
175
225
75
142
83
54
227
123
53
74
7
63
59
165
18
48
220
90
110
18
165
222
42
91
33
21
191
5
29
200
250
121
222
37
7
121
97
28
133
25
142
249
65
16
183
53
236
217
174
0
167
33
95
9
59
197
163
14
203
161
139
17
219
231
79
74
68
158
139
69
15
99
172
170
215
148
254
224
104
203
171
138
185
194
86
143
185
118
17
185
166
114
225
127
230
201
143
17
5
215
107
184
215
116
216
2
10
13
179
251
29
14
29
187
19
85
228
228
220
56
34
199
176
86
114
175
109
18
253
28
44
117
82
76
144
200
108
21
234
146
179
18
130
126
25
23
173
121
245
23
235
102
62
207
224
28
37
15
201
33
129
78
87
135
200
38
40
241
138
177
35
68
245
240
232
168
87
253
146
67
176
11
27
83
79
13
47
41
17
196
28
205
33
242
110
138
247
4
48
43
26
183
108
210
44
231
18
135
148
6
4
110
72
5
155
183
187
6
161
176
6
102
245
7
238
120
154
199
148
245
54
158
87
111
26
202
102
10
62
163
86
36
115
217
150
188
195
240
54
244
147
97
158
231
243
184
94
46
122
23
253
151
161
167
82
200
162
42
160
11
44
8
219
218
171
200
173
133
87
38
215
84
24
88
18
71
230
153
49
51
86
198
187
41
188
145
70
167
128
82
100
147
184
18
141
156
148
218
95
189
212
98
112
201
140
214
243
47
172
227
240
40
213
238
144
4
37
221
187
176
235
118
217
255
136
2
208
35
61
37
152
193
174
