24
187
13
157
196
68
121
209
42
44
74
115
116
105
97
245
69
245
47
65
80
19
11
114
113
89
47
60
14
189
139
54
73
191
100
93
88
151
143
108
50
68
11
127
62
125
82
162
233
151
239
137
204
18
82
102
117
29
218
10
184
189
193
129
120
234
141
101
220
9
40
156
15
82
251
171
53
147
239
185
209
237
177
104
7
195
125
225
172
116
55
227
33
248
9
127
29
203
177
172
197
136
232
72
187
57
97
221
102
90
234
236
128
105
222
185
211
45
131
38
156
219
249
28
176
72
122
103
54
30
147
123
166
10
231
41
154
54
220
29
106
199
222
45
186
231
232
235
42
198
160
107
0
32
164
54
21
152
50
95
212
63
211
161
171
252
185
109
44
15
20
192
109
207
120
110
77
225
26
76
209
187
187
0
11
14
172
240
171
114
211
163
36
134
4
237
49
9
45
130
135
148
14
68
248
41
117
39
93
74
253
49
186
109
75
125
167
253
108
219
200
102
56
162
151
65
41
89
49
21
96
20
223
235
120
100
164
98
7
138
6
57
61
83
166
96
141
168
151
147
43
136
223
84
243
237
1
92
118
35
53
223
111
173
16
146
11
212
182
50
131
147
189
46
37
56
119
173
129
45
72
10
251
236
89
119
242
10
12
47
73
70
65
202
58
133
248
158
235
113
229
154
79
159
50
182
232
118
217
79
147
168
95
165
69
243
31
109
57
191
147
14
98
73
251
83
50
107
197
178
234
32
65
207
137
207
251
25
66
211
27
32
43
92
87
16
99
160
73
113
63
240
200
165
51
120
44
231
146
66
226
63
81
245
214
75
173
186
253
118
242
111
220
62
94
6
63
238
45
47
119
74
233
165
165
252
89
75
239
164
248
142
162
233
112
1
171
168
235
124
24
113
129
218
95
55
213
165
160
44
95
20
205
146
95
49
44
255
42
4
180
89
182
114
160
235
192
86
107
238
116
209
10
55
143
37
88
85
207
36
70
240
43
246
77
123
104
145
32
253
133
56
206
92
217
90
192
132
254
32
115
171
28
75
142
138
143
236
74
30
125
77
228
230
56
86
53
191
96
197
222
202
38
74
226
202
25
70
138
215
76
34
227
249
151
227
143
62
204
198
225
50
140
190
139
211
109
82
242
130
33
154
23
96
31
185
202
104
255
123
184
164
2
146
176
6
72
105
89
63
61
155
184
132
190
119
167
116
238
67
181
15
41
208
166
11
121
191
232
59
90
16
130
3
176
166
65
186
78
8
32
79
232
80
204
111
202
123
59
32
19
15
131
170
123
35
77
14
192
187
136
199
27
130
73
220
241
24
174
54
66
229
221
240
184
249
184
237
49
164
171
246
147
57
132
230
195
191
10
96
255
224
250
92
41
47
178
129
130
27
134
22
139
151
175
64
127
61
122
42
82
144
81
166
91
252
148
181
73
191
121
169
103
212
194
71
242
225
127
121
33
254
244
142
157
80
227
124
170
49
21
71
189
9
124
115
41
79
248
194
160
251
179
121
231
200
229
127
45
229
228
65
115
69
79
148
227
146
196
189
27
137
207
50
84
182
145
1
28
83
210
192
159
205
87
14
52
43
252
21
161
107
89
152
191
123
31
119
254
44
171
227
166
243
205
160
210
121
86
187
94
81
11
51
245
96
244
95
91
114
206
26
202
195
164
98
2
218
85
57
145
89
228
34
133
86
27
228
209
194
207
47
148
61
136
224
30
186
218
225
211
176
223
8
12
24
254
144
15
47
123
239
255
178
25
106
227
18
4
191
185
121
77
241
183
178
192
185
24
72
146
178
48
172
38
139
93
217
86
146
235
25
255
82
184
155
164
148
75
70
124
173
93
177
121
244
168
184
217
239
155
98
146
35
204
206
162
195
105
236
188
87
2
144
92
125
87
204
153
217
192
32
200
118
73
83
190
205
245
160
81
11
74
205
64
192
216
27
205
152
167
229
165
68
108
146
254
190
132
93
243
81
30
71
226
117
195
138
210
38
165
213
117
72
72
101
58
112
99
100
121
173
74
59
107
186
165
55
207
27
16
160
147
43
165
22
24
220
185
206
73
107
114
80
131
0
227
164
42
188
91
183
39
176
69
72
216
30
15
15
204
240
93
72
178
1
107
212
107
252
3
0
9
245
36
153
118
69
46
97
166
149
116
221
62
62
65
219
22
123
67
160
189
181
250
168
65
84
49
255
237
51
238
91
241
180
247
54
43
19
184
189
229
75
219
111
14
230
113
154
